41763155025
41763155024
41763155026
41763155313
41763155123
41763155265
41763155250
41763155251
41763155321
41763155232
41763155322
41763155320
41763155253
41763155201
41763155228
41763155269
41763155245
41763155314
41763155202
41763155224
41763155327
41763155236
41763155234
41763155249
41763155263
41763155310
41763155361
41763155360
41763155376
41763155353
41763155416
41763155393
41763155426
41763155386
41763155638
41763155503
41763155442
41763155696
41763155639
41763155681
41763155705
41763155728
41763155731
41763155791
41763155802
41763155817
41763155783
41763155847
41763155863
41763155927
41763155893
41763155885
41763154004
41763154023
41763154022
41763154042
41763154040
41763154052
41763154056
41763154071
41763154063
41763154477
41763154468
41763154446
41763154430
41763154498
41763154452
41763156022
41763156025
41763156032
41763156020
41763156031
41763156027
41763156037
41763156126
41763156053
41763156045
41763156078
41763156050
41763156077
41763156165
41763156104
41763156054
41763156266
41763156109
41763156095
41763156124
41763156283
41763156069
41763156081
41763156051
41763156036
41763156137
41763156193
41763156554
41763156049
41763156510
41763156047
41763156514
41763156102
41763156319
41763156169
41763156145
41763156316
41763156401
41763156553
41763156070
41763156598
41763156122
41763156353
41763156083
41763156717
41763156708
41763156531
41763156253
41763156252
41763156397
41763156542
41763156577
41763156423
41763156321
41763156314
41763156256
41763156271
41763156382
41763156562
41763156780
41763156144
41763156499
41763156868
41763156203
41763156566
41763156609
41763156547
41763156481
41763156575
41763156607
41763156505
41763156228
41763156400
41763156643
41763156507
41763156517
41763156571
41763156257
41763156701
41763156604
41763156457
41763156524
41763156404
41763156525
41763156716
41763156558
41763156495
41763156644
41763156601
41763156574
41763156608
41763156403
41763156815
41763156512
41763156781
41763156659
41763156661
41763156744
41763156768
41763156406
41763156769
41763156794
41763156886
41763156855
41763150020
41763150066
41763150538
41763150912
41763159019
41763159026
41763159020
41763159022
41763159018
41763159006
41763159001
41763159023
41763159024
41763159007
41763159116
41763159145
41763159192
41763159062
41763159119
41763159121
41763159140
41763159063
41763159111
41763159393
41763159084
41763159104
41763159484
41763159123
41763159124
41763159270
41763159092
41763159102
41763159109
41763159106
41763159150
41763159101
41763159142
41763159463
41763159577
41763159462
41763159392
41763159487
41763159301
41763159115
41763159120
41763159148
41763159667
41763159529
41763159193
41763159626
41763159460
41763159415
41763159502
41763159414
41763159416
41763159602
41763159940
41763159469
41763159454
41763159507
41763159639
41763159275
41763159854
41763159627
41763159272
41763159603
41763159641
41763159418
41763159991
41763159276
41763159625
41763159856
41763159859
41763159453
41763159451
41763159857
41763159579
41763159438
41763159449
41763159196
41763159466
41763159851
41763159901
41763159883
41763159615
41763159465
41763159902
41763159889
41763159514
41763159623
41763159990
41763159766
41763159601
41763159621
41763159705
41763159881
41763159882
41763159852
41763159880
41763159622
41763159708
41763159900
41763159785
41763159890
41763159870
41763159635
41763159875
41763159637
41763159853
41763159850
41763159861
41763159717
41763159876
41763159862
41763159886
41763153005
41763153030
41763153011
41763153004
41763153029
41763153006
41763153033
41763153220
41763153071
41763153076
41763153178
41763153110
41763153297
41763153048
41763153112
41763153133
41763153060
41763153179
41763153126
41763153046
41763153150
41763153114
41763153117
41763153134
41763153105
41763153233
41763153351
41763153331
41763153103
41763153513
41763153573
41763153343
41763153234
41763153156
41763153298
41763153535
41763153500
41763153711
41763153735
41763153572
41763153353
41763153354
41763153615
41763153350
41763153441
41763153322
41763153689
41763153579
41763153961
41763153839
41763153608
41763153367
41763153610
41763153709
41763153844
41763153827
41763153125
41763153553
41763153590
41763153821
41763153857
41763153541
41763153743
41763153619
41763153966
41763153826
41763153525
41763153977
41763153680
41763153841
41763153849
41763153855
41763153852
41763153958
41763153745
41763153856
41763153965
41763153348
41763153825
41763153658
41763153540
41763153969
41763153868
41763153960
41763153974
41763153968
41763153747
41763153820
41763153734
41763151012
41763151020
41763151025
41763151005
41763151015
41763151031
41763151018
41763151014
41763151013
41763151007
41763151030
41763151023
41763151028
41763151011
41763151048
41763151077
41763151043
41763151066
41763151174
41763151178
41763151187
41763151047
41763151074
41763151040
41763151049
41763151035
41763151330
41763151064
41763151110
41763151071
41763151069
41763151080
41763151169
41763151188
41763151303
41763151189
41763151190
41763151179
41763151072
41763151184
41763151065
41763151055
41763151323
41763151171
41763151382
41763151038
41763151073
41763151059
41763151067
41763151042
41763151177
41763151212
41763151404
41763151335
41763151172
41763151511
41763151056
41763151275
41763151306
41763151185
41763151039
41763151063
41763151338
41763151181
41763151339
41763151320
41763151191
41763151381
41763151350
41763151313
41763151194
41763151343
41763151603
41763151334
41763151988
41763151175
41763151322
41763151522
41763151387
41763151521
41763151524
41763151646
41763151773
41763151985
41763151977
41763151341
41763151772
41763151601
41763151765
41763151754
41763152004
41763152080
41763152152
41763152630
41763152597
41763152575
41763152663
41763152518
41763152656
41763152640
41763152668
41763152321
41763152653
41763152585
41763152650
41763152586
41763152651
41763152594
41763152191
41763152583
41763152960
41763152581
41763152576
41763152531
41763152563
41763152577
41763152513
41763152628
41763152660
41763152633
41763152580
41763152666
41763152664
41763158301
41763158974
41763157000
41763157001
41763157002
41763157111
41763157114
41763157040
41763157107
41763157115
41763157371
41763157070
41763157074
41763157309
41763157171
41763157090
41763157228
41763157044
41763157379
41763157215
41763157202
41763157223
41763157169
41763157105
41763157436
41763157271
41763157322
41763157213
41763157410
41763157382
41763157435
41763157174
41763157489
41763157478
41763157415
41763157735
41763157172
41763157373
41763157416
41763157199
41763157324
41763157426
41763157392
41763157227
41763157438
41763157388
41763157335
41763157218
41763157273
41763157732
41763157381
41763157624
41763157419
41763157480
41763157305
41763157279
41763157383
41763157620
41763157698
41763157779
41763157235
41763157980
41763157421
41763157896
41763157644
41763157941
41763157303
41763157372
41763157378
41763157375
41763157214
41763157411
41763157418
41763157414
41763157731
41763157613
41763157622
41763157376
41763157643
41763157599
41763157425
41763157803
41763157197
41763157456
41763157733
41763157439
41763157970
41763157308
41763157942
41763157926
41763157745
41763157812
41763157466
41763157391
41763157420
41763157925
41763157412
41763157940
41763157707
41763157674
41763157434
41763157481
41763157427
41763157747
41763157701
41763157770
41763157168
41763157464
41763157734
41763157692
41763157730
41763157422
41763157741
41763157810
41763157947
41763157816
41763157461
41763157465
41763157906
41763157742
41763157665
41763157569
41763157943
41763157424
41763157907
41763157748
41763157905
41763157815
41763157777
41763157621
41763157744
41763157991
41763157240
41763157835
41763157946
41763157750
41763157736
41763157684
41763157950
41763157746
41763157989
