41792995000
41792995014
41792995025
41792995030
41792995002
41792995008
41792995006
41792995009
41792995010
41792995015
41792995031
41792995026
41792995007
41792995028
41792995011
41792995001
41792995016
41792995024
41792995027
41792995005
41792995049
41792995067
41792995187
41792995045
41792995042
41792995035
41792995063
41792995058
41792995123
41792995040
41792995062
41792995060
41792995073
41792995185
41792995095
41792995087
41792995180
41792995038
41792995116
41792995121
41792995117
41792995216
41792995044
41792995053
41792995085
41792995034
41792995077
41792995171
41792995070
41792995297
41792995069
41792995209
41792995111
41792995222
41792995335
41792995150
41792995221
41792995097
41792995147
41792995264
41792995255
41792995050
41792995052
41792995051
41792995271
41792995311
41792995326
41792995043
41792995250
41792995056
41792995113
41792995084
41792995071
41792995064
41792995055
41792995075
41792995126
41792995202
41792995115
41792995205
41792995310
41792995108
41792995131
41792995133
41792995184
41792995139
41792995142
41792995203
41792995226
41792995166
41792995330
41792995057
41792995267
41792995260
41792995175
41792995324
41792995302
41792995039
41792995114
41792995304
41792995349
41792995193
41792995325
41792995343
41792995141
41792995125
41792995235
41792995048
41792995086
41792995100
41792995357
41792995210
41792995262
41792995306
41792995270
41792995163
41792995206
41792995072
41792995066
41792995135
41792995303
41792995258
41792995059
41792995254
41792995345
41792995170
41792995305
41792995208
41792995047
41792995204
41792995259
41792995148
41792995167
41792995231
41792995109
41792995275
41792995309
41792995286
41792995355
41792995078
41792995344
41792995236
41792995239
41792995089
41792995188
41792995320
41792995159
41792995278
41792995332
41792995338
41792995294
41792995242
41792995279
41792995316
41792995334
41792995256
41792995207
41792995251
41792995336
41792995160
41792995240
41792995327
41792995179
41792995289
41792995300
41792995199
41792995247
41792995337
41792995176
41792995164
41792995281
41792995243
41792995268
41792995356
41792995358
41792995154
41792995261
41792995244
41792995130
41792995341
41792995280
41792995346
41792995266
41792995190
41792995213
41792995277
41792995301
41792995291
41792995353
41792995194
41792995177
41792995195
41792995234
41792995308
41792995136
41792995285
41792995313
41792995295
41792995237
41792995224
41792995322
41792995315
41792995272
41792995348
41792995299
41792995354
41792995181
41792995233
41792995350
41792995229
41792995379
41792995381
41792995376
41792995377
41792995367
41792995363
41792995360
41792995369
41792995359
41792995386
41792995375
41792995388
41792995370
41792995384
41792995366
41792995365
41792995373
41792995362
41792995383
41792995389
41792995390
41792995385
41792995410
41792995413
41792995474
41792995412
41792995439
41792995391
41792995400
41792995414
41792995443
41792995569
41792995440
41792995431
41792995464
41792995473
41792995492
41792995589
41792995499
41792995401
41792995392
41792995624
41792995633
41792995528
41792995404
41792995415
41792995545
41792995425
41792995417
41792995435
41792995618
41792995397
41792995522
41792995501
41792995453
41792995601
41792995467
41792995620
41792995460
41792995442
41792995394
41792995575
41792995537
41792995434
41792995424
41792995563
41792995438
41792995665
41792995407
41792995420
41792995525
41792995472
41792995466
41792995534
41792995524
41792995567
41792995449
41792995411
41792995532
41792995513
41792995526
41792995479
41792995516
41792995432
41792995529
41792995509
41792995504
41792995520
41792995703
41792995482
41792995683
41792995707
41792995579
41792995542
41792995505
41792995559
41792995602
41792995671
41792995461
41792995491
41792995456
41792995430
41792995606
41792995406
41792995554
41792995409
41792995576
41792995507
41792995447
41792995557
41792995678
41792995433
41792995608
41792995588
41792995561
41792995444
41792995638
41792995666
41792995484
41792995446
41792995637
41792995714
41792995457
41792995566
41792995541
41792995558
41792995426
41792995508
41792995502
41792995535
41792995572
41792995571
41792995577
41792995613
41792995553
41792995712
41792995573
41792995485
41792995631
41792995445
41792995469
41792995690
41792995586
41792995548
41792995698
41792995462
41792995517
41792995585
41792995610
41792995621
41792995486
41792995670
41792995607
41792995512
41792995617
41792995681
41792995547
41792995615
41792995635
41792995706
41792995603
41792995543
41792995625
41792995521
41792995629
41792995674
41792995488
41792995530
41792995684
41792995531
41792995574
41792995421
41792995604
41792995664
41792995500
41792995494
41792995694
41792995627
41792995612
41792995685
41792995651
41792995544
41792995519
41792995640
41792995668
41792995622
41792995538
41792995659
41792995628
41792995667
41792995560
41792995696
41792995692
41792995645
41792995652
41792995701
41792995527
41792995591
41792995609
41792995549
41792995600
41792995653
41792995592
41792995570
41792995686
41792995704
41792995503
41792995691
41792995672
41792995580
41792995682
41792995711
41792995648
41792995649
41792995587
41792995630
41792995700
41792995710
41792995642
41792995646
41792995679
41792995731
41792995736
41792995719
41792995737
41792995743
41792995744
41792995728
41792995735
41792995718
41792995726
41792995734
41792995716
41792995729
41792995717
41792995724
41792995739
41792995715
41792995740
41792995742
41792995746
41792995720
41792995732
41792995755
41792995763
41792995776
41792995762
41792995806
41792995810
41792995753
41792995767
41792995760
41792995786
41792995809
41792995828
41792995750
41792995756
41792995780
41792995781
41792995748
41792995795
41792995787
41792995813
41792995779
41792995773
41792995822
41792995815
41792995804
41792995765
41792995766
41792995814
41792995794
41792995775
41792995778
41792995761
41792995759
41792995817
41792995818
41792995816
41792995799
41792995797
41792995805
41792995770
41792995820
41792995752
41792995802
41792995808
41792995803
41792995807
41792995771
41792995811
41792995801
41792995800
41792995791
41792995819
41792995821
41792995824
41792995826
41792995798
41792995848
41792995835
41792995860
41792995832
41792995838
41792995839
41792995833
41792995849
41792995894
41792995851
41792995847
41792995892
41792995830
41792995888
41792995863
41792995865
41792995852
41792995831
41792995846
41792995876
41792995856
41792995870
41792995868
41792995854
41792995834
41792995871
41792995836
41792995882
41792995884
41792995857
41792995873
41792995859
41792995872
41792995889
41792995844
41792995862
41792995891
41792995902
41792995918
41792995929
41792995941
41792995919
41792995953
41792995937
41792995928
41792995916
41792995945
41792995948
41792995931
41792995914
41792995917
41792995942
41792995936
41792995943
41792995905
41792995911
41792995955
41792995924
41792995921
41792995934
41792995922
41792995925
41792995930
41792995907
41792995915
41792995903
41792995935
41792995938
41792995944
41792995951
41792995939
41792995958
41792995950
41792995926
41792995956
41792995940
41792995971
41792995990
41792995975
41792995973
41792995984
41792995987
41792995974
41792995969
41792995961
41792995988
41792995982
41792995976
41792995985
41792995991
41792995983
41792995967
41792995999
41792995997
41792995994
41792994000
41792994013
41792994017
41792994005
41792994026
41792994014
41792994019
41792994027
41792994032
41792994006
41792994010
41792994007
41792994031
41792994021
41792994024
41792994028
41792994020
41792994038
41792994043
41792994048
41792994054
41792994077
41792994095
41792994117
41792994123
41792994152
41792994162
41792994179
41792994190
41792994061
41792994080
41792994074
41792994072
41792994078
41792994055
41792994051
41792994047
41792994065
41792994084
41792994091
41792994056
41792994191
41792994041
41792994039
41792994219
41792994064
41792994130
41792994134
41792994103
41792994068
41792994161
41792994169
41792994166
41792994120
41792994211
41792994141
41792994099
41792994135
41792994185
41792994096
41792994241
41792994102
41792994067
41792994195
41792994107
41792994092
41792994322
41792994250
41792994160
41792994328
41792994093
41792994315
41792994149
41792994128
41792994034
41792994075
41792994344
41792994040
41792994165
41792994100
41792994069
41792994125
41792994070
41792994119
41792994033
41792994037
41792994137
41792994060
41792994235
41792994301
41792994044
41792994057
41792994042
41792994282
41792994286
41792994381
41792994323
41792994215
41792994159
41792994258
41792994140
41792994104
41792994168
41792994226
41792994101
41792994066
41792994227
41792994173
41792994214
41792994295
41792994419
41792994685
41792994248
41792994011
41792994427
41792994108
41792994105
41792994330
41792994113
41792994115
41792994264
41792994138
41792994177
41792994580
41792994150
41792994073
41792994089
41792994046
41792994329
41792994118
41792994158
41792994326
41792994284
41792994175
41792994337
41792994225
41792994383
41792994114
41792994164
41792994273
41792994404
41792994228
41792994585
41792994155
41792994335
41792994396
41792994244
41792994209
41792994217
41792994324
41792994271
41792994681
41792994299
41792994087
41792994053
41792994421
41792994290
41792994463
41792994446
41792994432
41792994094
41792994085
41792994490
41792994374
41792994621
41792994234
41792994110
41792994281
41792994182
41792994379
41792994203
41792994145
41792994297
41792994111
41792994436
41792994557
41792994320
41792994153
41792994351
41792994178
41792994356
41792994310
41792994447
41792994266
41792994143
41792994658
41792994804
41792994279
41792994425
41792994744
41792994289
41792994267
41792994238
41792994171
41792994477
41792994199
41792994229
41792994437
41792994305
41792994691
41792994457
41792994216
41792994147
41792994355
41792994237
41792994367
41792994364
41792994521
41792994473
41792994702
41792994210
41792994181
41792994142
41792994333
41792994377
41792994508
41792994429
41792994231
41792994090
41792994334
41792994172
41792994488
41792994243
41792994341
41792994255
41792994251
41792994564
41792994619
41792994083
41792994257
41792994256
41792994475
41792994640
41792994268
41792994571
41792994701
41792994665
41792994900
41792994278
41792994393
41792994737
41792994742
41792994466
41792994270
41792994841
41792994223
41792994405
41792994438
41792994242
41792994412
41792994547
41792994392
41792994460
41792994302
41792994423
41792994735
41792994714
41792994689
41792994253
41792994030
41792994977
41792994300
41792994776
41792994373
41792994519
41792994189
41792994516
41792994593
41792994552
41792994809
41792994352
41792994399
41792994489
41792994499
41792994936
41792994420
41792994620
41792994347
41792994722
41792994316
41792994283
41792994472
41792994720
41792994592
41792994800
41792994287
41792994468
41792994525
41792994910
41792994594
41792994406
41792994696
41792994966
41792994360
41792994272
41792994470
41792994291
41792994609
41792994503
41792994480
41792994750
41792994414
41792994703
41792994512
41792994578
41792994454
41792994710
41792994459
41792994636
41792994823
41792994201
41792994550
41792994517
41792994567
41792994762
41792994450
41792994465
41792994624
41792994944
41792994277
41792994749
41792994727
41792994332
41792994376
41792994218
41792994317
41792994269
41792994539
41792994357
41792994664
41792994476
41792994372
41792994408
41792994669
41792994651
41792994781
41792994573
41792994759
41792994276
41792994848
41792994520
41792994363
41792994535
41792994960
41792994222
41792994359
41792994403
41792994967
41792994949
41792994589
41792994618
41792994400
41792994505
41792994791
41792994570
41792994452
41792994988
41792994183
41792994690
41792994655
41792994764
41792994787
41792994531
41792994469
41792994479
41792994968
41792994605
41792994442
41792994646
41792994514
41792994839
41792994369
41792994732
41792994582
41792994975
41792994385
41792994574
41792994444
41792994667
41792994709
41792994607
41792994498
41792994453
41792994705
41792994486
41792994540
41792994415
41792994853
41792994662
41792994304
41792994501
41792994246
41792994879
41792994568
41792994803
41792994397
41792994867
41792994543
41792994430
41792994734
41792994623
41792994844
41792994827
41792994515
41792994929
41792994522
41792994666
41792994576
41792994504
41792994339
41792994680
41792994849
41792994682
41792994746
41792994402
41792994434
41792994625
41792994579
41792994774
41792994838
41792994831
41792994984
41792994648
41792994706
41792994600
41792994556
41792994614
41792994586
41792994343
41792994741
41792994726
41792994541
41792994822
41792994410
41792994532
41792994812
41792994738
41792994652
41792994643
41792994549
41792994704
41792994649
41792994997
41792994327
41792994445
41792994877
41792994802
41792994820
41792994832
41792994612
41792994487
41792994896
41792994424
41792994760
41792994506
41792994830
41792994891
41792994962
41792994545
41792994948
41792994561
41792994898
41792994883
41792994617
41792994813
41792994864
41792994569
41792994860
41792994671
41792994542
41792994644
41792994782
41792994859
41792994528
41792994814
41792994719
41792994715
41792994629
41792994806
41792994755
41792994728
41792994176
41792994980
41792994846
41792994852
41792994882
41792994876
41792994805
41792994865
41792994926
41792994780
41792994575
41792994688
41792994862
41792994626
41792994484
41792994796
41792994723
41792994336
41792994873
41792994754
41792994937
41792994890
41792994957
41792994716
41792994645
41792994917
41792994761
41792994855
41792994632
41792994920
41792994790
41792994611
41792994817
41792994927
41792994893
41792994740
41792994686
41792994601
41792994888
41792994536
41792994987
41792994875
41792994773
41792994856
41792994954
41792994996
41792994829
41792994717
41792994866
41792994771
41792994973
41792994935
41792994650
41792994884
41792994861
41792994986
41792994953
41792994718
41792994758
41792994729
41792994885
41792994577
41792994907
41792994934
41792994757
41792994654
41792994458
41792994950
41792994638
41792994711
41792994847
41792994880
41792994736
41792994854
41792994971
41792994921
41792994972
41792994886
41792994778
41792994548
41792994908
41792994502
41792994775
41792994915
41792994622
41792994538
41792994819
41792994922
41792994784
41792994956
41792994919
41792994906
41792994670
41792994963
41792994903
41792994913
41792994845
41792994930
41792994767
41792994835
41792994692
41792994902
41792994991
41792994969
41792994733
41792994765
41792994894
41792994871
41792994653
41792994952
41792994739
41792994945
41792994904
41792994946
41792994673
41792994911
41792994788
41792994816
41792994940
41792994979
41792994978
41792994959
41792994769
41792994828
41792994941
41792994982
41792994976
41792996000
41792996008
41792996006
41792996031
41792996032
41792996029
41792996030
41792996027
41792996007
41792996023
41792996001
41792996018
41792996014
41792996025
41792996009
41792996012
41792996016
41792996013
41792996015
41792996028
41792996045
41792996058
41792996064
41792996051
41792996068
41792996049
41792996085
41792996080
41792996034
41792996067
41792996113
41792996183
41792996041
41792996248
41792996043
41792996074
41792996060
41792996052
41792996289
41792996075
41792996225
41792996087
41792996265
41792996072
41792996071
41792996044
41792996130
41792996310
41792996162
41792996138
41792996331
41792996151
41792996377
41792996213
41792996063
41792996109
41792996114
41792996232
41792996239
41792996038
41792996164
41792996356
41792996086
41792996057
41792996290
41792996168
41792996275
41792996318
41792996103
41792996139
41792996173
41792996077
41792996180
41792996124
41792996142
41792996083
41792996119
41792996112
41792996188
41792996040
41792996061
41792996304
41792996048
41792996147
41792996156
41792996088
41792996258
41792996056
41792996285
41792996174
41792996053
41792996328
41792996148
41792996419
41792996104
41792996066
41792996261
41792996062
41792996240
41792996456
41792996081
41792996283
41792996078
41792996202
41792996122
41792996102
41792996128
41792996371
41792996111
41792996387
41792996259
41792996573
41792996433
41792996273
41792996185
41792996632
41792996195
41792996305
41792996214
41792996554
41792996424
41792996105
41792996499
41792996300
41792996381
41792996089
41792996342
41792996093
41792996354
41792996094
41792996178
41792996301
41792996175
41792996407
41792996314
41792996219
41792996205
41792996046
41792996417
41792996490
41792996344
41792996152
41792996411
41792996327
41792996272
41792996182
41792996099
41792996095
41792996686
41792996336
41792996190
41792996408
41792996620
41792996097
41792996267
41792996357
41792996165
41792996339
41792996487
41792996441
41792996450
41792996687
41792996238
41792996488
41792996618
41792996516
41792996126
41792996547
41792996107
41792996321
41792996442
41792996315
41792996161
41792996141
41792996073
41792996459
41792996125
41792996515
41792996431
41792996576
41792996406
41792996399
41792996221
41792996378
41792996409
41792996355
41792996422
41792996260
41792996352
41792996254
41792996907
41792996146
41792996266
41792996216
41792996369
41792996404
41792996434
41792996335
41792996255
41792996271
41792996286
41792996523
41792996577
41792996231
41792996778
41792996332
41792996212
41792996338
41792996291
41792996575
41792996118
41792996503
41792996211
41792996541
41792996303
41792996249
41792996794
41792996370
41792996223
41792996092
41792996802
41792996472
41792996278
41792996760
41792996588
41792996446
41792996277
41792996430
41792996309
41792996698
41792996383
41792996518
41792996191
41792996389
41792996746
41792996189
41792996127
41792996451
41792996719
41792996294
41792996362
41792996428
41792996326
41792996644
41792996228
41792996373
41792996276
41792996494
41792996556
41792996308
41792996569
41792996397
41792996322
41792996447
41792996473
41792996316
41792996491
41792996559
41792996400
41792996343
41792996153
41792996485
41792996560
41792996390
41792996532
41792996469
41792996432
41792996457
41792996280
41792996955
41792996734
41792996242
41792996227
41792996743
41792996581
41792996716
41792996245
41792996462
41792996913
41792996525
41792996779
41792996226
41792996602
41792996333
41792996875
41792996893
41792996498
41792996978
41792996707
41792996460
41792996348
41792996535
41792996313
41792996193
41792996440
41792996375
41792996418
41792996427
41792996652
41792996413
41792996320
41792996879
41792996421
41792996666
41792996269
41792996922
41792996268
41792996299
41792996396
41792996824
41792996660
41792996807
41792996513
41792996323
41792996517
41792996544
41792996444
41792996349
41792996514
41792996821
41792996755
41792996706
41792996661
41792996767
41792996364
41792996486
41792996641
41792996655
41792996592
41792996159
41792996465
41792996360
41792996611
41792996847
41792996555
41792996566
41792996564
41792996677
41792996549
41792996493
41792996990
41792996638
41792996522
41792996365
41792996484
41792996667
41792996589
41792996960
41792996758
41792996591
41792996545
41792996595
41792996784
41792996594
41792996157
41792996761
41792996872
41792996721
41792996765
41792996665
41792996536
41792996637
41792996501
41792996429
41792996897
41792996307
41792996816
41792996815
41792996956
41792996312
41792996601
41792996822
41792996257
41792996973
41792996386
41792996860
41792996630
41792996945
41792996551
41792996582
41792996619
41792996739
41792996520
41792996416
41792996586
41792996862
41792996593
41792996281
41792996534
41792996414
41792996476
41792996664
41792996790
41792996759
41792996351
41792996857
41792996298
41792996888
41792996398
41792996380
41792996605
41792996673
41792996461
41792996959
41792996570
41792996845
41792996282
41792996676
41792996636
41792996672
41792996710
41792996773
41792996557
41792996678
41792996633
41792996981
41792996423
41792996631
41792996622
41792996659
41792996436
41792996527
41792996692
41792996680
41792996629
41792996904
41792996684
41792996256
41792996785
41792996835
41792996771
41792996330
41792996903
41792996539
41792996403
41792996368
41792996813
41792996603
41792996482
41792996711
41792996837
41792996722
41792996542
41792996437
41792996954
41792996726
41792996830
41792996598
41792996548
41792996895
41792996808
41792996614
41792996949
41792996930
41792996578
41792996770
41792996965
41792996329
41792996738
41792996117
41792996774
41792996891
41792996696
41792996500
41792996496
41792996509
41792996650
41792996834
41792996358
41792996912
41792996950
41792996470
41792996892
41792996943
41792996530
41792996649
41792996626
41792996584
41792996683
41792996733
41792996688
41792996961
41792996607
41792996467
41792996704
41792996747
41792996926
41792996374
41792996946
41792996849
41792996898
41792996749
41792996663
41792996585
41792996405
41792996624
41792996762
41792996866
41792996662
41792996811
41792996991
41792996812
41792996700
41792996841
41792996756
41792996645
41792996609
41792996900
41792996769
41792996727
41792996452
41792996504
41792996714
41792996120
41792996791
41792996731
41792996940
41792996699
41792996717
41792996901
41792996750
41792996776
41792996367
41792996951
41792996512
41792996843
41792996957
41792996953
41792996668
41792996634
41792996932
41792996720
41792996401
41792996859
41792996856
41792996412
41792996654
41792996579
41792996969
41792996754
41792996783
41792996838
41792996681
41792996985
41792996796
41792996937
41792996874
41792996823
41792996742
41792996947
41792996468
41792996519
41792996600
41792996426
41792996968
41792996944
41792996851
41792996972
41792996921
41792996923
41792996526
41792996868
41792996798
41792996670
41792996890
41792996753
41792996882
41792996590
41792996826
41792996627
41792996787
41792996889
41792996508
41792996463
41792996736
41792996840
41792996829
41792996475
41792996881
41792996982
41792996842
41792996876
41792996635
41792996880
41792996883
41792996613
41792996997
41792996563
41792996925
41792996974
41792996865
41792996479
41792996861
41792996757
41792996902
41792996552
41792996725
41792996864
41792996825
41792996919
41792996916
41792996971
41792996952
41792996871
41792996915
41792996854
41792996885
41792996909
41792996833
41792996867
41792996873
41792996908
41792996983
41792996820
41792996852
41792996616
41792996877
41792996884
41792996967
41792996869
41792996789
41792996814
41792996918
41792996858
41792996887
41792996939
41792996936
41792996958
41792990000
41792990018
41792990003
41792990006
41792990014
41792990016
41792990010
41792990019
41792990004
41792990013
41792990027
41792990005
41792990001
41792990015
41792990021
41792990025
41792990008
41792990026
41792990023
41792990022
41792990032
41792990012
41792990002
41792990039
41792990129
41792990262
41792990054
41792990058
41792990064
41792990074
41792990040
41792990139
41792990092
41792990082
41792990085
41792990046
41792990108
41792990077
41792990047
41792990175
41792990126
41792990081
41792990137
41792990055
41792990033
41792990166
41792990084
41792990130
41792990233
41792990294
41792990052
41792990273
41792990096
41792990056
41792990109
41792990125
41792990042
41792990075
41792990123
41792990153
41792990059
41792990066
41792990172
41792990100
41792990145
41792990112
41792990181
41792990113
41792990094
41792990107
41792990103
41792990117
41792990080
41792990293
41792990169
41792990078
41792990035
41792990050
41792990291
41792990431
41792990383
41792990227
41792990036
41792990334
41792990030
41792990037
41792990315
41792990105
41792990162
41792990061
41792990441
41792990071
41792990456
41792990053
41792990301
41792990118
41792990101
41792990127
41792990060
41792990087
41792990221
41792990157
41792990089
41792990185
41792990257
41792990043
41792990041
41792990149
41792990179
41792990208
41792990210
41792990076
41792990110
41792990189
41792990070
41792990143
41792990188
41792990243
41792990116
41792990311
41792990252
41792990344
41792990177
41792990582
41792990669
41792990184
41792990099
41792990317
41792990203
41792990217
41792990321
41792990232
41792990057
41792990489
41792990380
41792990187
41792990242
41792990088
41792990097
41792990115
41792990193
41792990319
41792990464
41792990284
41792990277
41792990065
41792990154
41792990207
41792990333
41792990515
41792990485
41792990134
41792990355
41792990209
41792990453
41792990365
41792990144
41792990069
41792990199
41792990260
41792990155
41792990297
41792990048
41792990198
41792990460
41792990483
41792990320
41792990202
41792990476
41792990150
41792990678
41792990378
41792990236
41792990314
41792990174
41792990159
41792990379
41792990358
41792990237
41792990238
41792990332
41792990300
41792990234
41792990449
41792990259
41792990536
41792990465
41792990086
41792990135
41792990329
41792990347
41792990264
41792990385
41792990641
41792990672
41792990263
41792990345
41792990138
41792990440
41792990299
41792990389
41792990834
41792990557
41792990215
41792990191
41792990720
41792990220
41792990204
41792990351
41792990090
41792990421
41792990267
41792990526
41792990131
41792990746
41792990336
41792990286
41792990337
41792990412
41792990266
41792990457
41792990439
41792990408
41792990310
41792990350
41792990471
41792990194
41792990413
41792990729
41792990741
41792990537
41792990911
41792990514
41792990748
41792990662
41792990156
41792990446
41792990364
41792990158
41792990463
41792990124
41792990488
41792990475
41792990454
41792990787
41792990687
41792990323
41792990510
41792990251
41792990407
41792990614
41792990763
41792990560
41792990430
41792990425
41792990114
41792990801
41792990405
41792990308
41792990837
41792990722
41792990563
41792990200
41792990818
41792990072
41792990330
41792990863
41792990186
41792990897
41792990864
41792990419
41792990531
41792990318
41792990472
41792990370
41792990386
41792990601
41792990192
41792990269
41792990432
41792990359
41792990335
41792990368
41792990779
41792990229
41792990629
41792990619
41792990426
41792990583
41792990443
41792990530
41792990438
41792990376
41792990393
41792990615
41792990392
41792990290
41792990547
41792990505
41792990326
41792990250
41792990428
41792990616
41792990444
41792990497
41792990572
41792990366
41792990399
41792990492
41792990755
41792990455
41792990248
41792990176
41792990401
41792990824
41792990524
41792990567
41792990927
41792990568
41792990621
41792990550
41792990205
41792990409
41792990650
41792990752
41792990496
41792990640
41792990511
41792990466
41792990400
41792990849
41792990740
41792990886
41792990222
41792990306
41792990424
41792990542
41792990404
41792990507
41792990573
41792990309
41792990388
41792990211
41792990433
41792990452
41792990545
41792990226
41792990726
41792990950
41792990459
41792990617
41792990303
41792990806
41792990731
41792990541
41792990589
41792990869
41792990512
41792990518
41792990591
41792990926
41792990762
41792990578
41792990948
41792990666
41792990690
41792990773
41792990532
41792990231
41792990760
41792990761
41792990574
41792990387
41792990730
41792990961
41792990735
41792990689
41792990467
41792990988
41792990644
41792990235
41792990670
41792990738
41792990258
41792990904
41792990828
41792990727
41792990513
41792990630
41792990218
41792990555
41792990632
41792990586
41792990728
41792990468
41792990168
41792990369
41792990646
41792990279
41792990508
41792990535
41792990839
41792990564
41792990916
41792990947
41792990896
41792990490
41792990922
41792990714
41792990447
41792990667
41792990873
41792990676
41792990754
41792990856
41792990847
41792990501
41792990434
41792990771
41792990758
41792990585
41792990721
41792990799
41792990777
41792990811
41792990436
41792990356
41792990437
41792990474
41792990972
41792990506
41792990711
41792990955
41792990870
41792990704
41792990608
41792990938
41792990522
41792990606
41792990271
41792990821
41792990878
41792990652
41792990698
41792990783
41792990571
41792990879
41792990807
41792990241
41792990712
41792990765
41792990610
41792990845
41792990283
41792990509
41792990743
41792990890
41792990715
41792990659
41792990539
41792990744
41792990307
41792990802
41792990517
41792990767
41792990486
41792990374
41792990913
41792990776
41792990577
41792990881
41792990451
41792990891
41792990774
41792990584
41792990503
41792990664
41792990702
41792990481
41792990808
41792990768
41792990694
41792990718
41792990885
41792990695
41792990732
41792990201
41792990302
41792990835
41792990901
41792990910
41792990813
41792990556
41792990254
41792990819
41792990649
41792990805
41792990402
41792990844
41792990411
41792990900
41792990647
41792990935
41792990977
41792990298
41792990648
41792990889
41792990945
41792990906
41792990709
41792990825
41792990500
41792990742
41792990971
41792990679
41792990941
41792990868
41792990815
41792990747
41792990684
41792990312
41792990912
41792990822
41792990954
41792990750
41792990600
41792990772
41792990937
41792990940
41792990921
41792990692
41792990473
41792990812
41792990974
41792990791
41792990660
41792990934
41792990914
41792990909
41792990775
41792990836
41792990989
41792990990
41792990960
41792990525
41792990478
41792990521
41792990936
41792990865
41792990397
41792990907
41792990959
41792990566
41792990654
41792990528
41792990710
41792990737
41792990450
41792990899
41792990394
41792990790
41792990719
41792990461
41792990682
41792990968
41792990933
41792990651
41792990414
41792990982
41792990919
41792990978
41792990829
41792990976
41792990915
41792990992
41792990570
41792990739
41792990952
41792990809
41792990663
41792990858
41792990361
41792990932
41792990848
41792990587
41792990794
41792990665
41792990751
41792990995
41792990552
41792990495
41792990850
41792990859
41792990895
41792990814
41792990965
41792990985
41792990609
41792990991
41792990759
41792990797
41792990898
41792990661
41792990706
41792990548
41792990579
41792990902
41792990987
41792990958
41792990685
41792990581
41792990963
41792990671
41792990708
41792990833
41792990603
41792990983
41792990769
41792990626
41792990880
41792990920
41792990784
41792990925
41792990929
41792990688
41792990943
41792990831
41792990874
41792990973
41792990966
41792990681
41792990643
41792990930
41792990883
41792990877
41792990924
41792990888
41792990894
41792990838
41792990975
41792990803
41792990903
41792990993
41792990905
41792990782
41792990810
41792990884
41792999004
41792999001
41792999008
41792999016
41792999024
41792999007
41792999009
41792999015
41792999030
41792999031
41792999017
41792999018
41792999012
41792999026
41792999027
41792999011
41792999013
41792999020
41792999019
41792999010
41792999014
41792999032
41792999025
41792999029
41792999050
41792999065
41792999045
41792999035
41792999168
41792999084
41792999082
41792999060
41792999078
41792999102
41792999093
41792999119
41792999116
41792999048
41792999249
41792999037
41792999036
41792999286
41792999057
41792999270
41792999092
41792999047
41792999053
41792999160
41792999304
41792999210
41792999094
41792999124
41792999069
41792999070
41792999125
41792999278
41792999105
41792999288
41792999282
41792999055
41792999131
41792999228
41792999342
41792999292
41792999340
41792999316
41792999051
41792999038
41792999073
41792999300
41792999109
41792999089
41792999085
41792999104
41792999103
41792999068
41792999049
41792999122
41792999087
41792999039
41792999151
41792999121
41792999149
41792999123
41792999290
41792999216
41792999176
41792999101
41792999225
41792999033
41792999252
41792999274
41792999170
41792999034
41792999260
41792999066
41792999299
41792999147
41792999326
41792999248
41792999271
41792999240
41792999041
41792999245
41792999203
41792999115
41792999074
41792999113
41792999136
41792999100
41792999199
41792999306
41792999088
41792999263
41792999256
41792999144
41792999059
41792999090
41792999261
41792999321
41792999079
41792999241
41792999169
41792999130
41792999201
41792999110
41792999129
41792999193
41792999258
41792999126
41792999172
41792999331
41792999155
41792999159
41792999220
41792999191
41792999318
41792999280
41792999350
41792999345
41792999302
41792999287
41792999303
41792999323
41792999106
41792999237
41792999253
41792999150
41792999167
41792999075
41792999056
41792999336
41792999217
41792999311
41792999236
41792999178
41792999214
41792999188
41792999251
41792999338
41792999141
41792999200
41792999202
41792999257
41792999157
41792999242
41792999171
41792999233
41792999182
41792999259
41792999301
41792999229
41792999333
41792999145
41792999219
41792999267
41792999187
41792999185
41792999337
41792999341
41792999192
41792999194
41792999246
41792999215
41792999289
41792999295
41792999294
41792999232
41792999255
41792999346
41792999212
41792999262
41792999305
41792999254
41792999211
41792999319
41792999312
41792999279
41792999272
41792999281
41792999349
41792999234
41792999347
41792999269
41792999276
41792999247
41792999310
41792999173
41792999351
41792999354
41792999362
41792999357
41792999365
41792999359
41792999369
41792999374
41792999364
41792999372
41792999355
41792999376
41792999353
41792999360
41792999363
41792999358
41792999380
41792999368
41792999367
41792999371
41792999381
41792999352
41792999377
41792999356
41792999366
41792999382
41792999370
41792999428
41792999426
41792999448
41792999501
41792999384
41792999396
41792999437
41792999601
41792999420
41792999474
41792999388
41792999392
41792999401
41792999434
41792999439
41792999459
41792999449
41792999463
41792999389
41792999467
41792999689
41792999476
41792999492
41792999413
41792999383
41792999411
41792999531
41792999431
41792999440
41792999444
41792999504
41792999629
41792999578
41792999565
41792999515
41792999469
41792999415
41792999604
41792999387
41792999386
41792999477
41792999551
41792999534
41792999525
41792999450
41792999417
41792999517
41792999402
41792999608
41792999658
41792999390
41792999447
41792999541
41792999479
41792999664
41792999602
41792999412
41792999395
41792999563
41792999591
41792999594
41792999456
41792999568
41792999675
41792999529
41792999429
41792999421
41792999575
41792999540
41792999455
41792999473
41792999443
41792999405
41792999385
41792999506
41792999458
41792999543
41792999472
41792999468
41792999498
41792999651
41792999505
41792999550
41792999499
41792999656
41792999674
41792999423
41792999619
41792999435
41792999398
41792999438
41792999622
41792999465
41792999445
41792999537
41792999481
41792999667
41792999480
41792999599
41792999397
41792999533
41792999532
41792999406
41792999582
41792999687
41792999652
41792999503
41792999678
41792999634
41792999552
41792999555
41792999545
41792999665
41792999491
41792999589
41792999625
41792999485
41792999606
41792999516
41792999698
41792999554
41792999677
41792999464
41792999685
41792999436
41792999497
41792999695
41792999639
41792999654
41792999512
41792999646
41792999466
41792999495
41792999520
41792999500
41792999640
41792999587
41792999682
41792999615
41792999451
41792999600
41792999410
41792999547
41792999586
41792999620
41792999572
41792999672
41792999528
41792999580
41792999461
41792999598
41792999556
41792999577
41792999636
41792999546
41792999623
41792999597
41792999527
41792999494
41792999647
41792999513
41792999523
41792999548
41792999519
41792999524
41792999611
41792999610
41792999508
41792999631
41792999442
41792999607
41792999538
41792999609
41792999626
41792999661
41792999655
41792999483
41792999567
41792999488
41792999581
41792999633
41792999644
41792999659
41792999605
41792999641
41792999690
41792999613
41792999509
41792999653
41792999694
41792999673
41792999614
41792999628
41792999632
41792999603
41792999668
41792999521
41792999688
41792999697
41792999638
41792999663
41792999699
41792999617
41792999624
41792999669
41792999724
41792999725
41792999715
41792999713
41792999700
41792999718
41792999730
41792999712
41792999701
41792999719
41792999708
41792999729
41792999717
41792999702
41792999707
41792999710
41792999727
41792999703
41792999720
41792999746
41792999776
41792999751
41792999740
41792999769
41792999774
41792999744
41792999760
41792999743
41792999752
41792999748
41792999789
41792999790
41792999787
41792999767
41792999757
41792999778
41792999773
41792999763
41792999749
41792999731
41792999783
41792999741
41792999750
41792999739
41792999768
41792999771
41792999754
41792999755
41792999788
41792999780
41792999785
41792999772
41792999777
41792999794
41792999824
41792999811
41792999816
41792999814
41792999813
41792999796
41792999806
41792999830
41792999836
41792999807
41792999809
41792999800
41792999803
41792999793
41792999820
41792999831
41792999801
41792999810
41792999799
41792999829
41792999845
41792999818
41792999815
41792999798
41792999834
41792999825
41792999843
41792999828
41792999838
41792999832
41792999822
41792999833
41792999840
41792999837
41792999846
41792999872
41792999893
41792999879
41792999858
41792999885
41792999856
41792999859
41792999870
41792999895
41792999873
41792999902
41792999904
41792999909
41792999883
41792999876
41792999894
41792999871
41792999869
41792999860
41792999906
41792999878
41792999887
41792999890
41792999892
41792999901
41792999880
41792999907
41792999900
41792999865
41792999868
41792999898
41792999905
41792999863
41792999911
41792999855
41792999882
41792999877
41792999903
41792999891
41792999908
41792999910
41792999926
41792999917
41792999942
41792999943
41792999916
41792999914
41792999939
41792999934
41792999957
41792999966
41792999968
41792999932
41792999921
41792999912
41792999922
41792999944
41792999954
41792999946
41792999919
41792999956
41792999969
41792999938
41792999915
41792999931
41792999958
41792999925
41792999941
41792999933
41792999913
41792999951
41792999928
41792999961
41792999952
41792999967
41792999963
41792999962
41792999936
41792999947
41792999950
41792999949
41792999959
41792999920
41792999937
41792999948
41792999991
41792999979
41792999981
41792999973
41792999977
41792999993
41792999992
41792999978
41792999982
41792999985
41792999999
41792999995
41792999990
41792999997
41792999974
41792999972
41792999975
41792999994
41792999996
41792999980
41792999983
41792999988
41792993000
41792993007
41792993014
41792993026
41792993016
41792993030
41792993027
41792993020
41792993010
41792993001
41792993028
41792993011
41792993031
41792993005
41792993002
41792993025
41792993022
41792993033
41792993045
41792993044
41792993082
41792993064
41792993126
41792993140
41792993141
41792993136
41792993146
41792993151
41792993039
41792993288
41792993089
41792993103
41792993318
41792993040
41792993165
41792993063
41792993053
41792993135
41792993108
41792993051
41792993054
41792993076
41792993058
41792993184
41792993074
41792993069
41792993083
41792993186
41792993157
41792993373
41792993123
41792993248
41792993162
41792993169
41792993130
41792993214
41792993194
41792993221
41792993208
41792993171
41792993035
41792993085
41792993199
41792993092
41792993036
41792993145
41792993178
41792993073
41792993096
41792993041
41792993067
41792993310
41792993087
41792993065
41792993094
41792993116
41792993420
41792993195
41792993047
41792993411
41792993086
41792993354
41792993061
41792993425
41792993081
41792993153
41792993262
41792993119
41792993459
41792993500
41792993278
41792993095
41792993207
41792993321
41792993230
41792993149
41792993158
41792993340
41792993187
41792993314
41792993223
41792993337
41792993234
41792993368
41792993348
41792993418
41792993636
41792993430
41792993237
41792993100
41792993300
41792993379
41792993077
41792993107
41792993122
41792993072
41792993180
41792993376
41792993521
41792993144
41792993595
41792993213
41792993530
41792993163
41792993181
41792993503
41792993111
41792993279
41792993133
41792993291
41792993292
41792993246
41792993519
41792993627
41792993468
41792993481
41792993440
41792993201
41792993343
41792993316
41792993414
41792993127
41792993277
41792993709
41792993080
41792993669
41792993166
41792993191
41792993281
41792993514
41792993361
41792993164
41792993128
41792993773
41792993723
41792993174
41792993534
41792993212
41792993482
41792993487
41792993464
41792993239
41792993236
41792993329
41792993308
41792993222
41792993585
41792993270
41792993421
41792993185
41792993050
41792993517
41792993363
41792993323
41792993587
41792993792
41792993290
41792993227
41792993315
41792993342
41792993574
41792993232
41792993511
41792993630
41792993345
41792993198
41792993474
41792993372
41792993653
41792993284
41792993781
41792993287
41792993109
41792993429
41792993388
41792993289
41792993546
41792993313
41792993386
41792993525
41792993353
41792993551
41792993821
41792993493
41792993743
41792993399
41792993339
41792993621
41792993564
41792993260
41792993220
41792993686
41792993175
41792993449
41792993356
41792993679
41792993576
41792993541
41792993563
41792993390
41792993366
41792993204
41792993117
41792993326
41792993365
41792993719
41792993537
41792993622
41792993193
41792993782
41792993138
41792993543
41792993665
41792993851
41792993159
41792993312
41792993275
41792993383
41792993526
41792993466
41792993451
41792993242
41792993523
41792993593
41792993264
41792993391
41792993319
41792993603
41792993505
41792993347
41792993742
41792993553
41792993638
41792993402
41792993693
41792993606
41792993942
41792993469
41792993456
41792993736
41792993535
41792993397
41792993556
41792993569
41792993413
41792993374
41792993510
41792993575
41792993294
41792993639
41792993355
41792993853
41792993228
41792993417
41792993322
41792993408
41792993364
41792993250
41792993988
41792993444
41792993542
41792993596
41792993419
41792993378
41792993452
41792993835
41792993272
41792993799
41792993311
41792993810
41792993426
41792993770
41792993841
41792993868
41792993400
41792993594
41792993862
41792993330
41792993352
41792993532
41792993689
41792993367
41792993436
41792993475
41792993660
41792993416
41792993443
41792993701
41792993580
41792993827
41792993671
41792993604
41792993362
41792993907
41792993455
41792993269
41792993389
41792993712
41792993393
41792993989
41792993680
41792993979
41792993777
41792993935
41792993757
41792993740
41792993508
41792993233
41792993407
41792993813
41792993518
41792993684
41792993620
41792993286
41792993908
41792993628
41792993937
41792993527
41792993929
41792993923
41792993568
41792993516
41792993560
41792993357
41792993515
41792993617
41792993577
41792993470
41792993183
41792993479
41792993241
41792993338
41792993446
41792993485
41792993678
41792993387
41792993490
41792993358
41792993489
41792993377
41792993438
41792993659
41792993650
41792993360
41792993592
41792993406
41792993565
41792993484
41792993747
41792993618
41792993940
41792993814
41792993504
41792993578
41792993839
41792993616
41792993824
41792993965
41792993744
41792993461
41792993320
41792993855
41792993652
41792993938
41792993331
41792993263
41792993685
41792993738
41792993528
41792993598
41792993632
41792993793
41792993619
41792993699
41792993600
41792993692
41792993995
41792993301
41792993333
41792993253
41792993613
41792993834
41792993601
41792993710
41792993903
41792993645
41792993838
41792993369
41792993869
41792993346
41792993705
41792993179
41792993441
41792993905
41792993767
41792993463
41792993741
41792993958
41792993682
41792993265
41792993846
41792993987
41792993285
41792993559
41792993467
41792993631
41792993922
41792993727
41792993875
41792993647
41792993812
41792993778
41792993690
41792993823
41792993732
41792993405
41792993398
41792993477
41792993435
41792993688
41792993961
41792993492
41792993953
41792993721
41792993626
41792993633
41792993809
41792993643
41792993830
41792993891
41792993983
41792993703
41792993349
41792993946
41792993666
41792993829
41792993448
41792993932
41792993610
41792993570
41792993881
41792993789
41792993586
41792993779
41792993635
41792993920
41792993539
41792993714
41792993774
41792993717
41792993882
41792993401
41792993768
41792993247
41792993531
41792993695
41792993753
41792993928
41792993715
41792993788
41792993640
41792993656
41792993629
41792993549
41792993590
41792993412
41792993624
41792993885
41792993848
41792993581
41792993766
41792993748
41792993589
41792993967
41792993608
41792993847
41792993375
41792993972
41792993658
41792993997
41792993854
41792993915
41792993706
41792993836
41792993795
41792993948
41792993746
41792993874
41792993694
41792993980
41792993849
41792993488
41792993894
41792993960
41792993873
41792993728
41792993298
41792993981
41792993924
41792993702
41792993899
41792993909
41792993637
41792993423
41792993952
41792993831
41792993833
41792993964
41792993683
41792993817
41792993852
41792993735
41792993863
41792993930
41792993759
41792993614
41792993996
41792993663
41792993936
41792993877
41792993990
41792993818
41792993649
41792993785
41792993858
41792993700
41792993985
41792993901
41792993991
41792993756
41792993382
41792993931
41792993776
41792993879
41792993816
41792993957
41792993889
41792993737
41792993951
41792993900
41792993769
41792993945
41792993840
41792993794
41792993926
41792993859
41792993927
41792993826
41792993760
41792993422
41792993886
41792993906
41792993745
41792993837
41792993970
41792993801
41792993844
41792993966
41792993916
41792993887
41792993573
41792993939
41792993959
41792993890
41792993919
41792993921
41792993880
41792993711
41792993857
41792993971
41792993977
41792993716
41792993871
41792993984
41792993969
41792993867
41792993994
41792993856
41792993878
41792993675
41792993943
41792993870
41792993815
41792993898
41792993912
41792991000
41792991013
41792991014
41792991007
41792991004
41792991019
41792991006
41792991136
41792991134
41792991187
41792991062
41792991002
41792991082
41792991100
41792991106
41792991053
41792991104
41792991124
41792991045
41792991012
41792991010
41792991376
41792991044
41792991050
41792991068
41792991119
41792991036
41792991021
41792991030
41792991081
41792991001
41792991171
41792991122
41792991017
41792991126
41792991088
41792991029
41792991179
41792991173
41792991023
41792991172
41792991220
41792991011
41792991133
41792991193
41792991038
41792991302
41792991174
41792991237
41792991271
41792991333
41792991035
41792991037
41792991120
41792991059
41792991066
41792991151
41792991033
41792991141
41792991077
41792991627
41792991125
41792991058
41792991067
41792991031
41792991265
41792991103
41792991493
41792991325
41792991149
41792991049
41792991267
41792991107
41792991190
41792991182
41792991146
41792991400
41792991447
41792991041
41792991075
41792991282
41792991206
41792991111
41792991138
41792991112
41792991372
41792991072
41792991115
41792991363
41792991154
41792991157
41792991389
41792991520
41792991311
41792991018
41792991130
41792991144
41792991274
41792991178
41792991070
41792991315
41792991147
41792991232
41792991366
41792991108
41792991251
41792991368
41792991143
41792991519
41792991685
41792991201
41792991127
41792991039
41792991167
41792991552
41792991226
41792991331
41792991263
41792991299
41792991523
41792991375
41792991319
41792991089
41792991156
41792991202
41792991200
41792991118
41792991065
41792991195
41792991163
41792991079
41792991110
41792991188
41792991580
41792991360
41792991150
41792991278
41792991184
41792991329
41792991085
41792991234
41792991199
41792991466
41792991093
41792991322
41792991087
41792991222
41792991161
41792991677
41792991313
41792991137
41792991239
41792991129
41792991214
41792991153
41792991286
41792991132
41792991123
41792991160
41792991076
41792991084
41792991556
41792991326
41792991288
41792991131
41792991328
41792991064
41792991254
41792991402
41792991121
41792991287
41792991650
41792991348
41792991235
41792991096
41792991573
41792991572
41792991474
41792991774
41792991502
41792991427
41792991305
41792991336
41792991815
41792991225
41792991568
41792991320
41792991221
41792991140
41792991166
41792991514
41792991181
41792991297
41792991340
41792991272
41792991581
41792991061
41792991381
41792991508
41792991189
41792991500
41792991213
41792991432
41792991073
41792991139
41792991497
41792991191
41792991637
41792991177
41792991467
41792991944
41792991654
41792991227
41792991276
41792991579
41792991436
41792991293
41792991316
41792991417
41792991285
41792991454
41792991656
41792991671
41792991812
41792991176
41792991629
41792991969
41792991362
41792991170
41792991264
41792991382
41792991421
41792991585
41792991306
41792991301
41792991592
41792991351
41792991412
41792991680
41792991135
41792991395
41792991250
41792991563
41792991567
41792991651
41792991465
41792991481
41792991344
41792991290
41792991780
41792991332
41792991304
41792991233
41792991516
41792991628
41792991444
41792991219
41792991148
41792991355
41792991229
41792991617
41792991675
41792991888
41792991575
41792991607
41792991273
41792991307
41792991757
41792991128
41792991721
41792991793
41792991330
41792991212
41792991531
41792991460
41792991504
41792991764
41792991921
41792991424
41792991611
41792991751
41792991270
41792991453
41792991390
41792991383
41792991361
41792991923
41792991702
41792991152
41792991588
41792991350
41792991596
41792991418
41792991610
41792991818
41792991269
41792991341
41792991652
41792991277
41792991616
41792991414
41792991655
41792991507
41792991938
41792991606
41792991688
41792991487
41792991369
41792991715
41792991491
41792991987
41792991773
41792991385
41792991557
41792991451
41792991561
41792991406
41792991518
41792991965
41792991911
41792991717
41792991479
41792991164
41792991959
41792991324
41792991601
41792991335
41792991661
41792991881
41792991204
41792991384
41792991922
41792991933
41792991669
41792991449
41792991889
41792991462
41792991434
41792991858
41792991378
41792991623
41792991664
41792991604
41792991485
41792991625
41792991636
41792991808
41792991426
41792991279
41792991704
41792991423
41792991792
41792991490
41792991875
41792991260
41792991478
41792991597
41792991477
41792991566
41792991831
41792991194
41792991386
41792991595
41792991945
41792991840
41792991861
41792991633
41792991323
41792991964
41792991356
41792991180
41792991526
41792991541
41792991640
41792991554
41792991729
41792991919
41792991725
41792991364
41792991379
41792991416
41792991863
41792991879
41792991429
41792991480
41792991709
41792991916
41792991511
41792991710
41792991869
41792991771
41792991525
41792991553
41792991643
41792991946
41792991551
41792991431
41792991662
41792991868
41792991622
41792991986
41792991790
41792991641
41792991521
41792991849
41792991438
41792991464
41792991473
41792991528
41792991373
41792991718
41792991697
41792991407
41792991618
41792991295
41792991536
41792991455
41792991687
41792991759
41792991857
41792991966
41792991587
41792991948
41792991380
41792991787
41792991545
41792991708
41792991564
41792991393
41792991854
41792991433
41792991775
41792991463
41792991538
41792991769
41792991522
41792991784
41792991672
41792991584
41792991547
41792991719
41792991211
41792991703
41792991797
41792991659
41792991931
41792991711
41792991943
41792991804
41792991615
41792991569
41792991309
41792991231
41792991837
41792991802
41792991570
41792991639
41792991961
41792991419
41792991864
41792991057
41792991605
41792991988
41792991700
41792991549
41792991603
41792991583
41792991546
41792991317
41792991890
41792991492
41792991762
41792991452
41792991571
41792991976
41792991838
41792991602
41792991689
41792991517
41792991985
41792991891
41792991814
41792991399
41792991972
41792991712
41792991765
41792991694
41792991894
41792991932
41792991859
41792991845
41792991343
41792991706
41792991739
41792991670
41792991953
41792991908
41792991565
41792991461
41792991503
41792991958
41792991391
41792991653
41792991856
41792991909
41792991535
41792991937
41792991941
41792991484
41792991321
41792991749
41792991983
41792991472
41792991613
41792991848
41792991693
41792991930
41792991906
41792991387
41792991621
41792991865
41792991738
41792991873
41792991980
41792991475
41792991989
41792991785
41792991578
41792991701
41792991905
41792991713
41792991550
41792991342
41792991770
41792991789
41792991853
41792991947
41792991676
41792991589
41792991809
41792991855
41792991811
41792991936
41792991872
41792991914
41792991803
41792991425
41792991530
41792991910
41792991392
41792991748
41792991978
41792991995
41792991984
41792991991
41792991768
41792991714
41792991716
41792991776
41792991832
41792991950
41792991476
41792991878
41792991705
41792991833
41792991494
41792991663
41792991929
41792991791
41792991560
41792991782
41792991817
41792991666
41792991885
41792991882
41792991907
41792991679
41792991515
41792991691
41792991534
41792991720
41792991915
41792991734
41792991608
41792991828
41792991758
41792991590
41792991913
41792991952
41792991646
41792991904
41792991543
41792991942
41792991612
41792991760
41792991960
41792991957
41792991690
41792991777
41792991954
41792991839
41792991816
41792991974
41792991836
41792991935
41792991631
41792991977
41792991900
41792991686
41792991823
41792991917
41792991951
41792991939
41792992000
41792992004
41792992006
41792992001
41792992013
41792992023
41792992015
41792992008
41792992012
41792992025
41792992002
41792992017
41792992005
41792992019
41792992010
41792992011
41792992027
41792992021
41792992020
41792992028
41792992029
41792992016
41792992032
41792992105
41792992085
41792992044
41792992222
41792992090
41792992047
41792992036
41792992122
41792992035
41792992134
41792992055
41792992049
41792992061
41792992123
41792992081
41792992129
41792992139
41792992037
41792992119
41792992164
41792992033
41792992208
41792992179
41792992170
41792992176
41792992109
41792992300
41792992072
41792992211
41792992288
41792992209
41792992086
41792992095
41792992103
41792992124
41792992063
41792992133
41792992121
41792992043
41792992074
41792992112
41792992138
41792992171
41792992155
41792992113
41792992205
41792992186
41792992130
41792992056
41792992226
41792992264
41792992251
41792992048
41792992162
41792992066
41792992318
41792992210
41792992188
41792992077
41792992078
41792992128
41792992040
41792992087
41792992064
41792992270
41792992092
41792992102
41792992218
41792992101
41792992297
41792992041
41792992099
41792992207
41792992289
41792992069
41792992268
41792992073
41792992181
41792992256
41792992174
41792992265
41792992097
41792992190
41792992263
41792992166
41792992117
41792992168
41792992042
41792992249
41792992096
41792992115
41792992282
41792992235
41792992118
41792992319
41792992260
41792992293
41792992266
41792992147
41792992034
41792992230
41792992079
41792992231
41792992200
41792992161
41792992213
41792992127
41792992175
41792992191
41792992306
41792992142
41792992144
41792992261
41792992169
41792992089
41792992106
41792992219
41792992259
41792992153
41792992071
41792992276
41792992269
41792992091
41792992131
41792992140
41792992336
41792992296
41792992339
41792992236
41792992212
41792992201
41792992333
41792992316
41792992232
41792992163
41792992337
41792992217
41792992290
41792992345
41792992327
41792992253
41792992252
41792992247
41792992068
41792992328
41792992335
41792992228
41792992116
41792992344
41792992298
41792992338
41792992273
41792992110
41792992332
41792992303
41792992206
41792992204
41792992203
41792992054
41792992093
41792992326
41792992325
41792992159
41792992220
41792992257
41792992214
41792992272
41792992156
41792992224
41792992267
41792992310
41792992258
41792992227
41792992331
41792992141
41792992311
41792992348
41792992255
41792992280
41792992114
41792992184
41792992299
41792992233
41792992150
41792992185
41792992225
41792992221
41792992173
41792992283
41792992313
41792992349
41792992241
41792992341
41792992246
41792992292
41792992308
41792992321
41792992324
41792992294
41792992244
41792992343
41792992334
41792992245
41792992248
41792992312
41792992323
41792992350
41792992194
41792992366
41792992373
41792992355
41792992378
41792992357
41792992356
41792992364
41792992372
41792992379
41792992382
41792992360
41792992367
41792992375
41792992371
41792992354
41792992380
41792992352
41792992361
41792992363
41792992353
41792992376
41792992374
41792992351
41792992365
41792992368
41792992581
41792992428
41792992455
41792992542
41792992420
41792992442
41792992486
41792992393
41792992400
41792992399
41792992421
41792992450
41792992445
41792992444
41792992439
41792992563
41792992404
41792992531
41792992434
41792992558
41792992412
41792992457
41792992431
41792992606
41792992479
41792992456
41792992533
41792992402
41792992528
41792992652
41792992637
41792992559
41792992410
41792992555
41792992447
41792992597
41792992418
41792992564
41792992556
41792992546
41792992519
41792992478
41792992449
41792992405
41792992384
41792992385
41792992575
41792992429
41792992470
41792992572
41792992473
41792992492
41792992505
41792992491
41792992541
41792992506
41792992618
41792992645
41792992485
41792992424
41792992463
41792992687
41792992411
41792992568
41792992406
41792992523
41792992460
41792992535
41792992626
41792992672
41792992554
41792992516
41792992536
41792992685
41792992441
41792992612
41792992465
41792992668
41792992520
41792992609
41792992490
41792992688
41792992408
41792992416
41792992627
41792992432
41792992622
41792992646
41792992530
41792992423
41792992569
41792992512
41792992446
41792992603
41792992503
41792992635
41792992464
41792992534
41792992488
41792992524
41792992409
41792992545
41792992582
41792992615
41792992525
41792992620
41792992593
41792992608
41792992422
41792992601
41792992589
41792992614
41792992515
41792992508
41792992570
41792992605
41792992659
41792992624
41792992640
41792992529
41792992413
41792992662
41792992632
41792992426
41792992629
41792992471
41792992641
41792992474
41792992690
41792992518
41792992630
41792992676
41792992602
41792992656
41792992502
41792992451
41792992430
41792992552
41792992511
41792992594
41792992509
41792992579
41792992532
41792992613
41792992514
41792992587
41792992527
41792992574
41792992669
41792992679
41792992665
41792992642
41792992573
41792992617
41792992649
41792992526
41792992697
41792992691
41792992677
41792992664
41792992616
41792992671
41792992661
41792992639
41792992684
41792992539
41792992638
41792992621
41792992650
41792992619
41792992699
41792992611
41792992631
41792992681
41792992625
41792992461
41792992689
41792992709
41792992720
41792992719
41792992722
41792992717
41792992716
41792992725
41792992700
41792992711
41792992706
41792992704
41792992701
41792992713
41792992714
41792992715
41792992730
41792992721
41792992712
41792992708
41792992724
41792992726
41792992705
41792992727
41792992710
41792992707
41792992742
41792992750
41792992733
41792992771
41792992784
41792992770
41792992755
41792992751
41792992763
41792992783
41792992758
41792992744
41792992767
41792992748
41792992769
41792992739
41792992736
41792992746
41792992776
41792992731
41792992740
41792992743
41792992737
41792992764
41792992762
41792992790
41792992779
41792992749
41792992760
41792992765
41792992774
41792992766
41792992785
41792992788
41792992786
41792992775
41792992777
41792992791
41792992803
41792992837
41792992805
41792992812
41792992832
41792992814
41792992826
41792992825
41792992828
41792992850
41792992830
41792992801
41792992821
41792992845
41792992808
41792992834
41792992816
41792992824
41792992809
41792992822
41792992818
41792992800
41792992811
41792992820
41792992819
41792992817
41792992847
41792992806
41792992849
41792992843
41792992844
41792992833
41792992831
41792992852
41792992875
41792992858
41792992853
41792992881
41792992885
41792992898
41792992869
41792992906
41792992904
41792992871
41792992879
41792992878
41792992901
41792992907
41792992882
41792992896
41792992892
41792992895
41792992865
41792992857
41792992899
41792992866
41792992910
41792992856
41792992876
41792992884
41792992905
41792992880
41792992874
41792992890
41792992900
41792992859
41792992868
41792992883
41792992886
41792992902
41792992867
41792992908
41792992909
41792992891
41792992957
41792992939
41792992942
41792992921
41792992933
41792992937
41792992943
41792992949
41792992919
41792992960
41792992912
41792992931
41792992924
41792992916
41792992936
41792992969
41792992955
41792992947
41792992917
41792992920
41792992944
41792992928
41792992952
41792992925
41792992930
41792992923
41792992927
41792992941
41792992950
41792992935
41792992966
41792992961
41792992962
41792992918
41792992932
41792992914
41792992929
41792992964
41792992967
41792992934
41792992945
41792992965
41792992958
41792992951
41792992983
41792992977
41792992970
41792992990
41792992986
41792992994
41792992975
41792992992
41792992996
41792992999
41792992972
41792992993
41792992998
41792992981
41792992995
41792992985
41792998000
41792998020
41792998002
41792998008
41792998006
41792998013
41792998025
41792998024
41792998021
41792998015
41792998011
41792998001
41792998032
41792998016
41792998018
41792998022
41792998030
41792998014
41792998023
41792998026
41792998005
41792998040
41792998061
41792998034
41792998238
41792998041
41792998052
41792998094
41792998224
41792998100
41792998056
41792998049
41792998154
41792998082
41792998077
41792998083
41792998047
41792998080
41792998044
41792998048
41792998043
41792998038
41792998191
41792998070
41792998166
41792998091
41792998153
41792998057
41792998065
41792998086
41792998181
41792998186
41792998163
41792998045
41792998217
41792998093
41792998055
41792998036
41792998268
41792998177
41792998141
41792998131
41792998046
41792998252
41792998173
41792998139
41792998284
41792998308
41792998039
41792998211
41792998314
41792998050
41792998120
41792998140
41792998079
41792998148
41792998063
41792998168
41792998116
41792998218
41792998095
41792998239
41792998129
41792998228
41792998144
41792998222
41792998078
41792998156
41792998121
41792998214
41792998053
41792998205
41792998067
41792998088
41792998243
41792998325
41792998338
41792998096
41792998344
41792998109
41792998092
41792998273
41792998118
41792998143
41792998090
41792998179
41792998188
41792998294
41792998253
41792998099
41792998291
41792998257
41792998159
41792998128
41792998147
41792998176
41792998178
41792998336
41792998213
41792998098
41792998076
41792998200
41792998066
41792998102
41792998264
41792998346
41792998113
41792998242
41792998089
41792998107
41792998203
41792998230
41792998246
41792998202
41792998110
41792998134
41792998275
41792998335
41792998133
41792998256
41792998161
41792998108
41792998322
41792998265
41792998112
41792998084
41792998182
41792998241
41792998250
41792998298
41792998300
41792998196
41792998216
41792998212
41792998130
41792998165
41792998226
41792998151
41792998313
41792998192
41792998208
41792998180
41792998117
41792998064
41792998282
41792998307
41792998323
41792998225
41792998142
41792998158
41792998317
41792998229
41792998207
41792998220
41792998251
41792998285
41792998341
41792998190
41792998189
41792998311
41792998255
41792998329
41792998232
41792998315
41792998349
41792998209
41792998245
41792998330
41792998267
41792998237
41792998194
41792998206
41792998274
41792998328
41792998240
41792998272
41792998310
41792998174
41792998326
41792998111
41792998304
41792998286
41792998219
41792998266
41792998292
41792998332
41792998280
41792998301
41792998234
41792998305
41792998236
41792998169
41792998343
41792998331
41792998293
41792998350
41792998210
41792998281
41792998362
41792998381
41792998373
41792998372
41792998382
41792998377
41792998351
41792998354
41792998371
41792998352
41792998374
41792998355
41792998361
41792998365
41792998378
41792998364
41792998353
41792998366
41792998369
41792998436
41792998438
41792998590
41792998387
41792998388
41792998402
41792998476
41792998417
41792998424
41792998399
41792998544
41792998437
41792998412
41792998540
41792998440
41792998449
41792998448
41792998444
41792998431
41792998485
41792998403
41792998492
41792998390
41792998538
41792998654
41792998396
41792998553
41792998394
41792998414
41792998421
41792998537
41792998460
41792998422
41792998567
41792998501
41792998696
41792998589
41792998393
41792998425
41792998465
41792998463
41792998415
41792998533
41792998693
41792998459
41792998467
41792998565
41792998451
41792998484
41792998397
41792998518
41792998469
41792998536
41792998409
41792998631
41792998419
41792998655
41792998400
41792998423
41792998386
41792998542
41792998443
41792998474
41792998512
41792998653
41792998488
41792998547
41792998483
41792998495
41792998528
41792998626
41792998461
41792998408
41792998384
41792998579
41792998570
41792998650
41792998406
41792998578
41792998605
41792998575
41792998558
41792998597
41792998482
41792998392
41792998627
41792998581
41792998643
41792998413
41792998504
41792998427
41792998434
41792998410
41792998470
41792998551
41792998628
41792998426
41792998622
41792998606
41792998548
41792998442
41792998457
41792998500
41792998383
41792998506
41792998487
41792998607
41792998445
41792998534
41792998561
41792998433
41792998615
41792998587
41792998509
41792998466
41792998543
41792998489
41792998497
41792998515
41792998662
41792998404
41792998455
41792998682
41792998557
41792998616
41792998532
41792998511
41792998699
41792998641
41792998507
41792998621
41792998613
41792998661
41792998520
41792998564
41792998640
41792998480
41792998496
41792998493
41792998602
41792998539
41792998514
41792998586
41792998479
41792998612
41792998649
41792998502
41792998646
41792998524
41792998638
41792998569
41792998600
41792998516
41792998687
41792998692
41792998618
41792998658
41792998490
41792998549
41792998617
41792998603
41792998678
41792998510
41792998595
41792998498
41792998519
41792998679
41792998680
41792998541
41792998688
41792998642
41792998491
41792998550
41792998599
41792998601
41792998645
41792998546
41792998685
41792998585
41792998582
41792998454
41792998563
41792998576
41792998681
41792998697
41792998695
41792998481
41792998667
41792998671
41792998568
41792998552
41792998684
41792998683
41792998694
41792998525
41792998668
41792998690
41792998611
41792998545
41792998523
41792998583
41792998670
41792998591
41792998689
41792998704
41792998720
41792998710
41792998726
41792998708
41792998725
41792998712
41792998717
41792998709
41792998707
41792998713
41792998718
41792998729
41792998722
41792998705
41792998700
41792998716
41792998715
41792998706
41792998711
41792998724
41792998752
41792998758
41792998751
41792998746
41792998742
41792998749
41792998756
41792998788
41792998765
41792998745
41792998748
41792998740
41792998761
41792998737
41792998743
41792998747
41792998769
41792998772
41792998763
41792998774
41792998785
41792998778
41792998773
41792998734
41792998750
41792998782
41792998777
41792998787
41792998779
41792998760
41792998776
41792998754
41792998771
41792998789
41792998790
41792998842
41792998840
41792998833
41792998828
41792998841
41792998821
41792998816
41792998815
41792998797
41792998849
41792998808
41792998823
41792998852
41792998800
41792998822
41792998827
41792998810
41792998825
41792998819
41792998846
41792998793
41792998834
41792998843
41792998817
41792998804
41792998794
41792998847
41792998799
41792998806
41792998813
41792998900
41792998865
41792998881
41792998868
41792998876
41792998863
41792998878
41792998879
41792998902
41792998887
41792998884
41792998899
41792998866
41792998871
41792998859
41792998885
41792998864
41792998909
41792998903
41792998860
41792998888
41792998861
41792998891
41792998867
41792998877
41792998897
41792998873
41792998892
41792998870
41792998882
41792998889
41792998886
41792998890
41792998874
41792998857
41792998883
41792998869
41792998894
41792998880
41792998906
41792998858
41792998939
41792998923
41792998946
41792998988
41792998933
41792998941
41792998947
41792998940
41792998970
41792998972
41792998985
41792998983
41792998984
41792998991
41792998919
41792998918
41792998961
41792998981
41792998943
41792998960
41792998990
41792998913
41792998944
41792998937
41792998962
41792998955
41792998948
41792998936
41792998995
41792998975
41792998997
41792998945
41792998964
41792998986
41792998914
41792998921
41792998925
41792998929
41792998987
41792998949
41792998912
41792998978
41792998927
41792998974
41792998926
41792998922
41792998965
41792998928
41792998930
41792998996
41792998982
41792997001
41792997026
41792997013
41792997007
41792997005
41792997032
41792997024
41792997014
41792997016
41792997028
41792997006
41792997012
41792997027
41792997008
41792997009
41792997021
41792997077
41792997201
41792997011
41792997337
41792997058
41792997060
41792997063
41792997080
41792997095
41792997100
41792997119
41792997114
41792997144
41792997158
41792997115
41792997186
41792997214
41792997234
41792997004
41792997045
41792997052
41792997074
41792997111
41792997308
41792997062
41792997044
41792997331
41792997166
41792997346
41792997146
41792997128
41792997280
41792997039
41792997055
41792997034
41792997118
41792997035
41792997059
41792997038
41792997053
41792997051
41792997069
41792997097
41792997081
41792997117
41792997101
41792997194
41792997122
41792997126
41792997113
41792997105
41792997161
41792997203
41792997121
41792997222
41792997175
41792997273
41792997169
41792997041
41792997170
41792997134
41792997070
41792997267
41792997031
41792997371
41792997306
41792997140
41792997075
41792997127
41792997082
41792997107
41792997272
41792997054
41792997257
41792997208
41792997155
41792997321
41792997092
41792997124
41792997279
41792997247
41792997164
41792997316
41792997148
41792997317
41792997188
41792997593
41792997139
41792997217
41792997216
41792997374
41792997261
41792997229
41792997087
41792997355
41792997657
41792997191
41792997269
41792997514
41792997289
41792997433
41792997259
41792997179
41792997242
41792997213
41792997110
41792997401
41792997178
41792997189
41792997096
41792997293
41792997451
41792997168
41792997068
41792997277
41792997495
41792997712
41792997183
41792997251
41792997196
41792997200
41792997264
41792997190
41792997099
41792997180
41792997288
41792997018
41792997395
41792997120
41792997071
41792997398
41792997473
41792997090
41792997378
41792997151
41792997256
41792997630
41792997440
41792997533
41792997385
41792997336
41792997167
41792997456
41792997575
41792997448
41792997323
41792997363
41792997312
41792997227
41792997446
41792997233
41792997198
41792997700
41792997340
41792997695
41792997084
41792997243
41792997285
41792997510
41792997748
41792997361
41792997450
41792997383
41792997343
41792997172
41792997333
41792997421
41792997265
41792997713
41792997303
41792997245
41792997132
41792997489
41792997513
41792997768
41792997153
41792997206
41792997093
41792997493
41792997530
41792997137
41792997482
41792997571
41792997587
41792997231
41792997195
41792997228
41792997319
41792997410
41792997708
41792997135
41792997953
41792997403
41792997129
41792997262
41792997447
41792997474
41792997679
41792997828
41792997342
41792997298
41792997552
41792997291
41792997274
41792997436
41792997577
41792997240
41792997516
41792997507
41792997310
41792997499
41792997420
41792997617
41792997390
41792997503
41792997636
41792997239
41792997425
41792997220
41792997452
41792997098
41792997237
41792997381
41792997266
41792997553
41792997485
41792997627
41792997643
41792997674
41792997210
41792997582
41792997417
41792997434
41792997388
41792997739
41792997445
41792997345
41792997631
41792997637
41792997605
41792997406
41792997149
41792997405
41792997894
41792997163
41792997576
41792997253
41792997500
41792997654
41792997558
41792997761
41792997794
41792997656
41792997845
41792997543
41792997566
41792997215
41792997159
41792997278
41792997354
41792997204
41792997509
41792997801
41792997367
41792997394
41792997455
41792997869
41792997781
41792997818
41792997615
41792997372
41792997177
41792997254
41792997232
41792997660
41792997655
41792997226
41792997646
41792997556
41792997885
41792997287
41792997840
41792997459
41792997359
41792997327
41792997618
41792997966
41792997382
41792997590
41792997753
41792997458
41792997557
41792997972
41792997481
41792997596
41792997634
41792997453
41792997610
41792997603
41792997802
41792997722
41792997751
41792997658
41792997546
41792997599
41792997560
41792997709
41792997573
41792997442
41792997626
41792997635
41792997235
41792997857
41792997703
41792997764
41792997413
41792997419
41792997309
41792997182
41792997430
41792997432
41792997779
41792997025
41792997205
41792997379
41792997778
41792997469
41792997949
41792997881
41792997515
41792997796
41792997806
41792997551
41792997589
41792997800
41792997523
41792997639
41792997550
41792997797
41792997772
41792997948
41792997373
41792997715
41792997407
41792997731
41792997364
41792997465
41792997498
41792997528
41792997619
41792997844
41792997678
41792997338
41792997919
41792997788
41792997964
41792997666
41792997318
41792997638
41792997375
41792997305
41792997808
41792997524
41792997645
41792997471
41792997813
41792997887
41792997476
41792997830
41792997561
41792997694
41792997954
41792997640
41792997908
41792997846
41792997365
41792997926
41792997622
41792997501
41792997732
41792997837
41792997935
41792997740
41792997527
41792997614
41792997906
41792997532
41792997562
41792997357
41792997302
41792997568
41792997734
41792997771
41792997409
41792997416
41792997252
41792997475
41792997036
41792997580
41792997875
41792997876
41792997710
41792997534
41792997901
41792997602
41792997652
41792997683
41792997504
41792997404
41792997427
41792997539
41792997647
41792997940
41792997907
41792997506
41792997592
41792997376
41792997315
41792997963
41792997859
41792997508
41792997671
41792997807
41792997525
41792997945
41792997339
41792997625
41792997633
41792997707
41792997370
41792997554
41792997491
41792997353
41792997795
41792997877
41792997085
41792997628
41792997749
41792997910
41792997667
41792997428
41792997874
41792997792
41792997612
41792997965
41792997959
41792997823
41792997360
41792997537
41792997891
41792997444
41792997574
41792997812
41792997463
41792997415
41792997956
41792997586
41792997913
41792997689
41792997960
41792997669
41792997918
41792997521
41792997862
41792997820
41792997990
41792997937
41792997468
41792997522
41792997623
41792997387
41792997653
41792997696
41792997991
41792997123
41792997865
41792997777
41792997810
41792997886
41792997943
41792997595
41792997555
41792997811
41792997902
41792997670
41792997579
41792997986
41792997785
41792997804
41792997541
41792997545
41792997983
41792997682
41792997578
41792997601
41792997585
41792997850
41792997974
41792997536
41792997853
41792997851
41792997890
41792997411
41792997757
41792997879
41792997939
41792997770
41792997150
41792997663
41792997422
41792997773
41792997809
41792997847
41792997957
41792997978
41792997826
41792997914
41792997787
41792997429
41792997934
41792997843
41792997856
41792997686
41792997718
41792997688
41792997641
41792997697
41792997888
41792997967
41792997766
41792997676
41792997693
41792997467
41792997916
41792997855
41792997860
41792997836
41792997564
41792997898
41792997758
41792997931
41792997921
41792997728
41792997930
41792997366
41792997598
41792997933
41792997952
41792997726
41792997737
41792997849
41792997775
41792997955
41792997889
41792997776
41792997784
41792997755
41792997470
41792997691
41792997958
41792997724
41792997841
41792997774
41792997961
41792997681
41792997786
41792997868
41792997895
41792997583
41792997821
41792997673
41792997861
41792997644
41792997702
41792997981
41792997799
41792997692
41792997892
41792997987
41792997920
41792997834
41792997854
41792997878
41792997995
41792997720
41792997912
41792997866
41792997397
41792997803
41792997923
41792997929
41792997938
41792997883
41792997942
41792997944
41792997928
41792997950
41792997760
41792997969
41792997989
41792997805
41792997993
