41783125000
41783125010
41783125009
41783125012
41783125060
41783125064
41783125088
41783125094
41783125199
41783125234
41783125254
41783125100
41783125151
41783125454
41783125080
41783125161
41783125059
41783125171
41783125738
41783125262
41783125200
41783125050
41783125055
41783125450
41783125152
41783125500
41783125353
41783125399
41783125588
41783125829
41783125343
41783125650
41783125583
41783125737
41783125319
41783125400
41783125844
41783125292
41783125474
41783125600
41783125990
41783125696
41783125751
41783125950
41783125962
41783125730
41783125939
41783125646
41783125784
41783125520
41783125455
41783125700
41783125708
41783125555
41783125575
41783125466
41783125453
41783125828
41783125808
41783125930
41783125659
41783125767
41783125757
41783125858
41783125996
41783124000
41783124012
41783124005
41783124030
41783124161
41783124175
41783124112
41783124242
41783124045
41783124141
41783124151
41783124446
41783124282
41783124412
41783124100
41783124500
41783124555
41783124601
41783124219
41783124333
41783124448
41783124450
41783124328
41783124222
41783124818
41783124558
41783124394
41783124466
41783124800
41783124464
41783124469
41783124373
41783124439
41783124808
41783124707
41783124241
41783124343
41783124658
41783124191
41783124990
41783124700
41783124570
41783124848
41783124737
41783124600
41783124505
41783124757
41783124427
41783124656
41783124407
41783124501
41783124716
41783124770
41783124665
41783124797
41783124622
41783124788
41783124545
41783124525
41783124470
41783124712
41783124774
41783124844
41783124850
41783126000
41783126001
41783126028
41783126032
41783126189
41783126041
41783126109
41783126370
41783126310
41783126150
41783126111
41783126100
41783126222
41783126171
41783126424
41783126070
41783126112
41783126110
41783126640
41783126574
41783126136
41783126500
41783126539
41783126611
41783126484
41783126789
41783126273
41783126564
41783126148
41783126400
41783126313
41783126347
41783126240
41783126590
41783126399
41783126430
41783126700
41783126597
41783126565
41783126959
41783126494
41783126655
41783126262
41783126454
41783126828
41783126747
41783126726
41783126737
41783126880
41783126708
41783126661
41783126667
41783126730
41783126817
41783126612
41783126846
41783126909
41783126889
41783126684
41783126845
41783126550
41783126790
41783126603
41783126606
41783126896
41783126900
41783126969
41783120000
41783120012
41783120028
41783120005
41783120001
41783120006
41783120003
41783120017
41783120004
41783120092
41783120088
41783120086
41783120100
41783120098
41783120151
41783120055
41783120033
41783120299
41783120144
41783120049
41783120246
41783120202
41783120077
41783120421
41783120233
41783120363
41783120227
41783120208
41783120302
41783120141
41783120266
41783120212
41783120268
41783120373
41783120203
41783120300
41783120112
41783120404
41783120732
41783120408
41783120717
41783120292
41783120607
41783120676
41783120454
41783120460
41783120514
41783120912
41783120405
41783120442
41783120572
41783120590
41783120630
41783120455
41783120615
41783120612
41783120444
41783120340
41783120838
41783120670
41783120597
41783120424
41783120701
41783120555
41783120500
41783120965
41783120737
41783120809
41783120919
41783120808
41783120662
41783120900
41783120656
41783120960
41783120777
41783120909
41783120848
41783120812
41783120997
41783120983
41783129001
41783129016
41783129090
41783129099
41783129122
41783129181
41783129133
41783129071
41783129292
41783129230
41783129140
41783129808
41783129258
41783129232
41783129344
41783129377
41783129268
41783129404
41783129381
41783129777
41783129500
41783129951
41783129840
41783129817
41783129978
41783129897
41783129915
41783129721
41783129952
41783129922
41783129898
41783129929
41783129744
41783129794
41783129824
41783129707
41783129836
41783129933
41783129977
41783123000
41783123007
41783123008
41783123020
41783123004
41783123003
41783123066
41783123055
41783123224
41783123038
41783123345
41783123232
41783123132
41783123242
41783123167
41783123061
41783123035
41783123144
41783123197
41783123311
41783123333
41783123208
41783123336
41783123360
41783123313
41783123725
41783123172
41783123399
41783123122
41783123377
41783123566
41783123105
41783123430
41783123685
41783123112
41783123500
41783123838
41783123636
41783123104
41783123622
41783123222
41783123400
41783123282
41783123900
41783123558
41783123383
41783123550
41783123781
41783123181
41783123223
41783123633
41783123575
41783123434
41783123534
41783123811
41783123959
41783123703
41783123738
41783123989
41783123535
41783123808
41783123707
41783123756
41783123732
41783123766
41783121010
41783121011
41783121018
41783121001
41783121037
41783121110
41783121209
41783121250
41783121200
41783121245
41783121388
41783121177
41783121256
41783121217
41783121111
41783121218
41783121222
41783121252
41783121192
41783121202
41783121380
41783121236
41783121188
41783121441
41783121335
41783121288
41783121212
41783121486
41783121244
41783121433
41783121133
41783121080
41783121139
41783121220
41783121700
41783121444
41783121443
41783121492
41783121337
41783121460
41783121540
41783121833
41783121653
41783121370
41783121170
41783121600
41783121101
41783121300
41783121944
41783121666
41783121303
41783121513
41783121588
41783121216
41783121477
41783121662
41783121313
41783121488
41783121290
41783121675
41783121609
41783121512
41783121230
41783121490
41783121690
41783121814
41783121960
41783121996
41783121400
41783121315
41783121430
41783121737
41783121770
41783121603
41783121818
41783121561
41783121828
41783121516
41783121838
41783121604
41783121515
41783121912
41783121854
41783121761
41783121731
41783121800
41783121418
41783121667
41783121717
41783121580
41783121673
41783121685
41783121771
41783121390
41783121900
41783121711
41783121820
41783122007
41783122006
41783122002
41783122222
41783122040
41783122121
41783122159
41783122123
41783122324
41783122212
41783122253
41783122202
41783122060
41783122073
41783122210
41783122229
41783122211
41783122401
41783122093
41783122050
41783122086
41783122544
41783122560
41783122525
41783122390
41783122299
41783122755
41783122285
41783122318
41783122424
41783122648
41783122342
41783122550
41783122797
41783122185
41783122444
41783122203
41783122731
41783122535
41783122262
41783122450
41783122191
41783122428
41783122474
41783122277
41783122770
41783122848
41783122765
41783122307
41783122626
41783122838
41783122944
41783122856
41783122840
41783122772
41783122993
41783122666
41783122442
41783122989
41783122880
41783122771
41783122939
41783122910
41783122918
41783122950
41783128008
41783128015
41783128060
41783128049
41783128181
41783128283
41783128106
41783128202
41783128040
41783128090
41783128414
41783128191
41783128555
41783128177
41783128979
41783128800
41783128118
41783128557
41783128303
41783128833
41783128900
41783128484
41783128359
41783128961
41783128811
41783128919
41783128989
41783128444
41783128686
41783128901
41783128837
41783128903
41783128899
41783127017
41783127030
41783127044
41783127089
41783127070
41783127166
41783127222
41783127212
41783127075
41783127333
41783127194
41783127343
41783127373
41783127472
41783127404
41783127474
41783127461
41783127439
41783127505
41783127599
41783127649
41783127450
41783127601
41783127500
41783127666
41783127630
41783127712
41783127700
41783127732
41783127771
41783127755
41783127740
41783127776
41783127777
41783127779
41783127778
41783127788
41783127878
41783127870
41783127828
41783127869
41783127912
41783127880
41783127939
41783127919
41783127910
41783127879
41783127929
