41764245032
41764245018
41764245021
41764245013
41764245020
41764245011
41764245008
41764245028
41764245031
41764245003
41764245024
41764245010
41764245006
41764245019
41764245001
41764245002
41764245030
41764245014
41764245022
41764245015
41764245050
41764245055
41764245039
41764245071
41764245090
41764245083
41764245108
41764245102
41764245143
41764245160
41764245159
41764245158
41764245035
41764245034
41764245205
41764245051
41764245206
41764245229
41764245058
41764245056
41764245053
41764245131
41764245048
41764245360
41764245070
41764245057
41764245075
41764245040
41764245201
41764245077
41764245128
41764245061
41764245033
41764245209
41764245121
41764245134
41764245038
41764245534
41764245153
41764245190
41764245181
41764245182
41764245135
41764245365
41764245242
41764245065
41764245100
41764245145
41764245115
41764245252
41764245120
41764245340
41764245413
41764245137
41764245059
41764245091
41764245274
41764245054
41764245095
41764245421
41764245445
41764245292
41764245105
41764245240
41764245497
41764245214
41764245269
41764245321
41764245249
41764245185
41764245151
41764245280
41764245215
41764245220
41764245116
41764245507
41764245234
41764245289
41764245184
41764245540
41764245528
41764245152
41764245161
41764245052
41764245577
41764245063
41764245312
41764245132
41764245427
41764245374
41764245545
41764245112
41764245147
41764245212
41764245559
41764245536
41764245272
41764245082
41764245268
41764245335
41764245311
41764245164
41764245266
41764245526
41764245081
41764245136
41764245180
41764245553
41764245352
41764245337
41764245273
41764245262
41764245200
41764245455
41764245433
41764245122
41764245416
41764245515
41764245253
41764245479
41764245207
41764245230
41764245317
41764245271
41764245477
41764245300
41764245573
41764245757
41764245343
41764245350
41764245432
41764245123
41764245640
41764245630
41764245763
41764245094
41764245141
41764245666
41764245418
41764245420
41764245258
41764245226
41764245318
41764245281
41764245508
41764245323
41764245745
41764245537
41764245218
41764245404
41764245195
41764245744
41764245425
41764245210
41764245223
41764245315
41764245325
41764245380
41764245342
41764245277
41764245322
41764245259
41764245254
41764245351
41764245080
41764245766
41764245449
41764245621
41764245670
41764245227
41764245457
41764245099
41764245617
41764245282
41764245233
41764245774
41764245524
41764245552
41764245339
41764245504
41764245905
41764245566
41764245468
41764245490
41764245472
41764245651
41764245639
41764245435
41764245130
41764245255
41764245806
41764245906
41764245402
41764245527
41764245675
41764245565
41764245238
41764245384
41764245409
41764245572
41764245199
41764245917
41764245535
41764245510
41764245822
41764245902
41764245228
41764245531
41764245887
41764245458
41764245685
41764245529
41764245219
41764245400
41764245967
41764245629
41764245641
41764245423
41764245279
41764245808
41764245842
41764245758
41764245889
41764245583
41764245662
41764245709
41764245392
41764245568
41764245154
41764245550
41764245858
41764245296
41764245788
41764245332
41764245244
41764245370
41764245256
41764245344
41764245765
41764245686
41764245865
41764245464
41764245717
41764245441
41764245909
41764245494
41764245362
41764245677
41764245417
41764245610
41764245243
41764245359
41764245631
41764245367
41764245406
41764245804
41764245558
41764245476
41764245724
41764245452
41764245217
41764245862
41764245800
41764245787
41764245890
41764245679
41764245390
41764245327
41764245555
41764245737
41764245988
41764245461
41764245382
41764245424
41764245628
41764245405
41764245505
41764245611
41764245805
41764245178
41764245579
41764245483
41764245338
41764245542
41764245932
41764245878
41764245484
41764245755
41764245848
41764245599
41764245652
41764245222
41764245547
41764245539
41764245895
41764245892
41764245633
41764245326
41764245921
41764245916
41764245754
41764245571
41764245454
41764245733
41764245728
41764245945
41764245517
41764245994
41764245373
41764245601
41764245623
41764245198
41764245448
41764245514
41764245682
41764245446
41764245690
41764245393
41764245525
41764245761
41764245363
41764245622
41764245655
41764245612
41764245275
41764245646
41764245834
41764245900
41764245668
41764245661
41764245450
41764245694
41764245615
41764245443
41764245993
41764245557
41764245533
41764245334
41764245687
41764245896
41764245703
41764245699
41764245673
41764245512
41764245616
41764245511
41764245604
41764245588
41764245824
41764245933
41764245644
41764245725
41764245851
41764245866
41764245627
41764245955
41764245710
41764245869
41764245656
41764245817
41764245775
41764245957
41764245940
41764245663
41764245556
41764245979
41764245589
41764245779
41764245735
41764245937
41764245796
41764245743
41764245752
41764245676
41764245381
41764245759
41764245799
41764245530
41764245962
41764245347
41764245600
41764245915
41764245814
41764245708
41764245732
41764245481
41764245797
41764245819
41764245867
41764245958
41764245941
41764245803
41764245564
41764245903
41764245772
41764245500
41764245549
41764245886
41764245828
41764245885
41764245715
41764245952
41764245833
41764245778
41764245460
41764245506
41764245501
41764245669
41764245838
41764245985
41764245665
41764245935
41764245826
41764245972
41764245837
41764245309
41764245960
41764245809
41764245953
41764245700
41764245850
41764245939
41764245879
41764245771
41764245976
41764245959
41764245874
41764245739
41764245544
41764245942
41764245654
41764245635
41764245855
41764245716
41764245888
41764245991
41764245702
41764245880
41764245667
41764245918
41764245876
41764245997
41764245956
41764244003
41764244023
41764244020
41764244009
41764244010
41764244007
41764244002
41764244019
41764244008
41764244026
41764244025
41764244021
41764244032
41764244005
41764244014
41764244013
41764244022
41764244029
41764244058
41764244055
41764244071
41764244124
41764244116
41764244134
41764244139
41764244004
41764244208
41764244052
41764244018
41764244132
41764244077
41764244041
41764244031
41764244225
41764244143
41764244081
41764244269
41764244076
41764244062
41764244038
41764244037
41764244190
41764244152
41764244047
41764244054
41764244068
41764244128
41764244141
41764244125
41764244053
41764244119
41764244105
41764244189
41764244229
41764244104
41764244042
41764244184
41764244213
41764244044
41764244043
41764244170
41764244162
41764244033
41764244264
41764244049
41764244099
41764244012
41764244242
41764244330
41764244160
41764244321
41764244142
41764244145
41764244093
41764244277
41764244270
41764244146
41764244057
41764244202
41764244084
41764244046
41764244129
41764244111
41764244262
41764244332
41764244066
41764244050
41764244192
41764244120
41764244082
41764244206
41764244086
41764244150
41764244232
41764244040
41764244536
41764244148
41764244230
41764244203
41764244210
41764244080
41764244327
41764244133
41764244161
41764244106
41764244166
41764244102
41764244254
41764244118
41764244468
41764244140
41764244243
41764244153
41764244302
41764244384
41764244048
41764244289
41764244275
41764244255
41764244525
41764244234
41764244113
41764244421
41764244382
41764244581
41764244239
41764244211
41764244777
41764244215
41764244240
41764244212
41764244606
41764244388
41764244268
41764244402
41764244221
41764244442
41764244250
41764244619
41764244114
41764244267
41764244575
41764244820
41764244204
41764244085
41764244457
41764244123
41764244378
41764244187
41764244216
41764244437
41764244467
41764244297
41764244265
41764244369
41764244301
41764244284
41764244501
41764244636
41764244408
41764244336
41764244664
41764244193
41764244205
41764244389
41764244315
41764244509
41764244263
41764244177
41764244393
41764244220
41764244110
41764244163
41764244566
41764244431
41764244691
41764244708
41764244325
41764244107
41764244359
41764244368
41764244131
41764244200
41764244322
41764244420
41764244260
41764244351
41764244650
41764244439
41764244817
41764244415
41764244172
41764244991
41764244454
41764244587
41764244386
41764244465
41764244423
41764244416
41764244612
41764244356
41764244171
41764244495
41764244311
41764244310
41764244497
41764244364
41764244455
41764244714
41764244406
41764244338
41764244147
41764244440
41764244157
41764244490
41764244475
41764244348
41764244360
41764244261
41764244217
41764244503
41764244253
41764244313
41764244482
41764244747
41764244498
41764244241
41764244295
41764244091
41764244354
41764244600
41764244387
41764244103
41764244479
41764244545
41764244520
41764244579
41764244361
41764244339
41764244274
41764244176
41764244567
41764244530
41764244304
41764244461
41764244444
41764244487
41764244508
41764244346
41764244668
41764244845
41764244790
41764244928
41764244507
41764244403
41764244671
41764244350
41764244917
41764244549
41764244452
41764244180
41764244765
41764244466
41764244236
41764244657
41764244796
41764244630
41764244426
41764244810
41764244736
41764244562
41764244866
41764244786
41764244655
41764244280
41764244666
41764244733
41764244644
41764244540
41764244675
41764244175
41764244843
41764244502
41764244787
41764244527
41764244643
41764244950
41764244331
41764244287
41764244195
41764244219
41764244404
41764244186
41764244597
41764244191
41764244252
41764244521
41764244822
41764244385
41764244531
41764244496
41764244491
41764244429
41764244738
41764244602
41764244316
41764244763
41764244813
41764244506
41764244872
41764244485
41764244669
41764244334
41764244908
41764244848
41764244377
41764244710
41764244559
41764244499
41764244580
41764244548
41764244427
41764244680
41764244713
41764244743
41764244547
41764244558
41764244550
41764244625
41764244438
41764244353
41764244904
41764244702
41764244836
41764244635
41764244654
41764244504
41764244670
41764244324
41764244372
41764244773
41764244399
41764244706
41764244518
41764244417
41764244282
41764244337
41764244622
41764244912
41764244456
41764244868
41764244483
41764244853
41764244617
41764244471
41764244628
41764244723
41764244459
41764244748
41764244722
41764244583
41764244539
41764244889
41764244877
41764244227
41764244613
41764244689
41764244611
41764244677
41764244663
41764244629
41764244881
41764244828
41764244374
41764244366
41764244318
41764244523
41764244892
41764244757
41764244447
41764244453
41764244576
41764244946
41764244751
41764244805
41764244560
41764244699
41764244614
41764244795
41764244916
41764244815
41764244949
41764244906
41764244831
41764244679
41764244774
41764244874
41764244922
41764244948
41764244593
41764244424
41764244785
41764244830
41764244968
41764244631
41764244923
41764244789
41764244719
41764244709
41764244533
41764244543
41764244578
41764244798
41764244974
41764244903
41764244618
41764244884
41764244835
41764244902
41764244752
41764244486
41764244886
41764244312
41764244783
41764244546
41764244370
41764244873
41764244919
41764244720
41764244542
41764244972
41764244952
41764244891
41764244405
41764244929
41764244837
41764244586
41764244494
41764244391
41764244676
41764244572
41764244717
41764244410
41764244760
41764244918
41764244678
41764244390
41764244724
41764244808
41764244674
41764244862
41764244852
41764244979
41764244667
41764244470
41764244750
41764244552
41764244640
41764244880
41764244959
41764244941
41764244961
41764244711
41764244821
41764244846
41764244775
41764244925
41764244802
41764244954
41764244728
41764244870
41764244975
41764244690
41764244997
41764244994
41764244435
41764244746
41764244553
41764244970
41764244864
41764244985
41764244931
41764244944
41764244856
41764244811
41764244990
41764244800
41764244797
41764244809
41764244980
41764244735
41764244981
41764244869
41764244749
41764244528
41764244847
41764244955
41764244620
41764244893
41764244934
41764244634
41764244827
41764244936
41764244911
41764244920
41764244803
41764244887
41764244024
41764244888
41764244913
41764244989
41764244201
41764244207
41764244451
41764244838
41764244933
41764246028
41764246030
41764246008
41764246005
41764246014
41764246006
41764246027
41764246011
41764246032
41764246024
41764246015
41764246016
41764246010
41764246007
41764246013
41764246020
41764246004
41764246062
41764246232
41764246261
41764246111
41764246059
41764246182
41764246193
41764246131
41764246104
41764246046
41764246267
41764246207
41764246053
41764246082
41764246063
41764246192
41764246078
41764246134
41764246126
41764246101
41764246036
41764246181
41764246127
41764246292
41764246122
41764246201
41764246301
41764246195
41764246110
41764246343
41764246300
41764246336
41764246242
41764246033
41764246266
41764246048
41764246327
41764246068
41764246045
41764246137
41764246090
41764246109
41764246115
41764246161
41764246094
41764246124
41764246035
41764246125
41764246052
41764246098
41764246038
41764246113
41764246173
41764246128
41764246165
41764246282
41764246322
41764246092
41764246034
41764246188
41764246049
41764246060
41764246066
41764246144
41764246200
41764246218
41764246229
41764246162
41764246308
41764246142
41764246180
41764246114
41764246171
41764246076
41764246190
41764246255
41764246312
41764246177
41764246275
41764246302
41764246321
41764246305
41764246223
41764246279
41764246244
41764246064
41764246056
41764246252
41764246037
41764246290
41764246174
41764246240
41764246276
41764246227
41764246209
41764246044
41764246225
41764246278
41764246138
41764246208
41764246211
41764246277
41764246221
41764246324
41764246269
41764246202
41764246220
41764246346
41764246311
41764246170
41764246318
41764246320
41764246339
41764246210
41764246233
41764246172
41764246072
41764246337
41764246154
41764246291
41764246235
41764246274
41764246272
41764246329
41764246099
41764246226
41764246243
41764246236
41764246297
41764246120
41764246338
41764246319
41764246176
41764246250
41764246199
41764246228
41764246293
41764246074
41764246328
41764246073
41764246155
41764246148
41764246347
41764246344
41764246306
41764246333
41764246123
41764246112
41764246299
41764246178
41764246234
41764246237
41764246298
41764246366
41764246363
41764246362
41764246359
41764246379
41764246356
41764246353
41764246381
41764246373
41764246364
41764246380
41764246377
41764246368
41764246365
41764246367
41764246355
41764246361
41764246463
41764246594
41764246417
41764246438
41764246422
41764246430
41764246602
41764246393
41764246472
41764246388
41764246490
41764246411
41764246405
41764246469
41764246432
41764246383
41764246443
41764246402
41764246529
41764246481
41764246446
41764246530
41764246480
41764246485
41764246550
41764246410
41764246496
41764246511
41764246404
41764246400
41764246534
41764246568
41764246464
41764246416
41764246498
41764246419
41764246553
41764246636
41764246638
41764246564
41764246470
41764246533
41764246395
41764246570
41764246619
41764246399
41764246662
41764246441
41764246609
41764246556
41764246500
41764246483
41764246668
41764246462
41764246554
41764246555
41764246579
41764246578
41764246510
41764246543
41764246525
41764246541
41764246641
41764246581
41764246532
41764246424
41764246460
41764246459
41764246474
41764246536
41764246457
41764246546
41764246635
41764246673
41764246461
41764246661
41764246473
41764246431
41764246634
41764246557
41764246655
41764246565
41764246694
41764246651
41764246699
41764246600
41764246440
41764246494
41764246456
41764246401
41764246409
41764246531
41764246683
41764246502
41764246507
41764246569
41764246482
41764246558
41764246548
41764246458
41764246387
41764246563
41764246527
41764246606
41764246465
41764246505
41764246572
41764246566
41764246575
41764246682
41764246617
41764246630
41764246535
41764246540
41764246695
41764246667
41764246506
41764246468
41764246640
41764246680
41764246633
41764246576
41764246603
41764246526
41764246513
41764246622
41764246588
41764246697
41764246523
41764246696
41764246627
41764246612
41764246595
41764246659
41764246552
41764246589
41764246616
41764246675
41764246434
41764246514
41764246677
41764246632
41764246679
41764246684
41764246567
41764246560
41764246421
41764246580
41764246610
41764246688
41764246413
41764246599
41764246652
41764246544
41764246685
41764246605
41764246691
41764246608
41764246624
41764246671
41764246644
41764246656
41764246686
41764246669
41764246520
41764246611
41764246676
41764246654
41764246663
41764246660
41764246727
41764246713
41764246716
41764246711
41764246715
41764246718
41764246706
41764246707
41764246726
41764246703
41764246756
41764246736
41764246757
41764246745
41764246787
41764246774
41764246792
41764246753
41764246744
41764246747
41764246752
41764246768
41764246776
41764246748
41764246780
41764246785
41764246759
41764246763
41764246772
41764246758
41764246751
41764246762
41764246742
41764246765
41764246778
41764246781
41764246766
41764246782
41764246790
41764246799
41764246838
41764246802
41764246813
41764246806
41764246824
41764246817
41764246808
41764246798
41764246807
41764246818
41764246836
41764246839
41764246849
41764246841
41764246809
41764246793
41764246835
41764246843
41764246856
41764246886
41764246909
41764246891
41764246877
41764246864
41764246867
41764246899
41764246881
41764246903
41764246855
41764246890
41764246898
41764246907
41764246862
41764246894
41764246901
41764246873
41764246869
41764246858
41764246872
41764246910
41764246878
41764246889
41764246884
41764246897
41764246970
41764246973
41764246922
41764246967
41764246980
41764246919
41764246942
41764246975
41764246991
41764246998
41764246939
41764246962
41764246927
41764246944
41764246940
41764246971
41764246987
41764246916
41764246960
41764246961
41764246955
41764246920
41764246965
41764246921
41764246995
41764246994
41764246968
41764246926
41764246989
41764246924
41764246986
41764246996
41764246988
41764246999
41764240000
41764240013
41764240018
41764240019
41764240029
41764240023
41764240010
41764240028
41764240006
41764240017
41764240024
41764240027
41764240020
41764240008
41764240031
41764240030
41764240011
41764240004
41764240005
41764240021
41764240016
41764240079
41764240100
41764240109
41764240128
41764240178
41764240210
41764240054
41764240038
41764240247
41764240040
41764240033
41764240374
41764240185
41764240092
41764240088
41764240208
41764240096
41764240047
41764240062
41764240181
41764240193
41764240176
41764240041
41764240202
41764240046
41764240126
41764240251
41764240241
41764240045
41764240393
41764240066
41764240082
41764240155
41764240059
41764240187
41764240106
41764240201
41764240227
41764240052
41764240095
41764240035
41764240275
41764240203
41764240145
41764240073
41764240063
41764240323
41764240081
41764240043
41764240060
41764240131
41764240065
41764240319
41764240102
41764240611
41764240101
41764240078
41764240070
41764240274
41764240150
41764240314
41764240127
41764240141
41764240080
41764240089
41764240077
41764240140
41764240198
41764240228
41764240233
41764240118
41764240249
41764240310
41764240112
41764240107
41764240316
41764240099
41764240402
41764240093
41764240158
41764240147
41764240166
41764240423
41764240177
41764240069
41764240068
41764240164
41764240169
41764240091
41764240288
41764240289
41764240207
41764240186
41764240094
41764240407
41764240174
41764240304
41764240175
41764240284
41764240313
41764240196
41764240298
41764240129
41764240262
41764240442
41764240216
41764240420
41764240173
41764240213
41764240170
41764240119
41764240239
41764240222
41764240226
41764240229
41764240218
41764240492
41764240344
41764240291
41764240125
41764240363
41764240309
41764240085
41764240075
41764240110
41764240302
41764240368
41764240192
41764240598
41764240333
41764240387
41764240076
41764240214
41764240179
41764240114
41764240156
41764240301
41764240383
41764240290
41764240083
41764240293
41764240472
41764240212
41764240445
41764240520
41764240090
41764240588
41764240086
41764240724
41764240263
41764240469
41764240266
41764240072
41764240352
41764240477
41764240332
41764240167
41764240184
41764240364
41764240245
41764240294
41764240318
41764240328
41764240471
41764240327
41764240415
41764240215
41764240405
41764240188
41764240462
41764240801
41764240165
41764240624
41764240278
41764240605
41764240504
41764240396
41764240157
41764240685
41764240221
41764240067
41764240246
41764240190
41764240292
41764240254
41764240217
41764240451
41764240527
41764240438
41764240258
41764240331
41764240084
41764240308
41764240105
41764240432
41764240120
41764240142
41764240111
41764240777
41764240412
41764240354
41764240366
41764240778
41764240340
41764240440
41764240365
41764240448
41764240104
41764240338
41764240136
41764240515
41764240376
41764240160
41764240663
41764240495
41764240351
41764240447
41764240981
41764240610
41764240877
41764240501
41764240341
41764240833
41764240235
41764240726
41764240621
41764240827
41764240242
41764240457
41764240138
41764240483
41764240252
41764240633
41764240760
41764240431
41764240130
41764240653
41764240733
41764240307
41764240503
41764240148
41764240380
41764240401
41764240577
41764240265
41764240883
41764240539
41764240561
41764240796
41764240154
41764240343
41764240573
41764240353
41764240287
41764240575
41764240195
41764240373
41764240666
41764240787
41764240267
41764240311
41764240326
41764240286
41764240473
41764240531
41764240780
41764240507
41764240425
41764240849
41764240905
41764240433
41764240564
41764240738
41764240682
41764240296
41764240650
41764240640
41764240641
41764240843
41764240848
41764240708
41764240505
41764240580
41764240388
41764240676
41764240794
41764240861
41764240741
41764240172
41764240306
41764240479
41764240636
41764240716
41764240454
41764240271
41764240608
41764240609
41764240414
41764240551
41764240700
41764240528
41764240697
41764240747
41764240182
41764240919
41764240661
41764240645
41764240189
41764240430
41764240884
41764240587
41764240748
41764240954
41764240677
41764240602
41764240434
41764240211
41764240949
41764240115
41764240437
41764240847
41764240305
41764240836
41764240282
41764240444
41764240303
41764240133
41764240467
41764240533
41764240299
41764240474
41764240459
41764240475
41764240581
41764240484
41764240568
41764240398
41764240574
41764240591
41764240375
41764240779
41764240983
41764240576
41764240582
41764240673
41764240372
41764240874
41764240389
41764240660
41764240324
41764240790
41764240223
41764240829
41764240500
41764240578
41764240871
41764240703
41764240312
41764240830
41764240658
41764240600
41764240464
41764240360
41764240974
41764240815
41764240826
41764240756
41764240711
41764240809
41764240742
41764240493
41764240814
41764240918
41764240667
41764240612
41764240279
41764240757
41764240570
41764240619
41764240723
41764240958
41764240705
41764240468
41764240595
41764240728
41764240684
41764240512
41764240329
41764240509
41764240436
41764240762
41764240535
41764240770
41764240646
41764240629
41764240649
41764240941
41764240460
41764240969
41764240906
41764240986
41764240490
41764240709
41764240699
41764240894
41764240686
41764240295
41764240439
41764240601
41764240403
41764240384
41764240727
41764240990
41764240406
41764240518
41764240896
41764240859
41764240652
41764240758
41764240805
41764240428
41764240508
41764240511
41764240695
41764240786
41764240385
41764240792
41764240330
41764240898
41764240655
41764240773
41764240443
41764240834
41764240911
41764240422
41764240828
41764240355
41764240586
41764240630
41764240359
41764240885
41764240337
41764240825
41764240889
41764240925
41764240620
41764240869
41764240984
41764240853
41764240822
41764240418
41764240752
41764240927
41764240547
41764240392
41764240498
41764240816
41764240689
41764240749
41764240584
41764240550
41764240824
41764240880
41764240929
41764240858
41764240491
41764240506
41764240519
41764240625
41764240775
41764240526
41764240865
41764240912
41764240707
41764240567
41764240721
41764240701
41764240559
41764240980
41764240499
41764240361
41764240817
41764240823
41764240977
41764240819
41764240991
41764240913
41764240922
41764240852
41764240879
41764240604
41764240416
41764240521
41764240971
41764240719
41764240635
41764240693
41764240837
41764240718
41764240789
41764240722
41764240955
41764240688
41764240463
41764240675
41764240594
41764240657
41764240783
41764240910
41764240606
41764240892
41764240903
41764240842
41764240642
41764240806
41764240867
41764240950
41764240590
41764240662
41764240844
41764240813
41764240934
41764240909
41764240409
41764240679
41764240944
41764240731
41764240928
41764240377
41764240973
41764240698
41764240627
41764240732
41764240939
41764240745
41764240117
41764240965
41764240945
41764240737
41764240921
41764240926
41764240750
41764240596
41764240882
41764240734
41764240895
41764240989
41764240891
41764240408
41764240917
41764240960
41764240995
41764240765
41764240953
41764240866
41764240671
41764240860
41764240835
41764240772
41764240948
41764240712
41764240992
41764240691
41764240897
41764240562
41764240715
41764240199
41764240808
41764240725
41764240812
41764240963
41764240976
41764240269
41764240623
41764240923
41764240907
41764240876
41764240935
41764240465
41764240807
41764240496
41764240908
41764240886
41764240840
41764240617
41764240795
41764240678
41764240774
41764240914
41764249030
41764249029
41764249005
41764249023
41764249021
41764249013
41764249022
41764249009
41764249002
41764249017
41764249019
41764249020
41764249003
41764249012
41764249006
41764249024
41764249018
41764249041
41764249167
41764249098
41764249079
41764249134
41764249070
41764249118
41764249059
41764249047
41764249199
41764249039
41764249069
41764249071
41764249184
41764249123
41764249058
41764249044
41764249122
41764249014
41764249034
41764249312
41764249051
41764249089
41764249045
41764249050
41764249197
41764249142
41764249160
41764249229
41764249205
41764249377
41764249202
41764249246
41764249124
41764249404
41764249129
41764249155
41764249329
41764249109
41764249315
41764249033
41764249150
41764249204
41764249049
41764249065
41764249225
41764249060
41764249116
41764249292
41764249288
41764249110
41764249115
41764249085
41764249139
41764249090
41764249111
41764249088
41764249408
41764249230
41764249193
41764249403
41764249192
41764249286
41764249333
41764249055
41764249421
41764249117
41764249056
41764249036
41764249290
41764249239
41764249530
41764249076
41764249224
41764249120
41764249107
41764249341
41764249158
41764249499
41764249371
41764249052
41764249152
41764249413
41764249196
41764249211
41764249177
41764249690
41764249453
41764249248
41764249412
41764249195
41764249210
41764249159
41764249228
41764249502
41764249068
41764249319
41764249323
41764249066
41764249291
41764249351
41764249247
41764249496
41764249428
41764249244
41764249141
41764249099
41764249597
41764249277
41764249223
41764249340
41764249073
41764249187
41764249466
41764249553
41764249850
41764249093
41764249406
41764249284
41764249469
41764249353
41764249485
41764249330
41764249426
41764249296
41764249282
41764249593
41764249269
41764249335
41764249345
41764249467
41764249711
41764249487
41764249423
41764249497
41764249488
41764249970
41764249222
41764249297
41764249125
41764249363
41764249108
41764249422
41764249350
41764249306
41764249433
41764249342
41764249536
41764249237
41764249394
41764249669
41764249588
41764249775
41764249523
41764249390
41764249355
41764249293
41764249328
41764249104
41764249257
41764249905
41764249279
41764249479
41764249659
41764249209
41764249493
41764249735
41764249307
41764249489
41764249356
41764249407
41764249985
41764249414
41764249936
41764249585
41764249274
41764249516
41764249270
41764249344
41764249208
41764249694
41764249434
41764249398
41764249168
41764249888
41764249332
41764249113
41764249918
41764249441
41764249515
41764249772
41764249252
41764249622
41764249443
41764249527
41764249268
41764249219
41764249495
41764249431
41764249555
41764249179
41764249660
41764249352
41764249349
41764249517
41764249358
41764249420
41764249094
41764249233
41764249559
41764249435
41764249930
41764249311
41764249724
41764249820
41764249713
41764249263
41764249591
41764249969
41764249545
41764249477
41764249655
41764249391
41764249339
41764249544
41764249748
41764249399
41764249432
41764249392
41764249411
41764249314
41764249652
41764249702
41764249686
41764249794
41764249449
41764249595
41764249589
41764249188
41764249933
41764249610
41764249994
41764249636
41764249606
41764249594
41764249741
41764249506
41764249490
41764249730
41764249427
41764249525
41764249902
41764249726
41764249458
41764249603
41764249430
41764249470
41764249397
41764249638
41764249612
41764249996
41764249512
41764249845
41764249528
41764249914
41764249773
41764249451
41764249903
41764249251
41764249393
41764249911
41764249425
41764249792
41764249738
41764249885
41764249662
41764249910
41764249932
41764249664
41764249550
41764249665
41764249262
41764249691
41764249468
41764249950
41764249900
41764249405
41764249853
41764249645
41764249440
41764249670
41764249922
41764249802
41764249556
41764249619
41764249684
41764249484
41764249572
41764249596
41764249396
41764249498
41764249780
41764249737
41764249798
41764249990
41764249971
41764249842
41764249524
41764249913
41764249445
41764249505
41764249474
41764249747
41764249806
41764249514
41764249826
41764249450
41764249963
41764249764
41764249714
41764249410
41764249437
41764249811
41764249938
41764249709
41764249540
41764249944
41764249924
41764249968
41764249727
41764249884
41764249812
41764249687
41764249712
41764249442
41764249562
41764249698
41764249846
41764249804
41764249854
41764249959
41764249864
41764249631
41764249856
41764249639
41764249961
41764249531
41764249997
41764249857
41764249860
41764249590
41764249566
41764249894
41764249548
41764249799
41764249742
41764249705
41764249604
41764249979
41764249887
41764249865
41764249972
41764249532
41764249859
41764249770
41764249993
41764249831
41764249949
41764249720
41764249719
41764249889
41764249649
41764249829
41764249627
41764249897
41764249966
41764249992
41764249935
41764249957
41764249677
41764249740
41764249977
41764249796
41764249962
41764249916
41764249822
41764249815
41764249892
41764249797
41764249945
41764249960
41764249898
41764249919
41764249895
41764249881
41764249991
41764249978
41764249989
41764249699
41764249973
41764249981
41764249904
41764249927
41764249838
41764249629
41764249810
41764249843
41764249943
41764249647
41764249823
41764249785
41764249790
41764249988
41764249890
41764249917
41764249952
41764243014
41764243009
41764243028
41764243019
41764243027
41764243001
41764243022
41764243029
41764243011
41764243003
41764243006
41764243024
41764243015
41764243023
41764243005
41764243004
41764243054
41764243080
41764243033
41764243053
41764243040
41764243076
41764243049
41764243132
41764243103
41764243094
41764243085
41764243111
41764243128
41764243125
41764243050
41764243086
41764243151
41764243165
41764243186
41764243155
41764243216
41764243041
41764243218
41764243095
41764243262
41764243131
41764243070
41764243109
41764243123
41764243075
41764243173
41764243159
41764243096
41764243037
41764243195
41764243223
41764243144
41764243036
41764243666
41764243104
41764243280
41764243306
41764243278
41764243039
41764243035
41764243370
41764243126
41764243062
41764243293
41764243108
41764243154
41764243272
41764243322
41764243052
41764243055
41764243100
41764243204
41764243376
41764243300
41764243099
41764243264
41764243177
41764243245
41764243334
41764243174
41764243241
41764243065
41764243211
41764243359
41764243088
41764243212
41764243084
41764243158
41764243171
41764243238
41764243319
41764243124
41764243339
41764243392
41764243093
41764243140
41764243512
41764243330
41764243544
41764243034
41764243588
41764243206
41764243105
41764243213
41764243286
41764243063
41764243482
41764243224
41764243294
41764243236
41764243430
41764243198
41764243133
41764243136
41764243451
41764243097
41764243328
41764243089
41764243127
41764243332
41764243557
41764243192
41764243275
41764243222
41764243362
41764243197
41764243374
41764243348
41764243145
41764243255
41764243550
41764243355
41764243357
41764243234
41764243285
41764243575
41764243149
41764243611
41764243046
41764243345
41764243528
41764243347
41764243242
41764243237
41764243505
41764243363
41764243273
41764243441
41764243343
41764243437
41764243259
41764243373
41764243313
41764243369
41764243240
41764243478
41764243791
41764243229
41764243276
41764243110
41764243260
41764243620
41764243215
41764243397
41764243779
41764243243
41764243390
41764243446
41764243090
41764243269
41764243102
41764243496
41764243263
41764243488
41764243590
41764243115
41764243535
41764243307
41764243379
41764243302
41764243201
41764243210
41764243462
41764243766
41764243336
41764243709
41764243244
41764243806
41764243226
41764243279
41764243632
41764243389
41764243599
41764243383
41764243399
41764243992
41764243346
41764243282
41764243419
41764243548
41764243702
41764243277
41764243350
41764243130
41764243589
41764243715
41764243515
41764243463
41764243564
41764243545
41764243407
41764243258
41764243454
41764243387
41764243402
41764243188
41764243331
41764243323
41764243540
41764243107
41764243425
41764243415
41764243377
41764243071
41764243514
41764243802
41764243848
41764243191
41764243366
41764243427
41764243388
41764243520
41764243522
41764243475
41764243605
41764243525
41764243398
41764243448
41764243692
41764243905
41764243326
41764243717
41764243316
41764243467
41764243684
41764243504
41764243310
41764243406
41764243822
41764243737
41764243718
41764243164
41764243442
41764243217
41764243556
41764243816
41764243696
41764243616
41764243452
41764243495
41764243338
41764243477
41764243303
41764243705
41764243882
41764243593
41764243712
41764243647
41764243606
41764243288
41764243315
41764243602
41764243432
41764243903
41764243230
41764243689
41764243408
41764243944
41764243626
41764243325
41764243578
41764243750
41764243843
41764243400
41764243450
41764243870
41764243301
41764243744
41764243613
41764243947
41764243827
41764243536
41764243898
41764243324
41764243380
41764243384
41764243304
41764243738
41764243517
41764243839
41764243422
41764243439
41764243931
41764243777
41764243727
41764243292
41764243646
41764243899
41764243318
41764243202
41764243507
41764243911
41764243352
41764243724
41764243969
41764243435
41764243767
41764243351
41764243484
41764243327
41764243753
41764243420
41764243447
41764243977
41764243587
41764243469
41764243457
41764243741
41764243552
41764243676
41764243551
41764243987
41764243486
41764243539
41764243614
41764243542
41764243985
41764243361
41764243320
41764243901
41764243669
41764243833
41764243885
41764243874
41764243838
41764243466
41764243585
41764243997
41764243670
41764243594
41764243655
41764243312
41764243360
41764243879
41764243490
41764243672
41764243877
41764243668
41764243742
41764243826
41764243906
41764243600
41764243686
41764243494
41764243844
41764243980
41764243501
41764243464
41764243604
41764243637
41764243773
41764243842
41764243840
41764243698
41764243756
41764243962
41764243481
41764243631
41764243635
41764243680
41764243888
41764243809
41764243636
41764243794
41764243566
41764243895
41764243804
41764243701
41764243955
41764243700
41764243721
41764243800
41764243367
41764243878
41764243723
41764243554
41764243748
41764243543
41764243866
41764243939
41764243628
41764243735
41764243661
41764243734
41764243739
41764243740
41764243938
41764243720
41764243617
41764243847
41764243769
41764243940
41764243434
41764243828
41764243610
41764243596
41764243728
41764243774
41764243660
41764243867
41764243656
41764243868
41764243732
41764243950
41764243912
41764243896
41764243778
41764243930
41764243730
41764243996
41764243633
41764243923
41764243970
41764243825
41764243941
41764243988
41764243798
41764243787
41764243949
41764243693
41764243793
41764243913
41764243746
41764243736
41764243758
41764243820
41764243875
41764243725
41764243989
41764243807
41764243884
41764243964
41764243811
41764243952
41764243887
41764243832
41764243726
41764243770
41764243936
41764243929
41764243967
41764243909
41764243991
41764243995
41764243889
41764241010
41764241025
41764241008
41764241007
41764241018
41764241019
41764241009
41764241006
41764241020
41764241022
41764241028
41764241031
41764241029
41764241001
41764241017
41764241003
41764241012
41764241024
41764241030
41764241032
41764241002
41764241014
41764241040
41764241127
41764241132
41764241298
41764241179
41764241259
41764241118
41764241069
41764241202
41764241035
41764241101
41764241070
41764241072
41764241082
41764241094
41764241056
41764241112
41764241039
41764241038
41764241049
41764241306
41764241129
41764241046
41764241171
41764241091
41764241197
41764241052
41764241109
41764241115
41764241187
41764241209
41764241045
41764241195
41764241096
41764241341
41764241317
41764241257
41764241172
41764241066
41764241190
41764241102
41764241173
41764241245
41764241058
41764241067
41764241061
41764241076
41764241150
41764241075
41764241133
41764241103
41764241348
41764241151
41764241181
41764241161
41764241307
41764241059
41764241083
41764241079
41764241088
41764241120
41764241147
41764241260
41764241108
41764241068
41764241104
41764241226
41764241060
41764241199
41764241262
41764241221
41764241163
41764241105
41764241276
41764241342
41764241162
41764241071
41764241324
41764241203
41764241123
41764241223
41764241121
41764241080
41764241279
41764241188
41764241272
41764241092
41764241191
41764241207
41764241178
41764241310
41764241303
41764241152
41764241053
41764241252
41764241296
41764241090
41764241256
41764241299
41764241106
41764241165
41764241166
41764241219
41764241287
41764241159
41764241089
41764241155
41764241235
41764241290
41764241156
41764241186
41764241175
41764241107
41764241213
41764241216
41764241050
41764241220
41764241100
41764241311
41764241193
41764241099
41764241063
41764241316
41764241269
41764241064
41764241292
41764241227
41764241284
41764241282
41764241261
41764241326
41764241286
41764241168
41764241330
41764241285
41764241255
41764241124
41764241249
41764241126
41764241229
41764241231
41764241237
41764241280
41764241349
41764241302
41764241170
41764241211
41764241338
41764241205
41764241254
41764241198
41764241297
41764241332
41764241139
41764241300
41764241312
41764241180
41764241248
41764241343
41764241278
41764241323
41764241308
41764241350
41764241233
41764241277
41764241281
41764241339
41764241196
41764241222
41764241114
41764241309
41764241201
41764241217
41764241177
41764241253
41764241331
41764241208
41764241345
41764241164
41764241329
41764241176
41764241247
41764241325
41764241225
41764241336
41764241283
41764241315
41764241293
41764241183
41764241194
41764241206
41764241185
41764241291
41764241210
41764241322
41764241346
41764241218
41764241340
41764241335
41764241344
41764241314
41764241357
41764241370
41764241359
41764241352
41764241355
41764241356
41764241382
41764241379
41764241372
41764241369
41764241353
41764241377
41764241375
41764241364
41764241381
41764241376
41764241371
41764241351
41764241380
41764241406
41764241555
41764241599
41764241518
41764241404
41764241424
41764241450
41764241443
41764241601
41764241511
41764241383
41764241401
41764241391
41764241387
41764241417
41764241498
41764241460
41764241437
41764241420
41764241469
41764241427
41764241418
41764241426
41764241441
41764241398
41764241436
41764241570
41764241560
41764241446
41764241503
41764241532
41764241483
41764241472
41764241573
41764241552
41764241617
41764241445
41764241574
41764241499
41764241430
41764241591
41764241462
41764241405
41764241429
41764241402
41764241390
41764241519
41764241500
41764241524
41764241410
41764241493
41764241432
41764241482
41764241415
41764241489
41764241603
41764241543
41764241569
41764241618
41764241470
41764241510
41764241698
41764241507
41764241438
41764241416
41764241541
41764241544
41764241400
41764241449
41764241428
41764241595
41764241471
41764241397
41764241551
41764241615
41764241412
41764241527
41764241492
41764241422
41764241650
41764241455
41764241619
41764241641
41764241612
41764241386
41764241653
41764241477
41764241607
41764241526
41764241545
41764241466
41764241604
41764241576
41764241534
41764241549
41764241584
41764241548
41764241676
41764241517
41764241633
41764241481
41764241608
41764241521
41764241547
41764241620
41764241506
41764241593
41764241598
41764241655
41764241463
41764241461
41764241528
41764241634
41764241509
41764241488
41764241582
41764241624
41764241513
41764241623
41764241530
41764241580
41764241525
41764241616
41764241565
41764241645
41764241567
41764241622
41764241465
41764241691
41764241690
41764241546
41764241585
41764241635
41764241408
41764241637
41764241636
41764241613
41764241629
41764241628
41764241497
41764241646
41764241609
41764241496
41764241660
41764241502
41764241600
41764241556
41764241583
41764241621
41764241661
41764241692
41764241689
41764241699
41764241680
41764241679
41764241571
41764241656
41764241642
41764241553
41764241586
41764241674
41764241627
41764241605
41764241596
41764241682
41764241659
41764241681
41764241669
41764241658
41764241592
41764241686
41764241677
41764241663
41764241694
41764241611
41764241687
41764241719
41764241721
41764241710
41764241725
41764241727
41764241717
41764241714
41764241713
41764241706
41764241712
41764241723
41764241705
41764241724
41764241726
41764241718
41764241716
41764241703
41764241722
41764241711
41764241730
41764241701
41764241768
41764241773
41764241737
41764241755
41764241735
41764241781
41764241771
41764241749
41764241774
41764241734
41764241732
41764241746
41764241750
41764241762
41764241764
41764241770
41764241782
41764241772
41764241745
41764241777
41764241738
41764241783
41764241775
41764241779
41764241815
41764241816
41764241831
41764241829
41764241788
41764241791
41764241796
41764241797
41764241801
41764241842
41764241804
41764241850
41764241811
41764241809
41764241812
41764241820
41764241851
41764241818
41764241808
41764241852
41764241827
41764241790
41764241807
41764241828
41764241802
41764241853
41764241866
41764241798
41764241863
41764241824
41764241833
41764241871
41764241810
41764241860
41764241838
41764241813
41764241830
41764241848
41764241865
41764241855
41764241870
41764241891
41764241935
41764241943
41764241939
41764241878
41764241918
41764241904
41764241877
41764241924
41764241895
41764241954
41764241919
41764241889
41764241922
41764241910
41764241876
41764241898
41764241880
41764241900
41764241908
41764241888
41764241944
41764241957
41764241906
41764241907
41764241913
41764241923
41764241882
41764241933
41764241879
41764241899
41764241896
41764241953
41764241905
41764241893
41764241940
41764241951
41764241883
41764241874
41764241945
41764241884
41764241952
41764241934
41764241916
41764241892
41764241958
41764241950
41764241947
41764241920
41764241909
41764241921
41764241911
41764241932
41764241930
41764241915
41764241948
41764241928
41764241925
41764241927
41764241976
41764241986
41764241973
41764241987
41764241964
41764241965
41764241960
41764241997
41764241993
41764241962
41764241967
41764241990
41764241968
41764241971
41764241963
41764241975
41764241970
41764241994
41764241978
41764241981
41764241995
41764241998
41764241980
41764241977
41764241961
41764241992
41764241996
41764241989
41764241991
41764241988
41764242000
41764242006
41764242028
41764242005
41764242010
41764242007
41764242012
41764242018
41764242008
41764242030
41764242017
41764242004
41764242024
41764242031
41764242003
41764242029
41764242013
41764242015
41764242011
41764242002
41764242032
41764242016
41764242019
41764242043
41764242040
41764242033
41764242048
41764242034
41764242110
41764242039
41764242086
41764242116
41764242077
41764242062
41764242136
41764242036
41764242068
41764242157
41764242117
41764242090
41764242045
41764242200
41764242265
41764242223
41764242334
41764242225
41764242238
41764242035
41764242221
41764242195
41764242105
41764242360
41764242197
41764242355
41764242073
41764242103
41764242064
41764242267
41764242112
41764242115
41764242092
41764242137
41764242130
41764242165
41764242319
41764242255
41764242180
41764242310
41764242134
41764242198
41764242399
41764242146
41764242104
41764242208
41764242123
41764242324
41764242163
41764242102
41764242479
41764242076
41764242490
41764242155
41764242159
41764242055
41764242380
41764242169
41764242209
41764242241
41764242287
41764242108
41764242050
41764242245
41764242558
41764242071
41764242460
41764242060
41764242124
41764242571
41764242119
41764242152
41764242172
41764242309
41764242191
41764242262
41764242224
41764242207
41764242179
41764242214
41764242184
41764242366
41764242047
41764242058
41764242063
41764242246
41764242074
41764242217
41764242081
41764242274
41764242042
41764242122
41764242243
41764242342
41764242129
41764242437
41764242140
41764242388
41764242336
41764242378
41764242082
41764242196
41764242311
41764242665
41764242492
41764242282
41764242109
41764242281
41764242327
41764242508
41764242642
41764242218
41764242301
41764242536
41764242408
41764242127
41764242445
41764242107
41764242292
41764242275
41764242424
41764242820
41764242789
41764242235
41764242527
41764242489
41764242435
41764242550
41764242493
41764242358
41764242598
41764242216
41764242211
41764242562
41764242222
41764242227
41764242188
41764242599
41764242313
41764242106
41764242411
41764242268
41764242187
41764242363
41764242428
41764242412
41764242504
41764242189
41764242653
41764242391
41764242528
41764242174
41764242264
41764242253
41764242365
41764242318
41764242683
41764242615
41764242305
41764242154
41764242212
41764242228
41764242284
41764242114
41764242240
41764242190
41764242737
41764242819
41764242440
41764242542
41764242101
41764242461
41764242541
41764242657
41764242449
41764242247
41764242574
41764242656
41764242203
41764242257
41764242691
41764242703
41764242148
41764242260
41764242652
41764242572
41764242829
41764242590
41764242417
41764242303
41764242676
41764242377
41764242747
41764242430
41764242167
41764242248
41764242232
41764242569
41764242371
41764242695
41764242499
41764242646
41764242153
41764242613
41764242299
41764242306
41764242671
41764242718
41764242353
41764242376
41764242896
41764242166
41764242624
41764242649
41764242807
41764242559
41764242192
41764242690
41764242276
41764242480
41764242239
41764242458
41764242486
41764242099
41764242625
41764242379
41764242333
41764242593
41764242675
41764242347
41764242181
41764242532
41764242416
41764242521
41764242721
41764242761
41764242194
41764242354
41764242397
41764242357
41764242348
41764242699
41764242888
41764242304
41764242833
41764242439
41764242312
41764242252
41764242296
41764242488
41764242220
41764242495
41764242611
41764242535
41764242778
41764242315
41764242689
41764242280
41764242867
41764242402
41764242337
41764242660
41764242316
41764242544
41764242219
41764242928
41764242325
41764242295
41764242427
41764242722
41764242710
41764242259
41764242229
41764242173
41764242469
41764242410
41764242725
41764242505
41764242543
41764242793
41764242966
41764242619
41764242729
41764242731
41764242464
41764242215
41764242272
41764242473
41764242840
41764242709
41764242322
41764242476
41764242808
41764242502
41764242561
41764242314
41764242930
41764242959
41764242887
41764242231
41764242121
41764242326
41764242457
41764242654
41764242678
41764242864
41764242331
41764242579
41764242518
41764242049
41764242697
41764242804
41764242750
41764242339
41764242714
41764242563
41764242335
41764242400
41764242823
41764242302
41764242800
41764242530
41764242604
41764242555
41764242511
41764242600
41764242484
41764242501
41764242911
41764242607
41764242452
41764242320
41764242233
41764242503
41764242533
41764242839
41764242462
41764242409
41764242608
41764242587
41764242824
41764242425
41764242396
41764242477
41764242291
41764242398
41764242818
41764242749
41764242743
41764242879
41764242418
41764242401
41764242848
41764242831
41764242258
41764242436
41764242519
41764242466
41764242754
41764242680
41764242605
41764242932
41764242577
41764242901
41764242421
41764242581
41764242491
41764242669
41764242606
41764242405
41764242876
41764242531
41764242382
41764242762
41764242616
41764242308
41764242142
41764242730
41764242795
41764242485
41764242937
41764242688
41764242989
41764242381
41764242693
41764242552
41764242825
41764242865
41764242767
41764242781
41764242429
41764242851
41764242723
41764242844
41764242582
41764242817
41764242580
41764242852
41764242588
41764242662
41764242478
41764242846
41764242883
41764242741
41764242597
41764242812
41764242368
41764242717
41764242487
41764242193
41764242878
41764242584
41764242568
41764242798
41764242773
41764242909
41764242860
41764242900
41764242744
41764242556
41764242942
41764242961
41764242565
41764242682
41764242704
41764242976
41764242938
41764242768
41764242438
41764242434
41764242857
41764242618
41764242525
41764242755
41764242950
41764242526
41764242375
41764242406
41764242603
41764242545
41764242866
41764242711
41764242884
41764242997
41764242601
41764242724
41764242842
41764242395
41764242483
41764242964
41764242641
41764242752
41764242953
41764242713
41764242341
41764242512
41764242441
41764242481
41764242145
41764242712
41764242514
41764242432
41764242907
41764242814
41764242655
41764242933
41764242470
41764242626
41764242575
41764242827
41764242809
41764242474
41764242821
41764242780
41764242506
41764242414
41764242403
41764242983
41764242893
41764242934
41764242529
41764242602
41764242954
41764242826
41764242924
41764242705
41764242622
41764242666
41764242420
41764242985
41764242856
41764242777
41764242943
41764242419
41764242810
41764242991
41764242979
41764242875
41764242882
41764242787
41764242553
41764242843
41764242904
41764242413
41764242742
41764242647
41764242627
41764242863
41764242433
41764242609
41764242623
41764242801
41764242448
41764242917
41764242960
41764242803
41764242912
41764242668
41764242984
41764242650
41764242472
41764242919
41764242872
41764242850
41764242903
41764242663
41764242988
41764242708
41764242892
41764242578
41764242746
41764242996
41764242862
41764242908
41764242891
41764242640
41764242589
41764242922
41764242621
41764242835
41764242638
41764242920
41764242913
41764242836
41764242890
41764242987
41764242686
41764242945
41764242745
41764242898
41764242802
41764242772
41764242792
41764242944
41764242783
41764242880
41764242946
41764242969
41764242906
41764242694
41764242902
41764242813
41764242968
41764242992
41764242958
41764242732
41764242771
41764242776
41764242822
41764242973
41764242886
41764242939
41764242990
41764248010
41764248003
41764248016
41764248001
41764248002
41764248006
41764248023
41764248017
41764248012
41764248020
41764248008
41764248014
41764248009
41764248007
41764248029
41764248021
41764248032
41764248028
41764248030
41764248036
41764248075
41764248058
41764248101
41764248218
41764248209
41764248199
41764248254
41764248050
41764248035
41764248055
41764248040
41764248185
41764248122
41764248083
41764248049
41764248094
41764248112
41764248140
41764248261
41764248104
41764248087
41764248134
41764248121
41764248111
41764248106
41764248046
41764248205
41764248044
41764248202
41764248186
41764248197
41764248084
41764248252
41764248131
41764248033
41764248097
41764248249
41764248061
41764248149
41764248336
41764248047
41764248146
41764248156
41764248037
41764248060
41764248201
41764248070
41764248144
41764248124
41764248204
41764248193
41764248062
41764248078
41764248171
41764248095
41764248141
41764248289
41764248213
41764248076
41764248137
41764248081
41764248090
41764248272
41764248181
41764248142
41764248313
41764248183
41764248283
41764248132
41764248135
41764248129
41764248108
41764248065
41764248189
41764248320
41764248178
41764248333
41764248105
41764248182
41764248127
41764248262
41764248077
41764248130
41764248126
41764248187
41764248107
41764248230
41764248303
41764248136
41764248302
41764248180
41764248237
41764248042
41764248219
41764248349
41764248102
41764248206
41764248273
41764248089
41764248166
41764248269
41764248233
41764248293
41764248175
41764248173
41764248285
41764248286
41764248167
41764248184
41764248264
41764248350
41764248281
41764248242
41764248294
41764248234
41764248251
41764248308
41764248125
41764248309
41764248288
41764248284
41764248291
41764248255
41764248338
41764248212
41764248310
41764248191
41764248300
41764248334
41764248280
41764248208
41764248227
41764248232
41764248318
41764248198
41764248323
41764248340
41764248238
41764248228
41764248347
41764248207
41764248256
41764248210
41764248241
41764248221
41764248188
41764248337
41764248339
41764248348
41764248296
41764248370
41764248363
41764248373
41764248371
41764248357
41764248366
41764248379
41764248376
41764248367
41764248381
41764248360
41764248380
41764248362
41764248386
41764248413
41764248434
41764248488
41764248406
41764248411
41764248465
41764248401
41764248419
41764248433
41764248410
41764248408
41764248452
41764248423
41764248601
41764248472
41764248464
41764248444
41764248589
41764248632
41764248463
41764248618
41764248508
41764248590
41764248428
41764248685
41764248568
41764248486
41764248534
41764248447
41764248389
41764248617
41764248400
41764248393
41764248545
41764248462
41764248416
41764248497
41764248443
41764248442
41764248500
41764248550
41764248527
41764248640
41764248506
41764248384
41764248441
41764248490
41764248405
41764248480
41764248587
41764248569
41764248595
41764248687
41764248387
41764248695
41764248672
41764248673
41764248594
41764248599
41764248469
41764248585
41764248449
41764248547
41764248636
41764248403
41764248494
41764248692
41764248660
41764248628
41764248483
41764248450
41764248466
41764248530
41764248566
41764248526
41764248404
41764248586
41764248653
41764248505
41764248622
41764248610
41764248686
41764248484
41764248420
41764248698
41764248489
41764248676
41764248436
41764248555
41764248611
41764248514
41764248642
41764248492
41764248670
41764248644
41764248477
41764248438
41764248580
41764248502
41764248519
41764248662
41764248458
41764248659
41764248515
41764248624
41764248616
41764248637
41764248650
41764248606
41764248525
41764248520
41764248679
41764248557
41764248439
41764248626
41764248565
41764248671
41764248535
41764248588
41764248668
41764248649
41764248646
41764248541
41764248563
41764248598
41764248666
41764248608
41764248664
41764248528
41764248683
41764248699
41764248681
41764248690
41764248578
41764248593
41764248655
41764248707
41764248717
41764248724
41764248751
41764248742
41764248704
41764248700
41764248747
41764248728
41764248755
41764248730
41764248721
41764248709
41764248719
41764248715
41764248754
41764248744
41764248756
41764248701
41764248722
41764248739
41764248750
41764248737
41764248765
41764248820
41764248766
41764248785
41764248770
41764248761
41764248825
41764248827
41764248813
41764248777
41764248816
41764248805
41764248790
41764248795
41764248814
41764248800
41764248817
41764248780
41764248771
41764248826
41764248775
41764248815
41764248793
41764248782
41764248768
41764248762
41764248803
41764248799
41764248797
41764248819
41764248821
41764248772
41764248767
41764248783
41764248836
41764248806
41764248810
41764248843
41764248779
41764248807
41764248829
41764248809
41764248791
41764248784
41764248830
41764248811
41764248844
41764248833
41764248824
41764248877
41764248909
41764248872
41764248862
41764248896
41764248882
41764248906
41764248881
41764248901
41764248847
41764248902
41764248892
41764248860
41764248851
41764248900
41764248871
41764248928
41764248849
41764248848
41764248912
41764248845
41764248850
41764248861
41764248887
41764248869
41764248889
41764248890
41764248873
41764248894
41764248867
41764248918
41764248913
41764248874
41764248870
41764248903
41764248899
41764248911
41764248908
41764248863
41764248929
41764248868
41764248852
41764248883
41764248875
41764248884
41764248879
41764248962
41764248960
41764248940
41764248932
41764248953
41764248934
41764248949
41764248939
41764248933
41764248957
41764248938
41764248955
41764248942
41764248952
41764248961
41764248967
41764248993
41764248983
41764248965
41764248968
41764248972
41764248979
41764248989
41764248998
41764248978
41764248966
41764248995
41764248973
41764248999
41764248977
41764248991
41764248996
41764248988
41764247003
41764247008
41764247027
41764247025
41764247011
41764247020
41764247030
41764247032
41764247001
41764247019
41764247007
41764247022
41764247021
41764247013
41764247012
41764247018
41764247009
41764247070
41764247108
41764247113
41764247157
41764247042
41764247051
41764247072
41764247040
41764247135
41764247080
41764247092
41764247143
41764247104
41764247100
41764247081
41764247160
41764247066
41764247214
41764247168
41764247094
41764247049
41764247166
41764247154
41764247085
41764247217
41764247111
41764247141
41764247232
41764247079
41764247060
41764247250
41764247059
41764247233
41764247147
41764247155
41764247161
41764247202
41764247159
41764247099
41764247088
41764247110
41764247115
41764247208
41764247103
41764247039
41764247178
41764247055
41764247222
41764247046
41764247200
41764247337
41764247118
41764247082
41764247443
41764247229
41764247044
41764247205
41764247133
41764247121
41764247195
41764247144
41764247281
41764247177
41764247212
41764247146
41764247116
41764247248
41764247213
41764247287
41764247268
41764247180
41764247204
41764247167
41764247114
41764247132
41764247227
41764247459
41764247131
41764247093
41764247151
41764247230
41764247076
41764247122
41764247246
41764247192
41764247654
41764247158
41764247087
41764247421
41764247071
41764247176
41764247494
41764247323
41764247074
41764247193
41764247225
41764247224
41764247318
41764247671
41764247296
41764247558
41764247321
41764247134
41764247145
41764247277
41764247090
41764247189
41764247367
41764247220
41764247491
41764247057
41764247412
41764247335
41764247497
41764247228
41764247388
41764247260
41764247393
41764247401
41764247239
41764247609
41764247240
41764247866
41764247265
41764247264
41764247270
41764247472
41764247170
41764247095
41764247627
41764247156
41764247454
41764247198
41764247821
41764247295
41764247398
41764247561
41764247181
41764247255
41764247752
41764247201
41764247272
41764247525
41764247531
41764247873
41764247324
41764247282
41764247416
41764247363
41764247339
41764247463
41764247405
41764247676
41764247291
41764247485
41764247458
41764247855
41764247702
41764247329
41764247373
41764247237
41764247598
41764247835
41764247451
41764247302
41764247172
41764247475
41764247460
41764247746
41764247199
41764247278
41764247427
41764247313
41764247369
41764247574
41764247422
41764247366
41764247210
41764247470
41764247684
41764247714
41764247640
41764247215
41764247293
41764247490
41764247169
41764247549
41764247312
41764247441
41764247782
41764247262
41764247438
41764247411
41764247535
41764247967
41764247374
41764247314
41764247580
41764247519
41764247182
41764247310
41764247400
41764247409
41764247797
41764247920
41764247744
41764247435
41764247893
41764247407
41764247207
41764247377
41764247327
41764247403
41764247292
41764247394
41764247496
41764247506
41764247905
41764247445
41764247647
41764247616
41764247581
41764247387
41764247457
41764247704
41764247503
41764247307
41764247578
41764247674
41764247843
41764247707
41764247419
41764247889
41764247462
41764247223
41764247420
41764247447
41764247489
41764247641
41764247902
41764247429
41764247544
41764247729
41764247673
41764247275
41764247559
41764247595
41764247465
41764247778
41764247766
41764247175
41764247379
41764247823
41764247610
41764247806
41764247985
41764247516
41764247585
41764247271
41764247657
41764247932
41764247273
41764247633
41764247884
41764247605
41764247456
41764247514
41764247508
41764247484
41764247949
41764247414
41764247571
41764247301
41764247303
41764247758
41764247830
41764247703
41764247480
41764247962
41764247834
41764247601
41764247304
41764247903
41764247557
41764247683
41764247504
41764247617
41764247760
41764247568
41764247723
41764247553
41764247587
41764247706
41764247874
41764247334
41764247592
41764247716
41764247763
41764247875
41764247471
41764247943
41764247853
41764247718
41764247653
41764247417
41764247725
41764247648
41764247994
41764247879
41764247446
41764247864
41764247815
41764247533
41764247982
41764247669
41764247579
41764247600
41764247715
41764247986
41764247833
41764247768
41764247555
41764247431
41764247799
41764247529
41764247965
41764247773
41764247542
41764247894
41764247552
41764247566
41764247891
41764247897
41764247733
41764247776
41764247809
41764247977
41764247573
41764247565
41764247731
41764247906
41764247839
41764247987
41764247575
41764247361
41764247659
41764247781
41764247510
41764247371
41764247769
41764247767
41764247679
41764247848
41764247590
41764247856
41764247747
41764247699
41764247954
41764247901
41764247651
41764247364
41764247719
41764247734
41764247887
41764247692
41764247476
41764247626
41764247947
41764247436
41764247804
41764247800
41764247817
41764247630
41764247946
41764247858
41764247675
41764247428
41764247433
41764247940
41764247807
41764247754
41764247886
41764247548
41764247847
41764247770
41764247900
41764247933
41764247736
41764247469
41764247828
41764247498
41764247790
41764247978
41764247738
41764247777
41764247774
41764247871
41764247930
41764247808
41764247876
41764247993
41764247730
41764247772
41764247973
41764247995
41764247705
41764247481
41764247976
41764247550
41764247762
41764247996
41764247818
41764247880
41764247677
41764247958
41764247975
41764247751
41764247710
41764247979
41764247724
41764247745
41764247775
41764247851
41764247838
41764247737
41764247567
41764247713
41764247474
41764247989
41764247771
41764247803
41764247756
41764247972
41764247915
41764247740
41764247964
41764247941
41764247909
41764247796
41764247728
41764247801
41764247928
41764247974
41764247793
41764247937
41764247780
41764247911
41764247802
41764247997
41764247970
41764247981
41764247569
41764247971
41764247983
41764247543
41764247711
41764247787
41764247603
41764247577
41764247794
41764247755
41764247722
41764247662
41764247862
41764247910
41764247642
41764247882
41764247898
41764247992
