41791269567
41791269597
41791269572
41791269591
41791269573
41791269582
41791269593
41791269586
41791269596
41791269569
41791269592
41791269581
41791269599
41791269568
41791269589
41791269708
41791269650
41791269685
41791269626
41791269677
41791269644
41791269756
41791269801
41791269624
41791269637
41791269794
41791269807
41791269646
41791269605
41791269647
41791269717
41791269670
41791269608
41791269786
41791269723
41791269787
41791269770
41791269815
41791269809
41791269636
41791269653
41791269845
41791269682
41791269681
41791269616
41791269720
41791269754
41791269884
41791269737
41791269728
41791269604
41791269757
41791269797
41791269603
41791269889
41791269649
41791269622
41791269610
41791269666
41791269672
41791269656
41791269741
41791269913
41791269736
41791269880
41791269783
41791269774
41791269803
41791269857
41791269643
41791269772
41791269854
41791269923
41791269641
41791269659
41791269828
41791270027
41791269792
41791269850
41791269739
41791269938
41791269894
41791270004
41791269849
41791269921
41791269686
41791269824
41791269738
41791270074
41791269782
41791269773
41791269719
41791269890
41791269703
41791269840
41791270031
41791269798
41791269661
41791269914
41791269758
41791269979
41791269981
41791269822
41791269829
41791269958
41791270007
41791270113
41791269652
41791269901
41791269742
41791269709
41791269748
41791269735
41791269793
41791269862
41791269874
41791269868
41791269810
41791269892
41791269851
41791269934
41791269668
41791269988
41791269838
41791269956
41791269768
41791269887
41791269966
41791269927
41791269949
41791269743
41791269870
41791269948
41791269929
41791269806
41791270374
41791269765
41791269755
41791269790
41791270105
41791270030
41791269839
41791270108
41791269950
41791269763
41791270090
41791269842
41791270095
41791270232
41791269982
41791269878
41791269841
41791269843
41791269775
41791269780
41791269734
41791270000
41791269715
41791270107
41791269694
41791269995
41791270254
41791269998
41791270491
41791269665
41791269909
41791269740
41791269788
41791269900
41791269942
41791270070
41791269935
41791269926
41791269859
41791270045
41791269882
41791269767
41791269779
41791270301
41791269844
41791270048
41791269745
41791269804
41791269924
41791269969
41791270042
41791270094
41791269992
41791269993
41791270063
41791270076
41791269749
41791270118
41791269858
41791269776
41791269891
41791270109
41791270021
41791269856
41791270082
41791269976
41791270275
41791269833
41791269983
41791270012
41791270373
41791269796
41791270536
41791269825
41791269994
41791269904
41791270039
41791269895
41791269872
41791269860
41791269917
41791270043
41791270123
41791270033
41791270053
41791269961
41791269702
41791270115
41791270096
41791270332
41791269990
41791270534
41791270079
41791270495
41791269876
41791270062
41791269936
41791270564
41791270009
41791270116
41791270088
41791270537
41791269953
41791270412
41791269918
41791270103
41791270017
41791270101
41791270237
41791270371
41791270548
41791270077
41791270060
41791269912
41791270041
41791270556
41791270496
41791270387
41791270091
41791269805
41791270523
41791270539
41791270011
41791270366
41791270356
41791270489
41791270503
41791270071
41791270112
41791269940
41791270367
41791270119
41791270497
41791270472
41791270391
41791270531
41791270559
41791270469
41791270364
41791269962
41791270481
41791269968
41791270557
41791270015
41791270525
41791270097
41791270298
41791270551
41791270392
41791270550
41791270349
41791269863
41791270050
41791270552
41791270502
41791269959
41791270337
41791270545
41791270389
41791270478
41791270388
41791270427
41791269975
41791270104
41791270547
41791270554
41791270541
41791270240
41791270342
41791270482
41791270560
41791270393
41791270527
41791270417
41791270475
41791270538
41791270530
41791270394
41791270526
41791270375
41791270365
41791270507
41791270382
41791270561
41791270517
41791269861
41791270329
41791270555
41791270505
41791270432
41791270022
41791270549
41791270468
41791268582
41791268596
41791268569
41791268577
41791268584
41791268589
41791268588
41791268579
41791268574
41791268586
41791268595
41791268624
41791268648
41791268639
41791268613
41791268666
41791268644
41791268650
41791268693
41791268647
41791268710
41791268670
41791268732
41791268781
41791268769
41791268794
41791268637
41791268852
41791268633
41791268642
41791268643
41791268682
41791268620
41791268887
41791268690
41791268683
41791268600
41791268654
41791268716
41791268912
41791268954
41791268625
41791268754
41791268628
41791268700
41791268611
41791268671
41791268840
41791268604
41791268787
41791268641
41791268703
41791268907
41791268844
41791268638
41791268714
41791268748
41791268796
41791268695
41791268691
41791268724
41791268866
41791268767
41791268736
41791268772
41791268653
41791268618
41791268720
41791268656
41791268681
41791268707
41791268728
41791268723
41791268814
41791268612
41791268722
41791268645
41791268668
41791268688
41791268743
41791268833
41791268812
41791268809
41791268661
41791268627
41791268917
41791268897
41791268944
41791268646
41791268872
41791268713
41791268649
41791268928
41791268679
41791268729
41791268890
41791268900
41791268792
41791268853
41791268735
41791268842
41791268761
41791269056
41791269152
41791268979
41791268967
41791268678
41791268788
41791269098
41791268777
41791268697
41791268813
41791268801
41791268807
41791268800
41791269199
41791268719
41791268843
41791269105
41791268652
41791268737
41791268922
41791268947
41791268973
41791268752
41791268969
41791268927
41791268894
41791269008
41791268896
41791268782
41791269293
41791268921
41791268785
41791268882
41791268985
41791268774
41791269159
41791268664
41791268721
41791268802
41791268764
41791268977
41791269079
41791268810
41791269354
41791268630
41791268701
41791269220
41791269053
41791269218
41791268972
41791269062
41791268768
41791268964
41791269190
41791268993
41791268982
41791268760
41791268758
41791269001
41791269009
41791269045
41791268821
41791269245
41791269273
41791269231
41791268937
41791268836
41791268998
41791269158
41791268874
41791268784
41791269068
41791269024
41791269221
41791268757
41791269210
41791268899
41791269033
41791268841
41791269077
41791268940
41791269090
41791269296
41791269256
41791268845
41791269430
41791268744
41791269420
41791268763
41791268797
41791269028
41791268876
41791269278
41791269036
41791268925
41791268992
41791268963
41791269246
41791268799
41791269211
41791269051
41791269082
41791269042
41791269011
41791268908
41791268805
41791269143
41791269072
41791269173
41791269202
41791269055
41791269076
41791269002
41791268955
41791269007
41791268846
41791268849
41791269084
41791269321
41791268871
41791269418
41791268933
41791268850
41791269385
41791268983
41791269016
41791269035
41791269148
41791268956
41791269100
41791269315
41791269425
41791268804
41791269050
41791269238
41791268898
41791269154
41791268989
41791269457
41791269477
41791268961
41791269444
41791269180
41791269290
41791269167
41791268878
41791269339
41791268880
41791269054
41791269099
41791268920
41791268918
41791268904
41791268889
41791269255
41791269215
41791269414
41791269015
41791269359
41791269031
41791269355
41791269135
41791269503
41791268949
41791268910
41791268711
41791269175
41791268981
41791269464
41791269349
41791269434
41791268765
41791269186
41791269119
41791268978
41791268756
41791269266
41791269311
41791269081
41791269034
41791269166
41791268861
41791269146
41791269029
41791269508
41791269398
41791269132
41791269341
41791269522
41791269049
41791269000
41791269106
41791269282
41791268879
41791269262
41791268948
41791269121
41791269184
41791269259
41791269275
41791269168
41791269080
41791269157
41791269424
41791269075
41791268942
41791268950
41791269136
41791269335
41791268959
41791269268
41791268946
41791268986
41791269551
41791269526
41791268930
41791268886
41791269188
41791269247
41791269103
41791268847
41791269021
41791269239
41791269120
41791269294
41791269097
41791269237
41791269129
41791269421
41791269507
41791269124
41791269078
41791268962
41791269291
41791269126
41791269505
41791269195
41791269004
41791269070
41791269285
41791269216
41791269474
41791269164
41791269502
41791269487
41791268952
41791268945
41791268851
41791269160
41791269532
41791268888
41791269250
41791269125
41791269111
41791269235
41791268884
41791269026
41791268885
41791269406
41791269194
41791269330
41791269543
41791269217
41791268915
41791269486
41791269063
41791269519
41791269260
41791269251
41791268971
41791269153
41791269047
41791269376
41791269432
41791269280
41791269138
41791269439
41791268953
41791269249
41791269393
41791269083
41791269301
41791269071
41791269497
41791269545
41791269480
41791269102
41791269027
41791269064
41791269150
41791269370
41791269541
41791269312
41791269222
41791269207
41791269244
41791269037
41791269200
41791268988
41791269104
41791269556
41791269331
41791269298
41791269073
41791269422
41791269396
41791269309
41791268975
41791268980
41791269169
41791269448
41791269208
41791269192
41791269358
41791268984
41791269347
41791269478
41791269391
41791269550
41791269553
41791269140
41791269401
41791269525
41791269392
41791269456
41791269433
41791269095
41791269241
41791269191
41791269089
41791269258
41791269227
41791269465
41791269499
41791269094
41791269488
41791269144
41791269172
41791269397
41791269332
41791269327
41791269336
41791269350
41791269537
41791269345
41791269407
41791269213
41791269361
41791269538
41791269447
41791269450
41791269234
41791269428
41791269443
41791269316
41791269295
41791269038
41791269134
41791269527
41791269274
41791269552
41791269446
41791269242
41791269504
41791269479
41791269437
41791269317
41791269501
41791269263
41791269453
41791269340
41791269518
41791268747
41791269228
41791269212
41791269236
41791269528
41791268751
41791269549
41791269544
41791269356
41791269459
41791269187
41791269542
41791269506
41791269562
41791269264
41791268798
41791269300
41791269410
41791269423
41791269419
41791269533
41791268862
41791269065
41791270599
41791270573
41791270577
41791270574
41791270598
41791270572
41791270581
41791270568
41791270579
41791270569
41791270594
41791270609
41791270621
41791270675
41791270725
41791270634
41791270646
41791270656
41791270662
41791270651
41791270604
41791270628
41791270657
41791270659
41791270614
41791270821
41791270605
41791270619
41791270610
41791270807
41791270819
41791270684
41791270834
41791270686
41791270718
41791270740
41791270629
41791270879
41791270762
41791270893
41791270756
41791270830
41791270682
41791270850
41791270766
41791270607
41791270660
41791270906
41791270884
41791270618
41791270602
41791270669
41791270782
41791270616
41791270600
41791270663
41791270620
41791270729
41791270701
41791270778
41791270702
41791270633
41791270691
41791270771
41791270757
41791270890
41791270855
41791270783
41791270611
41791270871
41791270649
41791270801
41791270672
41791270667
41791270898
41791270665
41791270706
41791270721
41791270654
41791270622
41791270875
41791270772
41791270758
41791270658
41791270727
41791270695
41791270731
41791270806
41791270913
41791270638
41791270730
41791270859
41791270765
41791270764
41791270837
41791270647
41791270869
41791270900
41791270881
41791270745
41791270880
41791270715
41791270797
41791270818
41791270668
41791270857
41791270825
41791270776
41791270739
41791270786
41791270722
41791270876
41791270817
41791270904
41791270860
41791270794
41791270788
41791270747
41791270812
41791270717
41791270761
41791270760
41791270885
41791270688
41791270809
41791270827
41791270866
41791270822
41791270907
41791270858
41791270917
41791270867
41791270877
41791270810
41791270823
41791270829
41791270767
41791270789
41791270790
41791270780
41791270774
41791270826
41791270700
41791270888
41791270847
41791270750
41791270811
41791270865
41791270854
41791270699
41791270820
41791270851
41791270828
41791270903
41791270853
41791270815
41791270845
41791270763
41791270894
41791270870
41791270925
41791270931
41791270940
41791270928
41791270941
41791270934
41791270936
41791270922
41791270949
41791270938
41791270929
41791270921
41791270932
41791270937
41791270946
41791270919
41791270935
41791271040
41791271037
41791270982
41791271036
41791271000
41791270965
41791270964
41791271077
41791270989
41791270984
41791271016
41791271020
41791271111
41791271029
41791271119
41791271032
41791271129
41791271047
41791271171
41791271105
41791271049
41791271106
41791271009
41791271054
41791270950
41791271008
41791271039
41791271030
41791270997
41791271043
41791271042
41791271170
41791271021
41791271084
41791271243
41791271254
41791270969
41791271082
41791271121
41791271202
41791270994
41791271011
41791271249
41791271060
41791271118
41791271143
41791270952
41791270992
41791271017
41791271132
41791271247
41791271198
41791270986
41791270993
41791271005
41791271160
41791271051
41791271151
41791271100
41791271004
41791271083
41791271131
41791270990
41791271200
41791271120
41791271033
41791270996
41791271167
41791271204
41791271227
41791270988
41791271137
41791271074
41791271087
41791271181
41791271138
41791271123
41791271114
41791271263
41791271050
41791271019
41791271182
41791270951
41791271095
41791270978
41791271048
41791271230
41791271155
41791271055
41791271068
41791271134
41791271072
41791271185
41791271189
41791271099
41791271178
41791271091
41791271041
41791271234
41791271027
41791271090
41791271140
41791271076
41791271126
41791271149
41791270972
41791271150
41791271013
41791271199
41791271186
41791271209
41791271066
41791271124
41791271193
41791271173
41791271240
41791271219
41791271233
41791271026
41791271139
41791271010
41791271144
41791271265
41791271034
41791271081
41791271141
41791271211
41791271174
41791271096
41791271169
41791271110
41791271080
41791271069
41791271213
41791271092
41791271159
41791271221
41791271226
41791271235
41791271046
41791271063
41791271212
41791271148
41791271101
41791271237
41791271176
41791271112
41791271228
41791271172
41791271187
41791271259
41791271207
41791271257
41791271231
41791271210
41791271266
41791271255
41791271295
41791271319
41791271293
41791271280
41791271344
41791271338
41791271270
41791271272
41791271294
41791271313
41791271324
41791271330
41791271305
41791271314
41791271282
41791271315
41791271276
41791271342
41791271269
41791271312
41791271328
41791271306
41791271275
41791271286
41791271299
41791271283
41791271289
41791271326
41791271343
41791271336
41791271341
41791271281
41791271332
41791271337
41791271356
41791271359
41791271355
41791271380
41791271351
41791271371
41791271417
41791271430
41791271415
41791271427
41791271373
41791271411
41791271419
41791271366
41791271377
41791271378
41791271386
41791271431
41791271372
41791271406
41791271432
41791271424
41791271410
41791271428
41791271370
41791271401
41791271418
41791271392
41791271350
41791271393
41791271376
41791271397
41791271404
41791271381
41791271394
41791271416
41791271402
41791271374
41791271423
41791271385
41791271448
41791271454
41791271491
41791271492
41791271439
41791271459
41791271460
41791271469
41791271461
41791271488
41791271478
41791271506
41791271500
41791271518
41791271494
41791271436
41791271452
41791271444
41791271498
41791271496
41791271489
41791271466
41791271486
41791271446
41791271438
41791271487
41791271484
41791271463
41791271507
41791271450
41791271471
41791271456
41791271503
41791271474
41791271516
41791271510
41791271485
41791271505
41791271483
41791271522
41791271550
41791271542
41791271549
41791271547
41791271539
41791271537
41791271521
41791271538
41791271548
41791271541
41791271535
41791271520
41791271532
41791271523
41791271545
41791271556
41791271560
41791271561
41791271565
41791271553
41791271566
41791264567
41791264588
41791264597
41791264568
41791264583
41791264572
41791264580
41791264584
41791264594
41791264576
41791264577
41791264581
41791264574
41791264593
41791264569
41791264585
41791264587
41791264578
41791264591
41791264702
41791264600
41791264621
41791264625
41791264604
41791264831
41791264635
41791264668
41791264659
41791264763
41791264691
41791264689
41791264653
41791264715
41791264696
41791264721
41791264624
41791264655
41791264666
41791264878
41791264716
41791264608
41791264657
41791264723
41791264840
41791264607
41791264793
41791264640
41791264722
41791264673
41791264867
41791264670
41791264682
41791264622
41791264664
41791264829
41791264602
41791264626
41791264713
41791264636
41791264631
41791264707
41791264728
41791264761
41791264821
41791264733
41791264648
41791264847
41791264824
41791264633
41791264649
41791264671
41791264662
41791264642
41791264612
41791264880
41791264672
41791264741
41791264861
41791264907
41791264801
41791264806
41791264698
41791264792
41791264894
41791264826
41791264794
41791264617
41791264779
41791264748
41791264853
41791264769
41791264772
41791264768
41791264744
41791264852
41791264777
41791264643
41791264809
41791264669
41791264675
41791264694
41791264917
41791264652
41791264872
41791264786
41791264730
41791264828
41791264835
41791264782
41791264785
41791264856
41791264727
41791264740
41791264706
41791264803
41791264841
41791264795
41791264884
41791264866
41791264685
41791264830
41791264724
41791264718
41791264910
41791264755
41791264857
41791264811
41791264901
41791264736
41791264679
41791264746
41791264756
41791264897
41791264770
41791264765
41791264823
41791264774
41791264766
41791264743
41791264890
41791264839
41791264895
41791264686
41791264902
41791264719
41791264871
41791264858
41791264837
41791264749
41791264892
41791264760
41791264851
41791264898
41791264855
41791264775
41791264757
41791264906
41791264862
41791264896
41791264883
41791264891
41791264934
41791264948
41791264941
41791264931
41791264922
41791264929
41791264928
41791264939
41791264921
41791265004
41791265027
41791264965
41791265064
41791264982
41791264980
41791265095
41791264990
41791264999
41791264995
41791265003
41791265001
41791265006
41791265031
41791264954
41791264955
41791265033
41791265046
41791265047
41791265039
41791265022
41791264992
41791265077
41791264964
41791265089
41791265044
41791265105
41791264968
41791264966
41791265122
41791264996
41791265155
41791265098
41791265102
41791265124
41791265236
41791265135
41791265049
41791265240
41791265189
41791265092
41791265024
41791265075
41791264960
41791265008
41791265229
41791264994
41791265048
41791265151
41791264970
41791265065
41791265069
41791265222
41791265041
41791265165
41791265035
41791265255
41791265119
41791265090
41791264998
41791265145
41791265042
41791265111
41791265143
41791265144
41791264974
41791265005
41791265128
41791265012
41791265233
41791265018
41791265071
41791265184
41791265181
41791264969
41791264997
41791265091
41791265080
41791265237
41791265259
41791265246
41791265076
41791265107
41791265094
41791265172
41791265262
41791264961
41791265016
41791265207
41791265217
41791265062
41791265118
41791265054
41791265120
41791265148
41791265208
41791265038
41791265085
41791265239
41791265138
41791265164
41791265093
41791265218
41791264984
41791265166
41791265117
41791265192
41791265170
41791265202
41791265163
41791265195
41791265264
41791265140
41791265214
41791265037
41791265136
41791265171
41791265223
41791265063
41791265127
41791265169
41791265244
41791265230
41791265186
41791265220
41791265123
41791265125
41791265228
41791265139
41791265099
41791265221
41791265061
41791265106
41791265219
41791265243
41791265204
41791265224
41791265263
41791265190
41791265249
41791265198
41791265225
41791265187
41791265242
41791265132
41791265260
41791265251
41791265231
41791265209
41791265199
41791265269
41791265272
41791265287
41791265294
41791265268
41791265292
41791265288
41791265286
41791265270
41791265285
41791265275
41791265276
41791265278
41791265273
41791265297
41791265279
41791265311
41791265325
41791265321
41791265310
41791265305
41791265308
41791265307
41791265300
41791265328
41791265351
41791265344
41791265327
41791265337
41791265309
41791265345
41791265324
41791265335
41791265357
41791265354
41791265333
41791265342
41791265319
41791265318
41791265312
41791265299
41791265356
41791265298
41791265332
41791265349
41791265417
41791265398
41791265373
41791265374
41791265435
41791265392
41791265367
41791265391
41791265372
41791265388
41791265416
41791265404
41791265394
41791265440
41791265427
41791265364
41791265363
41791265393
41791265389
41791265430
41791265409
41791265406
41791265423
41791265436
41791265428
41791265371
41791265434
41791265437
41791265442
41791265361
41791265429
41791265444
41791265402
41791265407
41791265439
41791265385
41791265479
41791265486
41791265527
41791265450
41791265465
41791265475
41791265455
41791265519
41791265448
41791265462
41791265476
41791265505
41791265511
41791265510
41791265491
41791265458
41791265497
41791265467
41791265520
41791265523
41791265517
41791265489
41791265481
41791265488
41791265507
41791265508
41791265470
41791265495
41791265461
41791265483
41791265485
41791265494
41791265459
41791265496
41791265513
41791265480
41791265538
41791265546
41791265544
41791265535
41791265534
41791265541
41791265566
41791265545
41791265548
41791265555
41791265563
41791265536
41791265558
41791265542
41791265562
41791265550
41791265553
41791273567
41791273570
41791273576
41791273585
41791273584
41791273578
41791273577
41791273593
41791273590
41791273581
41791273571
41791273587
41791273568
41791273598
41791273621
41791273588
41791273602
41791273655
41791273600
41791273628
41791273635
41791273640
41791273652
41791273614
41791273677
41791273646
41791273683
41791273772
41791273793
41791273795
41791273862
41791273623
41791273774
41791273908
41791273648
41791273612
41791273608
41791273637
41791273636
41791273630
41791273668
41791273783
41791273695
41791273698
41791273740
41791273759
41791273738
41791273569
41791273757
41791273659
41791273660
41791273914
41791273764
41791273810
41791273617
41791273905
41791273832
41791273711
41791273610
41791274030
41791273878
41791273647
41791273633
41791273651
41791273784
41791274092
41791273632
41791273735
41791273601
41791273620
41791273739
41791273894
41791273928
41791273642
41791273679
41791273727
41791273661
41791273653
41791273730
41791273879
41791273703
41791273974
41791273723
41791273756
41791273690
41791273910
41791273779
41791273922
41791273611
41791273634
41791273629
41791273702
41791273663
41791273835
41791273708
41791273940
41791273697
41791273763
41791273696
41791273607
41791273799
41791273606
41791273952
41791273627
41791273997
41791273828
41791273865
41791273840
41791273712
41791273775
41791273867
41791273682
41791273694
41791274169
41791273966
41791273855
41791274332
41791273709
41791273782
41791273876
41791274196
41791273874
41791273704
41791274108
41791273631
41791274200
41791273930
41791273815
41791273962
41791273755
41791273820
41791274195
41791273717
41791273780
41791273938
41791273785
41791273906
41791273904
41791273996
41791273872
41791274061
41791273903
41791273746
41791274179
41791273848
41791273956
41791274228
41791273754
41791273714
41791273745
41791273851
41791274231
41791273721
41791274048
41791274037
41791273722
41791273814
41791273868
41791274341
41791273701
41791273829
41791274203
41791273856
41791273760
41791273883
41791274065
41791273999
41791274457
41791274028
41791274186
41791273762
41791273826
41791274031
41791274160
41791273942
41791273989
41791273933
41791273767
41791273953
41791274014
41791273748
41791274401
41791274493
41791274011
41791274347
41791274236
41791273929
41791273902
41791273971
41791274049
41791274123
41791273977
41791274545
41791273913
41791274051
41791273858
41791274261
41791273801
41791273854
41791274165
41791274205
41791273859
41791273871
41791274189
41791273987
41791274243
41791274035
41791273991
41791274204
41791274434
41791274105
41791274265
41791274097
41791273870
41791274330
41791274110
41791274075
41791274206
41791274219
41791274475
41791274127
41791273973
41791274077
41791274006
41791274060
41791274368
41791274071
41791273895
41791274079
41791274222
41791273941
41791274494
41791274431
41791274003
41791274193
41791273943
41791273967
41791274068
41791274050
41791274354
41791274096
41791274432
41791273957
41791274486
41791273792
41791273934
41791273732
41791273875
41791274010
41791273907
41791274089
41791273720
41791274041
41791274365
41791274133
41791273700
41791274016
41791274414
41791274201
41791273737
41791274389
41791274506
41791274271
41791274107
41791274311
41791274400
41791273959
41791274386
41791274172
41791273970
41791274256
41791274139
41791273980
41791274148
41791274167
41791274158
41791274081
41791274034
41791273932
41791274453
41791274477
41791273909
41791274115
41791274055
41791274260
41791274384
41791274277
41791274418
41791274043
41791274040
41791274083
41791274106
41791273836
41791274483
41791273982
41791274018
41791274155
41791274118
41791274210
41791274223
41791273969
41791274304
41791273948
41791274109
41791274119
41791274054
41791274508
41791274129
41791274182
41791274135
41791274078
41791274166
41791274242
41791274237
41791274346
41791274053
41791274554
41791273963
41791274113
41791274535
41791274267
41791274026
41791274520
41791274322
41791274403
41791274044
41791274411
41791274213
41791274421
41791274529
41791274299
41791274422
41791274315
41791274136
41791274247
41791274152
41791274549
41791274126
41791274531
41791274399
41791274446
41791274407
41791274460
41791274383
41791274297
41791274507
41791274176
41791274470
41791273961
41791274306
41791274349
41791274263
41791273796
41791274199
41791274398
41791274505
41791274191
41791274325
41791274281
41791274451
41791274345
41791274380
41791274250
41791274557
41791274249
41791274501
41791274188
41791274464
41791274234
41791274163
41791273776
41791274302
41791274553
41791274334
41791274518
41791274424
41791274377
41791274428
41791274363
41791274563
41791274370
41791274361
41791274510
41791274413
41791274283
41791274352
41791274333
41791274455
41791274454
41791274319
41791274241
41791274489
41791274245
41791274268
41791274488
41791274450
41791274478
41791274467
41791274503
41791274342
41791274521
41791274289
41791274344
41791274513
41791273847
41791274134
41791274491
41791274286
41791274444
41791274541
41791274484
41791274564
41791274013
41791274396
41791274550
41791274313
41791274447
41791274544
41791274416
41791274500
41791274348
41791274441
41791274473
41791267570
41791267591
41791267578
41791267589
41791267573
41791267576
41791267588
41791267590
41791267579
41791267582
41791267568
41791267572
41791267584
41791267594
41791267596
41791267593
41791267595
41791267650
41791267718
41791267652
41791267648
41791267659
41791267656
41791267700
41791267682
41791267723
41791267772
41791267605
41791267607
41791267789
41791267612
41791267632
41791267639
41791267647
41791267869
41791267617
41791267735
41791267767
41791267756
41791267724
41791267654
41791267749
41791267683
41791267640
41791267806
41791267813
41791267702
41791267635
41791267752
41791267626
41791267709
41791267715
41791267668
41791268079
41791267711
41791267901
41791267736
41791267609
41791267687
41791267732
41791267782
41791267826
41791267613
41791267614
41791267649
41791267695
41791267771
41791267870
41791267619
41791267945
41791267768
41791267753
41791267664
41791267755
41791267699
41791267634
41791267804
41791267937
41791267805
41791267725
41791267726
41791267846
41791267998
41791267748
41791267667
41791267691
41791267738
41791268058
41791267714
41791267853
41791267710
41791267722
41791267769
41791267867
41791267621
41791267808
41791267670
41791267919
41791267951
41791267766
41791267688
41791267757
41791267678
41791267915
41791267896
41791267849
41791267836
41791268021
41791268033
41791267763
41791267812
41791267958
41791267697
41791267965
41791268050
41791267672
41791267996
41791268060
41791267811
41791268269
41791267842
41791267645
41791267792
41791267731
41791267660
41791268101
41791267760
41791267874
41791267841
41791268071
41791267830
41791268497
41791267744
41791267890
41791268158
41791267838
41791268043
41791267754
41791267873
41791268360
41791268038
41791267779
41791267985
41791268098
41791267876
41791268110
41791268449
41791268012
41791267847
41791267947
41791268370
41791268122
41791267777
41791267891
41791267794
41791268310
41791267879
41791267784
41791267944
41791268265
41791267979
41791267829
41791267825
41791267921
41791267848
41791267995
41791267751
41791267973
41791267855
41791268131
41791267770
41791267922
41791268457
41791267981
41791267819
41791267833
41791268234
41791268535
41791267887
41791268447
41791267856
41791268225
41791268329
41791268280
41791268155
41791268397
41791267900
41791268019
41791267790
41791267910
41791268076
41791268220
41791267988
41791268049
41791267840
41791268082
41791268119
41791268554
41791268192
41791268036
41791268242
41791268099
41791268061
41791267918
41791268273
41791267935
41791268129
41791268309
41791267923
41791268150
41791268007
41791268270
41791267868
41791268046
41791268322
41791267843
41791268089
41791268002
41791267802
41791268132
41791268073
41791267942
41791268141
41791268306
41791268162
41791268171
41791268313
41791268209
41791268260
41791267775
41791268208
41791267955
41791268230
41791268373
41791267925
41791268026
41791267975
41791268239
41791268467
41791268081
41791267941
41791267949
41791268166
41791267934
41791267961
41791267743
41791268263
41791268378
41791268052
41791268177
41791268491
41791268275
41791267886
41791268369
41791268188
41791268067
41791268087
41791268385
41791268235
41791268399
41791268362
41791267871
41791268032
41791268080
41791268000
41791268254
41791268066
41791268363
41791268557
41791267905
41791267861
41791268256
41791268542
41791268134
41791267898
41791268321
41791268505
41791267978
41791268091
41791268138
41791267858
41791267927
41791268392
41791268387
41791268474
41791268413
41791268264
41791268476
41791268194
41791268384
41791268249
41791268307
41791268097
41791268156
41791268198
41791268298
41791268253
41791268325
41791268556
41791268354
41791267831
41791268205
41791268368
41791268398
41791268250
41791268170
41791268561
41791268308
41791268028
41791268357
41791268035
41791268070
41791268232
41791268394
41791268291
41791268258
41791268341
41791268191
41791268409
41791268175
41791268539
41791268237
41791268285
41791268229
41791268395
41791267954
41791268160
41791268130
41791268085
41791268396
41791268326
41791268223
41791268289
41791267999
41791268056
41791268353
41791268524
41791268244
41791268337
41791268125
41791268153
41791268359
41791268364
41791268284
41791268439
41791268508
41791268204
41791268195
41791268240
41791268403
41791268440
41791268424
41791268553
41791268281
41791268460
41791268540
41791268470
41791268259
41791268414
41791268352
41791268184
41791268027
41791268389
41791268199
41791268246
41791268463
41791267970
41791268527
41791268182
41791268203
41791268391
41791268479
41791268441
41791268464
41791268314
41791268477
41791268458
41791268332
41791268528
41791268300
41791268525
41791268433
41791268173
41791268345
41791268207
41791268312
41791268483
41791268412
41791268255
41791268517
41791268420
41791268487
41791268355
41791268407
41791268224
41791268277
41791268456
41791268425
41791268069
41791268465
41791268462
41791268498
41791268402
41791268526
41791268506
41791268381
41791268499
41791268538
41791268443
41791268520
41791268405
41791268558
41791268562
41791268236
41791268480
41791268444
41791268549
41791268453
41791268323
41791268380
41791268512
41791267893
41791268521
41791268533
41791268187
41791265580
41791265579
41791265578
41791265573
41791265581
41791265585
41791265576
41791265572
41791265568
41791265589
41791265596
41791265603
41791265681
41791265758
41791265606
41791265609
41791265630
41791265637
41791265601
41791265615
41791265648
41791265673
41791265716
41791265738
41791265774
41791265789
41791265773
41791265621
41791265808
41791265745
41791265867
41791265654
41791265682
41791265888
41791265689
41791265608
41791265768
41791265793
41791265821
41791265604
41791265610
41791265826
41791265728
41791265620
41791265650
41791265690
41791265653
41791265695
41791265658
41791265717
41791265625
41791265753
41791265742
41791265616
41791265825
41791265777
41791265612
41791265719
41791265631
41791265714
41791265674
41791265700
41791265712
41791265911
41791265920
41791265657
41791265855
41791265733
41791265837
41791265943
41791265709
41791265761
41791265734
41791265878
41791265739
41791265756
41791265613
41791265744
41791265810
41791266028
41791266038
41791265958
41791265922
41791265771
41791265788
41791265926
41791265660
41791265868
41791265886
41791265881
41791266061
41791265800
41791265874
41791265917
41791265724
41791265908
41791265916
41791266001
41791265804
41791265836
41791266089
41791265703
41791265839
41791266445
41791265732
41791265796
41791266070
41791265752
41791266120
41791265678
41791266060
41791265884
41791265828
41791266162
41791265918
41791266233
41791265670
41791265950
41791265699
41791265708
41791266036
41791265731
41791265641
41791265740
41791265797
41791265809
41791265638
41791266082
41791265887
41791265896
41791266214
41791265651
41791265799
41791266164
41791265919
41791265805
41791265842
41791266019
41791265656
41791265767
41791265667
41791266307
41791265691
41791266176
41791265930
41791266353
41791265803
41791265790
41791265686
41791265986
41791265980
41791266111
41791265685
41791266301
41791266155
41791266114
41791265844
41791266025
41791265879
41791265772
41791266063
41791265751
41791266026
41791266113
41791266002
41791266084
41791265876
41791265981
41791266257
41791266185
41791266062
41791266108
41791265784
41791266109
41791265765
41791265931
41791265706
41791265965
41791265785
41791265827
41791265942
41791265746
41791266102
41791265834
41791265840
41791266194
41791266388
41791265956
41791266179
41791265853
41791266067
41791266405
41791265843
41791266015
41791265704
41791266200
41791266564
41791265893
41791266127
41791265646
41791265750
41791265877
41791266007
41791265727
41791265948
41791266034
41791266047
41791265748
41791265723
41791266173
41791265702
41791266083
41791266228
41791266035
41791266202
41791266097
41791265934
41791266316
41791266238
41791265952
41791266312
41791265824
41791265907
41791266347
41791265833
41791266339
41791266153
41791265829
41791265936
41791265906
41791266145
41791265870
41791266058
41791265819
41791265850
41791265897
41791265707
41791266011
41791266460
41791266165
41791265813
41791265711
41791265759
41791266180
41791265988
41791266123
41791266343
41791266107
41791265973
41791265737
41791266207
41791265846
41791266051
41791266255
41791266226
41791266227
41791266170
41791266087
41791266000
41791266101
41791266279
41791266090
41791266236
41791265941
41791266404
41791266240
41791266142
41791265933
41791266518
41791266515
41791266535
41791266276
41791266500
41791265924
41791266282
41791266265
41791266474
41791266021
41791266434
41791266496
41791265806
41791266413
41791265832
41791266190
41791266020
41791266104
41791266379
41791266134
41791266031
41791266056
41791265967
41791265945
41791266053
41791266512
41791266285
41791265961
41791266016
41791266183
41791266054
41791266395
41791266526
41791266100
41791266033
41791266283
41791266074
41791265792
41791266562
41791266478
41791266269
41791266350
41791266412
41791266206
41791266182
41791266219
41791266172
41791266495
41791266380
41791266146
41791266215
41791266441
41791266397
41791265993
41791266551
41791266065
41791266122
41791265823
41791266514
41791266482
41791265939
41791266359
41791265960
41791266450
41791266094
41791265957
41791266081
41791265864
41791266191
41791266050
41791266166
41791266499
41791266175
41791266196
41791266040
41791266235
41791266302
41791266211
41791266204
41791265857
41791266407
41791266442
41791266340
41791266528
41791266121
41791266210
41791266288
41791266277
41791266018
41791266259
41791266262
41791266438
41791266556
41791266544
41791266069
41791266270
41791266186
41791266297
41791266531
41791266517
41791265995
41791265912
41791266439
41791266043
41791266141
41791266381
41791266294
41791266321
41791266125
41791266006
41791266149
41791266293
41791266241
41791266325
41791266461
41791266484
41791266224
41791265845
41791266559
41791266315
41791266271
41791266411
41791266513
41791266143
41791266289
41791266497
41791265994
41791266421
41791266292
41791266305
41791266213
41791266295
41791266465
41791266096
41791266071
41791266494
41791266345
41791266229
41791266030
41791266079
41791266396
41791266364
41791266151
41791266258
41791266545
41791266539
41791266470
41791266349
41791266216
41791266328
41791266319
41791266547
41791266506
41791266469
41791266443
41791266220
41791266444
41791266158
41791266480
41791266563
41791266322
41791266356
41791266408
41791266310
41791266160
41791266463
41791266338
41791266133
41791266286
41791266264
41791266129
41791266433
41791266329
41791266110
41791266538
41791266041
41791266536
41791266099
41791266247
41791266103
41791266298
41791266415
41791266459
41791266371
41791266300
41791266477
41791266527
41791266402
41791266375
41791266249
41791266161
41791266187
41791266508
41791266399
41791266509
41791266098
41791266455
41791266530
41791266372
41791266487
41791266479
41791266209
41791266383
41791265966
41791266534
41791266456
41791266280
41791266128
41791266543
41791266154
41791266335
41791266367
41791266541
41791266373
41791266468
41791266414
41791266489
41791266546
41791266410
41791266567
41791266584
41791266577
41791266580
41791266586
41791266592
41791266599
41791266576
41791266587
41791266575
41791266568
41791266594
41791266595
41791266570
41791266579
41791266588
41791266596
41791266591
41791266589
41791266593
41791266837
41791266886
41791266623
41791266626
41791266653
41791266664
41791266674
41791266696
41791266602
41791266610
41791266832
41791266643
41791266826
41791266851
41791266901
41791266605
41791266619
41791266942
41791266798
41791266774
41791266617
41791266667
41791266687
41791266630
41791266629
41791266625
41791266620
41791266609
41791266750
41791266682
41791266807
41791266704
41791266654
41791266831
41791266755
41791266655
41791266614
41791266645
41791266689
41791266789
41791266606
41791266828
41791266628
41791266693
41791266679
41791266600
41791266633
41791266616
41791266737
41791266830
41791266780
41791266890
41791266673
41791266834
41791266846
41791266703
41791266897
41791266910
41791266678
41791266870
41791266842
41791266875
41791266812
41791266692
41791266744
41791266849
41791266824
41791267069
41791266684
41791266729
41791266799
41791266657
41791266746
41791266725
41791267174
41791267051
41791266677
41791266999
41791267083
41791266613
41791266974
41791266809
41791266691
41791266976
41791267416
41791267072
41791266683
41791266699
41791266838
41791266829
41791267166
41791266801
41791267138
41791266839
41791266670
41791266649
41791266865
41791266995
41791266835
41791266714
41791266848
41791266961
41791267199
41791266706
41791266724
41791266895
41791266752
41791267333
41791266850
41791267067
41791266770
41791266899
41791267480
41791266748
41791266659
41791266948
41791267390
41791266847
41791266719
41791266763
41791266720
41791267405
41791266688
41791266813
41791266905
41791266958
41791266820
41791266864
41791267122
41791267082
41791266740
41791267070
41791267147
41791266876
41791266710
41791266944
41791266823
41791266929
41791267015
41791266773
41791266872
41791266939
41791266903
41791267011
41791266968
41791266988
41791267052
41791266918
41791266992
41791267187
41791267342
41791266938
41791267053
41791266769
41791267194
41791266925
41791266814
41791267428
41791267065
41791266806
41791266732
41791266960
41791266797
41791266927
41791267135
41791267074
41791267421
41791267158
41791266972
41791267118
41791267041
41791267045
41791267000
41791267003
41791267483
41791267268
41791267105
41791266681
41791267219
41791266782
41791266711
41791266868
41791267136
41791266861
41791267349
41791267101
41791266754
41791266859
41791266821
41791267064
41791267513
41791266924
41791267017
41791267191
41791267043
41791267143
41791267233
41791266856
41791266810
41791267058
41791267030
41791266984
41791266932
41791267226
41791267207
41791266914
41791267400
41791267108
41791267040
41791267393
41791267479
41791267242
41791266874
41791266986
41791267255
41791267383
41791267234
41791266898
41791267132
41791267188
41791266817
41791267185
41791267239
41791266912
41791266701
41791266906
41791267454
41791266885
41791267337
41791266967
41791267050
41791267023
41791267275
41791267331
41791267009
41791267547
41791267319
41791267221
41791267173
41791266928
41791266987
41791266779
41791266788
41791266913
41791267259
41791266869
41791267487
41791266919
41791267088
41791267133
41791266981
41791266896
41791266904
41791267548
41791267055
41791267097
41791267186
41791267273
41791266892
41791267442
41791267353
41791267131
41791266802
41791267401
41791267545
41791267020
41791267014
41791267157
41791266964
41791267038
41791267076
41791266881
41791267156
41791267078
41791267375
41791267496
41791267435
41791267449
41791267010
41791267044
41791267276
41791266915
41791267034
41791267471
41791266951
41791267271
41791267098
41791267213
41791266994
41791267092
41791267027
41791267263
41791267495
41791267463
41791267550
41791267189
41791267031
41791267116
41791267380
41791267494
41791267551
41791267520
41791267086
41791267469
41791267329
41791267564
41791267163
41791267379
41791267022
41791266970
41791267094
41791267109
41791267272
41791267539
41791267151
41791267338
41791267167
41791267250
41791267168
41791267437
41791267382
41791267395
41791267453
41791267467
41791267517
41791267087
41791267538
41791266873
41791267478
41791267127
41791267298
41791267198
41791267524
41791267514
41791267305
41791267468
41791267258
41791267392
41791267161
41791267218
41791267249
41791267388
41791267340
41791267201
41791267445
41791267303
41791266952
41791267253
41791267439
41791267223
41791267274
41791267516
41791267447
41791267215
41791267146
41791267341
41791267202
41791267028
41791267114
41791267498
41791267035
41791266983
41791267364
41791267553
41791266980
41791267300
41791267310
41791267231
41791267472
41791267430
41791267335
41791267460
41791267368
41791267482
41791267532
41791267499
41791267446
41791267179
41791267507
41791267197
41791267206
41791267557
41791267265
41791267531
41791267216
41791267278
41791267493
41791267508
41791267211
41791267412
41791267518
41791267372
41791267288
41791267334
41791267359
41791267466
41791267314
41791267486
41791267356
41791267269
41791267123
41791267339
41791267363
41791267384
41791267232
41791267246
41791267404
41791267423
41791267558
41791266804
41791267396
41791272567
41791272575
41791272573
41791272599
41791272596
41791272581
41791272590
41791272593
41791272572
41791272571
41791272588
41791272584
41791272598
41791272589
41791272735
41791272646
41791272616
41791272619
41791272733
41791272629
41791272741
41791272630
41791272641
41791272773
41791272651
41791272665
41791272751
41791272680
41791272645
41791272774
41791272703
41791272613
41791272601
41791272647
41791272604
41791272608
41791272636
41791272762
41791272644
41791272624
41791272650
41791272617
41791272661
41791272709
41791272713
41791272895
41791272654
41791272808
41791272666
41791272789
41791272701
41791272674
41791272779
41791272911
41791272683
41791272610
41791272606
41791272750
41791272626
41791272620
41791272605
41791272684
41791272679
41791272669
41791272648
41791272655
41791272717
41791272700
41791272706
41791272769
41791272662
41791272681
41791272728
41791272677
41791272635
41791272667
41791272793
41791272873
41791272688
41791272807
41791272912
41791272814
41791272734
41791272736
41791272697
41791272723
41791272855
41791272821
41791272727
41791272737
41791272621
41791272899
41791272880
41791272818
41791272711
41791272864
41791272693
41791272692
41791272881
41791272786
41791272722
41791272716
41791272781
41791272824
41791272877
41791272787
41791272726
41791272725
41791272802
41791272689
41791272909
41791272913
41791272623
41791272638
41791272738
41791272896
41791272806
41791272707
41791272637
41791272782
41791272829
41791272712
41791272801
41791272827
41791272729
41791272804
41791272879
41791272859
41791272778
41791272883
41791272891
41791272833
41791272770
41791272714
41791272764
41791272784
41791272831
41791272812
41791272915
41791272835
41791272743
41791272861
41791272724
41791272671
41791272865
41791272893
41791272811
41791272841
41791272794
41791272901
41791272720
41791272830
41791272797
41791272754
41791272884
41791272930
41791272934
41791272924
41791272928
41791272948
41791272947
41791272939
41791272921
41791272922
41791272940
41791272942
41791272937
41791272943
41791272946
41791272941
41791272949
41791272929
41791272986
41791272989
41791272953
41791273132
41791272960
41791272981
41791273082
41791273077
41791273037
41791273043
41791273062
41791272979
41791272990
41791273147
41791273197
41791273040
41791273069
41791273227
41791273072
41791272974
41791273228
41791272956
41791272983
41791272965
41791273026
41791273000
41791273093
41791273019
41791273137
41791273010
41791272980
41791272988
41791272970
41791273005
41791273014
41791273021
41791273181
41791273060
41791273219
41791273076
41791273189
41791272964
41791273117
41791273002
41791273120
41791273210
41791273263
41791273211
41791273075
41791273079
41791273138
41791272975
41791272952
41791273127
41791273136
41791273220
41791273008
41791273241
41791272992
41791273081
41791273167
41791273149
41791273024
41791273003
41791273022
41791273044
41791273246
41791273063
41791273190
41791273195
41791273050
41791273087
41791273027
41791273028
41791273112
41791273032
41791273239
41791273143
41791273142
41791273105
41791273129
41791273089
41791273266
41791273222
41791273073
41791273151
41791273231
41791273240
41791272995
41791273262
41791273150
41791273160
41791273196
41791273216
41791273055
41791273173
41791273218
41791273259
41791273139
41791273113
41791273212
41791273194
41791273202
41791273017
41791273059
41791273153
41791273174
41791273102
41791273058
41791273170
41791273234
41791273066
41791273201
41791273100
41791273225
41791273226
41791273253
41791273242
41791273179
41791273140
41791273221
41791273252
41791273110
41791273162
41791273156
41791273186
41791273206
41791273277
41791273272
41791273270
41791273278
41791273282
41791273287
41791273292
41791273279
41791273280
41791273296
41791273291
41791273300
41791273314
41791273357
41791273319
41791273323
41791273358
41791273303
41791273298
41791273312
41791273333
41791273349
41791273351
41791273346
41791273305
41791273341
41791273317
41791273324
41791273320
41791273340
41791273322
41791273331
41791273329
41791273339
41791273367
41791273364
41791273387
41791273373
41791273366
41791273363
41791273432
41791273399
41791273428
41791273424
41791273436
41791273360
41791273435
41791273361
41791273412
41791273440
41791273433
41791273395
41791273423
41791273426
41791273382
41791273377
41791273393
41791273380
41791273409
41791273386
41791273390
41791273384
41791273416
41791273439
41791273406
41791273417
41791273462
41791273528
41791273526
41791273452
41791273486
41791273527
41791273485
41791273474
41791273473
41791273463
41791273464
41791273506
41791273480
41791273491
41791273469
41791273484
41791273487
41791273467
41791273507
41791273525
41791273471
41791273448
41791273517
41791273518
41791273497
41791273499
41791273530
41791273515
41791273524
41791273468
41791273531
41791273529
41791273516
41791273460
41791273533
41791273538
41791273551
41791273562
41791273540
41791273563
41791273550
41791273556
41791273536
41791273554
41791273548
41791273566
41791273564
41791273544
41791273555
41791271567
41791271593
41791271570
41791271572
41791271573
41791271596
41791271575
41791271582
41791271569
41791271585
41791271597
41791271574
41791271578
41791271568
41791271576
41791271594
41791271595
41791271591
41791271588
41791271590
41791271601
41791271617
41791271619
41791271645
41791271660
41791271602
41791271603
41791271643
41791271627
41791271608
41791271661
41791271789
41791271730
41791271741
41791271600
41791271651
41791271662
41791271648
41791271708
41791271711
41791271633
41791271670
41791271768
41791271655
41791271666
41791271744
41791271623
41791271630
41791271634
41791271637
41791271679
41791271607
41791271700
41791271682
41791271752
41791271678
41791271800
41791271779
41791271709
41791271819
41791271714
41791271724
41791271727
41791271693
41791271842
41791271781
41791271609
41791271841
41791271664
41791271606
41791271640
41791271663
41791271856
41791271888
41791271748
41791271767
41791271795
41791271916
41791271832
41791271737
41791271625
41791271806
41791271694
41791271758
41791271712
41791272088
41791271726
41791271756
41791271753
41791272136
41791271698
41791272153
41791271935
41791271847
41791271833
41791271837
41791271734
41791272038
41791271919
41791271965
41791272041
41791271956
41791271802
41791271793
41791271907
41791271657
41791271854
41791271777
41791271980
41791271824
41791271892
41791271713
41791272177
41791271922
41791271972
41791271834
41791272236
41791272144
41791271997
41791271999
41791271840
41791271936
41791271723
41791271778
41791271671
41791271801
41791272246
41791271782
41791272090
41791272207
41791271974
41791271776
41791271815
41791271720
41791271821
41791271895
41791271831
41791272005
41791271846
41791271786
41791271927
41791272070
41791272223
41791271644
41791272058
41791271717
41791272275
41791271886
41791271787
41791272248
41791272074
41791271736
41791271674
41791271809
41791271775
41791272103
41791271929
41791272043
41791272229
41791272205
41791271762
41791271879
41791271732
41791271932
41791272301
41791271914
41791271881
41791272069
41791272059
41791271885
41791272049
41791271963
41791272227
41791271872
41791271755
41791272048
41791272349
41791272357
41791271770
41791272094
41791272211
41791272191
41791271989
41791271746
41791272559
41791272105
41791271754
41791271823
41791271882
41791272342
41791272110
41791271998
41791272182
41791271735
41791271843
41791271946
41791271848
41791271862
41791272233
41791272178
41791271826
41791271995
41791272085
41791271912
41791271701
41791271945
41791272126
41791272232
41791272313
41791272193
41791272121
41791272021
41791271868
41791271863
41791271910
41791271763
41791272281
41791272045
41791271764
41791272515
41791271891
41791272147
41791272299
41791271812
41791271899
41791272271
41791272184
41791271951
41791272234
41791271810
41791272344
41791272135
41791272419
41791272219
41791272192
41791271808
41791272019
41791271820
41791271893
41791271947
41791272451
41791271855
41791271909
41791272037
41791271985
41791272111
41791272145
41791272148
41791271988
41791272525
41791272203
41791272496
41791272467
41791272463
41791272375
41791271996
41791271871
41791271990
41791272400
41791272170
41791271816
41791272401
41791272194
41791272104
41791272220
41791272351
41791272187
41791272130
41791271804
41791271979
41791272250
41791272346
41791272331
41791272353
41791272181
41791272027
41791272425
41791272254
41791272241
41791272447
41791272140
41791272456
41791272507
41791272286
41791272535
41791272022
41791271950
41791272028
41791272010
41791272261
41791272356
41791272303
41791272430
41791272389
41791271959
41791272122
41791271926
41791272146
41791272465
41791271883
41791271880
41791272139
41791271934
41791272179
41791272112
41791272295
41791272312
41791272348
41791272500
41791272508
41791272426
41791272198
41791272307
41791272047
41791272199
41791272055
41791272330
41791272563
41791272082
41791272317
41791272431
41791272320
41791272482
41791272218
41791272290
41791272530
41791272450
41791272259
41791272448
41791271992
41791272095
41791271925
41791272071
41791272459
41791271858
41791272031
41791272154
41791272520
41791272404
41791272057
41791272412
41791272388
41791272477
41791272167
41791271977
41791272277
41791272213
41791271908
41791272292
41791272008
41791272109
41791272318
41791272033
41791272163
41791272108
41791272164
41791272369
41791272417
41791272553
41791272326
41791272258
41791272514
41791272402
41791272183
41791271943
41791272242
41791272015
41791272240
41791272269
41791272403
41791272539
41791272522
41791272322
41791272208
41791272505
41791272222
41791271975
41791272409
41791272016
41791272550
41791272302
41791272428
41791272062
41791272113
41791272521
41791272209
41791272434
41791272200
41791272432
41791272106
41791272287
41791272118
41791272102
41791272436
41791272141
41791272347
41791272546
41791272216
41791272127
41791272407
41791272249
41791272472
41791272523
41791272437
41791272352
41791272549
41791272527
41791272337
41791272385
41791272562
41791272422
41791272162
41791272324
41791272092
41791272282
41791272285
41791272247
41791272441
41791272536
41791272424
41791272252
41791272518
41791272421
41791272260
41791272231
41791272323
41791272364
41791272332
41791272156
41791272253
41791272531
41791272134
41791272470
41791272297
41791272557
41791272478
41791272564
41791272329
41791272544
41791272132
41791272476
41791272397
41791272509
41791272486
41791272201
41791272298
41791272449
41791272492
41791272532
