41796305000
41796305022
41796305032
41796305002
41796305011
41796305003
41796305026
41796305020
41796305027
41796305005
41796305008
41796305012
41796305018
41796305001
41796305030
41796305014
41796305029
41796305013
41796305017
41796305006
41796305025
41796305021
41796305131
41796305090
41796305068
41796305116
41796305066
41796305119
41796305034
41796305046
41796305035
41796305056
41796305054
41796305082
41796305085
41796305098
41796305040
41796305165
41796305033
41796305043
41796305136
41796305078
41796305117
41796305201
41796305123
41796305081
41796305180
41796305171
41796305237
41796305072
41796305084
41796305258
41796305148
41796305339
41796305048
41796305150
41796305199
41796305173
41796305186
41796305110
41796305077
41796305288
41796305075
41796305064
41796305337
41796305152
41796305089
41796305060
41796305208
41796305122
41796305172
41796305210
41796305101
41796305294
41796305169
41796305184
41796305250
41796305235
41796305155
41796305104
41796305142
41796305055
41796305289
41796305303
41796305297
41796305335
41796305170
41796305290
41796305340
41796305195
41796305141
41796305168
41796305070
41796305272
41796305198
41796305177
41796305146
41796305203
41796305196
41796305283
41796305149
41796305270
41796305211
41796305139
41796305249
41796305216
41796305076
41796305127
41796305324
41796305246
41796305145
41796305332
41796305132
41796305230
41796305178
41796305181
41796305254
41796305159
41796305109
41796305276
41796305069
41796305241
41796305226
41796305245
41796305157
41796305330
41796305311
41796305291
41796305240
41796305285
41796305190
41796305317
41796305204
41796305176
41796305277
41796305164
41796305242
41796305293
41796305310
41796305206
41796305222
41796305218
41796305080
41796305234
41796305295
41796305212
41796305221
41796305304
41796305350
41796305267
41796305292
41796305193
41796305278
41796305243
41796305213
41796305338
41796305266
41796305287
41796305315
41796305268
41796305255
41796305220
41796305327
41796305280
41796305313
41796305320
41796305323
41796305185
41796305296
41796305309
41796305156
41796305329
41796305187
41796305264
41796305325
41796305363
41796305364
41796305356
41796305369
41796305361
41796305362
41796305380
41796305382
41796305372
41796305376
41796305357
41796305352
41796305373
41796305359
41796305378
41796305368
41796305351
41796305398
41796305436
41796305391
41796305383
41796305385
41796305387
41796305520
41796305428
41796305403
41796305453
41796305429
41796305485
41796305502
41796305435
41796305404
41796305525
41796305472
41796305469
41796305461
41796305500
41796305499
41796305585
41796305386
41796305519
41796305414
41796305392
41796305419
41796305574
41796305406
41796305634
41796305422
41796305586
41796305482
41796305530
41796305488
41796305400
41796305460
41796305610
41796305679
41796305669
41796305407
41796305448
41796305444
41796305579
41796305442
41796305437
41796305439
41796305413
41796305638
41796305531
41796305458
41796305617
41796305476
41796305607
41796305454
41796305533
41796305490
41796305459
41796305384
41796305493
41796305430
41796305562
41796305559
41796305483
41796305481
41796305393
41796305467
41796305694
41796305468
41796305555
41796305475
41796305551
41796305388
41796305608
41796305484
41796305601
41796305580
41796305511
41796305653
41796305645
41796305412
41796305504
41796305480
41796305560
41796305682
41796305614
41796305489
41796305465
41796305552
41796305639
41796305671
41796305546
41796305516
41796305581
41796305630
41796305486
41796305544
41796305594
41796305664
41796305463
41796305628
41796305589
41796305523
41796305675
41796305513
41796305660
41796305620
41796305549
41796305541
41796305650
41796305596
41796305503
41796305478
41796305501
41796305479
41796305565
41796305588
41796305569
41796305684
41796305563
41796305644
41796305538
41796305656
41796305497
41796305600
41796305417
41796305629
41796305518
41796305537
41796305582
41796305556
41796305512
41796305570
41796305621
41796305662
41796305668
41796305604
41796305564
41796305449
41796305678
41796305619
41796305509
41796305506
41796305698
41796305690
41796305432
41796305536
41796305688
41796305626
41796305526
41796305616
41796305566
41796305405
41796305577
41796305575
41796305677
41796305685
41796305590
41796305603
41796305624
41796305636
41796305618
41796305674
41796305667
41796305661
41796305699
41796305572
41796305666
41796305680
41796305623
41796305642
41796305612
41796305554
41796305633
41796305646
41796305705
41796305726
41796305714
41796305733
41796305710
41796305701
41796305725
41796305724
41796305722
41796305700
41796305702
41796305717
41796305703
41796305729
41796305721
41796305723
41796305719
41796305712
41796305709
41796305715
41796305731
41796305718
41796305713
41796305761
41796305740
41796305776
41796305750
41796305793
41796305784
41796305765
41796305769
41796305768
41796305786
41796305781
41796305789
41796305739
41796305772
41796305736
41796305792
41796305745
41796305738
41796305771
41796305735
41796305754
41796305766
41796305764
41796305756
41796305791
41796305760
41796305773
41796305755
41796305751
41796305752
41796305778
41796305770
41796305832
41796305806
41796305807
41796305842
41796305838
41796305797
41796305805
41796305813
41796305820
41796305830
41796305825
41796305843
41796305824
41796305826
41796305803
41796305827
41796305835
41796305810
41796305837
41796305809
41796305847
41796305821
41796305814
41796305850
41796305822
41796305831
41796305848
41796305794
41796305841
41796305846
41796305812
41796305854
41796305911
41796305892
41796305871
41796305859
41796305879
41796305855
41796305877
41796305883
41796305863
41796305864
41796305873
41796305874
41796305885
41796305869
41796305905
41796305898
41796305865
41796305891
41796305878
41796305906
41796305902
41796305890
41796305858
41796305888
41796305870
41796305904
41796305867
41796305896
41796305903
41796305881
41796305921
41796305966
41796305924
41796305927
41796305941
41796305954
41796305926
41796305960
41796305945
41796305968
41796305959
41796305956
41796305946
41796305914
41796305917
41796305947
41796305969
41796305912
41796305938
41796305930
41796305919
41796305949
41796305937
41796305948
41796305953
41796305939
41796305918
41796305996
41796305980
41796305982
41796305978
41796305981
41796305992
41796305975
41796305991
41796305990
41796305995
41796305973
41796305970
41796305984
41796305994
41796305977
41796304000
41796304019
41796304018
41796304020
41796304032
41796304006
41796304029
41796304031
41796304021
41796304003
41796304025
41796304017
41796304030
41796304028
41796304024
41796304015
41796304002
41796304022
41796304013
41796304010
41796304004
41796304008
41796304089
41796304120
41796304051
41796304046
41796304065
41796304056
41796304071
41796304062
41796304076
41796304172
41796304034
41796304035
41796304036
41796304049
41796304068
41796304077
41796304091
41796304038
41796304327
41796304129
41796304137
41796304144
41796304128
41796304162
41796304037
41796304039
41796304102
41796304403
41796304033
41796304231
41796304210
41796304080
41796304212
41796304055
41796304040
41796304139
41796304285
41796304061
41796304145
41796304042
41796304079
41796304167
41796304085
41796304107
41796304118
41796304202
41796304252
41796304367
41796304047
41796304045
41796304151
41796304301
41796304053
41796304304
41796304063
41796304323
41796304421
41796304214
41796304058
41796304223
41796304096
41796304161
41796304239
41796304084
41796304094
41796304208
41796304044
41796304074
41796304119
41796304217
41796304101
41796304262
41796304280
41796304456
41796304321
41796304174
41796304150
41796304117
41796304351
41796304311
41796304309
41796304530
41796304418
41796304188
41796304157
41796304340
41796304535
41796304152
41796304238
41796304067
41796304111
41796304255
41796304115
41796304057
41796304266
41796304114
41796304097
41796304680
41796304466
41796304279
41796304371
41796304134
41796304479
41796304302
41796304294
41796304270
41796304589
41796304355
41796304588
41796304276
41796304194
41796304428
41796304291
41796304332
41796304457
41796304215
41796304313
41796304245
41796304164
41796304268
41796304149
41796304484
41796304200
41796304477
41796304644
41796304470
41796304124
41796304348
41796304437
41796304643
41796304353
41796304127
41796304433
41796304533
41796304226
41796304179
41796304528
41796304406
41796304458
41796304850
41796304338
41796304140
41796304545
41796304290
41796304273
41796304539
41796304211
41796304747
41796304537
41796304521
41796304142
41796304331
41796304240
41796304185
41796304385
41796304397
41796304147
41796304225
41796304257
41796304635
41796304623
41796304538
41796304206
41796304354
41796304491
41796304568
41796304207
41796304199
41796304347
41796304374
41796304402
41796304633
41796304230
41796304913
41796304357
41796304501
41796304620
41796304606
41796304965
41796304227
41796304481
41796304130
41796304133
41796304602
41796304275
41796304314
41796304173
41796304251
41796304576
41796304236
41796304549
41796304177
41796304681
41796304748
41796304637
41796304488
41796304366
41796304522
41796304560
41796304543
41796304519
41796304263
41796304770
41796304404
41796304819
41796304691
41796304663
41796304449
41796304414
41796304363
41796304511
41796304393
41796304813
41796304253
41796304714
41796304324
41796304187
41796304256
41796304305
41796304322
41796304804
41796304203
41796304649
41796304611
41796304517
41796304246
41796304587
41796304420
41796304100
41796304759
41796304439
41796304797
41796304250
41796304216
41796304243
41796304844
41796304204
41796304306
41796304261
41796304361
41796304424
41796304888
41796304224
41796304585
41796304646
41796304258
41796304580
41796304872
41796304329
41796304288
41796304586
41796304298
41796304381
41796304856
41796304478
41796304977
41796304417
41796304551
41796304175
41796304184
41796304303
41796304700
41796304405
41796304577
41796304454
41796304219
41796304739
41796304316
41796304342
41796304614
41796304689
41796304758
41796304163
41796304865
41796304444
41796304447
41796304334
41796304957
41796304884
41796304389
41796304312
41796304761
41796304293
41796304260
41796304426
41796304729
41796304503
41796304570
41796304234
41796304509
41796304472
41796304495
41796304686
41796304581
41796304621
41796304244
41796304532
41796304927
41796304463
41796304615
41796304605
41796304277
41796304190
41796304736
41796304490
41796304923
41796304445
41796304749
41796304766
41796304300
41796304800
41796304471
41796304218
41796304364
41796304674
41796304379
41796304552
41796304460
41796304508
41796304631
41796304400
41796304781
41796304360
41796304775
41796304853
41796304944
41796304669
41796304486
41796304906
41796304541
41796304598
41796304529
41796304271
41796304616
41796304409
41796304510
41796304745
41796304905
41796304413
41796304933
41796304435
41796304346
41796304789
41796304237
41796304951
41796304993
41796304727
41796304672
41796304763
41796304536
41796304722
41796304387
41796304557
41796304665
41796304441
41796304411
41796304664
41796304779
41796304791
41796304934
41796304647
41796304947
41796304900
41796304480
41796304555
41796304784
41796304654
41796304679
41796304325
41796304399
41796304723
41796304652
41796304942
41796304392
41796304453
41796304981
41796304836
41796304682
41796304707
41796304269
41796304866
41796304860
41796304505
41796304925
41796304645
41796304859
41796304846
41796304690
41796304487
41796304365
41796304292
41796304407
41796304373
41796304548
41796304628
41796304917
41796304634
41796304575
41796304971
41796304677
41796304756
41796304489
41796304524
41796304422
41796304595
41796304873
41796304851
41796304812
41796304988
41796304788
41796304953
41796304556
41796304452
41796304822
41796304728
41796304840
41796304801
41796304807
41796304546
41796304810
41796304499
41796304845
41796304670
41796304818
41796304547
41796304339
41796304946
41796304827
41796304912
41796304780
41796304710
41796304742
41796304320
41796304887
41796304890
41796304636
41796304901
41796304720
41796304618
41796304940
41796304834
41796304525
41796304898
41796304848
41796304886
41796304624
41796304531
41796304687
41796304959
41796304861
41796304591
41796304684
41796304653
41796304675
41796304832
41796304871
41796304843
41796304431
41796304867
41796304703
41796304377
41796304893
41796304976
41796304958
41796304904
41796304970
41796304725
41796304655
41796304864
41796304830
41796304693
41796304849
41796304883
41796304768
41796304757
41796304717
41796304408
41796304954
41796304459
41796304626
41796304876
41796304932
41796304908
41796304685
41796304978
41796304712
41796304924
41796304796
41796304776
41796304967
41796304880
41796304734
41796304778
41796304659
41796304839
41796304432
41796304928
41796304833
41796304485
41796304823
41796304979
41796304815
41796304816
41796304765
41796304676
41796304960
41796304760
41796304990
41796304806
41796304930
41796304773
41796304987
41796304828
41796304821
41796304837
41796304939
41796304992
41796304968
41796304878
41796304782
41796304963
41796304943
41796304889
41796304945
41796304972
41796304558
41796304767
41796304962
41796304974
41796306000
41796306003
41796306014
41796306023
41796306010
41796306016
41796306004
41796306006
41796306032
41796306015
41796306001
41796306028
41796306020
41796306197
41796306056
41796306055
41796306071
41796306046
41796306106
41796306062
41796306113
41796306137
41796306109
41796306131
41796306368
41796306162
41796306092
41796306155
41796306171
41796306110
41796306060
41796306382
41796306107
41796306150
41796306274
41796306304
41796306053
41796306357
41796306065
41796306054
41796306033
41796306087
41796306122
41796306121
41796306149
41796306140
41796306213
41796306264
41796306208
41796306070
41796306043
41796306146
41796306135
41796306034
41796306099
41796306086
41796306261
41796306044
41796306242
41796306042
41796306084
41796306323
41796306142
41796306471
41796306074
41796306247
41796306222
41796306176
41796306320
41796306061
41796306183
41796306130
41796306098
41796306154
41796306076
41796306157
41796306163
41796306174
41796306249
41796306191
41796306407
41796306337
41796306272
41796306381
41796306052
41796306355
41796306037
41796306284
41796306228
41796306100
41796306237
41796306145
41796306321
41796306164
41796306484
41796306143
41796306451
41796306461
41796306134
41796306057
41796306201
41796306459
41796306431
41796306370
41796306220
41796306185
41796306073
41796306260
41796306639
41796306129
41796306215
41796306138
41796306360
41796306473
41796306427
41796306101
41796306168
41796306166
41796306333
41796306170
41796306308
41796306186
41796306221
41796306058
41796306420
41796306160
41796306173
41796306563
41796306125
41796306223
41796306238
41796306493
41796306436
41796306212
41796306747
41796306050
41796306651
41796306444
41796306177
41796306234
41796306189
41796306326
41796306225
41796306640
41796306469
41796306094
41796306139
41796306263
41796306172
41796306243
41796306359
41796306230
41796306615
41796306396
41796306637
41796306127
41796306470
41796306179
41796306542
41796306551
41796306364
41796306822
41796306653
41796306342
41796306523
41796306657
41796306556
41796306114
41796306250
41796306727
41796306474
41796306165
41796306198
41796306306
41796306204
41796306517
41796306316
41796306463
41796306601
41796306780
41796306631
41796306210
41796306315
41796306626
41796306667
41796306663
41796306340
41796306465
41796306757
41796306664
41796306211
41796306108
41796306539
41796306270
41796306256
41796306466
41796306352
41796306169
41796306655
41796306859
41796306698
41796306344
41796306361
41796306362
41796306518
41796306378
41796306398
41796306881
41796306277
41796306400
41796306453
41796306611
41796306132
41796306276
41796306408
41796306446
41796306254
41796306133
41796306182
41796306287
41796306389
41796306345
41796306175
41796306224
41796306202
41796306676
41796306756
41796306199
41796306688
41796306772
41796306394
41796306770
41796306414
41796306779
41796306479
41796306530
41796306692
41796306543
41796306283
41796306456
41796306245
41796306574
41796306503
41796306673
41796306136
41796306292
41796306856
41796306960
41796306975
41796306409
41796306239
41796306685
41796306231
41796306291
41796306351
41796306476
41796306324
41796306869
41796306578
41796306310
41796306218
41796306489
41796306897
41796306826
41796306391
41796306607
41796306477
41796306966
41796306524
41796306522
41796306654
41796306511
41796306375
41796306083
41796306661
41796306805
41796306295
41796306791
41796306495
41796306232
41796306327
41796306335
41796306909
41796306930
41796306962
41796306322
41796306452
41796306384
41796306683
41796306275
41796306226
41796306390
41796306754
41796306268
41796306956
41796306931
41796306290
41796306521
41796306785
41796306609
41796306993
41796306448
41796306441
41796306435
41796306494
41796306796
41796306806
41796306737
41796306645
41796306376
41796306691
41796306781
41796306871
41796306341
41796306705
41796306506
41796306569
41796306591
41796306572
41796306823
41796306548
41796306624
41796306644
41796306505
41796306180
41796306562
41796306702
41796306877
41796306886
41796306482
41796306616
41796306358
41796306896
41796306413
41796306507
41796306331
41796306190
41796306786
41796306558
41796306401
41796306442
41796306638
41796306963
41796306365
41796306677
41796306942
41796306934
41796306719
41796306992
41796306973
41796306783
41796306516
41796306346
41796306554
41796306552
41796306704
41796306513
41796306769
41796306843
41796306605
41796306349
41796306386
41796306614
41796306682
41796306991
41796306544
41796306529
41796306550
41796306617
41796306888
41796306982
41796306294
41796306528
41796306577
41796306566
41796306628
41796306415
41796306916
41796306285
41796306514
41796306819
41796306771
41796306738
41796306971
41796306625
41796306789
41796306311
41796306954
41796306728
41796306610
41796306830
41796306723
41796306660
41796306662
41796306567
41796306440
41796306690
41796306380
41796306363
41796306656
41796306768
41796306914
41796306449
41796306652
41796306894
41796306983
41796306802
41796306621
41796306618
41796306497
41796306604
41796306903
41796306650
41796306666
41796306579
41796306988
41796306767
41796306787
41796306833
41796306622
41796306745
41796306839
41796306589
41796306979
41796306964
41796306547
41796306841
41796306259
41796306460
41796306423
41796306700
41796306555
41796306834
41796306953
41796306635
41796306821
41796306751
41796306671
41796306939
41796306681
41796306300
41796306740
41796306540
41796306570
41796306634
41796306858
41796306718
41796306647
41796306592
41796306800
41796306794
41796306849
41796306674
41796306959
41796306940
41796306911
41796306383
41796306613
41796306553
41796306678
41796306873
41796306726
41796306965
41796306880
41796306885
41796306710
41796306855
41796306904
41796306642
41796306658
41796306831
41796306936
41796306561
41796306733
41796306749
41796306803
41796306890
41796306761
41796306949
41796306808
41796306836
41796306525
41796306699
41796306005
41796306541
41796306870
41796306693
41796306603
41796306425
41796306593
41796306801
41796306860
41796306850
41796306925
41796306838
41796306763
41796306986
41796306827
41796306515
41796306917
41796306862
41796306854
41796306608
41796306868
41796306712
41796306672
41796306730
41796306817
41796306777
41796306913
41796306878
41796306619
41796306649
41796306902
41796306952
41796306792
41796306735
41796306922
41796306586
41796306898
41796306924
41796306997
41796306641
41796306797
41796306846
41796306694
41796306875
41796306766
41796306901
41796306750
41796306643
41796306773
41796306314
41796306724
41796306989
41796306866
41796306864
41796306350
41796306887
41796306759
41796306804
41796306996
41796306627
41796306687
41796306746
41796306829
41796306920
41796306974
41796300005
41796300007
41796300030
41796300015
41796300010
41796300031
41796300024
41796300012
41796300014
41796300008
41796300002
41796300019
41796300029
41796300028
41796300003
41796300023
41796300025
41796300004
41796300022
41796300016
41796300064
41796300039
41796300042
41796300066
41796300061
41796300052
41796300096
41796300088
41796300105
41796300112
41796300111
41796300151
41796300181
41796300193
41796300037
41796300047
41796300257
41796300044
41796300049
41796300080
41796300085
41796300090
41796300069
41796300038
41796300110
41796300318
41796300101
41796300178
41796300122
41796300137
41796300338
41796300133
41796300328
41796300303
41796300056
41796300036
41796300144
41796300197
41796300040
41796300239
41796300103
41796300094
41796300240
41796300055
41796300234
41796300253
41796300083
41796300035
41796300254
41796300172
41796300440
41796300071
41796300114
41796300125
41796300323
41796300175
41796300117
41796300242
41796300138
41796300073
41796300108
41796300165
41796300048
41796300256
41796300213
41796300076
41796300217
41796300232
41796300278
41796300267
41796300115
41796300034
41796300313
41796300255
41796300033
41796300077
41796300388
41796300140
41796300363
41796300079
41796300053
41796300370
41796300084
41796300060
41796300299
41796300209
41796300352
41796300359
41796300147
41796300139
41796300104
41796300418
41796300200
41796300086
41796300063
41796300228
41796300250
41796300152
41796300208
41796300341
41796300169
41796300288
41796300109
41796300187
41796300231
41796300191
41796300182
41796300424
41796300258
41796300087
41796300130
41796300324
41796300204
41796300376
41796300100
41796300270
41796300249
41796300483
41796300161
41796300057
41796300389
41796300286
41796300171
41796300202
41796300276
41796300402
41796300173
41796300354
41796300334
41796300093
41796300283
41796300479
41796300439
41796300099
41796300235
41796300051
41796300568
41796300238
41796300515
41796300201
41796300141
41796300159
41796300210
41796300128
41796300545
41796300078
41796300455
41796300180
41796300251
41796300116
41796300124
41796300082
41796300396
41796300573
41796300226
41796300591
41796300527
41796300542
41796300743
41796300246
41796300316
41796300118
41796300616
41796300513
41796300310
41796300301
41796300445
41796300327
41796300220
41796300659
41796300205
41796300520
41796300375
41796300468
41796300422
41796300564
41796300411
41796300126
41796300248
41796300308
41796300400
41796300309
41796300211
41796300296
41796300489
41796300770
41796300186
41796300190
41796300279
41796300459
41796300358
41796300648
41796300372
41796300368
41796300529
41796300274
41796300070
41796300718
41796300214
41796300174
41796300244
41796300636
41796300436
41796300592
41796300643
41796300395
41796300192
41796300451
41796300260
41796300426
41796300225
41796300572
41796300697
41796300671
41796300607
41796300135
41796300223
41796300571
41796300343
41796300241
41796300346
41796300425
41796300222
41796300519
41796300813
41796300808
41796300284
41796300383
41796300706
41796300665
41796300625
41796300377
41796300685
41796300326
41796300431
41796300864
41796300637
41796300642
41796300158
41796300218
41796300471
41796300456
41796300265
41796300229
41796300583
41796300336
41796300302
41796300875
41796300656
41796300702
41796300666
41796300670
41796300735
41796300194
41796300768
41796300541
41796300304
41796300584
41796300881
41796300134
41796300725
41796300360
41796300349
41796300478
41796300145
41796300068
41796300775
41796300762
41796300492
41796300967
41796300330
41796300836
41796300810
41796300989
41796300737
41796300271
41796300268
41796300454
41796300502
41796300511
41796300710
41796300560
41796300809
41796300514
41796300212
41796300332
41796300556
41796300441
41796300532
41796300667
41796300661
41796300712
41796300962
41796300227
41796300410
41796300707
41796300512
41796300614
41796300612
41796300437
41796300926
41796300630
41796300595
41796300361
41796300419
41796300362
41796300526
41796300941
41796300805
41796300493
41796300925
41796300750
41796300547
41796300597
41796300423
41796300438
41796300484
41796300913
41796300300
41796300569
41796300757
41796300167
41796300966
41796300746
41796300508
41796300769
41796300166
41796300580
41796300127
41796300828
41796300565
41796300672
41796300639
41796300732
41796300617
41796300601
41796300841
41796300390
41796300603
41796300590
41796300273
41796300535
41796300262
41796300681
41796300577
41796300285
41796300919
41796300609
41796300703
41796300758
41796300850
41796300658
41796300877
41796300446
41796300907
41796300745
41796300365
41796300321
41796300693
41796300558
41796300654
41796300562
41796300409
41796300599
41796300818
41796300524
41796300726
41796300965
41796300393
41796300215
41796300835
41796300413
41796300782
41796300482
41796300311
41796300709
41796300716
41796300550
41796300700
41796300917
41796300168
41796300634
41796300579
41796300315
41796300266
41796300407
41796300817
41796300780
41796300871
41796300632
41796300848
41796300969
41796300834
41796300517
41796300759
41796300340
41796300652
41796300337
41796300742
41796300838
41796300783
41796300723
41796300345
41796300460
41796300620
41796300847
41796300404
41796300401
41796300574
41796300800
41796300825
41796300367
41796300720
41796300856
41796300886
41796300544
41796300868
41796300799
41796300843
41796300472
41796300823
41796300525
41796300473
41796300421
41796300777
41796300610
41796300701
41796300682
41796300380
41796300897
41796300650
41796300581
41796300504
41796300307
41796300902
41796300674
41796300506
41796300988
41796300722
41796300275
41796300521
41796300904
41796300335
41796300910
41796300317
41796300534
41796300690
41796300553
41796300645
41796300523
41796300384
41796300391
41796300314
41796300842
41796300704
41796300892
41796300429
41796300416
41796300921
41796300946
41796300374
41796300807
41796300776
41796300884
41796300539
41796300403
41796300784
41796300578
41796300533
41796300943
41796300587
41796300715
41796300729
41796300955
41796300869
41796300635
41796300940
41796300878
41796300779
41796300985
41796300870
41796300691
41796300858
41796300920
41796300692
41796300427
41796300899
41796300744
41796300618
41796300444
41796300624
41796300480
41796300548
41796300378
41796300731
41796300874
41796300488
41796300824
41796300752
41796300978
41796300727
41796300915
41796300736
41796300990
41796300991
41796300959
41796300448
41796300887
41796300619
41796300522
41796300605
41796300958
41796300528
41796300452
41796300663
41796300986
41796300867
41796300806
41796300936
41796300905
41796300804
41796300386
41796300582
41796300644
41796300901
41796300570
41796300894
41796300543
41796300984
41796300996
41796300689
41796300980
41796300918
41796300763
41796300557
41796300992
41796300724
41796300791
41796300741
41796300934
41796300765
41796300880
41796300434
41796300935
41796300734
41796300708
41796300957
41796300819
41796300518
41796300873
41796300845
41796300933
41796300774
41796300852
41796300944
41796300939
41796300879
41796300827
41796300972
41796300994
41796300938
41796300995
41796300795
41796300956
41796300552
41796300786
41796300976
41796300319
41796300947
41796300983
41796300885
41796300699
41796300829
41796300353
41796300733
41796300987
41796300888
41796300982
41796300963
41796300510
41796300930
41796300611
41796300896
41796300937
41796300688
41796309000
41796309021
41796309018
41796309009
41796309003
41796309002
41796309032
41796309015
41796309001
41796309028
41796309004
41796309025
41796309027
41796309008
41796309014
41796309031
41796309022
41796309010
41796309017
41796309029
41796309026
41796309039
41796309076
41796309106
41796309275
41796309072
41796309095
41796309079
41796309089
41796309343
41796309098
41796309049
41796309111
41796309059
41796309131
41796309140
41796309164
41796309196
41796309042
41796309047
41796309037
41796309050
41796309065
41796309336
41796309153
41796309081
41796309203
41796309088
41796309263
41796309034
41796309033
41796309058
41796309061
41796309074
41796309084
41796309085
41796309163
41796309146
41796309132
41796309324
41796309192
41796309198
41796309139
41796309119
41796309187
41796309166
41796309204
41796309231
41796309345
41796309099
41796309126
41796309056
41796309038
41796309234
41796309303
41796309129
41796309374
41796309247
41796309188
41796309035
41796309241
41796309218
41796309340
41796309158
41796309189
41796309077
41796309147
41796309105
41796309335
41796309068
41796309100
41796309351
41796309070
41796309252
41796309327
41796309427
41796309063
41796309206
41796309175
41796309224
41796309543
41796309179
41796309530
41796309294
41796309354
41796309394
41796309460
41796309400
41796309097
41796309459
41796309317
41796309118
41796309052
41796309372
41796309170
41796309142
41796309223
41796309279
41796309103
41796309428
41796309517
41796309404
41796309157
41796309559
41796309471
41796309096
41796309156
41796309086
41796309082
41796309633
41796309211
41796309482
41796309625
41796309322
41796309073
41796309489
41796309184
41796309413
41796309182
41796309148
41796309057
41796309292
41796309509
41796309412
41796309169
41796309176
41796309360
41796309448
41796309380
41796309636
41796309261
41796309123
41796309287
41796309416
41796309229
41796309191
41796309242
41796309078
41796309260
41796309623
41796309054
41796309274
41796309383
41796309508
41796309597
41796309101
41796309577
41796309339
41796309701
41796309560
41796309706
41796309168
41796309331
41796309282
41796309387
41796309465
41796309214
41796309200
41796309181
41796309290
41796309155
41796309130
41796309468
41796309382
41796309552
41796309403
41796309453
41796309392
41796309494
41796309299
41796309550
41796309629
41796309222
41796309321
41796309293
41796309486
41796309297
41796309528
41796309555
41796309288
41796309542
41796309651
41796309193
41796309138
41796309390
41796309457
41796309780
41796309197
41796309185
41796309249
41796309259
41796309062
41796309205
41796309710
41796309248
41796309709
41796309359
41796309212
41796309850
41796309624
41796309790
41796309784
41796309485
41796309301
41796309107
41796309681
41796309278
41796309538
41796309425
41796309280
41796309300
41796309628
41796309754
41796309454
41796309102
41796309613
41796309588
41796309602
41796309431
41796309654
41796309464
41796309298
41796309177
41796309872
41796309406
41796309664
41796309348
41796309237
41796309363
41796309456
41796309315
41796309516
41796309174
41796309422
41796309167
41796309316
41796309328
41796309438
41796309975
41796309306
41796309452
41796309707
41796309638
41796309797
41796309498
41796309228
41796309663
41796309627
41796309621
41796309426
41796309233
41796309885
41796309615
41796309283
41796309589
41796309841
41796309551
41796309419
41796309775
41796309611
41796309378
41796309769
41796309377
41796309350
41796309507
41796309325
41796309603
41796309409
41796309506
41796309965
41796309765
41796309320
41796309424
41796309600
41796309591
41796309433
41796309705
41796309715
41796309763
41796309564
41796309518
41796309745
41796309795
41796309742
41796309483
41796309590
41796309673
41796309694
41796309940
41796309900
41796309753
41796309911
41796309124
41796309215
41796309856
41796309824
41796309682
41796309505
41796309346
41796309757
41796309730
41796309882
41796309408
41796309330
41796309837
41796309666
41796309685
41796309265
41796309423
41796309723
41796309257
41796309733
41796309738
41796309693
41796309451
41796309537
41796309734
41796309574
41796309557
41796309607
41796309766
41796309977
41796309582
41796309546
41796309547
41796309967
41796309472
41796309781
41796309268
41796309922
41796309962
41796309209
41796309549
41796309246
41796309353
41796309461
41796309728
41796309388
41796309417
41796309783
41796309800
41796309367
41796309352
41796309585
41796309988
41796309944
41796309635
41796309935
41796309913
41796309941
41796309296
41796309606
41796309665
41796309420
41796309714
41796309806
41796309835
41796309992
41796309415
41796309839
41796309937
41796309729
41796309357
41796309951
41796309630
41796309568
41796309736
41796309569
41796309910
41796309691
41796309563
41796309759
41796309365
41796309904
41796309647
41796309726
41796309836
41796309405
41796309264
41796309953
41796309243
41796309470
41796309304
41796309510
41796309441
41796309573
41796309491
41796309684
41796309909
41796309786
41796309675
41796309993
41796309773
41796309449
41796309592
41796309565
41796309972
41796309532
41796309396
41796309690
41796309847
41796309656
41796309545
41796309583
41796309928
41796309631
41796309778
41796309880
41796309871
41796309556
41796309579
41796309893
41796309741
41796309914
41796309531
41796309692
41796309662
41796309358
41796309867
41796309544
41796309668
41796309370
41796309857
41796309817
41796309752
41796309818
41796309868
41796309870
41796309807
41796309617
41796309821
41796309616
41796309608
41796309614
41796309772
41796309703
41796309789
41796309958
41796309711
41796309676
41796309717
41796309634
41796309455
41796309601
41796309982
41796309864
41796309525
41796309760
41796309619
41796309418
41796309855
41796309828
41796309997
41796309567
41796309887
41796309575
41796309932
41796309540
41796309905
41796309474
41796309970
41796309848
41796309700
41796309933
41796309852
41796309792
41796309680
41796309950
41796309955
41796309996
41796309702
41796309725
41796309397
41796309782
41796309986
41796309661
41796309632
41796309626
41796309659
41796309721
41796309599
41796309875
41796309434
41796309716
41796309890
41796309761
41796309727
41796309930
41796309808
41796309886
41796309929
41796309399
41796309749
41796309878
41796309731
41796309712
41796309849
41796309903
41796309865
41796309447
41796309804
41796309983
41796309669
41796309732
41796309912
41796309791
41796309902
41796309833
41796309799
41796309971
41796309985
41796309957
41796309810
41796309960
41796309947
41796309746
41796309785
41796309801
41796309594
41796309931
41796309858
41796309925
41796309921
41796309952
41796309554
41796309979
41796309956
41796309593
41796309926
41796309991
41796309747
41796309421
41796309805
41796309980
41796309945
41796309995
41796309767
41796309861
41796309907
41796309779
41796309561
41796309919
41796309566
41796309816
41796309758
41796309843
41796309876
41796309990
41796309901
41796309989
41796309894
41796309959
41796309889
41796309916
41796309859
41796309863
41796309888
41796309936
41796303000
41796303021
41796303003
41796303016
41796303004
41796303010
41796303013
41796303012
41796303023
41796303020
41796303017
41796303030
41796303001
41796303018
41796303019
41796303007
41796303015
41796303024
41796303014
41796303026
41796303005
41796303011
41796303082
41796303096
41796303143
41796303250
41796303136
41796303036
41796303100
41796303077
41796303337
41796303049
41796303184
41796303062
41796303169
41796303111
41796303132
41796303122
41796303164
41796303041
41796303190
41796303043
41796303059
41796303228
41796303094
41796303087
41796303168
41796303163
41796303063
41796303140
41796303066
41796303181
41796303067
41796303072
41796303090
41796303254
41796303088
41796303089
41796303109
41796303251
41796303267
41796303081
41796303034
41796303110
41796303061
41796303042
41796303214
41796303212
41796303125
41796303205
41796303033
41796303047
41796303054
41796303154
41796303134
41796303294
41796303261
41796303172
41796303331
41796303285
41796303098
41796303304
41796303073
41796303268
41796303242
41796303252
41796303060
41796303092
41796303065
41796303069
41796303280
41796303104
41796303120
41796303332
41796303113
41796303079
41796303142
41796303191
41796303272
41796303208
41796303311
41796303220
41796303150
41796303117
41796303275
41796303235
41796303301
41796303174
41796303078
41796303312
41796303309
41796303247
41796303153
41796303350
41796303260
41796303048
41796303148
41796303269
41796303276
41796303249
41796303283
41796303137
41796303335
41796303324
41796303333
41796303211
41796303257
41796303068
41796303107
41796303149
41796303130
41796303158
41796303050
41796303345
41796303095
41796303297
41796303131
41796303101
41796303338
41796303123
41796303282
41796303085
41796303330
41796303133
41796303246
41796303202
41796303292
41796303314
41796303156
41796303121
41796303196
41796303277
41796303293
41796303070
41796303244
41796303126
41796303307
41796303329
41796303290
41796303300
41796303281
41796303129
41796303259
41796303320
41796303234
41796303299
41796303135
41796303076
41796303339
41796303159
41796303289
41796303144
41796303217
41796303328
41796303165
41796303195
41796303173
41796303145
41796303262
41796303204
41796303236
41796303315
41796303192
41796303341
41796303322
41796303105
41796303303
41796303241
41796303146
41796303183
41796303271
41796303218
41796303321
41796303221
41796303265
41796303255
41796303231
41796303207
41796303240
41796303270
41796303279
41796303319
41796303305
41796303213
41796303334
41796303340
41796303286
41796303347
41796303377
41796303351
41796303355
41796303352
41796303356
41796303364
41796303362
41796303374
41796303371
41796303353
41796303382
41796303373
41796303367
41796303357
41796303369
41796303363
41796303370
41796303365
41796303372
41796303358
41796303378
41796303360
41796303471
41796303499
41796303395
41796303402
41796303386
41796303389
41796303454
41796303393
41796303383
41796303442
41796303426
41796303390
41796303556
41796303438
41796303451
41796303457
41796303461
41796303498
41796303511
41796303483
41796303510
41796303415
41796303431
41796303412
41796303419
41796303410
41796303432
41796303445
41796303425
41796303406
41796303482
41796303407
41796303512
41796303624
41796303470
41796303437
41796303413
41796303491
41796303558
41796303387
41796303527
41796303581
41796303598
41796303401
41796303414
41796303411
41796303546
41796303572
41796303422
41796303396
41796303690
41796303574
41796303554
41796303418
41796303424
41796303660
41796303529
41796303447
41796303436
41796303553
41796303583
41796303456
41796303564
41796303404
41796303603
41796303623
41796303654
41796303646
41796303573
41796303441
41796303429
41796303651
41796303626
41796303466
41796303565
41796303551
41796303544
41796303525
41796303443
41796303484
41796303492
41796303446
41796303519
41796303537
41796303600
41796303548
41796303479
41796303613
41796303526
41796303696
41796303617
41796303480
41796303475
41796303633
41796303665
41796303524
41796303472
41796303503
41796303628
41796303528
41796303496
41796303637
41796303580
41796303500
41796303618
41796303481
41796303659
41796303550
41796303587
41796303610
41796303531
41796303648
41796303667
41796303594
41796303588
41796303507
41796303652
41796303609
41796303599
41796303501
41796303632
41796303552
41796303576
41796303601
41796303545
41796303563
41796303698
41796303608
41796303691
41796303631
41796303533
41796303561
41796303607
41796303549
41796303664
41796303636
41796303505
41796303590
41796303616
41796303643
41796303490
41796303468
41796303509
41796303542
41796303680
41796303644
41796303543
41796303577
41796303516
41796303518
41796303535
41796303663
41796303657
41796303453
41796303658
41796303591
41796303555
41796303571
41796303684
41796303641
41796303508
41796303541
41796303614
41796303627
41796303530
41796303662
41796303557
41796303669
41796303679
41796303640
41796303671
41796303593
41796303676
41796303493
41796303450
41796303569
41796303668
41796303687
41796303494
41796303620
41796303642
41796303448
41796303681
41796303597
41796303495
41796303688
41796303536
41796303672
41796303596
41796303582
41796303634
41796303726
41796303722
41796303711
41796303707
41796303704
41796303701
41796303717
41796303714
41796303729
41796303712
41796303705
41796303706
41796303724
41796303719
41796303728
41796303713
41796303723
41796303734
41796303732
41796303744
41796303731
41796303758
41796303753
41796303741
41796303738
41796303733
41796303739
41796303751
41796303749
41796303764
41796303754
41796303757
41796303760
41796303743
41796303740
41796303747
41796303786
41796303810
41796303783
41796303802
41796303785
41796303772
41796303840
41796303775
41796303771
41796303780
41796303778
41796303824
41796303819
41796303816
41796303834
41796303822
41796303800
41796303841
41796303768
41796303766
41796303791
41796303842
41796303827
41796303799
41796303777
41796303794
41796303823
41796303784
41796303774
41796303838
41796303792
41796303835
41796303793
41796303813
41796303817
41796303839
41796303790
41796303788
41796303805
41796303804
41796303843
41796303845
41796303818
41796303844
41796303806
41796303814
41796303797
41796303798
41796303808
41796303828
41796303856
41796303906
41796303862
41796303875
41796303870
41796303905
41796303858
41796303857
41796303863
41796303869
41796303859
41796303885
41796303882
41796303910
41796303867
41796303899
41796303874
41796303860
41796303884
41796303878
41796303896
41796303852
41796303900
41796303897
41796303866
41796303871
41796303907
41796303872
41796303895
41796303911
41796303876
41796303891
41796303881
41796303892
41796303893
41796303855
41796303873
41796303880
41796303904
41796303909
41796303908
41796303898
41796303902
41796303966
41796303935
41796303915
41796303917
41796303930
41796303934
41796303933
41796303942
41796303949
41796303946
41796303918
41796303952
41796303961
41796303967
41796303913
41796303965
41796303947
41796303926
41796303916
41796303943
41796303944
41796303960
41796303940
41796303968
41796303941
41796303957
41796303927
41796303953
41796303925
41796303939
41796303958
41796303929
41796303969
41796303985
41796303975
41796303997
41796303971
41796303991
41796303996
41796303984
41796303990
41796303974
41796303982
41796303977
41796303989
41796303972
41796303998
41796303986
41796303988
41796301000
41796301005
41796301019
41796301024
41796301027
41796301029
41796301016
41796301001
41796301010
41796301020
41796301012
41796301004
41796301006
41796301030
41796301003
41796301002
41796301015
41796301007
41796301028
41796301008
41796301022
41796301032
41796301025
41796301043
41796301038
41796301062
41796301093
41796301162
41796301195
41796301050
41796301094
41796301074
41796301125
41796301051
41796301152
41796301072
41796301070
41796301096
41796301168
41796301077
41796301106
41796301121
41796301127
41796301140
41796301111
41796301040
41796301042
41796301150
41796301236
41796301170
41796301192
41796301133
41796301212
41796301092
41796301129
41796301188
41796301263
41796301287
41796301254
41796301295
41796301242
41796301141
41796301044
41796301112
41796301220
41796301047
41796301055
41796301117
41796301124
41796301167
41796301066
41796301158
41796301204
41796301134
41796301085
41796301131
41796301311
41796301149
41796301136
41796301145
41796301214
41796301080
41796301323
41796301139
41796301078
41796301213
41796301095
41796301118
41796301312
41796301058
41796301122
41796301235
41796301086
41796301126
41796301132
41796301073
41796301246
41796301087
41796301035
41796301191
41796301059
41796301284
41796301187
41796301161
41796301247
41796301348
41796301255
41796301199
41796301256
41796301142
41796301063
41796301292
41796301230
41796301331
41796301286
41796301180
41796301169
41796301045
41796301113
41796301249
41796301173
41796301166
41796301060
41796301317
41796301248
41796301288
41796301336
41796301272
41796301332
41796301186
41796301276
41796301190
41796301232
41796301281
41796301156
41796301308
41796301088
41796301260
41796301296
41796301310
41796301283
41796301046
41796301302
41796301219
41796301119
41796301307
41796301227
41796301215
41796301269
41796301102
41796301130
41796301165
41796301250
41796301147
41796301107
41796301218
41796301313
41796301217
41796301342
41796301334
41796301252
41796301267
41796301270
41796301297
41796301090
41796301091
41796301322
41796301221
41796301253
41796301344
41796301326
41796301328
41796301316
41796301277
41796301343
41796301178
41796301350
41796301208
41796301320
41796301207
41796301335
41796301274
41796301321
41796301206
41796301329
41796301174
41796301176
41796301100
41796301226
41796301209
41796301318
41796301268
41796301229
41796301275
41796301347
41796301262
41796301330
41796301293
41796301105
41796301340
41796301355
41796301363
41796301357
41796301361
41796301380
41796301370
41796301362
41796301354
41796301377
41796301366
41796301365
41796301382
41796301406
41796301483
41796301399
41796301455
41796301516
41796301490
41796301496
41796301388
41796301445
41796301393
41796301506
41796301469
41796301423
41796301545
41796301466
41796301493
41796301510
41796301508
41796301521
41796301387
41796301426
41796301424
41796301430
41796301548
41796301540
41796301390
41796301563
41796301434
41796301498
41796301491
41796301497
41796301428
41796301596
41796301530
41796301499
41796301559
41796301556
41796301567
41796301383
41796301413
41796301569
41796301664
41796301535
41796301452
41796301418
41796301442
41796301461
41796301687
41796301419
41796301394
41796301667
41796301407
41796301391
41796301543
41796301519
41796301402
41796301552
41796301440
41796301409
41796301447
41796301637
41796301522
41796301502
41796301532
41796301629
41796301581
41796301602
41796301611
41796301630
41796301463
41796301449
41796301392
41796301460
41796301515
41796301465
41796301457
41796301398
41796301650
41796301624
41796301550
41796301513
41796301595
41796301518
41796301627
41796301579
41796301619
41796301626
41796301504
41796301539
41796301531
41796301474
41796301542
41796301599
41796301547
41796301459
41796301573
41796301554
41796301649
41796301464
41796301645
41796301676
41796301607
41796301690
41796301668
41796301622
41796301565
41796301600
41796301404
41796301478
41796301523
41796301572
41796301613
41796301444
41796301635
41796301604
41796301673
41796301505
41796301520
41796301671
41796301416
41796301670
41796301439
41796301603
41796301675
41796301656
41796301525
41796301660
41796301631
41796301677
41796301577
41796301633
41796301481
41796301638
41796301468
41796301564
41796301679
41796301666
41796301601
41796301536
41796301658
41796301659
41796301655
41796301534
41796301528
41796301584
41796301695
41796301694
41796301529
41796301512
41796301586
41796301698
41796301414
41796301591
41796301500
41796301477
41796301642
41796301639
41796301597
41796301646
41796301680
41796301641
41796301640
41796301456
41796301571
41796301693
41796301551
41796301699
41796301665
41796301451
41796301558
41796301476
41796301647
41796301616
41796301609
41796301485
41796301648
41796301555
41796301651
41796301686
41796301689
41796301560
41796301503
41796301576
41796301682
41796301618
41796301688
41796301628
41796301669
41796301636
41796301678
41796301588
41796301713
41796301731
41796301722
41796301718
41796301719
41796301732
41796301706
41796301711
41796301723
41796301715
41796301705
41796301721
41796301725
41796301714
41796301702
41796301709
41796301712
41796301733
41796301724
41796301716
41796301701
41796301710
41796301726
41796301700
41796301727
41796301707
41796301737
41796301786
41796301743
41796301767
41796301784
41796301734
41796301752
41796301759
41796301758
41796301796
41796301800
41796301751
41796301776
41796301778
41796301775
41796301818
41796301771
41796301780
41796301809
41796301736
41796301814
41796301744
41796301772
41796301789
41796301781
41796301749
41796301739
41796301738
41796301763
41796301764
41796301815
41796301745
41796301805
41796301770
41796301774
41796301804
41796301779
41796301777
41796301787
41796301816
41796301806
41796301819
41796301790
41796301792
41796301803
41796301812
41796301881
41796301884
41796301843
41796301842
41796301831
41796301886
41796301856
41796301897
41796301833
41796301859
41796301821
41796301836
41796301858
41796301845
41796301906
41796301901
41796301827
41796301824
41796301841
41796301826
41796301830
41796301860
41796301820
41796301835
41796301867
41796301869
41796301851
41796301870
41796301840
41796301855
41796301891
41796301889
41796301879
41796301890
41796301864
41796301878
41796301893
41796301857
41796301849
41796301874
41796301877
41796301882
41796301898
41796301940
41796301987
41796301961
41796301915
41796301930
41796301971
41796301964
41796301914
41796301910
41796301916
41796301911
41796301944
41796301924
41796301962
41796301986
41796301984
41796301988
41796301983
41796301913
41796301997
41796301909
41796301921
41796301912
41796301969
41796301943
41796301956
41796301918
41796301907
41796301936
41796301919
41796301953
41796301991
41796301937
41796301925
41796301967
41796301945
41796301927
41796301934
41796301941
41796301968
41796301928
41796301951
41796301920
41796301973
41796301974
41796301992
41796301999
41796301923
41796301926
41796301989
41796301960
41796301965
41796301959
41796301946
41796301995
41796301948
41796301957
41796301950
41796301972
41796301958
41796301994
41796302000
41796302005
41796302009
41796302007
41796302006
41796302023
41796302003
41796302011
41796302022
41796302020
41796302029
41796302004
41796302026
41796302019
41796302001
41796302016
41796302025
41796302018
41796302027
41796302031
41796302055
41796302076
41796302077
41796302281
41796302127
41796302051
41796302198
41796302046
41796302074
41796302047
41796302038
41796302101
41796302197
41796302106
41796302108
41796302037
41796302153
41796302104
41796302060
41796302066
41796302034
41796302058
41796302140
41796302194
41796302088
41796302080
41796302124
41796302133
41796302123
41796302042
41796302172
41796302116
41796302090
41796302131
41796302120
41796302202
41796302209
41796302208
41796302247
41796302083
41796302241
41796302059
41796302048
41796302065
41796302192
41796302100
41796302210
41796302087
41796302098
41796302224
41796302033
41796302094
41796302102
41796302049
41796302110
41796302085
41796302069
41796302179
41796302079
41796302214
41796302089
41796302144
41796302111
41796302283
41796302145
41796302112
41796302130
41796302239
41796302228
41796302219
41796302230
41796302306
41796302188
41796302222
41796302267
41796302260
41796302242
41796302115
41796302167
41796302062
41796302141
41796302246
41796302186
41796302271
41796302182
41796302217
41796302035
41796302054
41796302236
41796302041
41796302082
41796302331
41796302147
41796302302
41796302333
41796302105
41796302143
41796302250
41796302081
41796302278
41796302159
41796302125
41796302350
41796302201
41796302299
41796302215
41796302325
41796302204
41796302142
41796302103
41796302162
41796302327
41796302157
41796302155
41796302114
41796302225
41796302191
41796302275
41796302237
41796302229
41796302092
41796302258
41796302195
41796302176
41796302338
41796302244
41796302300
41796302284
41796302227
41796302223
41796302342
41796302057
41796302285
41796302163
41796302177
41796302187
41796302206
41796302324
41796302318
41796302266
41796302218
41796302292
41796302272
41796302249
41796302349
41796302262
41796302170
41796302189
41796302265
41796302268
41796302288
41796302276
41796302335
41796302297
41796302347
41796302238
41796302248
41796302287
41796302166
41796302301
41796302274
41796302071
41796302305
41796302256
41796302171
41796302328
41796302295
41796302290
41796302263
41796302316
41796302323
41796302293
41796302251
41796302337
41796302330
41796302289
41796302039
41796302291
41796302309
41796302334
41796302286
41796302270
41796302279
41796302320
41796302311
41796302322
41796302345
41796302355
41796302377
41796302375
41796302352
41796302351
41796302366
41796302380
41796302359
41796302357
41796302369
41796302378
41796302364
41796302376
41796302358
41796302354
41796302371
41796302373
41796302362
41796302370
41796302367
41796302381
41796302548
41796302599
41796302415
41796302432
41796302638
41796302390
41796302543
41796302575
41796302608
41796302389
41796302401
41796302399
41796302419
41796302417
41796302519
41796302502
41796302423
41796302427
41796302446
41796302450
41796302385
41796302424
41796302477
41796302480
41796302515
41796302404
41796302442
41796302463
41796302439
41796302470
41796302384
41796302388
41796302462
41796302471
41796302443
41796302591
41796302426
41796302493
41796302400
41796302478
41796302536
41796302550
41796302517
41796302428
41796302508
41796302565
41796302452
41796302405
41796302546
41796302422
41796302629
41796302609
41796302628
41796302383
41796302514
41796302416
41796302418
41796302409
41796302671
41796302571
41796302456
41796302532
41796302394
41796302595
41796302529
41796302479
41796302489
41796302484
41796302475
41796302553
41796302403
41796302451
41796302510
41796302666
41796302579
41796302447
41796302490
41796302527
41796302540
41796302689
41796302503
41796302531
41796302402
41796302657
41796302633
41796302513
41796302641
41796302431
41796302533
41796302524
41796302613
41796302472
41796302584
41796302474
41796302625
41796302407
41796302435
41796302557
41796302680
41796302521
41796302485
41796302617
41796302603
41796302438
41796302686
41796302544
41796302412
41796302476
41796302528
41796302487
41796302525
41796302444
41796302688
41796302526
41796302664
41796302500
41796302649
41796302677
41796302491
41796302434
41796302539
41796302541
41796302518
41796302683
41796302656
41796302464
41796302486
41796302534
41796302445
41796302611
41796302648
41796302393
41796302458
41796302634
41796302507
41796302459
41796302512
41796302693
41796302642
41796302506
41796302692
41796302436
41796302663
41796302697
41796302636
41796302637
41796302563
41796302466
41796302448
41796302607
41796302675
41796302696
41796302624
41796302554
41796302596
41796302660
41796302690
41796302604
41796302585
41796302545
41796302645
41796302537
41796302658
41796302651
41796302600
41796302640
41796302646
41796302589
41796302647
41796302457
41796302469
41796302467
41796302687
41796302558
41796302564
41796302602
41796302679
41796302483
41796302509
41796302674
41796302593
41796302668
41796302618
41796302701
41796302719
41796302706
41796302730
41796302714
41796302718
41796302711
41796302727
41796302721
41796302700
41796302702
41796302723
41796302704
41796302729
41796302703
41796302720
41796302713
41796302717
41796302737
41796302755
41796302790
41796302752
41796302787
41796302766
41796302732
41796302734
41796302751
41796302762
41796302754
41796302744
41796302743
41796302771
41796302791
41796302761
41796302767
41796302789
41796302749
41796302782
41796302775
41796302748
41796302780
41796302785
41796302788
41796302735
41796302741
41796302770
41796302800
41796302830
41796302796
41796302802
41796302805
41796302833
41796302828
41796302846
41796302835
41796302824
41796302799
41796302808
41796302818
41796302851
41796302809
41796302806
41796302812
41796302816
41796302807
41796302811
41796302838
41796302814
41796302826
41796302813
41796302845
41796302794
41796302817
41796302843
41796302837
41796302822
41796302850
41796302823
41796302852
41796302866
41796302857
41796302910
41796302870
41796302889
41796302898
41796302877
41796302899
41796302906
41796302874
41796302878
41796302881
41796302879
41796302892
41796302854
41796302903
41796302890
41796302868
41796302855
41796302856
41796302882
41796302863
41796302876
41796302885
41796302853
41796302875
41796302859
41796302880
41796302902
41796302904
41796302867
41796302871
41796302894
41796302888
41796302908
41796302887
41796302907
41796302992
41796302939
41796302931
41796302915
41796302928
41796302923
41796302984
41796302949
41796302983
41796302987
41796302918
41796302929
41796302916
41796302999
41796302954
41796302974
41796302978
41796302917
41796302965
41796302986
41796302997
41796302959
41796302960
41796302947
41796302975
41796302924
41796302988
41796302935
41796302920
41796302990
41796302912
41796302921
41796302964
41796302932
41796302926
41796302914
41796302982
41796302976
41796302934
41796302953
41796302937
41796302995
41796302979
41796302943
41796302966
41796302948
41796302956
41796302993
41796302989
41796308000
41796308002
41796308008
41796308032
41796308011
41796308009
41796308015
41796308006
41796308001
41796308012
41796308010
41796308020
41796308030
41796308024
41796308025
41796308019
41796308028
41796308003
41796308029
41796308050
41796308111
41796308023
41796308039
41796308061
41796308114
41796308067
41796308075
41796308091
41796308124
41796308120
41796308147
41796308037
41796308158
41796308143
41796308084
41796308069
41796308110
41796308240
41796308351
41796308070
41796308131
41796308121
41796308238
41796308034
41796308272
41796308092
41796308017
41796308486
41796308141
41796308372
41796308154
41796308132
41796308155
41796308228
41796308043
41796308056
41796308100
41796308206
41796308224
41796308080
41796308096
41796308243
41796308040
41796308207
41796308460
41796308103
41796308072
41796308181
41796308144
41796308097
41796308344
41796308276
41796308213
41796308057
41796308134
41796308105
41796308565
41796308038
41796308254
41796308065
41796308163
41796308150
41796308170
41796308082
41796308090
41796308275
41796308058
41796308095
41796308051
41796308583
41796308106
41796308113
41796308149
41796308262
41796308723
41796308153
41796308635
41796308293
41796308777
41796308221
41796308166
41796308287
41796308430
41796308230
41796308256
41796308394
41796308109
41796308657
41796308455
41796308195
41796308033
41796308443
41796308164
41796308271
41796308584
41796308580
41796308159
41796308129
41796308203
41796308126
41796308444
41796308252
41796308098
41796308108
41796308757
41796308232
41796308823
41796308190
41796308152
41796308184
41796308341
41796308102
41796308522
41796308328
41796308503
41796308526
41796308991
41796308404
41796308118
41796308168
41796308470
41796308189
41796308507
41796308381
41796308363
41796308747
41796308171
41796308160
41796308594
41796308179
41796308123
41796308748
41796308407
41796308781
41796308336
41796308426
41796308161
41796308603
41796308194
41796308270
41796308335
41796308557
41796308148
41796308285
41796308375
41796308193
41796308488
41796308567
41796308406
41796308261
41796308816
41796308429
41796308646
41796308343
41796308428
41796308099
41796308385
41796308188
41796308558
41796308242
41796308288
41796308307
41796308542
41796308313
41796308128
41796308142
41796308438
41796308250
41796308281
41796308702
41796308286
41796308392
41796308414
41796308422
41796308439
41796308244
41796308227
41796308358
41796308318
41796308116
41796308208
41796308249
41796308629
41796308362
41796308234
41796308349
41796308574
41796308209
41796308617
41796308449
41796308650
41796308059
41796308712
41796308064
41796308925
41796308502
41796308477
41796308310
41796308779
41796308331
41796308509
41796308661
41796308445
41796308641
41796308215
41796308689
41796308376
41796308241
41796308775
41796308440
41796308323
41796308505
41796308769
41796308356
41796308654
41796308786
41796308133
41796308187
41796308626
41796308545
41796308700
41796308604
41796308205
41796308333
41796308571
41796308338
41796308268
41796308201
41796308432
41796308125
41796308217
41796308499
41796308471
41796308658
41796308694
41796308805
41796308852
41796308592
41796308315
41796308216
41796308820
41796308265
41796308236
41796308547
41796308548
41796308191
41796308532
41796308511
41796308365
41796308388
41796308644
41796308590
41796308623
41796308309
41796308917
41796308487
41796308919
41796308767
41796308591
41796308840
41796308724
41796308848
41796308677
41796308688
41796308595
41796308411
41796308390
41796308453
41796308427
41796308669
41796308882
41796308447
41796308979
41796308663
41796308555
41796308711
41796308546
41796308966
41796308361
41796308450
41796308419
41796308498
41796308519
41796308995
41796308676
41796308332
41796308506
41796308570
41796308395
41796308832
41796308795
41796308809
41796308436
41796308472
41796308368
41796308907
41796308544
41796308969
41796308537
41796308664
41796308618
41796308662
41796308606
41796308521
41796308468
41796308637
41796308674
41796308911
41796308556
41796308550
41796308716
41796308446
41796308562
41796308834
41796308774
41796308373
41796308535
41796308682
41796308866
41796308719
41796308817
41796308728
41796308625
41796308912
41796308614
41796308461
41796308730
41796308692
41796308733
41796308831
41796308581
41796308937
41796308622
41796308704
41796308722
41796308364
41796308612
41796308800
41796308751
41796308976
41796308904
41796308586
41796308610
41796308602
41796308340
41796308605
41796308698
41796308538
41796308551
41796308222
41796308709
41796308713
41796308975
41796308915
41796308599
41796308928
41796308791
41796308480
41796308870
41796308797
41796308849
41796308889
41796308693
41796308895
41796308807
41796308524
41796308806
41796308531
41796308705
41796308923
41796308589
41796308828
41796308479
41796308642
41796308725
41796308651
41796308434
41796308855
41796308597
41796308459
41796308964
41796308314
41796308577
41796308176
41796308799
41796308678
41796308721
41796308638
41796308766
41796308901
41796308862
41796308225
41796308980
41796308833
41796308448
41796308936
41796308843
41796308736
41796308451
41796308935
41796308649
41796308818
41796308572
41796308478
41796308707
41796308877
41796308857
41796308778
41796308897
41796308838
41796308836
41796308835
41796308418
41796308908
41796308981
41796308508
41796308854
41796308598
41796308888
41796308348
41796308494
41796308847
41796308671
41796308983
41796308942
41796308624
41796308420
41796308960
41796308539
41796308517
41796308878
41796308561
41796308495
41796308683
41796308666
41796308891
41796308858
41796308959
41796308988
41796308955
41796308943
41796308648
41796308768
41796308992
41796308787
41796308863
41796308952
41796308684
41796308575
41796308813
41796308977
41796308867
41796308714
41796308839
41796308360
41796308997
41796308773
41796308967
41796308789
41796308954
41796308896
41796308785
41796308476
41796308864
41796308879
41796308703
41796308533
41796308899
41796308670
41796308437
41796308973
41796308963
41796308466
41796308900
41796308929
41796308984
41796308653
41796308783
41796308851
41796308543
41796308970
41796308536
41796308881
41796308541
41796308903
41796308770
41796308890
41796308861
41796308822
41796308946
41796308972
41796308745
41796308968
41796308945
41796308856
41796308701
41796308267
41796308880
41796308859
41796308814
41796308697
41796308750
41796308759
41796308939
41796308876
41796308950
41796308940
41796308931
41796308355
41796308825
41796308932
41796308918
41796308974
41796308410
41796308875
41796308441
41796308790
41796308656
41796308613
41796308958
41796307000
41796307017
41796307011
41796307001
41796307005
41796307025
41796307033
41796307031
41796307019
41796307014
41796307004
41796307020
41796307003
41796307024
41796307027
41796307013
41796307030
41796307018
41796307021
41796307254
41796307362
41796307037
41796307045
41796307063
41796307066
41796307084
41796307091
41796307110
41796307107
41796307174
41796307116
41796307123
41796307136
41796307181
41796307188
41796307038
41796307062
41796307041
41796307047
41796307089
41796307068
41796307119
41796307337
41796307171
41796307173
41796307210
41796307065
41796307207
41796307228
41796307071
41796307223
41796307067
41796307104
41796307214
41796307266
41796307043
41796307072
41796307090
41796307187
41796307134
41796307081
41796307109
41796307189
41796307052
41796307555
41796307155
41796307105
41796307183
41796307242
41796307152
41796307388
41796307114
41796307262
41796307080
41796307103
41796307277
41796307268
41796307100
41796307118
41796307256
41796307130
41796307145
41796307036
41796307292
41796307182
41796307087
41796307129
41796307095
41796307054
41796307350
41796307190
41796307112
41796307082
41796307059
41796307132
41796307272
41796307069
41796307400
41796307056
41796307070
41796307074
41796307315
41796307505
41796307491
41796307121
41796307085
41796307140
41796307050
41796307275
41796307218
41796307296
41796307230
41796307249
41796307263
41796307201
41796307250
41796307204
41796307422
41796307314
41796307157
41796307106
41796307167
41796307244
41796307127
41796307443
41796307460
41796307125
41796307752
41796307348
41796307143
41796307773
41796307494
41796307097
41796307455
41796307622
41796307386
41796307545
41796307532
41796307169
41796307391
41796307283
41796307547
41796307265
41796307184
41796307520
41796307209
41796307302
41796307442
41796307079
41796307358
41796307311
41796307276
41796307162
41796307153
41796307135
41796307305
41796307172
41796307241
41796307185
41796307441
41796307651
41796307627
41796307531
41796307479
41796307151
41796307612
41796307245
41796307295
41796307233
41796307379
41796307246
41796307601
41796307308
41796307458
41796307604
41796307312
41796307473
41796307226
41796307284
41796307396
41796307480
41796307217
41796307533
41796307147
41796307099
41796307357
41796307463
41796307452
41796307673
41796307333
41796307415
41796307252
41796307541
41796307196
41796307303
41796307589
41796307454
41796307313
41796307212
41796307360
41796307619
41796307560
41796307321
41796307243
41796307769
41796307385
41796307255
41796307093
41796307706
41796307583
41796307812
41796307392
41796307671
41796307525
41796307408
41796307280
41796307178
41796307890
41796307549
41796307234
41796307833
41796307345
41796307331
41796307472
41796307259
41796307447
41796307577
41796307154
41796307683
41796307543
41796307381
41796307186
41796307571
41796307694
41796307425
41796307160
41796307684
41796307484
41796307373
41796307573
41796307402
41796307630
41796307247
41796307432
41796307369
41796307608
41796307327
41796307322
41796307900
41796307658
41796307175
41796307587
41796307316
41796307332
41796307707
41796307326
41796307967
41796307559
41796307278
41796307465
41796307282
41796307610
41796307788
41796307267
41796307507
41796307521
41796307462
41796307231
41796307637
41796307811
41796307903
41796307449
41796307273
41796307575
41796307989
41796307702
41796307412
41796307281
41796307299
41796307913
41796307716
41796307524
41796307609
41796307801
41796307269
41796307544
41796307590
41796307341
41796307748
41796307699
41796307909
41796307346
41796307797
41796307618
41796307459
41796307426
41796307552
41796307534
41796307420
41796307834
41796307779
41796307165
41796307772
41796307931
41796307705
41796307298
41796307951
41796307413
41796307663
41796307757
41796307354
41796307530
41796307624
41796307662
41796307970
41796307914
41796307750
41796307665
41796307170
41796307399
41796307724
41796307335
41796307471
41796307221
41796307410
41796307380
41796307720
41796307568
41796307636
41796307978
41796307826
41796307537
41796307741
41796307790
41796307548
41796307232
41796307578
41796307264
41796307688
41796307596
41796307394
41796307556
41796307566
41796307290
41796307729
41796307433
41796307759
41796307591
41796307964
41796307456
41796307852
41796307542
41796307949
41796307607
41796307798
41796307606
41796307838
41796307440
41796307553
41796307625
41796307467
41796307535
41796307557
41796307850
41796307478
41796307285
41796307370
41796307211
41796307469
41796307620
41796307888
41796307576
41796307495
41796307349
41796307375
41796307808
41796307551
41796307655
41796307393
41796307932
41796307297
41796307372
41796307428
41796307872
41796307475
41796307937
41796307864
41796307431
41796307837
41796307875
41796307722
41796307482
41796307646
41796307691
41796307499
41796307574
41796307374
41796307860
41796307715
41796307600
41796307261
41796307309
41796307493
41796307584
41796307817
41796307430
41796307485
41796307859
41796307236
41796307905
41796307667
41796307451
41796307664
41796307633
41796307781
41796307806
41796307615
41796307686
41796307894
41796307476
41796307784
41796307563
41796307503
41796307766
41796307725
41796307732
41796307648
41796307944
41796307887
41796307661
41796307334
41796307395
41796307774
41796307492
41796307814
41796307617
41796307753
41796307270
41796307758
41796307980
41796307652
41796307304
41796307643
41796307514
41796307810
41796307687
41796307943
41796307739
41796307397
41796307342
41796307656
41796307594
41796307639
41796307678
41796307733
41796307802
41796307793
41796307674
41796307513
41796307906
41796307569
41796307501
41796307880
41796307448
41796307689
41796307809
41796307792
41796307390
41796307767
41796307997
41796307529
41796307679
41796307745
41796307863
41796307696
41796307898
41796307714
41796307717
41796307730
41796307935
41796307616
41796307858
41796307446
41796307500
41796307928
41796307572
41796307805
41796307613
41796307988
41796307789
41796307749
41796307922
41796307795
41796307835
41796307957
41796307946
41796307760
41796307755
41796307856
41796307849
41796307445
41796307710
41796307464
41796307634
41796307990
41796307866
41796307910
41796307908
41796307800
41796307879
41796307994
41796307920
41796307907
41796307883
41796307588
41796307942
41796307831
41796307934
41796307924
41796307915
41796307762
41796307874
41796307886
41796307984
41796307885
41796307861
41796307693
41796307815
41796307904
41796307868
41796307626
41796307939
41796307708
41796307765
41796307954
41796307976
41796307631
41796307782
41796307882
41796307891
41796307952
41796307902
41796307698
41796307740
41796307897
41796307973
41796307884
41796307987
41796307962
41796307965
41796307592
41796307983
41796307677
41796307775
