41799275011
41799275031
41799275029
41799275024
41799275005
41799275019
41799275025
41799275015
41799275008
41799275010
41799275022
41799275034
41799275090
41799275006
41799275082
41799275017
41799275217
41799275048
41799275047
41799275105
41799275051
41799275131
41799275058
41799275052
41799275079
41799275066
41799275326
41799275207
41799275198
41799275075
41799275033
41799275035
41799275077
41799275122
41799275134
41799275038
41799275260
41799275327
41799275073
41799275080
41799275307
41799275113
41799275201
41799275089
41799275228
41799275250
41799275180
41799275123
41799275208
41799275036
41799275172
41799275087
41799275235
41799275214
41799275500
41799275096
41799275506
41799275071
41799275316
41799275064
41799275104
41799275237
41799275133
41799275481
41799275078
41799275369
41799275409
41799275044
41799275232
41799275193
41799275256
41799275197
41799275254
41799275083
41799275126
41799275418
41799275512
41799275303
41799275037
41799275324
41799275233
41799275181
41799275244
41799275478
41799275375
41799275106
41799275196
41799275314
41799275417
41799275229
41799275261
41799275476
41799275399
41799275384
41799275366
41799275597
41799275206
41799275241
41799275387
41799275503
41799275372
41799275225
41799275171
41799275069
41799275057
41799275474
41799275486
41799275227
41799275377
41799275166
41799275226
41799275755
41799275249
41799275283
41799275568
41799275177
41799275346
41799275274
41799275287
41799275710
41799275646
41799275100
41799275091
41799275796
41799275325
41799275110
41799275761
41799275413
41799275564
41799275489
41799275137
41799275291
41799275530
41799275556
41799275696
41799275143
41799275140
41799275738
41799275699
41799275222
41799275633
41799275339
41799275355
41799275097
41799275526
41799275498
41799275373
41799275687
41799275317
41799275253
41799275202
41799275592
41799275732
41799275278
41799275281
41799275218
41799275434
41799275473
41799275269
41799275129
41799275148
41799275288
41799275705
41799275933
41799275364
41799275393
41799275465
41799275200
41799275692
41799275883
41799275114
41799275397
41799275258
41799275422
41799275766
41799275624
41799275431
41799275900
41799275502
41799275380
41799275496
41799275230
41799275875
41799275536
41799275571
41799275627
41799275383
41799275239
41799275727
41799275242
41799275525
41799275826
41799275942
41799275520
41799275159
41799275175
41799275219
41799275867
41799275951
41799275352
41799275297
41799275311
41799275342
41799275849
41799275756
41799275943
41799275335
41799275421
41799275659
41799275947
41799275294
41799275411
41799275508
41799275168
41799275468
41799275245
41799275306
41799275700
41799275521
41799275735
41799275617
41799275715
41799275266
41799275589
41799275320
41799275661
41799275466
41799275477
41799275295
41799275356
41799275343
41799275300
41799275169
41799275566
41799275575
41799275547
41799275347
41799275679
41799275653
41799275767
41799275549
41799275532
41799275515
41799275573
41799275584
41799275211
41799275879
41799275825
41799275501
41799275583
41799275789
41799275578
41799275519
41799275447
41799275402
41799275716
41799275459
41799275724
41799275528
41799275367
41799275698
41799275420
41799275657
41799275886
41799275224
41799275919
41799275445
41799275832
41799275290
41799275461
41799275332
41799275535
41799275885
41799275433
41799275527
41799275626
41799275391
41799275361
41799275523
41799275541
41799275395
41799275438
41799275298
41799275718
41799275381
41799275432
41799275424
41799275488
41799275414
41799275672
41799275842
41799275557
41799275837
41799275479
41799275620
41799275948
41799275779
41799275797
41799275734
41799275884
41799275426
41799275345
41799275280
41799275553
41799275760
41799275601
41799275581
41799275516
41799275904
41799275869
41799275448
41799275554
41799275957
41799275640
41799275243
41799275497
41799275804
41799275806
41799275690
41799275680
41799275871
41799275538
41799275567
41799275599
41799275770
41799275616
41799275487
41799275887
41799275940
41799275810
41799275852
41799275894
41799275577
41799275550
41799275607
41799275740
41799275744
41799275463
41799275721
41799275623
41799275949
41799275632
41799275669
41799275881
41799275979
41799275504
41799275510
41799275873
41799275639
41799275737
41799275929
41799275961
41799275629
41799275752
41799275795
41799275684
41799275787
41799275604
41799275730
41799275703
41799275984
41799275588
41799275905
41799275967
41799275924
41799275914
41799275467
41799275681
41799275635
41799275565
41799275812
41799275673
41799275754
41799275938
41799275775
41799275975
41799275976
41799275655
41799275772
41799275876
41799275660
41799275990
41799275890
41799275717
41799275992
41799275880
41799275895
41799275899
41799275936
41799275768
41799275986
41799275836
41799275985
41799275841
41799275988
41799275517
41799275720
41799274010
41799274028
41799274026
41799274017
41799274011
41799274004
41799274021
41799274030
41799274016
41799274020
41799274019
41799274007
41799274024
41799274025
41799274157
41799274162
41799274203
41799274090
41799274080
41799274042
41799274045
41799274048
41799274216
41799274070
41799274066
41799274271
41799274060
41799274073
41799274056
41799274102
41799274061
41799274084
41799274189
41799274129
41799274236
41799274096
41799274222
41799274144
41799274246
41799274037
41799274100
41799274273
41799274044
41799274127
41799274068
41799274039
41799274107
41799274551
41799274038
41799274232
41799274092
41799274054
41799274358
41799274208
41799274421
41799274036
41799274103
41799274347
41799274212
41799274285
41799274111
41799274245
41799274348
41799274160
41799274146
41799274280
41799274159
41799274257
41799274283
41799274315
41799274152
41799274154
41799274057
41799274325
41799274383
41799274167
41799274400
41799274237
41799274150
41799274185
41799274074
41799274158
41799274043
41799274114
41799274299
41799274234
41799274451
41799274298
41799274370
41799274098
41799274628
41799274063
41799274199
41799274432
41799274156
41799274378
41799274307
41799274182
41799274256
41799274339
41799274363
41799274251
41799274224
41799274113
41799274124
41799274610
41799274123
41799274511
41799274346
41799274223
41799274491
41799274613
41799274219
41799274372
41799274213
41799274297
41799274270
41799274709
41799274349
41799274101
41799274464
41799274481
41799274592
41799274221
41799274047
41799274802
41799274763
41799274313
41799274820
41799274567
41799274842
41799274470
41799274130
41799274153
41799274559
41799274398
41799274244
41799274397
41799274194
41799274175
41799274263
41799274258
41799274566
41799274798
41799274549
41799274728
41799274345
41799274694
41799274433
41799274594
41799274542
41799274582
41799274708
41799274488
41799274540
41799274446
41799274375
41799274584
41799274465
41799274827
41799274816
41799274913
41799274281
41799274379
41799274524
41799274303
41799274410
41799274560
41799274386
41799274415
41799274252
41799274839
41799274691
41799274165
41799274779
41799274354
41799274977
41799274466
41799274323
41799274659
41799274785
41799274218
41799274390
41799274440
41799274228
41799274335
41799274669
41799274654
41799274714
41799274732
41799274181
41799274503
41799274309
41799274492
41799274319
41799274762
41799274275
41799274666
41799274685
41799274620
41799274704
41799274845
41799274746
41799274789
41799274653
41799274455
41799274411
41799274587
41799274648
41799274392
41799274277
41799274737
41799274585
41799274458
41799274595
41799274443
41799274326
41799274683
41799274473
41799274578
41799274859
41799274636
41799274904
41799274445
41799274863
41799274885
41799274778
41799274368
41799274829
41799274321
41799274502
41799274892
41799274686
41799274923
41799274624
41799274915
41799274394
41799274743
41799274337
41799274577
41799274403
41799274631
41799274788
41799274760
41799274646
41799274706
41799274612
41799274520
41799274510
41799274408
41799274869
41799274561
41799274476
41799274985
41799274522
41799274725
41799274830
41799274603
41799274705
41799274713
41799274841
41799274900
41799274852
41799274765
41799274427
41799274674
41799274791
41799274950
41799274480
41799274255
41799274911
41799274389
41799274921
41799274956
41799274616
41799274926
41799274943
41799274576
41799274554
41799274602
41799274342
41799274639
41799274608
41799274606
41799274807
41799274493
41799274622
41799274331
41799274966
41799274823
41799274924
41799274782
41799274528
41799274677
41799274627
41799274664
41799274927
41799274761
41799274535
41799274942
41799274878
41799274902
41799274718
41799274905
41799274978
41799274833
41799274550
41799274784
41799274972
41799274721
41799274907
41799274647
41799274635
41799274726
41799274711
41799274312
41799274843
41799274930
41799274836
41799274571
41799274891
41799274640
41799274340
41799274871
41799274884
41799274979
41799274645
41799274897
41799274475
41799274838
41799274994
41799274893
41799274355
41799274658
41799274888
41799274787
41799274373
41799274644
41799274783
41799274670
41799274617
41799274729
41799274744
41799274681
41799274663
41799274935
41799274472
41799274741
41799274667
41799274887
41799274983
41799274965
41799274707
41799274939
41799274486
41799274797
41799274976
41799274933
41799274722
41799274960
41799274857
41799274665
41799274770
41799274826
41799274814
41799274890
41799274993
41799274849
41799274834
41799274937
41799274507
41799274837
41799274895
41799274580
41799274864
41799274958
41799276009
41799276021
41799276029
41799276024
41799276003
41799276006
41799276017
41799276001
41799276014
41799276020
41799276005
41799276010
41799276004
41799276023
41799276032
41799276028
41799276080
41799276143
41799276059
41799276119
41799276037
41799276203
41799276087
41799276063
41799276070
41799276079
41799276164
41799276091
41799276201
41799276122
41799276101
41799276038
41799276053
41799276226
41799276048
41799276121
41799276301
41799276198
41799276107
41799276097
41799276060
41799276156
41799276202
41799276061
41799276232
41799276095
41799276145
41799276146
41799276341
41799276229
41799276116
41799276052
41799276089
41799276157
41799276241
41799276067
41799276082
41799276058
41799276092
41799276190
41799276065
41799276076
41799276077
41799276138
41799276318
41799276293
41799276270
41799276111
41799276160
41799276312
41799276163
41799276219
41799276057
41799276271
41799276040
41799276090
41799276075
41799276186
41799276126
41799276127
41799276034
41799276153
41799276307
41799276287
41799276094
41799276258
41799276211
41799276208
41799276346
41799276106
41799276064
41799276328
41799276154
41799276277
41799276158
41799276152
41799276263
41799276320
41799276104
41799276178
41799276313
41799276300
41799276248
41799276166
41799276221
41799276096
41799276283
41799276272
41799276317
41799276265
41799276045
41799276296
41799276212
41799276167
41799276264
41799276217
41799276210
41799276206
41799276165
41799276235
41799276308
41799276118
41799276161
41799276336
41799276251
41799276204
41799276155
41799276303
41799276253
41799276159
41799276292
41799276347
41799276345
41799276295
41799276325
41799276196
41799276189
41799276319
41799276243
41799276286
41799276311
41799276299
41799276333
41799276170
41799276274
41799276327
41799276205
41799276236
41799276290
41799276365
41799276355
41799276351
41799276366
41799276373
41799276352
41799276358
41799276361
41799276377
41799276448
41799276393
41799276542
41799276425
41799276386
41799276395
41799276406
41799276420
41799276469
41799276571
41799276473
41799276541
41799276492
41799276397
41799276472
41799276402
41799276462
41799276426
41799276554
41799276451
41799276522
41799276592
41799276449
41799276506
41799276621
41799276599
41799276626
41799276459
41799276689
41799276436
41799276387
41799276480
41799276441
41799276639
41799276539
41799276630
41799276411
41799276544
41799276466
41799276653
41799276577
41799276432
41799276429
41799276611
41799276447
41799276583
41799276508
41799276545
41799276427
41799276637
41799276470
41799276613
41799276566
41799276618
41799276433
41799276664
41799276690
41799276491
41799276519
41799276460
41799276467
41799276440
41799276418
41799276673
41799276457
41799276576
41799276516
41799276648
41799276505
41799276597
41799276593
41799276677
41799276495
41799276685
41799276607
41799276616
41799276437
41799276632
41799276680
41799276590
41799276627
41799276549
41799276434
41799276558
41799276494
41799276526
41799276604
41799276482
41799276511
41799276564
41799276614
41799276688
41799276600
41799276686
41799276520
41799276606
41799276518
41799276424
41799276563
41799276547
41799276619
41799276483
41799276588
41799276596
41799276443
41799276612
41799276605
41799276523
41799276681
41799276674
41799276444
41799276670
41799276655
41799276683
41799276694
41799276656
41799276476
41799276666
41799276486
41799276636
41799276610
41799276633
41799276552
41799276484
41799276646
41799276510
41799276580
41799276663
41799276595
41799276662
41799276660
41799276716
41799276711
41799276715
41799276719
41799276705
41799276718
41799276729
41799276709
41799276702
41799276727
41799276730
41799276720
41799276700
41799276707
41799276687
41799276787
41799276779
41799276752
41799276785
41799276788
41799276732
41799276762
41799276759
41799276737
41799276777
41799276764
41799276763
41799276774
41799276761
41799276734
41799276782
41799276756
41799276733
41799276770
41799276760
41799276791
41799276773
41799276786
41799276738
41799276735
41799276780
41799276757
41799276736
41799276769
41799276805
41799276829
41799276832
41799276809
41799276813
41799276874
41799276837
41799276855
41799276864
41799276824
41799276811
41799276806
41799276826
41799276846
41799276828
41799276857
41799276820
41799276872
41799276797
41799276865
41799276834
41799276812
41799276803
41799276840
41799276848
41799276870
41799276821
41799276801
41799276862
41799276856
41799276873
41799276850
41799276878
41799276830
41799276810
41799276808
41799276853
41799276900
41799276938
41799276884
41799276899
41799276896
41799276910
41799276948
41799276946
41799276887
41799276933
41799276892
41799276897
41799276944
41799276958
41799276951
41799276918
41799276919
41799276964
41799276929
41799276931
41799276901
41799276937
41799276963
41799276949
41799276960
41799276974
41799276997
41799276982
41799276996
41799276993
41799276991
41799276989
41799276983
41799276970
41799276979
41799276967
41799276966
41799276984
41799276980
41799276971
41799276977
41799276968
41799270000
41799270013
41799270012
41799270017
41799270010
41799270028
41799270032
41799270019
41799270046
41799270118
41799270027
41799270287
41799270085
41799270058
41799270035
41799270201
41799270131
41799270057
41799270100
41799270145
41799270346
41799270091
41799270107
41799270084
41799270183
41799270258
41799270064
41799270059
41799270295
41799270356
41799270141
41799270061
41799270342
41799270207
41799270039
41799270111
41799270293
41799270109
41799270088
41799270106
41799270251
41799270245
41799270074
41799270195
41799270209
41799270212
41799270164
41799270321
41799270567
41799270125
41799270413
41799270204
41799270060
41799270179
41799270120
41799270244
41799270305
41799270476
41799270222
41799270473
41799270192
41799270409
41799270427
41799270296
41799270550
41799270542
41799270573
41799270215
41799270114
41799270278
41799270397
41799270233
41799270180
41799270749
41799270104
41799270382
41799270265
41799270266
41799270291
41799270432
41799270675
41799270175
41799270170
41799270650
41799270622
41799270228
41799270325
41799270602
41799270821
41799270477
41799270341
41799270355
41799270518
41799270586
41799270661
41799270493
41799270269
41799270336
41799270417
41799270136
41799270727
41799270776
41799270630
41799270663
41799270469
41799270648
41799270678
41799270485
41799270486
41799270312
41799270764
41799270714
41799270841
41799270720
41799270414
41799270697
41799270375
41799270516
41799270488
41799270780
41799270275
41799270826
41799270812
41799270747
41799270191
41799270436
41799270439
41799270452
41799270551
41799270190
41799270208
41799270936
41799270670
41799270688
41799270654
41799270328
41799270657
41799270660
41799270610
41799270651
41799270695
41799270673
41799270761
41799270703
41799270806
41799270370
41799270943
41799270895
41799270953
41799270377
41799270647
41799270457
41799270367
41799270704
41799270825
41799270756
41799270696
41799270631
41799270629
41799270716
41799270690
41799270770
41799270450
41799270674
41799270758
41799270947
41799270352
41799270921
41799270969
41799270525
41799270864
41799270691
41799270350
41799270777
41799270778
41799270580
41799270961
41799270990
41799270966
41799270768
41799270653
41799270962
41799270818
41799270572
41799270729
41799270844
41799270698
41799270655
41799270873
41799270881
41799270795
41799270519
41799270767
41799270898
41799270667
41799270467
41799270993
41799270967
41799270834
41799270709
41799270949
41799270496
41799270462
41799270679
41799270981
41799270597
41799270983
41799270928
41799270459
41799270681
41799270743
41799270700
41799270730
41799270940
41799270912
41799270712
41799270931
41799270682
41799270548
41799270737
41799270659
41799270948
41799270472
41799270971
41799270904
41799270996
41799270984
41799270886
41799270941
41799270693
41799270672
41799270933
41799270578
41799270925
41799270927
41799270739
41799270899
41799270623
41799270950
41799270796
41799270975
41799270979
41799270680
41799270734
41799270900
41799270836
41799270932
41799279012
41799279029
41799279014
41799279026
41799279001
41799279021
41799279015
41799279020
41799279007
41799279002
41799279019
41799279032
41799279011
41799279018
41799279037
41799279057
41799279054
41799279028
41799279084
41799279041
41799279080
41799279069
41799279096
41799279099
41799279124
41799279115
41799279074
41799279127
41799279150
41799279056
41799279194
41799279060
41799279196
41799279242
41799279296
41799279222
41799279025
41799279372
41799279035
41799279042
41799279078
41799279321
41799279116
41799279068
41799279276
41799279105
41799279033
41799279039
41799279151
41799279063
41799279287
41799279077
41799279108
41799279137
41799279071
41799279145
41799279417
41799279066
41799279271
41799279126
41799279046
41799279138
41799279311
41799279083
41799279186
41799279463
41799279298
41799279087
41799279208
41799279434
41799279147
41799279542
41799279048
41799279052
41799279266
41799279095
41799279503
41799279157
41799279237
41799279259
41799279117
41799279295
41799279093
41799279249
41799279132
41799279400
41799279179
41799279050
41799279228
41799279144
41799279432
41799279247
41799279600
41799279059
41799279462
41799279514
41799279299
41799279294
41799279111
41799279051
41799279248
41799279104
41799279024
41799279193
41799279120
41799279062
41799279160
41799279325
41799279428
41799279527
41799279085
41799279172
41799279344
41799279073
41799279420
41799279155
41799279188
41799279205
41799279707
41799279216
41799279252
41799279175
41799279339
41799279139
41799279555
41799279161
41799279457
41799279332
41799279551
41799279282
41799279355
41799279141
41799279536
41799279520
41799279446
41799279425
41799279180
41799279844
41799279411
41799279079
41799279184
41799279223
41799279313
41799279381
41799279254
41799279382
41799279119
41799279459
41799279470
41799279780
41799279058
41799279220
41799279225
41799279565
41799279251
41799279803
41799279235
41799279897
41799279341
41799279316
41799279766
41799279444
41799279918
41799279204
41799279094
41799279581
41799279754
41799279756
41799279154
41799279324
41799279320
41799279493
41799279656
41799279240
41799279930
41799279199
41799279391
41799279336
41799279359
41799279482
41799279076
41799279395
41799279418
41799279353
41799279522
41799279342
41799279544
41799279229
41799279794
41799279397
41799279489
41799279285
41799279260
41799279322
41799279655
41799279333
41799279369
41799279414
41799279466
41799279269
41799279334
41799279533
41799279262
41799279398
41799279213
41799279779
41799279253
41799279782
41799279306
41799279546
41799279362
41799279233
41799279927
41799279691
41799279502
41799279658
41799279309
41799279639
41799279556
41799279936
41799279507
41799279366
41799279280
41799279394
41799279270
41799279591
41799279950
41799279529
41799279967
41799279609
41799279272
41799279888
41799279165
41799279621
41799279219
41799279601
41799279360
41799279449
41799279847
41799279851
41799279371
41799279440
41799279410
41799279392
41799279777
41799279283
41799279923
41799279741
41799279610
41799279506
41799279668
41799279293
41799279548
41799279792
41799279416
41799279788
41799279607
41799279855
41799279558
41799279267
41799279954
41799279539
41799279887
41799279836
41799279924
41799279429
41799279370
41799279261
41799279673
41799279197
41799279742
41799279431
41799279598
41799279490
41799279435
41799279949
41799279552
41799279772
41799279545
41799279678
41799279699
41799279357
41799279931
41799279832
41799279620
41799279405
41799279632
41799279695
41799279641
41799279769
41799279574
41799279670
41799279476
41799279509
41799279795
41799279563
41799279606
41799279881
41799279562
41799279662
41799279335
41799279567
41799279902
41799279753
41799279445
41799279346
41799279633
41799279646
41799279474
41799279570
41799279579
41799279328
41799279868
41799279238
41799279734
41799279789
41799279407
41799279912
41799279828
41799279677
41799279599
41799279654
41799279721
41799279765
41799279612
41799279603
41799279602
41799279732
41799279426
41799279403
41799279430
41799279667
41799279613
41799279956
41799279649
41799279865
41799279808
41799279495
41799279755
41799279733
41799279993
41799279920
41799279686
41799279645
41799279439
41799279666
41799279657
41799279871
41799279652
41799279716
41799279940
41799279938
41799279973
41799279979
41799279644
41799279697
41799279760
41799279907
41799279985
41799279738
41799279540
41799279862
41799279531
41799279957
41799279737
41799279713
41799279688
41799279916
41799279994
41799279660
41799279900
41799279919
41799279624
41799279746
41799279995
41799279286
41799279687
41799279811
41799279977
41799279819
41799279935
41799279786
41799279708
41799279951
41799279547
41799279758
41799279604
41799279781
41799279966
41799279810
41799279422
41799279736
41799279809
41799279899
41799279929
41799279889
41799279941
41799279303
41799279797
41799279630
41799279892
41799279904
41799279880
41799279943
41799279879
41799279843
41799279647
41799279719
41799279728
41799279771
41799279896
41799279901
41799279378
41799279744
41799279969
41799279722
41799279659
41799279759
41799279867
41799279826
41799279976
41799279452
41799279790
41799279460
41799279921
41799279996
41799279852
41799279783
41799279937
41799279635
41799279895
41799279885
41799279932
41799273004
41799273001
41799273020
41799273014
41799273027
41799273012
41799273023
41799273021
41799273015
41799273018
41799273029
41799273031
41799273028
41799273007
41799273017
41799273008
41799273010
41799273046
41799273100
41799273078
41799273179
41799273059
41799273052
41799273223
41799273087
41799273138
41799273293
41799273060
41799273292
41799273086
41799273221
41799273043
41799273141
41799273033
41799273205
41799273104
41799273226
41799273063
41799273077
41799273036
41799273121
41799273109
41799273101
41799273268
41799273154
41799273196
41799273066
41799273058
41799273116
41799273224
41799273241
41799273040
41799273139
41799273330
41799273102
41799273111
41799273156
41799273088
41799273092
41799273173
41799273044
41799273247
41799273239
41799273206
41799273062
41799273215
41799273085
41799273300
41799273105
41799273288
41799273142
41799273108
41799273153
41799273093
41799273099
41799273198
41799273073
41799273270
41799273284
41799273089
41799273178
41799273333
41799273177
41799273253
41799273136
41799273200
41799273220
41799273146
41799273191
41799273166
41799273327
41799273207
41799273272
41799273144
41799273135
41799273313
41799273337
41799273233
41799273244
41799273324
41799273236
41799273065
41799273217
41799273304
41799273262
41799273228
41799273192
41799273332
41799273290
41799273095
41799273132
41799273274
41799273257
41799273183
41799273316
41799273320
41799273157
41799273347
41799273298
41799273204
41799273081
41799273329
41799273107
41799273210
41799273277
41799273311
41799273323
41799273281
41799273255
41799273130
41799273252
41799273276
41799273291
41799273167
41799273306
41799273349
41799273296
41799273225
41799273315
41799273294
41799273341
41799273345
41799273339
41799273264
41799273282
41799273335
41799273180
41799273340
41799273322
41799273334
41799273366
41799273359
41799273371
41799273379
41799273381
41799273354
41799273356
41799273382
41799273362
41799273355
41799273364
41799273353
41799273361
41799273369
41799273360
41799273363
41799273372
41799273357
41799273401
41799273448
41799273383
41799273392
41799273412
41799273520
41799273398
41799273393
41799273417
41799273482
41799273486
41799273490
41799273420
41799273458
41799273437
41799273477
41799273499
41799273433
41799273419
41799273514
41799273474
41799273450
41799273484
41799273491
41799273620
41799273587
41799273538
41799273456
41799273457
41799273427
41799273505
41799273694
41799273663
41799273406
41799273422
41799273452
41799273425
41799273595
41799273390
41799273391
41799273565
41799273470
41799273431
41799273617
41799273555
41799273573
41799273616
41799273540
41799273562
41799273402
41799273536
41799273581
41799273527
41799273389
41799273534
41799273601
41799273424
41799273629
41799273539
41799273604
41799273459
41799273438
41799273679
41799273654
41799273658
41799273533
41799273698
41799273570
41799273627
41799273413
41799273561
41799273589
41799273469
41799273647
41799273513
41799273492
41799273640
41799273600
41799273556
41799273695
41799273558
41799273605
41799273586
41799273502
41799273551
41799273463
41799273547
41799273449
41799273553
41799273591
41799273521
41799273696
41799273611
41799273688
41799273435
41799273612
41799273485
41799273599
41799273439
41799273667
41799273509
41799273592
41799273687
41799273497
41799273579
41799273544
41799273460
41799273552
41799273567
41799273621
41799273684
41799273609
41799273675
41799273635
41799273510
41799273563
41799273522
41799273634
41799273554
41799273661
41799273653
41799273478
41799273624
41799273594
41799273656
41799273699
41799273622
41799273678
41799273650
41799273676
41799273569
41799273651
41799273677
41799273615
41799273672
41799273706
41799273704
41799273703
41799273701
41799273731
41799273717
41799273721
41799273720
41799273712
41799273719
41799273710
41799273726
41799273730
41799273711
41799273742
41799273773
41799273748
41799273792
41799273754
41799273744
41799273750
41799273764
41799273777
41799273740
41799273735
41799273755
41799273736
41799273760
41799273788
41799273779
41799273745
41799273783
41799273775
41799273739
41799273749
41799273769
41799273774
41799273776
41799273762
41799273791
41799273761
41799273851
41799273828
41799273801
41799273850
41799273812
41799273803
41799273815
41799273822
41799273824
41799273829
41799273796
41799273804
41799273807
41799273847
41799273798
41799273818
41799273840
41799273849
41799273797
41799273833
41799273806
41799273848
41799273821
41799273842
41799273845
41799273880
41799273865
41799273860
41799273894
41799273895
41799273904
41799273864
41799273883
41799273890
41799273884
41799273898
41799273902
41799273907
41799273903
41799273872
41799273871
41799273882
41799273866
41799273899
41799273900
41799273857
41799273878
41799273874
41799273867
41799273886
41799273910
41799273893
41799273920
41799273929
41799273939
41799273969
41799273967
41799273971
41799273928
41799273925
41799273955
41799273959
41799273965
41799273996
41799273988
41799273913
41799273912
41799273956
41799273977
41799273991
41799273918
41799273981
41799273984
41799273917
41799273942
41799273975
41799273999
41799273931
41799273936
41799273995
41799273990
41799273997
41799273973
41799273944
41799273987
41799273950
41799273998
41799273962
41799273976
41799273994
41799273982
41799273958
41799273989
41799273932
41799271000
41799271020
41799271004
41799271002
41799271012
41799271018
41799271030
41799271029
41799271015
41799271025
41799271019
41799271022
41799271028
41799271024
41799271016
41799271057
41799271093
41799271101
41799271032
41799271113
41799271056
41799271260
41799271073
41799271080
41799271042
41799271245
41799271035
41799271053
41799271074
41799271105
41799271114
41799271065
41799271087
41799271111
41799271213
41799271046
41799271164
41799271106
41799271079
41799271116
41799271175
41799271091
41799271109
41799271090
41799271284
41799271292
41799271039
41799271055
41799271034
41799271063
41799271133
41799271066
41799271207
41799271102
41799271059
41799271172
41799271075
41799271061
41799271115
41799271174
41799271037
41799271230
41799271158
41799271123
41799271097
41799271264
41799271096
41799271040
41799271051
41799271380
41799271155
41799271119
41799271204
41799271221
41799271126
41799271274
41799271280
41799271117
41799271262
41799271137
41799271317
41799271131
41799271147
41799271295
41799271275
41799271237
41799271246
41799271068
41799271219
41799271422
41799271471
41799271103
41799271196
41799271047
41799271290
41799271166
41799271423
41799271300
41799271122
41799271121
41799271368
41799271530
41799271420
41799271277
41799271574
41799271620
41799271614
41799271676
41799271355
41799271522
41799271787
41799271263
41799271210
41799271873
41799271099
41799271095
41799271318
41799271067
41799271426
41799271100
41799271707
41799271394
41799271668
41799271191
41799271225
41799271655
41799271390
41799271370
41799271601
41799271112
41799271199
41799271406
41799271224
41799271348
41799271273
41799271327
41799271258
41799271351
41799271416
41799271402
41799271573
41799271546
41799271186
41799271502
41799271600
41799271535
41799271467
41799271882
41799271861
41799271735
41799271679
41799271239
41799271232
41799271715
41799271411
41799271569
41799271302
41799271309
41799271740
41799271773
41799271686
41799271251
41799271810
41799271127
41799271510
41799271456
41799271831
41799271744
41799271875
41799271978
41799271266
41799271354
41799271532
41799271565
41799271278
41799271418
41799271377
41799271448
41799271947
41799271419
41799271727
41799271244
41799271481
41799271766
41799271697
41799271399
41799271336
41799271410
41799271824
41799271395
41799271241
41799271684
41799271551
41799271564
41799271906
41799271823
41799271763
41799271806
41799271895
41799271306
41799271555
41799271974
41799271768
41799271361
41799271709
41799271908
41799271638
41799271255
41799271357
41799271865
41799271538
41799271720
41799271725
41799271474
41799271465
41799271911
41799271438
41799271667
41799271901
41799271562
41799271733
41799271414
41799271832
41799271447
41799271623
41799271645
41799271943
41799271594
41799271868
41799271636
41799271936
41799271658
41799271956
41799271415
41799271902
41799271939
41799271892
41799271490
41799271464
41799271728
41799271736
41799271856
41799271923
41799271347
41799271596
41799271650
41799271582
41799271675
41799271732
41799271726
41799271940
41799271980
41799271572
41799271738
41799271496
41799271839
41799271739
41799271749
41799271864
41799271862
41799271608
41799271734
41799271542
41799271879
41799271977
41799271781
41799271745
41799271783
41799271628
41799271903
41799271969
41799271924
41799271703
41799271997
41799271576
41799271491
41799271656
41799271988
41799271808
41799271770
41799271909
41799271826
41799271896
41799271932
41799271981
41799271755
41799271858
41799271973
41799271652
41799271966
41799271805
41799271754
41799271643
41799271811
41799271647
41799271429
41799271762
41799271899
41799271961
41799271741
41799271964
41799271907
41799271953
41799271942
41799271891
41799271989
41799271702
41799271984
41799271706
41799271772
41799271842
41799271850
41799271800
41799272009
41799272021
41799272007
41799272003
41799272029
41799272024
41799272016
41799272020
41799272015
41799272012
41799272042
41799272067
41799272215
41799272047
41799272061
41799272035
41799272068
41799272074
41799272138
41799272146
41799272208
41799272077
41799272078
41799272090
41799272367
41799272222
41799272234
41799272225
41799272069
41799272051
41799272070
41799272064
41799272026
41799272243
41799272049
41799272207
41799272112
41799272147
41799272100
41799272240
41799272176
41799272154
41799272116
41799272129
41799272181
41799272231
41799272101
41799272311
41799272155
41799272107
41799272157
41799272485
41799272153
41799272308
41799272142
41799272301
41799272360
41799272204
41799272298
41799272249
41799272236
41799272275
41799272134
41799272361
41799272373
41799272056
41799272055
41799272239
41799272535
41799272671
41799272366
41799272368
41799272328
41799272315
41799272242
41799272493
41799272193
41799272166
41799272259
41799272062
41799272095
41799272252
41799272174
41799272443
41799272054
41799272254
41799272464
41799272377
41799272190
41799272527
41799272273
41799272411
41799272105
41799272310
41799272683
41799272088
41799272141
41799272490
41799272177
41799272087
41799272244
41799272219
41799272422
41799272292
41799272534
41799272160
41799272182
41799272277
41799272431
41799272454
41799272597
41799272175
41799272578
41799272623
41799272528
41799272338
41799272573
41799272404
41799272398
41799272550
41799272639
41799272513
41799272564
41799272191
41799272264
41799272569
41799272267
41799272312
41799272547
41799272794
41799272336
41799272931
41799272322
41799272372
41799272337
41799272355
41799272115
41799272245
41799272470
41799272494
41799272521
41799272296
41799272409
41799272230
41799272685
41799272502
41799272345
41799272447
41799272593
41799272094
41799272385
41799272241
41799272316
41799272149
41799272811
41799272358
41799272339
41799272317
41799272332
41799272572
41799272434
41799272807
41799272195
41799272600
41799272958
41799272818
41799272331
41799272507
41799272743
41799272949
41799272302
41799272429
41799272526
41799272606
41799272324
41799272503
41799272179
41799272257
41799272679
41799272603
41799272670
41799272725
41799272882
41799272320
41799272840
41799272716
41799272937
41799272439
41799272136
41799272719
41799272165
41799272566
41799272612
41799272227
41799272837
41799272379
41799272558
41799272723
41799272458
41799272482
41799272617
41799272618
41799272654
41799272427
41799272682
41799272691
41799272417
41799272189
41799272515
41799272738
41799272879
41799272274
41799272468
41799272684
41799272335
41799272489
41799272265
41799272212
41799272453
41799272767
41799272897
41799272601
41799272463
41799272722
41799272910
41799272950
41799272587
41799272708
41799272531
41799272776
41799272665
41799272581
41799272841
41799272571
41799272786
41799272370
41799272563
41799272568
41799272461
41799272765
41799272801
41799272614
41799272543
41799272770
41799272648
41799272442
41799272681
41799272669
41799272459
41799272300
41799272690
41799272740
41799272769
41799272400
41799272474
41799272198
41799272887
41799272834
41799272742
41799272696
41799272939
41799272408
41799272487
41799272410
41799272797
41799272778
41799272809
41799272697
41799272557
41799272517
41799272394
41799272969
41799272340
41799272761
41799272419
41799272800
41799272584
41799272608
41799272822
41799272498
41799272619
41799272766
41799272567
41799272998
41799272633
41799272613
41799272883
41799272450
41799272375
41799272859
41799272538
41799272238
41799272524
41799272896
41799272544
41799272646
41799272916
41799272821
41799272677
41799272923
41799272944
41799272700
41799272852
41799272712
41799272522
41799272965
41799272781
41799272510
41799272798
41799272476
41799272816
41799272846
41799272559
41799272747
41799272971
41799272371
41799272650
41799272688
41799272363
41799272865
41799272732
41799272911
41799272802
41799272472
41799272758
41799272714
41799272829
41799272640
41799272804
41799272902
41799272634
41799272552
41799272432
41799272824
41799272877
41799272637
41799272838
41799272983
41799272785
41799272561
41799272651
41799272462
41799272858
41799272952
41799272793
41799272881
41799272727
41799272744
41799272698
41799272775
41799272894
41799272658
41799272884
41799272813
41799272848
41799272870
41799272693
41799272968
41799272830
41799272995
41799272737
41799272378
41799272835
41799272707
41799272955
41799272520
41799272814
41799272863
41799272771
41799272826
41799272839
41799272605
41799272973
41799272438
41799272791
41799272773
41799272938
41799272913
41799272970
41799272545
41799272934
41799272941
41799272994
41799272907
41799272928
41799272440
41799272904
41799272728
41799272985
41799272982
41799272927
41799272768
41799272523
41799272842
41799272820
41799272964
41799272724
41799272996
41799272972
41799272947
41799272914
41799272984
41799272987
41799272628
41799272782
41799272963
41799272980
41799272976
41799272990
41799278025
41799278029
41799278020
41799278005
41799278016
41799278003
41799278014
41799278026
41799278015
41799278011
41799278022
41799278019
41799278012
41799278010
41799278018
41799278031
41799278028
41799278119
41799278237
41799278159
41799278111
41799278078
41799278084
41799278218
41799278229
41799278051
41799278210
41799278046
41799278076
41799278074
41799278089
41799278113
41799278149
41799278285
41799278150
41799278142
41799278260
41799278129
41799278134
41799278079
41799278109
41799278439
41799278254
41799278126
41799278104
41799278221
41799278045
41799278042
41799278040
41799278275
41799278117
41799278085
41799278062
41799278091
41799278246
41799278081
41799278052
41799278249
41799278177
41799278034
41799278073
41799278106
41799278110
41799278075
41799278265
41799278095
41799278097
41799278442
41799278041
41799278054
41799278114
41799278058
41799278162
41799278276
41799278361
41799278400
41799278033
41799278412
41799278107
41799278332
41799278459
41799278227
41799278323
41799278093
41799278337
41799278121
41799278299
41799278456
41799278203
41799278504
41799278178
41799278090
41799278494
41799278533
41799278578
41799278069
41799278225
41799278571
41799278371
41799278393
41799278431
41799278258
41799278277
41799278328
41799278339
41799278140
41799278714
41799278146
41799278171
41799278375
41799278138
41799278536
41799278506
41799278625
41799278087
41799278264
41799278214
41799278048
41799278222
41799278280
41799278562
41799278096
41799278502
41799278370
41799278542
41799278308
41799278505
41799278311
41799278358
41799278161
41799278566
41799278340
41799278348
41799278415
41799278633
41799278479
41799278417
41799278662
41799278360
41799278302
41799278499
41799278872
41799278336
41799278792
41799278223
41799278368
41799278167
41799278186
41799278580
41799278273
41799278579
41799278599
41799278468
41799278180
41799278351
41799278466
41799278314
41799278316
41799278932
41799278290
41799278605
41799278086
41799278289
41799278411
41799278640
41799278197
41799278183
41799278384
41799278196
41799278659
41799278443
41799278500
41799278174
41799278286
41799278784
41799278614
41799278185
41799278101
41799278929
41799278413
41799278469
41799278760
41799278322
41799278481
41799278390
41799278830
41799278660
41799278191
41799278472
41799278680
41799278886
41799278522
41799278514
41799278284
41799278531
41799278338
41799278298
41799278179
41799278467
41799278743
41799278670
41799278365
41799278508
41799278586
41799278786
41799278681
41799278764
41799278470
41799278544
41799278684
41799278440
41799278262
41799278379
41799278388
41799278457
41799278428
41799278419
41799278463
41799278703
41799278556
41799278812
41799278695
41799278807
41799278137
41799278553
41799278734
41799278819
41799278603
41799278422
41799278300
41799278559
41799278619
41799278801
41799278534
41799278198
41799278641
41799278244
41799278839
41799278805
41799278709
41799278970
41799278946
41799278689
41799278897
41799278824
41799278951
41799278618
41799278532
41799278552
41799278464
41799278876
41799278132
41799278432
41799278519
41799278349
41799278424
41799278975
41799278945
41799278613
41799278904
41799278827
41799278818
41799278708
41799278486
41799278649
41799278679
41799278721
41799278312
41799278847
41799278882
41799278777
41799278454
41799278957
41799278854
41799278849
41799278540
41799278483
41799278667
41799278518
41799278615
41799278600
41799278612
41799278803
41799278287
41799278973
41799278697
41799278565
41799278729
41799278525
41799278382
41799278648
41799278620
41799278661
41799278988
41799278925
41799278355
41799278545
41799278885
41799278476
41799278402
41799278558
41799278408
41799278630
41799278933
41799278623
41799278785
41799278845
41799278188
41799278589
41799278409
41799278713
41799278699
41799278576
41799278560
41799278890
41799278871
41799278666
41799278359
41799278851
41799278720
41799278953
41799278949
41799278780
41799278821
41799278893
41799278832
41799278363
41799278887
41799278737
41799278843
41799278744
41799278329
41799278676
41799278895
41799278979
41799278765
41799278418
41799278573
41799278931
41799278407
41799278374
41799278577
41799278963
41799278570
41799278862
41799278490
41799278811
41799278936
41799278414
41799278961
41799278609
41799278590
41799278840
41799278690
41799278767
41799278889
41799278952
41799278848
41799278604
41799278822
41799278869
41799278782
41799278971
41799278563
41799278445
41799278694
41799278938
41799278793
41799278617
41799278728
41799278790
41799278948
41799278568
41799278944
41799278783
41799278606
41799278892
41799278610
41799278398
41799278392
41799278461
41799278749
41799278855
41799278769
41799278899
41799278752
41799278582
41799278593
41799278976
41799278923
41799278958
41799278475
41799278984
41799278884
41799278488
41799278501
41799278458
41799278989
41799278918
41799278794
41799278808
41799278206
41799278677
41799278539
41799278797
41799278962
41799278844
41799278650
41799278891
41799278572
41799278863
41799278495
41799278828
41799278991
41799278997
41799278798
41799278637
41799278921
41799278993
41799278672
41799278513
41799278700
41799278634
41799278995
41799278919
41799278816
41799278763
41799278959
41799278956
41799278908
41799278696
41799278941
41799278906
41799278901
41799278994
41799278909
41799278954
41799278657
41799278883
41799278966
41799277007
41799277006
41799277017
41799277004
41799277010
41799277009
41799277024
41799277025
41799277013
41799277031
41799277011
41799277001
41799277018
41799277019
41799277030
41799277090
41799277185
41799277199
41799277163
41799277060
41799277047
41799277074
41799277067
41799277044
41799277081
41799277109
41799277115
41799277110
41799277034
41799277169
41799277037
41799277087
41799277072
41799277294
41799277050
41799277196
41799277338
41799277065
41799277168
41799277247
41799277260
41799277236
41799277170
41799277116
41799277083
41799277152
41799277126
41799277244
41799277302
41799277142
41799277038
41799277106
41799277033
41799277100
41799277144
41799277118
41799277133
41799277242
41799277192
41799277161
41799277077
41799277221
41799277331
41799277177
41799277064
41799277040
41799277095
41799277313
41799277089
41799277051
41799277111
41799277350
41799277160
41799277078
41799277197
41799277271
41799277265
41799277245
41799277332
41799277187
41799277246
41799277232
41799277275
41799277330
41799277076
41799277075
41799277276
41799277172
41799277159
41799277222
41799277243
41799277188
41799277203
41799277327
41799277098
41799277303
41799277122
41799277348
41799277167
41799277140
41799277308
41799277278
41799277286
41799277224
41799277349
41799277343
41799277219
41799277269
41799277124
41799277088
41799277257
41799277217
41799277058
41799277120
41799277263
41799277341
41799277157
41799277210
41799277326
41799277324
41799277254
41799277186
41799277314
41799277091
41799277207
41799277339
41799277295
41799277156
41799277191
41799277249
41799277315
41799277225
41799277345
41799277334
41799277200
41799277264
41799277096
41799277266
41799277215
41799277251
41799277216
41799277301
41799277342
41799277335
41799277300
41799277228
41799277283
41799277361
41799277370
41799277379
41799277367
41799277368
41799277353
41799277374
41799277372
41799277365
41799277391
41799277435
41799277593
41799277449
41799277384
41799277491
41799277472
41799277410
41799277413
41799277454
41799277402
41799277426
41799277438
41799277598
41799277421
41799277447
41799277518
41799277615
41799277567
41799277503
41799277673
41799277532
41799277630
41799277467
41799277586
41799277407
41799277635
41799277386
41799277515
41799277411
41799277406
41799277397
41799277418
41799277522
41799277420
41799277437
41799277408
41799277442
41799277583
41799277604
41799277551
41799277611
41799277497
41799277443
41799277429
41799277453
41799277475
41799277520
41799277659
41799277509
41799277699
41799277627
41799277478
41799277694
41799277415
41799277695
41799277540
41799277649
41799277459
41799277434
41799277651
41799277647
41799277471
41799277554
41799277543
41799277440
41799277492
41799277620
41799277542
41799277510
41799277585
41799277641
41799277591
41799277464
41799277634
41799277517
41799277460
41799277512
41799277487
41799277505
41799277422
41799277558
41799277613
41799277680
41799277483
41799277547
41799277495
41799277684
41799277521
41799277476
41799277656
41799277566
41799277622
41799277584
41799277687
41799277683
41799277594
41799277565
41799277569
41799277527
41799277629
41799277626
41799277504
41799277668
41799277590
41799277675
41799277481
41799277674
41799277610
41799277525
41799277500
41799277589
41799277564
41799277498
41799277678
41799277625
41799277560
41799277534
41799277530
41799277654
41799277688
41799277689
41799277600
41799277666
41799277707
41799277734
41799277723
41799277731
41799277732
41799277718
41799277702
41799277719
41799277703
41799277726
41799277710
41799277725
41799277706
41799277700
41799277730
41799277733
41799277772
41799277766
41799277773
41799277781
41799277793
41799277744
41799277747
41799277784
41799277769
41799277740
41799277767
41799277792
41799277748
41799277765
41799277791
41799277776
41799277774
41799277763
41799277775
41799277786
41799277787
41799277818
41799277813
41799277803
41799277816
41799277844
41799277830
41799277810
41799277836
41799277794
41799277851
41799277798
41799277807
41799277839
41799277852
41799277826
41799277800
41799277848
41799277896
41799277889
41799277873
41799277862
41799277869
41799277877
41799277900
41799277902
41799277856
41799277884
41799277863
41799277903
41799277894
41799277895
41799277864
41799277874
41799277880
41799277907
41799277927
41799277964
41799277950
41799277918
41799277922
41799277931
41799277934
41799277944
41799277948
41799277939
41799277959
41799277969
41799277915
41799277954
41799277963
41799277920
41799277947
41799277938
41799277966
41799277916
41799277925
41799277952
41799277913
41799277967
41799277965
41799277972
41799277998
41799277987
41799277999
41799277973
41799277970
41799277992
41799277991
41799277983
41799277985
41799277971
41799277993
41799277976
41799277977
41799277989
41799277994
41799277988
