41796975000
41796975025
41796975011
41796975020
41796975022
41796975014
41796975029
41796975006
41796975015
41796975013
41796975024
41796975003
41796975016
41796975008
41796975010
41796975005
41796975023
41796975021
41796975001
41796975026
41796975086
41796975102
41796975148
41796975166
41796975188
41796975036
41796975061
41796975081
41796975056
41796975055
41796975057
41796975163
41796975088
41796975120
41796975340
41796975227
41796975087
41796975035
41796975039
41796975161
41796975194
41796975047
41796975084
41796975213
41796975041
41796975065
41796975058
41796975159
41796975185
41796975319
41796975211
41796975266
41796975124
41796975060
41796975288
41796975127
41796975119
41796975050
41796975033
41796975249
41796975049
41796975053
41796975280
41796975167
41796975267
41796975115
41796975128
41796975037
41796975346
41796975091
41796975136
41796975048
41796975206
41796975164
41796975131
41796975250
41796975072
41796975191
41796975298
41796975324
41796975199
41796975173
41796975222
41796975110
41796975300
41796975064
41796975255
41796975139
41796975100
41796975243
41796975109
41796975143
41796975075
41796975207
41796975175
41796975186
41796975099
41796975171
41796975192
41796975314
41796975077
41796975203
41796975247
41796975284
41796975157
41796975283
41796975197
41796975242
41796975106
41796975079
41796975145
41796975138
41796975172
41796975348
41796975305
41796975274
41796975259
41796975125
41796975083
41796975147
41796975093
41796975149
41796975291
41796975070
41796975278
41796975152
41796975318
41796975184
41796975232
41796975121
41796975338
41796975301
41796975219
41796975334
41796975177
41796975269
41796975277
41796975202
41796975223
41796975080
41796975262
41796975225
41796975122
41796975330
41796975281
41796975181
41796975320
41796975271
41796975156
41796975134
41796975074
41796975350
41796975229
41796975296
41796975303
41796975290
41796975123
41796975309
41796975208
41796975187
41796975282
41796975142
41796975328
41796975272
41796975238
41796975332
41796975233
41796975200
41796975256
41796975221
41796975321
41796975239
41796975325
41796975258
41796975344
41796975341
41796975335
41796975337
41796975326
41796975170
41796975339
41796975357
41796975362
41796975355
41796975352
41796975354
41796975360
41796975363
41796975376
41796975370
41796975379
41796975366
41796975371
41796975361
41796975351
41796975377
41796975364
41796975365
41796975374
41796975378
41796975387
41796975466
41796975394
41796975406
41796975417
41796975463
41796975414
41796975412
41796975401
41796975390
41796975419
41796975430
41796975393
41796975389
41796975416
41796975474
41796975661
41796975502
41796975400
41796975528
41796975608
41796975541
41796975554
41796975450
41796975506
41796975479
41796975424
41796975439
41796975577
41796975451
41796975491
41796975595
41796975507
41796975457
41796975605
41796975486
41796975476
41796975659
41796975396
41796975566
41796975572
41796975588
41796975423
41796975693
41796975484
41796975551
41796975480
41796975475
41796975536
41796975593
41796975392
41796975437
41796975386
41796975398
41796975454
41796975383
41796975449
41796975509
41796975460
41796975427
41796975542
41796975468
41796975499
41796975515
41796975505
41796975526
41796975562
41796975384
41796975664
41796975600
41796975655
41796975564
41796975685
41796975467
41796975681
41796975628
41796975610
41796975452
41796975482
41796975616
41796975543
41796975567
41796975465
41796975650
41796975547
41796975581
41796975594
41796975436
41796975471
41796975488
41796975501
41796975462
41796975662
41796975575
41796975611
41796975590
41796975539
41796975559
41796975391
41796975656
41796975604
41796975434
41796975623
41796975527
41796975657
41796975494
41796975469
41796975636
41796975453
41796975607
41796975649
41796975574
41796975524
41796975532
41796975445
41796975446
41796975500
41796975533
41796975568
41796975504
41796975617
41796975658
41796975431
41796975627
41796975477
41796975630
41796975589
41796975619
41796975631
41796975646
41796975408
41796975583
41796975676
41796975560
41796975651
41796975520
41796975442
41796975691
41796975570
41796975637
41796975555
41796975490
41796975458
41796975606
41796975638
41796975556
41796975679
41796975634
41796975698
41796975576
41796975582
41796975553
41796975652
41796975614
41796975667
41796975585
41796975591
41796975668
41796975686
41796975516
41796975688
41796975683
41796975545
41796975522
41796975521
41796975510
41796975565
41796975684
41796975669
41796975672
41796975694
41796975557
41796975680
41796975708
41796975721
41796975706
41796975716
41796975720
41796975728
41796975712
41796975711
41796975726
41796975722
41796975703
41796975727
41796975713
41796975700
41796975707
41796975745
41796975755
41796975735
41796975784
41796975756
41796975768
41796975752
41796975780
41796975787
41796975737
41796975776
41796975731
41796975733
41796975732
41796975772
41796975766
41796975734
41796975740
41796975775
41796975777
41796975791
41796975778
41796975774
41796975765
41796975769
41796975761
41796975785
41796975743
41796975770
41796975750
41796975788
41796975762
41796975793
41796975803
41796975829
41796975800
41796975801
41796975830
41796975806
41796975824
41796975838
41796975811
41796975810
41796975820
41796975814
41796975794
41796975821
41796975799
41796975818
41796975808
41796975802
41796975831
41796975804
41796975844
41796975848
41796975843
41796975807
41796975828
41796975840
41796975823
41796975852
41796975849
41796975833
41796975839
41796975813
41796975862
41796975872
41796975869
41796975886
41796975902
41796975863
41796975906
41796975884
41796975868
41796975901
41796975855
41796975899
41796975893
41796975909
41796975880
41796975859
41796975866
41796975907
41796975896
41796975861
41796975885
41796975910
41796975900
41796975887
41796975911
41796975865
41796975876
41796975875
41796975878
41796975891
41796975867
41796975890
41796975871
41796975881
41796975895
41796975892
41796975926
41796975922
41796975944
41796975969
41796975947
41796975962
41796975929
41796975946
41796975963
41796975955
41796975968
41796975964
41796975912
41796975916
41796975913
41796975967
41796975919
41796975921
41796975931
41796975914
41796975932
41796975957
41796975927
41796975989
41796975978
41796975998
41796975987
41796975986
41796975979
41796975975
41796975990
41796975991
41796974002
41796974009
41796974012
41796974032
41796974031
41796974013
41796974007
41796974008
41796974030
41796974003
41796974015
41796974025
41796974089
41796974129
41796974043
41796974062
41796974068
41796974039
41796974107
41796974050
41796974118
41796974145
41796974148
41796974158
41796974184
41796974180
41796974209
41796974041
41796974044
41796974241
41796974035
41796974235
41796974069
41796974028
41796974066
41796974110
41796974323
41796974340
41796974047
41796974330
41796974140
41796974036
41796974040
41796974175
41796974142
41796974071
41796974084
41796974077
41796974238
41796974135
41796974232
41796974119
41796974108
41796974063
41796974116
41796974307
41796974052
41796974081
41796974075
41796974233
41796974208
41796974243
41796974248
41796974073
41796974247
41796974200
41796974101
41796974133
41796974112
41796974034
41796974438
41796974257
41796974203
41796974120
41796974420
41796974064
41796974132
41796974074
41796974351
41796974226
41796974134
41796974362
41796974324
41796974178
41796974227
41796974094
41796974104
41796974083
41796974149
41796974045
41796974192
41796974154
41796974246
41796974165
41796974225
41796974087
41796974124
41796974250
41796974182
41796974067
41796974125
41796974143
41796974179
41796974268
41796974346
41796974282
41796974205
41796974146
41796974408
41796974360
41796974284
41796974213
41796974565
41796974258
41796974185
41796974523
41796974303
41796974121
41796974494
41796974503
41796974566
41796974191
41796974589
41796974212
41796974216
41796974278
41796974300
41796974117
41796974627
41796974631
41796974076
41796974354
41796974368
41796974394
41796974176
41796974153
41796974457
41796974464
41796974587
41796974413
41796974056
41796974465
41796974335
41796974156
41796974231
41796974194
41796974349
41796974131
41796974333
41796974079
41796974942
41796974687
41796974313
41796974219
41796974263
41796974130
41796974474
41796974289
41796974563
41796974411
41796974427
41796974164
41796974269
41796974280
41796974137
41796974161
41796974583
41796974424
41796974275
41796974126
41796974366
41796974476
41796974049
41796974327
41796974388
41796974439
41796974443
41796974385
41796974188
41796974166
41796974252
41796974692
41796974434
41796974136
41796974401
41796974466
41796974195
41796974122
41796974168
41796974315
41796974755
41796974202
41796974285
41796974189
41796974167
41796974487
41796974403
41796974455
41796974436
41796974353
41796974234
41796974343
41796974426
41796974773
41796974262
41796974617
41796974981
41796974782
41796974602
41796974406
41796974337
41796974861
41796974210
41796974204
41796974892
41796974359
41796974555
41796974661
41796974236
41796974509
41796974377
41796974488
41796974312
41796974410
41796974650
41796974341
41796974316
41796974350
41796974667
41796974713
41796974271
41796974625
41796974288
41796974169
41796974815
41796974526
41796974425
41796974594
41796974372
41796974177
41796974402
41796974293
41796974684
41796974623
41796974522
41796974792
41796974525
41796974309
41796974758
41796974456
41796974345
41796974590
41796974635
41796974220
41796974569
41796974449
41796974452
41796974356
41796974471
41796974217
41796974842
41796974473
41796974557
41796974326
41796974383
41796974492
41796974430
41796974264
41796974656
41796974714
41796974291
41796974419
41796974484
41796974516
41796974550
41796974753
41796974691
41796974450
41796974584
41796974483
41796974679
41796974460
41796974251
41796974378
41796974510
41796974519
41796974442
41796974267
41796974722
41796974318
41796974501
41796974370
41796974459
41796974159
41796974375
41796974224
41796974642
41796974558
41796974493
41796974416
41796974317
41796974454
41796974622
41796974796
41796974607
41796974765
41796974749
41796974207
41796974479
41796974472
41796974621
41796974462
41796974812
41796974872
41796974904
41796974845
41796974348
41796974428
41796974458
41796974620
41796974990
41796974591
41796974751
41796974860
41796974669
41796974619
41796974273
41796974741
41796974760
41796974444
41796974890
41796974551
41796974805
41796974215
41796974729
41796974572
41796974685
41796974807
41796974603
41796974511
41796974201
41796974342
41796974946
41796974521
41796974391
41796974571
41796974539
41796974499
41796974392
41796974477
41796974900
41796974703
41796974546
41796974742
41796974708
41796974761
41796974712
41796974505
41796974686
41796974559
41796974369
41796974310
41796974386
41796974549
41796974433
41796974610
41796974893
41796974694
41796974502
41796974934
41796974564
41796974451
41796974480
41796974683
41796974968
41796974240
41796974752
41796974552
41796974702
41796974616
41796974541
41796974513
41796974418
41796974218
41796974859
41796974239
41796974733
41796974774
41796974423
41796974791
41796974601
41796974600
41796974405
41796974745
41796974562
41796974560
41796974991
41796974531
41796974724
41796974808
41796974912
41796974653
41796974924
41796974649
41796974778
41796974467
41796974933
41796974605
41796974490
41796974547
41796974759
41796974554
41796974604
41796974767
41796974783
41796974415
41796974512
41796974715
41796974907
41796974707
41796974947
41796974647
41796974920
41796974863
41796974537
41796974681
41796974588
41796974328
41796974706
41796974481
41796974639
41796974786
41796974871
41796974801
41796974979
41796974609
41796974673
41796974651
41796974292
41796974548
41796974658
41796974997
41796974664
41796974960
41796974718
41796974629
41796974821
41796974911
41796974710
41796974720
41796974848
41796974958
41796974579
41796974645
41796974817
41796974576
41796974277
41796974813
41796974748
41796974322
41796974802
41796974824
41796974663
41796974898
41796974827
41796974700
41796974856
41796974716
41796974766
41796974689
41796974853
41796974628
41796974744
41796974693
41796974789
41796974798
41796974660
41796974809
41796974976
41796974652
41796974665
41796974508
41796974937
41796974592
41796974432
41796974626
41796974910
41796974618
41796974885
41796974770
41796974556
41796974690
41796974870
41796974876
41796974736
41796974810
41796974869
41796974785
41796974837
41796974794
41796974811
41796974634
41796974463
41796974721
41796974613
41796974803
41796974580
41796974831
41796974804
41796974561
41796974822
41796974903
41796974739
41796974978
41796974886
41796974887
41796974864
41796974909
41796974728
41796974838
41796974339
41796974922
41796974740
41796974948
41796974883
41796974880
41796974826
41796974768
41796974993
41796974921
41796974975
41796974852
41796974332
41796974888
41796974833
41796974662
41796974412
41796974743
41796974894
41796974963
41796974944
41796974847
41796974923
41796974927
41796974637
41796974953
41796974938
41796974913
41796974877
41796974957
41796974835
41796974988
41796974875
41796974996
41796974682
41796974895
41796974964
41796974840
41796974730
41796974966
41796974902
41796976005
41796976010
41796976029
41796976023
41796976007
41796976004
41796976030
41796976002
41796976008
41796976020
41796976003
41796976028
41796976027
41796976046
41796976055
41796976052
41796976065
41796976098
41796976092
41796976091
41796976114
41796976115
41796976119
41796976071
41796976146
41796976130
41796976207
41796976235
41796976048
41796976060
41796976099
41796976133
41796976102
41796976059
41796976076
41796976110
41796976086
41796976325
41796976033
41796976112
41796976128
41796976075
41796976125
41796976106
41796976107
41796976073
41796976095
41796976051
41796976124
41796976175
41796976168
41796976117
41796976070
41796976281
41796976164
41796976034
41796976149
41796976093
41796976050
41796976289
41796976169
41796976049
41796976411
41796976067
41796976129
41796976062
41796976082
41796976047
41796976056
41796976066
41796976061
41796976151
41796976221
41796976194
41796976035
41796976084
41796976302
41796976362
41796976218
41796976215
41796976078
41796976170
41796976143
41796976403
41796976406
41796976431
41796976254
41796976239
41796976144
41796976320
41796976094
41796976214
41796976264
41796976187
41796976116
41796976224
41796976069
41796976211
41796976162
41796976172
41796976414
41796976355
41796976487
41796976090
41796976037
41796976206
41796976227
41796976223
41796976381
41796976200
41796976308
41796976205
41796976273
41796976458
41796976349
41796976339
41796976153
41796976373
41796976313
41796976624
41796976578
41796976234
41796976531
41796976379
41796976181
41796976468
41796976415
41796976189
41796976280
41796976257
41796976253
41796976266
41796976283
41796976074
41796976270
41796976193
41796976132
41796976327
41796976527
41796976297
41796976285
41796976167
41796976376
41796976805
41796976288
41796976450
41796976271
41796976201
41796976152
41796976226
41796976601
41796976136
41796976336
41796976246
41796976405
41796976657
41796976260
41796976525
41796976243
41796976179
41796976521
41796976388
41796976440
41796976155
41796976087
41796976413
41796976171
41796976085
41796976332
41796976263
41796976507
41796976446
41796976377
41796976236
41796976680
41796976425
41796976312
41796976429
41796976889
41796976628
41796976642
41796976457
41796976567
41796976328
41796976304
41796976583
41796976623
41796976829
41796976318
41796976645
41796976519
41796976141
41796976787
41796976538
41796976877
41796976261
41796976219
41796976386
41796976230
41796976852
41796976707
41796976204
41796976374
41796976165
41796976460
41796976726
41796976894
41796976621
41796976634
41796976467
41796976859
41796976422
41796976225
41796976649
41796976524
41796976697
41796976183
41796976309
41796976353
41796976375
41796976980
41796976775
41796976250
41796976427
41796976456
41796976685
41796976506
41796976389
41796976199
41796976209
41796976764
41796976545
41796976210
41796976286
41796976723
41796976823
41796976986
41796976575
41796976434
41796976887
41796976512
41796976562
41796976548
41796976810
41796976850
41796976438
41796976324
41796976700
41796976703
41796976535
41796976300
41796976477
41796976301
41796976287
41796976561
41796976962
41796976556
41796976444
41796976682
41796976910
41796976240
41796976891
41796976742
41796976511
41796976613
41796976443
41796976866
41796976780
41796976701
41796976368
41796976333
41796976814
41796976228
41796976341
41796976536
41796976947
41796976641
41796976267
41796976580
41796976753
41796976659
41796976826
41796976750
41796976367
41796976485
41796976892
41796976418
41796976500
41796976946
41796976705
41796976311
41796976569
41796976400
41796976568
41796976776
41796976579
41796976242
41796976478
41796976670
41796976423
41796976674
41796976808
41796976763
41796976163
41796976565
41796976765
41796976390
41796976369
41796976473
41796976343
41796976482
41796976872
41796976392
41796976566
41796976942
41796976650
41796976602
41796976424
41796976740
41796976663
41796976873
41796976919
41796976970
41796976571
41796976875
41796976835
41796976593
41796976378
41796976817
41796976387
41796976655
41796976401
41796976408
41796976461
41796976542
41796976997
41796976585
41796976639
41796976394
41796976956
41796976959
41796976587
41796976441
41796976719
41796976886
41796976653
41796976370
41796976945
41796976977
41796976881
41796976322
41796976967
41796976802
41796976582
41796976993
41796976925
41796976893
41796976470
41796976654
41796976466
41796976615
41796976917
41796976410
41796976766
41796976573
41796976351
41796976626
41796976964
41796976792
41796976534
41796976648
41796976272
41796976661
41796976931
41796976594
41796976409
41796976616
41796976755
41796976268
41796976644
41796976818
41796976698
41796976929
41796976554
41796976789
41796976442
41796976510
41796976847
41796976728
41796976743
41796976741
41796976972
41796976979
41796976854
41796976472
41796976553
41796976618
41796976363
41796976937
41796976963
41796976675
41796976842
41796976581
41796976950
41796976920
41796976546
41796976949
41796976513
41796976834
41796976839
41796976710
41796976299
41796976334
41796976617
41796976762
41796976841
41796976774
41796976588
41796976957
41796976570
41796976932
41796976416
41796976912
41796976684
41796976455
41796976484
41796976831
41796976715
41796976694
41796976671
41796976922
41796976966
41796976637
41796976815
41796976940
41796976759
41796976880
41796976933
41796976706
41796976798
41796976863
41796976625
41796976786
41796976760
41796976724
41796976888
41796976913
41796976867
41796976861
41796976800
41796976820
41796976687
41796976825
41796976686
41796976851
41796976952
41796976987
41796976693
41796976721
41796976821
41796976941
41796976451
41796976978
41796976702
41796976871
41796976902
41796976779
41796976784
41796976991
41796976666
41796976870
41796976611
41796976471
41796976514
41796976858
41796976832
41796976730
41796976915
41796976883
41796976846
41796976907
41796976791
41796976994
41796976981
41796976868
41796976904
41796976882
41796976965
41796976934
41796976864
41796976951
41796976992
41796976903
41796976879
41796976857
41796976878
41796976809
41796976960
41796976928
41796976738
41796976906
41796976843
41796976771
41796976856
41796976916
41796976898
41796970000
41796970005
41796970004
41796970007
41796970002
41796970022
41796970028
41796970015
41796970010
41796970019
41796970003
41796970006
41796970023
41796970011
41796970008
41796970016
41796970024
41796970013
41796970001
41796970014
41796970027
41796970040
41796970100
41796970114
41796970034
41796970032
41796970045
41796970078
41796970126
41796970139
41796970061
41796970164
41796970060
41796970229
41796970035
41796970223
41796970153
41796970256
41796970277
41796970099
41796970095
41796970080
41796970037
41796970056
41796970357
41796970033
41796970218
41796970067
41796970127
41796970052
41796970190
41796970068
41796970147
41796970120
41796970053
41796970311
41796970130
41796970065
41796970172
41796970148
41796970055
41796970162
41796970199
41796970077
41796970038
41796970044
41796970041
41796970228
41796970242
41796970318
41796970036
41796970083
41796970375
41796970280
41796970064
41796970325
41796970076
41796970087
41796970079
41796970187
41796970108
41796970048
41796970123
41796970140
41796970287
41796970091
41796970301
41796970155
41796970246
41796970203
41796970335
41796970131
41796970171
41796970104
41796970253
41796970177
41796970118
41796970274
41796970466
41796970168
41796970161
41796970137
41796970418
41796970282
41796970235
41796970305
41796970316
41796970255
41796970373
41796970247
41796970082
41796970209
41796970321
41796970723
41796970393
41796970146
41796970210
41796970074
41796970124
41796970469
41796970173
41796970463
41796970142
41796970192
41796970175
41796970217
41796970243
41796970145
41796970273
41796970271
41796970501
41796970309
41796970317
41796970443
41796970049
41796970212
41796970298
41796970442
41796970231
41796970063
41796970258
41796970444
41796970113
41796970483
41796970198
41796970259
41796970719
41796970216
41796970322
41796970125
41796970370
41796970387
41796970098
41796970111
41796970070
41796970340
41796970174
41796970291
41796970306
41796970196
41796970097
41796970490
41796970431
41796970730
41796970152
41796970605
41796970119
41796970637
41796970341
41796970809
41796970260
41796970404
41796970402
41796970568
41796970810
41796970133
41796970275
41796970534
41796970381
41796970368
41796970350
41796970075
41796970285
41796970288
41796970355
41796970278
41796970397
41796970507
41796970105
41796970509
41796970378
41796970429
41796970329
41796970593
41796970226
41796970267
41796970666
41796970348
41796970435
41796970546
41796970608
41796970184
41796970328
41796970324
41796970241
41796970403
41796970269
41796970313
41796970803
41796970929
41796970088
41796970159
41796970428
41796970743
41796970332
41796970250
41796970533
41796970661
41796970206
41796970207
41796970518
41796970299
41796970607
41796970338
41796970214
41796970625
41796970975
41796970347
41796970441
41796970745
41796970820
41796970188
41796970333
41796970848
41796970433
41796970780
41796970482
41796970345
41796970487
41796970641
41796970647
41796970715
41796970870
41796970430
41796970330
41796970560
41796970151
41796970600
41796970109
41796970383
41796970283
41796970266
41796970302
41796970304
41796970727
41796970289
41796970923
41796970334
41796970572
41796970682
41796970215
41796970314
41796970592
41796970651
41796970390
41796970219
41796970377
41796970367
41796970553
41796970577
41796970232
41796970526
41796970663
41796970384
41796970542
41796970668
41796970837
41796970336
41796970543
41796970407
41796970249
41796970615
41796970420
41796970343
41796970268
41796970446
41796970392
41796970462
41796970492
41796970939
41796970224
41796970238
41796970689
41796970372
41796970342
41796970850
41796970489
41796970791
41796970925
41796970454
41796970262
41796970563
41796970783
41796970308
41796970371
41796970860
41796970547
41796970982
41796970630
41796970472
41796970106
41796970422
41796970480
41796970504
41796970814
41796970955
41796970609
41796970672
41796970728
41796970612
41796970629
41796970626
41796970879
41796970794
41796970793
41796970620
41796970708
41796970904
41796970965
41796970439
41796970706
41796970530
41796970440
41796970575
41796970555
41796970732
41796970785
41796970537
41796970950
41796970320
41796970358
41796970865
41796970399
41796970687
41796970949
41796970293
41796970736
41796970574
41796970588
41796970170
41796970578
41796970714
41796970673
41796970665
41796970902
41796970935
41796970738
41796970519
41796970966
41796970567
41796970303
41796970861
41796970638
41796970972
41796970617
41796970603
41796970570
41796970365
41796970722
41796970866
41796970432
41796970476
41796970183
41796970674
41796970639
41796970657
41796970823
41796970459
41796970376
41796970969
41796970579
41796970573
41796970782
41796970684
41796970511
41796970746
41796970900
41796970675
41796970707
41796970754
41796970559
41796970590
41796970853
41796970529
41796970705
41796970744
41796970843
41796970528
41796970604
41796970831
41796970775
41796970512
41796970807
41796970769
41796970936
41796970550
41796970406
41796970494
41796970557
41796970576
41796970540
41796970465
41796970447
41796970323
41796970784
41796970811
41796970602
41796970755
41796970401
41796970983
41796970863
41796970888
41796970993
41796970201
41796970300
41796970346
41796970852
41796970875
41796970753
41796970709
41796970739
41796970671
41796970905
41796970523
41796970759
41796970650
41796970524
41796970691
41796970690
41796970405
41796970569
41796970789
41796970862
41796970961
41796970827
41796970979
41796970653
41796970916
41796970584
41796970773
41796970880
41796970874
41796970636
41796970473
41796970729
41796970631
41796970883
41796970718
41796970991
41796970854
41796970725
41796970835
41796970752
41796970586
41796970990
41796970486
41796970891
41796970688
41796970908
41796970669
41796970434
41796970938
41796970564
41796970786
41796970585
41796970702
41796970777
41796970541
41796970491
41796970741
41796970910
41796970762
41796970566
41796970664
41796970756
41796970977
41796970445
41796970749
41796970549
41796970594
41796970700
41796970867
41796970912
41796970790
41796970821
41796970767
41796970845
41796970788
41796970922
41796970836
41796970497
41796970849
41796970970
41796970826
41796970851
41796970906
41796970640
41796970712
41796970815
41796970934
41796970452
41796970475
41796970778
41796970924
41796970506
41796970747
41796970956
41796970859
41796970901
41796970920
41796970946
41796970667
41796970800
41796970968
41796970832
41796970933
41796970868
41796970740
41796970484
41796970917
41796970819
41796970842
41796970984
41796970958
41796970971
41796970889
41796970828
41796970918
41796970676
41796970652
41796970761
41796970957
41796970914
41796970552
41796970726
41796970822
41796970973
41796970959
41796970771
41796970772
41796970909
41796970742
41796970734
41796970878
41796970622
41796970911
41796970931
41796970987
41796970812
41796970834
41796970735
41796970890
41796970792
41796970872
41796970921
41796970841
41796970943
41796970427
41796970581
41796970864
41796970141
41796970839
41796970876
41796970930
41796979013
41796979019
41796979027
41796979028
41796979024
41796979005
41796979032
41796979018
41796979007
41796979022
41796979008
41796979017
41796979012
41796979025
41796979031
41796979029
41796979065
41796979050
41796979038
41796979041
41796979020
41796979152
41796979149
41796979067
41796979351
41796979074
41796979168
41796979166
41796979046
41796979366
41796979079
41796979060
41796979226
41796979231
41796979229
41796979257
41796979116
41796979227
41796979192
41796979039
41796979055
41796979124
41796979042
41796979061
41796979040
41796979066
41796979034
41796979091
41796979057
41796979205
41796979004
41796979130
41796979090
41796979338
41796979058
41796979206
41796979328
41796979035
41796979081
41796979209
41796979069
41796979083
41796979362
41796979043
41796979093
41796979062
41796979478
41796979117
41796979220
41796979287
41796979144
41796979048
41796979125
41796979071
41796979047
41796979181
41796979541
41796979076
41796979056
41796979170
41796979134
41796979250
41796979160
41796979033
41796979217
41796979147
41796979175
41796979100
41796979390
41796979077
41796979236
41796979122
41796979237
41796979063
41796979255
41796979138
41796979272
41796979171
41796979413
41796979340
41796979051
41796979123
41796979470
41796979163
41796979059
41796979349
41796979133
41796979200
41796979512
41796979084
41796979136
41796979405
41796979037
41796979271
41796979087
41796979468
41796979891
41796979438
41796979309
41796979201
41796979674
41796979161
41796979728
41796979073
41796979299
41796979521
41796979234
41796979369
41796979473
41796979784
41796979139
41796979660
41796979748
41796979400
41796979086
41796979193
41796979452
41796979129
41796979103
41796979377
41796979082
41796979256
41796979254
41796979735
41796979770
41796979111
41796979403
41796979190
41796979162
41796979653
41796979203
41796979447
41796979650
41796979158
41796979410
41796979277
41796979141
41796979240
41796979524
41796979363
41796979432
41796979232
41796979235
41796979555
41796979290
41796979509
41796979383
41796979182
41796979167
41796979188
41796979213
41796979108
41796979527
41796979224
41796979523
41796979734
41796979339
41796979280
41796979333
41796979442
41796979855
41796979202
41796979558
41796979531
41796979320
41796979550
41796979253
41796979292
41796979860
41796979682
41796979289
41796979430
41796979210
41796979394
41796979392
41796979411
41796979665
41796979110
41796979165
41796979157
41796979703
41796979817
41796979567
41796979858
41796979407
41796979477
41796979493
41796979545
41796979422
41796979259
41796979646
41796979312
41796979249
41796979197
41796979404
41796979760
41796979273
41796979878
41796979343
41796979800
41796979574
41796979474
41796979711
41796979357
41796979730
41796979449
41796979275
41796979310
41796979585
41796979458
41796979382
41796979291
41796979446
41796979306
41796979427
41796979246
41796979466
41796979666
41796979566
41796979487
41796979374
41796979364
41796979778
41796979276
41796979582
41796979395
41796979465
41796979752
41796979759
41796979479
41796979496
41796979347
41796979387
41796979177
41796979820
41796979841
41796979295
41796979570
41796979876
41796979990
41796979637
41796979308
41796979311
41796979788
41796979317
41796979565
41796979931
41796979454
41796979323
41796979790
41796979883
41796979462
41796979893
41796979176
41796979373
41796979834
41796979786
41796979137
41796979618
41796979592
41796979199
41796979692
41796979321
41796979486
41796979603
41796979707
41796979662
41796979772
41796979569
41796979453
41796979288
41796979294
41796979391
41796979964
41796979630
41796979345
41796979606
41796979535
41796979686
41796979530
41796979723
41796979494
41796979873
41796979204
41796979460
41796979924
41796979329
41796979228
41796979528
41796979551
41796979805
41796979316
41796979983
41796979599
41796979877
41796979464
41796979268
41796979940
41796979245
41796979766
41796979598
41796979676
41796979503
41796979683
41796979428
41796979332
41796979594
41796979941
41796979684
41796979498
41796979444
41796979713
41796979435
41796979526
41796979944
41796979586
41796979173
41796979776
41796979769
41796979459
41796979821
41796979611
41796979307
41796979450
41796979712
41796979230
41796979704
41796979768
41796979970
41796979634
41796979178
41796979480
41796979726
41796979252
41796979262
41796979879
41796979762
41796979688
41796979385
41796979359
41796979672
41796979839
41796979596
41796979823
41796979605
41796979750
41796979334
41796979736
41796979747
41796979773
41796979995
41796979324
41796979436
41796979300
41796979602
41796979640
41796979389
41796979225
41796979636
41796979654
41796979409
41796979809
41796979754
41796979739
41796979708
41796979504
41796979549
41796979625
41796979967
41796979767
41796979685
41796979943
41796979604
41796979847
41796979968
41796979361
41796979560
41796979659
41796979716
41796979764
41796979344
41796979810
41796979467
41796979304
41796979852
41796979687
41796979663
41796979644
41796979543
41796979354
41796979956
41796979629
41796979952
41796979440
41796979342
41796979918
41796979425
41796979787
41796979591
41796979681
41796979794
41796979933
41796979647
41796979664
41796979875
41796979689
41796979818
41796979870
41796979709
41796979638
41796979593
41796979718
41796979717
41796979485
41796979973
41796979561
41796979963
41796979802
41796979721
41796979690
41796979945
41796979725
41796979615
41796979880
41796979987
41796979518
41796979576
41796979441
41796979697
41796979882
41796979657
41796979439
41796979589
41796979797
41796979554
41796979804
41796979927
41796979621
41796979365
41796979757
41796979557
41796979755
41796979553
41796979885
41796979899
41796979813
41796979529
41796979455
41796979577
41796979783
41796979624
41796979795
41796979977
41796979771
41796979985
41796979922
41796979702
41796979798
41796979938
41796979701
41796979866
41796979989
41796979819
41796979947
41796979806
41796979881
41796979906
41796979780
41796979742
41796979763
41796979700
41796979421
41796979867
41796979850
41796979584
41796979948
41796979854
41796979907
41796979846
41796979619
41796979476
41796979962
41796979974
41796979888
41796979920
41796979890
41796979715
41796979980
41796979910
41796979816
41796979886
41796979840
41796979614
41796979677
41796979851
41796979720
41796979986
41796979929
41796979472
41796979872
41796979869
41796979678
41796979510
41796979505
41796979506
41796979516
41796979996
41796979801
41796979698
41796979590
41796979639
41796979777
41796979782
41796979779
41796979978
41796979959
41796979863
41796979951
41796979993
41796979895
41796979960
41796979930
41796979808
41796979675
41796979997
41796979897
41796979601
41796979909
41796979600
41796979856
41796979775
41796979917
41796979949
41796979988
41796979857
41796979919
41796979982
41796979623
41796979994
41796979955
41796979936
41796979849
41796979884
41796979812
41796979710
41796973009
41796973008
41796973013
41796973006
41796973041
41796973002
41796973007
41796973025
41796973030
41796973183
41796973032
41796973005
41796973014
41796973004
41796973029
41796973038
41796973037
41796973310
41796973058
41796973160
41796973086
41796973051
41796973087
41796973118
41796973023
41796973107
41796973040
41796973120
41796973101
41796973142
41796973132
41796973039
41796973012
41796973011
41796973102
41796973158
41796973074
41796973079
41796973113
41796973001
41796973021
41796973034
41796973100
41796973192
41796973003
41796973124
41796973225
41796973071
41796973301
41796973272
41796973010
41796973147
41796973336
41796973228
41796973215
41796973017
41796973127
41796973226
41796973049
41796973125
41796973153
41796973036
41796973095
41796973131
41796973283
41796973088
41796973169
41796973278
41796973080
41796973364
41796973145
41796973179
41796973222
41796973246
41796973185
41796973033
41796973093
41796973155
41796973250
41796973190
41796973046
41796973065
41796973066
41796973313
41796973055
41796973371
41796973063
41796973089
41796973111
41796973200
41796973274
41796973136
41796973069
41796973130
41796973091
41796973342
41796973308
41796973053
41796973370
41796973363
41796973244
41796973138
41796973279
41796973062
41796973140
41796973203
41796973104
41796973094
41796973362
41796973369
41796973333
41796973219
41796973275
41796973212
41796973217
41796973184
41796973149
41796973324
41796973110
41796973123
41796973201
41796973186
41796973252
41796973022
41796973171
41796973072
41796973411
41796973352
41796973176
41796973117
41796973414
41796973187
41796973151
41796973359
41796973154
41796973045
41796973264
41796973343
41796973047
41796973527
41796973536
41796973542
41796973451
41796973273
41796973262
41796973229
41796973214
41796973396
41796973257
41796973129
41796973238
41796973447
41796973210
41796973402
41796973276
41796973057
41796973429
41796973518
41796973256
41796973401
41796973223
41796973340
41796973173
41796973137
41796973315
41796973357
41796973395
41796973309
41796973419
41796973378
41796973452
41796973367
41796973245
41796973384
41796973490
41796973205
41796973427
41796973504
41796973128
41796973323
41796973168
41796973339
41796973941
41796973486
41796973383
41796973216
41796973628
41796973332
41796973180
41796973193
41796973157
41796973533
41796973281
41796973227
41796973418
41796973236
41796973247
41796973572
41796973126
41796973463
41796973351
41796973266
41796973291
41796973197
41796973703
41796973520
41796973477
41796973191
41796973400
41796973189
41796973698
41796973368
41796973465
41796973531
41796973584
41796973889
41796973139
41796973119
41796973514
41796973457
41796973394
41796973302
41796973469
41796973431
41796973404
41796973316
41796973738
41796973334
41796973218
41796973656
41796973379
41796973231
41796973744
41796973159
41796973479
41796973580
41796973376
41796973347
41796973567
41796973322
41796973078
41796973792
41796973857
41796973686
41796973446
41796973573
41796973583
41796973338
41796973470
41796973326
41796973604
41796973625
41796973319
41796973513
41796973329
41796973170
41796973528
41796973489
41796973589
41796973586
41796973590
41796973445
41796973732
41796973412
41796973432
41796973948
41796973848
41796973615
41796973263
41796973973
41796973440
41796973164
41796973208
41796973304
41796973592
41796973294
41796973675
41796973722
41796973293
41796973690
41796973594
41796973640
41796973608
41796973826
41796973721
41796973460
41796973707
41796973424
41796973249
41796973337
41796973403
41796973634
41796973420
41796973349
41796973740
41796973607
41796973478
41796973230
41796973392
41796973880
41796973261
41796973700
41796973723
41796973769
41796973422
41796973471
41796973824
41796973719
41796973538
41796973415
41796973472
41796973632
41796973627
41796973545
41796973476
41796973778
41796973509
41796973436
41796973834
41796973585
41796973670
41796973408
41796973631
41796973743
41796973712
41796973410
41796973777
41796973742
41796973484
41796973555
41796973601
41796973485
41796973840
41796973967
41796973678
41796973468
41796973810
41796973908
41796973985
41796973556
41796973677
41796973233
41796973600
41796973454
41796973709
41796973927
41796973374
41796973793
41796973546
41796973328
41796973305
41796973503
41796973802
41796973659
41796973375
41796973885
41796973462
41796973662
41796973624
41796973506
41796973776
41796973918
41796973956
41796973935
41796973335
41796973407
41796973990
41796973653
41796973785
41796973774
41796973800
41796973933
41796973385
41796973676
41796973894
41796973804
41796973783
41796973717
41796973893
41796973827
41796973391
41796973904
41796973593
41796973981
41796973789
41796973758
41796973622
41796973831
41796973638
41796973568
41796973715
41796973679
41796973389
41796973651
41796973870
41796973612
41796973557
41796973951
41796973461
41796973588
41796973875
41796973775
41796973683
41796973969
41796973646
41796973663
41796973876
41796973708
41796973853
41796973517
41796973739
41796973991
41796973878
41796973851
41796973652
41796973992
41796973611
41796973946
41796973508
41796973649
41796973421
41796973897
41796973837
41796973669
41796973507
41796973763
41796973666
41796973731
41796973845
41796973928
41796973388
41796973648
41796973449
41796973532
41796973547
41796973512
41796973439
41796973788
41796973896
41796973760
41796973860
41796973519
41796973863
41796973819
41796973833
41796973907
41796973861
41796973782
41796973780
41796973822
41796973730
41796973645
41796973790
41796973450
41796973958
41796973448
41796973602
41796973931
41796973753
41796973493
41796973724
41796973619
41796973537
41796973755
41796973500
41796973781
41796973764
41796973879
41796973692
41796973884
41796973716
41796973814
41796973959
41796973559
41796973909
41796973925
41796973372
41796973952
41796973575
41796973856
41796973936
41796973749
41796973667
41796973854
41796973487
41796973900
41796973795
41796973812
41796973867
41796973747
41796973813
41796973868
41796973820
41796973940
41796973917
41796973534
41796973823
41796973438
41796973581
41796973637
41796973945
41796973989
41796973786
41796973535
41796973720
41796973505
41796973971
41796973836
41796973768
41796973832
41796973890
41796973924
41796973963
41796973635
41796973923
41796973661
41796973587
41796973883
41796973705
41796973882
41796973821
41796973919
41796973616
41796973650
41796973626
41796973746
41796973664
41796973844
41796973623
41796973702
41796973903
41796973858
41796973979
41796973865
41796973526
41796973688
41796973734
41796973829
41796973850
41796973759
41796973987
41796973965
41796973975
41796973713
41796973913
41796973872
41796973871
41796973954
41796973817
41796973641
41796973920
41796973960
41796973938
41796973906
41796973766
41796973886
41796973972
41796973947
41796973964
41796971003
41796971023
41796971001
41796971018
41796971029
41796971002
41796971015
41796971031
41796971012
41796971026
41796971016
41796971013
41796971030
41796971045
41796971059
41796971020
41796971326
41796971141
41796971101
41796971028
41796971033
41796971052
41796971066
41796971071
41796971065
41796971034
41796971139
41796971103
41796971190
41796971094
41796971105
41796971416
41796971303
41796971063
41796971481
41796971147
41796971069
41796971500
41796971082
41796971090
41796971050
41796971044
41796971037
41796971524
41796971060
41796971074
41796971202
41796971089
41796971187
41796971121
41796971117
41796971161
41796971049
41796971077
41796971122
41796971264
41796971200
41796971160
41796971178
41796971091
41796971054
41796971114
41796971218
41796971111
41796971056
41796971073
41796971166
41796971043
41796971278
41796971053
41796971120
41796971185
41796971291
41796971213
41796971079
41796971036
41796971208
41796971191
41796971348
41796971125
41796971123
41796971062
41796971339
41796971151
41796971048
41796971102
41796971152
41796971509
41796971137
41796971372
41796971352
41796971284
41796971225
41796971271
41796971318
41796971133
41796971269
41796971150
41796971390
41796971204
41796971412
41796971216
41796971350
41796971356
41796971173
41796971138
41796971177
41796971301
41796971085
41796971124
41796971281
41796971221
41796971285
41796971383
41796971246
41796971491
41796971332
41796971276
41796971179
41796971168
41796971387
41796971055
41796971207
41796971210
41796971604
41796971205
41796971618
41796971399
41796971432
41796971283
41796971109
41796971134
41796971367
41796971310
41796971602
41796971592
41796971688
41796971170
41796971286
41796971236
41796971083
41796971088
41796971862
41796971443
41796971744
41796971477
41796971717
41796971214
41796971464
41796971423
41796971250
41796971577
41796971422
41796971549
41796971419
41796971328
41796971144
41796971406
41796971307
41796971201
41796971388
41796971361
41796971182
41796971203
41796971389
41796971153
41796971413
41796971664
41796971260
41796971740
41796971270
41796971220
41796971648
41796971742
41796971309
41796971164
41796971265
41796971404
41796971312
41796971175
41796971127
41796971613
41796971234
41796971849
41796971353
41796971517
41796971329
41796971547
41796971131
41796971165
41796971189
41796971275
41796971421
41796971257
41796971287
41796971247
41796971441
41796971308
41796971440
41796971241
41796971280
41796971345
41796971559
41796971510
41796971502
41796971828
41796971689
41796971545
41796971567
41796971340
41796971418
41796971448
41796971474
41796971770
41796971363
41796971183
41796971529
41796971641
41796971480
41796971377
41796971057
41796971128
41796971300
41796971425
41796971783
41796971217
41796971731
41796971805
41796971544
41796971148
41796971914
41796971266
41796971381
41796971891
41796971242
41796971424
41796971752
41796971746
41796971629
41796971240
41796971193
41796971223
41796971346
41796971945
41796971305
41796971252
41796971403
41796971858
41796971546
41796971373
41796971302
41796971366
41796971617
41796971887
41796971258
41796971108
41796971487
41796971385
41796971379
41796971397
41796971446
41796971409
41796971444
41796971923
41796971530
41796971411
41796971587
41796971405
41796971606
41796971662
41796971316
41796971490
41796971347
41796971458
41796971600
41796971738
41796971226
41796971767
41796971288
41796971825
41796971486
41796971852
41796971306
41796971289
41796971725
41796971865
41796971439
41796971819
41796971338
41796971622
41796971620
41796971579
41796971420
41796971343
41796971931
41796971263
41796971186
41796971211
41796971519
41796971417
41796971818
41796971669
41796971378
41796971925
41796971722
41796971804
41796971430
41796971072
41796971449
41796971775
41796971762
41796971933
41796971917
41796971929
41796971782
41796971492
41796971952
41796971594
41796971836
41796971129
41796971402
41796971351
41796971321
41796971575
41796971572
41796971580
41796971830
41796971466
41796971460
41796971428
41796971456
41796971184
41796971626
41796971542
41796971601
41796971777
41796971436
41796971616
41796971426
41796971967
41796971578
41796971927
41796971951
41796971324
41796971581
41796971516
41796971569
41796971890
41796971462
41796971812
41796971518
41796971634
41796971964
41796971993
41796971861
41796971447
41796971909
41796971484
41796971936
41796971478
41796971631
41796971900
41796971949
41796971341
41796971910
41796971325
41796971845
41796971501
41796971829
41796971515
41796971873
41796971842
41796971793
41796971362
41796971514
41796971541
41796971686
41796971682
41796971277
41796971774
41796971726
41796971721
41796971935
41796971407
41796971603
41796971994
41796971826
41796971365
41796971941
41796971563
41796971996
41796971874
41796971475
41796971585
41796971180
41796971871
41796971590
41796971753
41796971292
41796971520
41796971985
41796971707
41796971866
41796971650
41796971591
41796971992
41796971780
41796971359
41796971851
41796971882
41796971926
41796971757
41796971472
41796971948
41796971454
41796971817
41796971610
41796971508
41796971940
41796971357
41796971834
41796971282
41796971625
41796971710
41796971983
41796971511
41796971713
41796971791
41796971451
41796971527
41796971972
41796971734
41796971732
41796971778
41796971944
41796971965
41796971978
41796971311
41796971647
41796971471
41796971856
41796971736
41796971771
41796971911
41796971676
41796971555
41796971574
41796971645
41796971840
41796971886
41796971452
41796971714
41796971750
41796971653
41796971816
41796971628
41796971839
41796971986
41796971975
41796971779
41796971709
41796971735
41796971794
41796971912
41796971494
41796971881
41796971684
41796971708
41796971969
41796971831
41796971700
41796971694
41796971982
41796971605
41796971728
41796971672
41796971765
41796971976
41796971966
41796971907
41796971723
41796971737
41796971946
41796971512
41796971729
41796971902
41796971880
41796971656
41796971745
41796971716
41796971394
41796971701
41796971593
41796971659
41796971670
41796971868
41796971876
41796971751
41796971769
41796971960
41796971872
41796971846
41796971954
41796971705
41796971989
41796971956
41796971768
41796971614
41796971847
41796971772
41796971973
41796971673
41796971870
41796971703
41796971718
41796971792
41796971685
41796971915
41796971756
41796971988
41796971841
41796971889
41796971764
41796971905
41796971761
41796971968
41796971445
41796971934
41796971785
41796971894
41796971958
41796971920
41796971990
41796971877
41796971615
41796971755
41796971743
41796971981
41796971930
41796971850
41796971906
41796971937
41796971790
41796971833
41796971928
41796971924
41796971810
41796971671
41796971963
41796971995
41796971857
41796971679
41796971639
41796971984
41796971749
41796971848
41796972000
41796972028
41796972001
41796972032
41796972005
41796972012
41796972025
41796972021
41796972006
41796972019
41796972002
41796972013
41796972007
41796972016
41796972020
41796972018
41796972026
41796972017
41796972014
41796972015
41796972031
41796972054
41796972116
41796972035
41796972251
41796972057
41796972067
41796972117
41796972085
41796972301
41796972058
41796972104
41796972155
41796972174
41796972185
41796972379
41796972038
41796972235
41796972109
41796972044
41796972023
41796972222
41796972074
41796972312
41796972318
41796972268
41796972158
41796972034
41796972039
41796972027
41796972209
41796972328
41796972141
41796972042
41796972110
41796972129
41796972083
41796972257
41796972068
41796972160
41796972066
41796972115
41796972372
41796972323
41796972221
41796972193
41796972048
41796972036
41796972142
41796972343
41796972077
41796972072
41796972061
41796972049
41796972303
41796972094
41796972089
41796972738
41796972324
41796972070
41796972205
41796972051
41796972047
41796972131
41796972093
41796972084
41796972092
41796972212
41796972210
41796972122
41796972157
41796972166
41796972125
41796972229
41796972180
41796972261
41796972143
41796972357
41796972179
41796972064
41796972088
41796972153
41796972532
41796972137
41796972138
41796972120
41796972095
41796972135
41796972156
41796972273
41796972650
41796972204
41796972302
41796972290
41796972164
41796972126
41796972413
41796972053
41796972330
41796972415
41796972567
41796972286
41796972226
41796972283
41796972206
41796972643
41796972349
41796972245
41796972069
41796972730
41796972130
41796972216
41796972258
41796972334
41796972279
41796972121
41796972408
41796972081
41796972300
41796972234
41796972350
41796972246
41796972270
41796972407
41796972123
41796972700
41796972100
41796972065
41796972473
41796972220
41796972456
41796972392
41796972241
41796972231
41796972602
41796972076
41796972434
41796972139
41796972217
41796972165
41796972988
41796972159
41796972345
41796972583
41796972644
41796972200
41796972230
41796972561
41796972588
41796972250
41796972082
41796972232
41796972443
41796972225
41796972518
41796972059
41796972658
41796972479
41796972183
41796972978
41796972260
41796972233
41796972173
41796972554
41796972433
41796972171
41796972236
41796972219
41796972369
41796972287
41796972214
41796972114
41796972792
41796972354
41796972577
41796972322
41796972191
41796972307
41796972107
41796972223
41796972503
41796972265
41796972425
41796972483
41796972150
41796972625
41796972248
41796972814
41796972950
41796972288
41796972381
41796972329
41796972091
41796972227
41796972460
41796972224
41796972384
41796972584
41796972340
41796972344
41796972786
41796972278
41796972446
41796972675
41796972636
41796972308
41796972412
41796972317
41796972856
41796972255
41796972720
41796972501
41796972979
41796972735
41796972289
41796972388
41796972838
41796972103
41796972188
41796972613
41796972606
41796972780
41796972284
41796972208
41796972272
41796972869
41796972228
41796972486
41796972544
41796972756
41796972535
41796972648
41796972529
41796972437
41796972313
41796972777
41796972314
41796972581
41796972667
41796972374
41796972243
41796972151
41796972383
41796972271
41796972806
41796972506
41796972327
41796972464
41796972600
41796972325
41796972672
41796972494
41796972177
41796972593
41796972813
41796972218
41796972664
41796972491
41796972522
41796972868
41796972604
41796972263
41796972450
41796972406
41796972555
41796972744
41796972957
41796972332
41796972992
41796972679
41796972444
41796972637
41796972547
41796972520
41796972718
41796972647
41796972566
41796972708
41796972733
41796972249
41796972269
41796972244
41796972568
41796972575
41796972693
41796972553
41796972311
41796972259
41796972671
41796972717
41796972845
41796972192
41796972390
41796972629
41796972526
41796972627
41796972439
41796972391
41796972802
41796972652
41796972534
41796972442
41796972689
41796972910
41796972809
41796972867
41796972470
41796972737
41796972766
41796972552
41796972960
41796972924
41796972930
41796972879
41796972941
41796972936
41796972564
41796972834
41796972773
41796972706
41796972482
41796972677
41796972815
41796972961
41796972240
41796972537
41796972401
41796972967
41796972565
41796972490
41796972683
41796972673
41796972964
41796972908
41796972816
41796972405
41796972685
41796972539
41796972919
41796972540
41796972966
41796972538
41796972451
41796972424
41796972264
41796972705
41796972804
41796972589
41796972681
41796972468
41796972213
41796972788
41796972707
41796972500
41796972990
41796972436
41796972333
41796972352
41796972614
41796972828
41796972743
41796972508
41796972512
41796972932
41796972818
41796972321
41796972469
41796972881
41796972622
41796972449
41796972607
41796972549
41796972628
41796972609
41796972826
41796972662
41796972466
41796972914
41796972846
41796972310
41796972811
41796972747
41796972761
41796972709
41796972563
41796972785
41796972994
41796972825
41796972558
41796972832
41796972746
41796972545
41796972402
41796972751
41796972790
41796972663
41796972787
41796972452
41796972701
41796972835
41796972560
41796972646
41796972523
41796972769
41796972912
41796972877
41796972515
41796972651
41796972954
41796972387
41796972480
41796972823
41796972704
41796972632
41796972692
41796972784
41796972883
41796972659
41796972616
41796972533
41796972885
41796972010
41796972890
41796972670
41796972764
41796972894
41796972719
41796972711
41796972943
41796972873
41796972945
41796972948
41796972414
41796972416
41796972630
41796972800
41796972608
41796972888
41796972968
41796972528
41796972886
41796972536
41796972712
41796972820
41796972917
41796972953
41796972721
41796972674
41796972918
41796972935
41796972841
41796972774
41796972750
41796972550
41796972833
41796972972
41796972805
41796972934
41796972624
41796972781
41796972394
41796972946
41796972462
41796972971
41796972660
41796972892
41796972574
41796972429
41796972803
41796972863
41796972789
41796972958
41796972731
41796972046
41796972973
41796972829
41796972963
41796972728
41796972455
41796972857
41796972931
41796972854
41796972678
41796972889
41796972557
41796972870
41796972586
41796972925
41796972642
41796972507
41796972940
41796972884
41796972882
41796972937
41796972710
41796972983
41796972740
41796972974
41796972454
41796972848
41796972993
41796972947
41796972985
41796972982
41796972511
41796972866
41796972726
41796972541
41796972916
41796972976
41796972991
41796972729
41796972955
41796972760
41796978005
41796978013
41796978024
41796978029
41796978010
41796978016
41796978004
41796978008
41796978032
41796978023
41796978019
41796978009
41796978017
41796978011
41796978025
41796978027
41796978031
41796978066
41796978069
41796978126
41796978196
41796978048
41796978285
41796978122
41796978030
41796978034
41796978342
41796978176
41796978150
41796978075
41796978090
41796978052
41796978039
41796978246
41796978044
41796978131
41796978042
41796978058
41796978155
41796978063
41796978271
41796978173
41796978128
41796978109
41796978118
41796978216
41796978086
41796978061
41796978202
41796978084
41796978181
41796978078
41796978190
41796978197
41796978091
41796978037
41796978045
41796978160
41796978062
41796978355
41796978371
41796978307
41796978130
41796978136
41796978403
41796978103
41796978040
41796978215
41796978183
41796978059
41796978185
41796978338
41796978081
41796978351
41796978304
41796978115
41796978079
41796978085
41796978138
41796978112
41796978301
41796978283
41796978333
41796978073
41796978168
41796978141
41796978146
41796978051
41796978121
41796978068
41796978439
41796978220
41796978204
41796978286
41796978089
41796978170
41796978172
41796978114
41796978524
41796978402
41796978348
41796978280
41796978434
41796978817
41796978225
41796978186
41796978252
41796978315
41796978106
41796978124
41796978737
41796978134
41796978203
41796978346
41796978267
41796978292
41796978414
41796978221
41796978718
41796978231
41796978302
41796978147
41796978336
41796978232
41796978741
41796978092
41796978443
41796978175
41796978517
41796978242
41796978067
41796978047
41796978178
41796978442
41796978163
41796978113
41796978318
41796978123
41796978582
41796978388
41796978345
41796978161
41796978471
41796978245
41796978380
41796978672
41796978391
41796978805
41796978088
41796978275
41796978431
41796978612
41796978400
41796978251
41796978811
41796978303
41796978104
41796978214
41796978483
41796978461
41796978258
41796978180
41796978049
41796978643
41796978597
41796978279
41796978137
41796978480
41796978733
41796978344
41796978683
41796978709
41796978210
41796978465
41796978135
41796978233
41796978501
41796978174
41796978424
41796978076
41796978459
41796978253
41796978602
41796978606
41796978305
41796978523
41796978184
41796978248
41796978409
41796978339
41796978132
41796978310
41796978287
41796978337
41796978938
41796978107
41796978277
41796978192
41796978627
41796978464
41796978205
41796978257
41796978317
41796978386
41796978240
41796978288
41796978472
41796978427
41796978229
41796978688
41796978559
41796978740
41796978308
41796978869
41796978422
41796978503
41796978149
41796978722
41796978543
41796978546
41796978490
41796978528
41796978281
41796978239
41796978423
41796978335
41796978404
41796978448
41796978432
41796978536
41796978469
41796978855
41796978638
41796978350
41796978306
41796978661
41796978363
41796978665
41796978359
41796978334
41796978340
41796978560
41796978860
41796978384
41796978971
41796978541
41796978529
41796978487
41796978250
41796978557
41796978238
41796978226
41796978608
41796978372
41796978525
41796978456
41796978446
41796978705
41796978649
41796978266
41796978265
41796978922
41796978393
41796978362
41796978630
41796978685
41796978626
41796978635
41796978182
41796978617
41796978715
41796978353
41796978776
41796978323
41796978689
41796978349
41796978387
41796978669
41796978385
41796978241
41796978949
41796978457
41796978254
41796978489
41796978441
41796978641
41796978390
41796978675
41796978437
41796978942
41796978401
41796978537
41796978447
41796978957
41796978108
41796978478
41796978382
41796978562
41796978610
41796978406
41796978682
41796978156
41796978676
41796978748
41796978611
41796978435
41796978415
41796978923
41796978694
41796978890
41796978502
41796978209
41796978570
41796978509
41796978436
41796978755
41796978747
41796978392
41796978577
41796978313
41796978194
41796978614
41796978374
41796978264
41796978686
41796978550
41796978583
41796978932
41796978818
41796978484
41796978580
41796978193
41796978634
41796978584
41796978463
41796978803
41796978419
41796978256
41796978703
41796978235
41796978833
41796978852
41796978738
41796978455
41796978940
41796978540
41796978466
41796978370
41796978955
41796978691
41796978451
41796978289
41796978729
41796978357
41796978745
41796978515
41796978567
41796978511
41796978882
41796978125
41796978474
41796978928
41796978843
41796978911
41796978788
41796978383
41796978526
41796978984
41796978781
41796978462
41796978692
41796978879
41796978836
41796978532
41796978807
41796978983
41796978884
41796978822
41796978549
41796978708
41796978314
41796978766
41796978646
41796978941
41796978505
41796978775
41796978329
41796978867
41796978604
41796978947
41796978551
41796978510
41796978780
41796978864
41796978588
41796978619
41796978395
41796978438
41796978690
41796978521
41796978844
41796978571
41796978840
41796978944
41796978586
41796978880
41796978782
41796978470
41796978631
41796978752
41796978815
41796978681
41796978829
41796978808
41796978977
41796978762
41796978460
41796978356
41796978993
41796978909
41796978789
41796978990
41796978723
41796978579
41796978394
41796978568
41796978621
41796978827
41796978742
41796978716
41796978412
41796978706
41796978878
41796978654
41796978645
41796978872
41796978961
41796978542
41796978770
41796978620
41796978931
41796978539
41796978687
41796978885
41796978530
41796978924
41796978558
41796978966
41796978773
41796978449
41796978888
41796978845
41796978714
41796978639
41796978407
41796978901
41796978678
41796978416
41796978354
41796978793
41796978739
41796978485
41796978636
41796978837
41796978979
41796978411
41796978751
41796978830
41796978801
41796978816
41796978750
41796978736
41796978891
41796978493
41796978712
41796978616
41796978644
41796978717
41796978430
41796978555
41796978835
41796978839
41796978917
41796978866
41796978812
41796978894
41796978850
41796978921
41796978721
41796978622
41796978554
41796978810
41796978851
41796978834
41796978873
41796978919
41796978707
41796978572
41796978956
41796978809
41796978986
41796978980
41796978937
41796978479
41796978910
41796978600
41796978907
41796978900
41796978666
41796978858
41796978963
41796978868
41796978930
41796978997
41796978618
41796978653
41796978987
41796978934
41796978670
41796978724
41796978951
41796978920
41796978720
41796978988
41796978566
41796978693
41796978725
41796978974
41796978792
41796978820
41796978753
41796978573
41796978769
41796978870
41796978749
41796978887
41796978778
41796978969
41796978925
41796978763
41796978926
41796978946
41796977000
41796977013
41796977020
41796977019
41796977027
41796977007
41796977017
41796977032
41796977024
41796977001
41796977029
41796977025
41796977018
41796977010
41796977022
41796977004
41796977030
41796977011
41796977002
41796977023
41796977005
41796977014
41796977034
41796977058
41796977089
41796977041
41796977039
41796977155
41796977055
41796977067
41796977071
41796977083
41796977042
41796977087
41796977143
41796977035
41796977124
41796977286
41796977266
41796977128
41796977101
41796977112
41796977123
41796977117
41796977133
41796977043
41796977130
41796977275
41796977160
41796977216
41796977184
41796977037
41796977077
41796977125
41796977340
41796977167
41796977045
41796977177
41796977094
41796977317
41796977212
41796977060
41796977204
41796977091
41796977070
41796977073
41796977074
41796977081
41796977235
41796977183
41796977062
41796977050
41796977044
41796977121
41796977144
41796977210
41796977059
41796977069
41796977049
41796977225
41796977222
41796977217
41796977036
41796977085
41796977046
41796977350
41796977122
41796977269
41796977146
41796977057
41796977040
41796977342
41796977119
41796977052
41796977329
41796977072
41796977154
41796977076
41796977181
41796977114
41796977273
41796977166
41796977080
41796977328
41796977100
41796977338
41796977283
41796977237
41796977221
41796977255
41796977142
41796977248
41796977140
41796977312
41796977345
41796977276
41796977116
41796977082
41796977293
41796977182
41796977134
41796977106
41796977193
41796977324
41796977346
41796977339
41796977326
41796977349
41796977145
41796977308
41796977176
41796977054
41796977162
41796977325
41796977316
41796977164
41796977111
41796977309
41796977299
41796977135
41796977187
41796977115
41796977318
41796977168
41796977307
41796977232
41796977132
41796977313
41796977127
41796977174
41796977267
41796977229
41796977271
41796977348
41796977189
41796977268
41796977321
41796977161
41796977240
41796977284
41796977158
41796977215
41796977331
41796977219
41796977126
41796977264
41796977277
41796977231
41796977343
41796977323
41796977206
41796977157
41796977292
41796977262
41796977330
41796977252
41796977336
41796977256
41796977165
41796977344
41796977278
41796977236
41796977242
41796977230
41796977320
41796977169
41796977261
41796977289
41796977254
41796977305
41796977259
41796977291
41796977287
41796977211
41796977334
41796977226
41796977257
41796977347
41796977359
41796977369
41796977368
41796977365
41796977366
41796977363
41796977378
41796977382
41796977356
41796977362
41796977355
41796977377
41796977372
41796977352
41796977371
41796977351
41796977376
41796977361
41796977381
41796977375
41796977374
41796977379
41796977565
41796977406
41796977436
41796977398
41796977489
41796977549
41796977421
41796977433
41796977444
41796977434
41796977452
41796977407
41796977408
41796977416
41796977384
41796977446
41796977464
41796977480
41796977479
41796977494
41796977506
41796977404
41796977383
41796977456
41796977514
41796977454
41796977466
41796977541
41796977389
41796977515
41796977410
41796977427
41796977508
41796977449
41796977419
41796977517
41796977539
41796977403
41796977600
41796977425
41796977617
41796977439
41796977613
41796977534
41796977544
41796977582
41796977488
41796977426
41796977411
41796977409
41796977420
41796977485
41796977530
41796977405
41796977423
41796977474
41796977529
41796977647
41796977525
41796977443
41796977537
41796977572
41796977520
41796977388
41796977504
41796977579
41796977631
41796977536
41796977401
41796977438
41796977437
41796977638
41796977639
41796977447
41796977491
41796977583
41796977413
41796977468
41796977566
41796977455
41796977599
41796977570
41796977622
41796977585
41796977432
41796977677
41796977574
41796977637
41796977501
41796977548
41796977550
41796977591
41796977688
41796977450
41796977513
41796977666
41796977440
41796977562
41796977500
41796977635
41796977483
41796977505
41796977605
41796977661
41796977516
41796977608
41796977476
41796977603
41796977657
41796977385
41796977526
41796977475
41796977445
41796977459
41796977672
41796977587
41796977689
41796977620
41796977610
41796977670
41796977573
41796977394
41796977601
41796977521
41796977636
41796977656
41796977560
41796977625
41796977586
41796977680
41796977441
41796977559
41796977481
41796977651
41796977519
41796977593
41796977690
41796977616
41796977615
41796977634
41796977592
41796977469
41796977671
41796977660
41796977451
41796977588
41796977642
41796977621
41796977650
41796977674
41796977477
41796977624
41796977612
41796977687
41796977629
41796977569
41796977630
41796977575
41796977472
41796977510
41796977686
41796977547
41796977655
41796977692
41796977632
41796977611
41796977667
41796977669
41796977668
41796977729
41796977723
41796977703
41796977706
41796977708
41796977724
41796977718
41796977717
41796977700
41796977712
41796977713
41796977702
41796977709
41796977727
41796977722
41796977701
41796977704
41796977721
41796977779
41796977782
41796977745
41796977767
41796977744
41796977734
41796977773
41796977792
41796977740
41796977772
41796977732
41796977737
41796977777
41796977748
41796977788
41796977735
41796977738
41796977749
41796977739
41796977790
41796977783
41796977762
41796977789
41796977778
41796977752
41796977765
41796977780
41796977731
41796977759
41796977751
41796977743
41796977766
41796977784
41796977741
41796977770
41796977776
41796977758
41796977791
41796977786
41796977854
41796977846
41796977814
41796977840
41796977793
41796977844
41796977822
41796977836
41796977813
41796977819
41796977847
41796977820
41796977806
41796977860
41796977863
41796977797
41796977837
41796977821
41796977852
41796977870
41796977826
41796977811
41796977838
41796977833
41796977801
41796977800
41796977856
41796977865
41796977843
41796977853
41796977876
41796977824
41796977862
41796977815
41796977857
41796977817
41796977834
41796977841
41796977869
41796977830
41796977871
41796977873
41796977866
41796977842
41796977832
41796977872
41796977803
41796977868
41796977859
41796977855
41796977848
41796977875
41796977925
41796977905
41796977927
41796977909
41796977883
41796977921
41796977881
41796977943
41796977906
41796977955
41796977962
41796977888
41796977948
41796977926
41796977938
41796977914
41796977945
41796977907
41796977882
41796977902
41796977947
41796977929
41796977918
41796977959
41796977946
41796977917
41796977910
41796977901
41796977890
41796977891
41796977942
41796977924
41796977965
41796977937
41796977919
41796977911
41796977950
41796977940
41796977886
41796977922
41796977941
41796977956
41796977933
41796977952
41796977930
41796977957
41796977928
41796977951
41796977994
41796977978
41796977973
41796977987
41796977984
41796977990
41796977989
41796977993
41796977970
41796977974
41796977967
41796977971
41796977976
41796977972
41796977988
41796977980
41796977975
41796977982
