41762565018
41762565030
41762565010
41762565007
41762565020
41762565014
41762565056
41762565165
41762565040
41762565050
41762565081
41762565124
41762565218
41762565192
41762565222
41762565121
41762565381
41762565070
41762565309
41762565264
41762565157
41762565415
41762565110
41762565567
41762565393
41762565396
41762565164
41762565691
41762565740
41762565298
41762565446
41762565322
41762565086
41762565238
41762565227
41762565233
41762565248
41762565286
41762565275
41762565287
41762565636
41762565176
41762565297
41762565897
41762565167
41762565269
41762565796
41762565831
41762565421
41762565312
41762565273
41762565343
41762565474
41762565500
41762565664
41762565296
41762565452
41762565642
41762565753
41762565695
41762565919
41762565336
41762565334
41762565925
41762565313
41762565924
41762565617
41762565994
41762565231
41762565656
41762565489
41762565673
41762565595
41762565879
41762565643
41762565841
41762565519
41762565674
41762565723
41762565720
41762565583
41762565779
41762565812
41762565665
41762565902
41762565770
41762565662
41762565440
41762565956
41762565530
41762565904
41762565645
41762565672
41762565851
41762565783
41762565858
41762565377
41762565722
41762565716
41762565705
41762565717
41762565700
41762565815
41762565527
41762565947
41762565907
41762564005
41762564007
41762564004
41762564314
41762564105
41762564190
41762564077
41762564041
41762564110
41762564108
41762564315
41762564092
41762564236
41762564225
41762564155
41762564040
41762564365
41762564332
41762564061
41762564123
41762564144
41762564270
41762564115
41762564352
41762564223
41762564298
41762564229
41762564245
41762564449
41762564535
41762564438
41762564527
41762564431
41762564264
41762564505
41762564379
41762564503
41762564501
41762564470
41762564207
41762564828
41762564246
41762564426
41762564480
41762564493
41762564329
41762564417
41762564383
41762564793
41762564490
41762564693
41762564341
41762564347
41762564868
41762564363
41762564518
41762564500
41762564260
41762564934
41762564393
41762564330
41762564521
41762564592
41762564933
41762564596
41762564920
41762564362
41762564964
41762564659
41762564861
41762564853
41762564607
41762564704
41762564781
41762564683
41762564875
41762564779
41762564940
41762564951
41762564770
41762564903
41762564083
41762564884
41762564980
41762566030
41762566001
41762566029
41762566026
41762566032
41762566020
41762566040
41762566058
41762566074
41762566126
41762566089
41762566051
41762566312
41762566037
41762566151
41762566225
41762566047
41762566087
41762566075
41762566101
41762566410
41762566270
41762566391
41762566109
41762566132
41762566059
41762566431
41762566702
41762566356
41762566282
41762566348
41762566307
41762566248
41762566675
41762566567
41762566230
41762566608
41762566278
41762566271
41762566668
41762566698
41762566516
41762566222
41762566269
41762566578
41762566736
41762566522
41762566078
41762566425
41762566306
41762566417
41762566311
41762566862
41762566180
41762566183
41762566438
41762566506
41762566426
41762566565
41762566966
41762566281
41762566860
41762566832
41762566598
41762566574
41762566785
41762566747
41762566421
41762566236
41762566751
41762566524
41762566583
41762566980
41762566622
41762566972
41762566255
41762566956
41762566650
41762566825
41762566705
41762566965
41762566776
41762566814
41762566914
41762566991
41762566838
41762566579
41762566896
41762566505
41762566712
41762566550
41762566600
41762566568
41762566887
41762566603
41762566555
41762566767
41762566607
41762566853
41762566663
41762566870
41762566700
41762566917
41762566803
41762566874
41762566924
41762566880
41762566706
41762566659
41762566929
41762566669
41762566859
41762566863
41762566787
41762566786
41762566851
41762566882
41762566830
41762566811
41762566690
41762566993
41762560008
41762560014
41762560004
41762560182
41762560036
41762560234
41762560035
41762560228
41762560217
41762560150
41762560280
41762560269
41762560133
41762560089
41762560185
41762560207
41762560126
41762560091
41762560058
41762560345
41762560042
41762560255
41762560179
41762560131
41762560047
41762560245
41762560328
41762560350
41762560309
41762560287
41762560290
41762560349
41762560168
41762560256
41762560305
41762560186
41762560342
41762560233
41762560263
41762560253
41762560358
41762560365
41762560427
41762560386
41762560447
41762560467
41762560428
41762560567
41762560418
41762560432
41762560440
41762560408
41762560389
41762560630
41762560462
41762560575
41762560514
41762560549
41762560557
41762560693
41762560640
41762560538
41762560546
41762560506
41762560588
41762560650
41762560714
41762560717
41762560716
41762560700
41762560712
41762560731
41762560756
41762560805
41762560760
41762560875
41762560840
41762560868
41762560841
41762560821
41762560850
41762560838
41762560825
41762560939
41762560883
41762560910
41762560911
41762560981
41762560969
41762560977
41762560991
41762569000
41762569080
41762569054
41762569095
41762569168
41762569215
41762569049
41762569063
41762569181
41762569133
41762569035
41762569169
41762569462
41762569151
41762569134
41762569302
41762569164
41762569056
41762569437
41762569400
41762569110
41762569397
41762569193
41762569060
41762569795
41762569661
41762569256
41762569140
41762569546
41762569879
41762569235
41762569441
41762569611
41762569667
41762569330
41762569408
41762569220
41762569758
41762569210
41762569540
41762569595
41762569945
41762569800
41762569811
41762569355
41762569368
41762569425
41762569202
41762569719
41762569246
41762569485
41762569577
41762569981
41762569920
41762569369
41762569659
41762569514
41762569917
41762569636
41762569566
41762569886
41762569771
41762569833
41762569282
41762569943
41762569823
41762569983
41762569808
41762569853
41762569955
41762569861
41762569982
41762569749
41762569782
41762569696
41762569947
41762569797
41762569459
41762569923
41762569780
41762569994
41762569966
41762563000
41762563022
41762563026
41762563005
41762563030
41762563025
41762563031
41762563049
41762563110
41762563104
41762563328
41762563065
41762563157
41762563036
41762563162
41762563233
41762563192
41762563175
41762563309
41762563344
41762563295
41762563200
41762563221
41762563241
41762563255
41762563333
41762563041
41762563304
41762563058
41762563305
41762563336
41762563389
41762563402
41762563433
41762563379
41762563352
41762563443
41762563505
41762563386
41762563484
41762563429
41762563365
41762563596
41762563450
41762563593
41762563442
41762563479
41762563669
41762563488
41762563434
41762563495
41762563419
41762563681
41762563552
41762563655
41762563666
41762563644
41762563692
41762563545
41762563640
41762563547
41762563709
41762563711
41762563710
41762563725
41762563715
41762563772
41762563805
41762563789
41762563740
41762563751
41762563810
41762563752
41762563843
41762563838
41762563818
41762563846
41762563849
41762563866
41762563833
41762563897
41762563939
41762563893
41762563904
41762563882
41762563955
41762563962
41762563950
41762563898
41762563983
41762563969
41762563979
41762563982
41762561000
41762561002
41762561013
41762561010
41762561014
41762561015
41762561008
41762561039
41762561038
41762561047
41762561078
41762561111
41762561145
41762561070
41762561098
41762561119
41762561522
41762561195
41762561108
41762561101
41762561197
41762561500
41762561254
41762561410
41762561772
41762561139
41762561306
41762561781
41762561235
41762561773
41762561574
41762561592
41762561258
41762561464
41762561642
41762561431
41762561450
41762561703
41762561360
41762561281
41762561584
41762561514
41762561714
41762561506
41762561804
41762561170
41762561827
41762561616
41762561330
41762561559
41762561885
41762561577
41762561590
41762561774
41762561512
41762561819
41762561630
41762561766
41762561571
41762561871
41762561789
41762561563
41762561550
41762561745
41762561855
41762561944
41762561881
41762561779
41762561627
41762561877
41762561943
41762561806
41762561582
41762561815
41762562009
41762562025
41762562051
41762562175
41762562093
41762562187
41762562136
41762562049
41762562081
41762562157
41762562100
41762562249
41762562274
41762562317
41762562334
41762562149
41762562271
41762562279
41762562195
41762562314
41762562272
41762562276
41762562360
41762562426
41762562475
41762562375
41762562535
41762562604
41762562402
41762562496
41762562540
41762562389
41762562509
41762562594
41762562502
41762562657
41762562541
41762562656
41762562665
41762562695
41762562706
41762562708
41762562817
41762562841
41762562868
41762562819
41762562885
41762562942
41762562888
41762562933
41762562908
41762562961
41762562987
41762562997
41762562992
41762568018
41762568009
41762568008
41762568003
41762568148
41762568138
41762568227
41762568083
41762568304
41762568055
41762568114
41762568183
41762568137
41762568035
41762568100
41762568064
41762568200
41762568128
41762568123
41762568196
41762568198
41762568291
41762568387
41762568226
41762568382
41762568456
41762568302
41762568473
41762568329
41762568126
41762568894
41762568294
41762568089
41762568242
41762568421
41762568243
41762568322
41762568145
41762568475
41762568508
41762568753
41762568419
41762568581
41762568465
41762568527
41762568535
41762568550
41762568360
41762568784
41762568829
41762568993
41762568970
41762568989
41762568062
41762568739
41762568530
41762568510
41762568414
41762568889
41762568502
41762568240
41762568750
41762568518
41762568534
41762568749
41762568863
41762568381
41762568840
41762568586
41762568542
41762568965
41762568208
41762568943
41762568743
41762568823
41762568856
41762568966
41762568886
41762568855
41762568982
41762568760
41762568699
41762568974
41762568577
41762568858
41762568844
41762568977
41762568901
41762568338
41762568746
41762568771
41762568888
41762568799
41762568958
41762568921
41762568759
41762568934
41762568622
41762568807
41762568957
41762568668
41762568864
41762567000
41762567005
41762567021
41762567215
41762567232
41762567126
41762567037
41762567078
41762567074
41762567201
41762567290
41762567105
41762567153
41762567062
41762567247
41762567245
41762567115
41762567216
41762567328
41762567279
41762567296
41762567254
41762567233
41762567303
41762567238
41762567113
41762567507
41762567351
41762567685
41762567460
41762567656
41762567431
41762567607
41762567593
41762567422
41762567616
41762567572
41762567539
41762567588
41762567615
41762567686
41762567690
41762567517
41762567521
41762567596
41762567586
41762567628
41762567602
41762567613
41762567710
41762567706
41762567756
41762567776
41762567754
41762567779
41762567785
41762567747
41762567787
41762567742
41762567790
41762567803
41762567866
41762567804
41762567823
41762567876
41762567799
41762567868
41762567844
41762567818
41762567874
41762567849
41762567922
41762567912
41762567883
41762567930
41762567959
41762567941
41762567975
41762567999
41762567979
