41764605023
41764605006
41764605015
41764605028
41764605011
41764605005
41764605018
41764605008
41764605026
41764605004
41764605031
41764605017
41764605013
41764605016
41764605025
41764605022
41764605029
41764605003
41764605027
41764605033
41764605091
41764605115
41764605131
41764605151
41764605339
41764605061
41764605121
41764605135
41764605036
41764605068
41764605067
41764605097
41764605093
41764605123
41764605057
41764605060
41764605072
41764605206
41764605056
41764605170
41764605081
41764605053
41764605039
41764605066
41764605177
41764605083
41764605140
41764605147
41764605207
41764605252
41764605110
41764605113
41764605328
41764605073
41764605085
41764605106
41764605070
41764605150
41764605153
41764605317
41764605094
41764605142
41764605034
41764605105
41764605069
41764605074
41764605348
41764605167
41764605173
41764605176
41764605155
41764605253
41764605052
41764605260
41764605045
41764605254
41764605130
41764605047
41764605141
41764605220
41764605229
41764605054
41764605301
41764605101
41764605226
41764605250
41764605196
41764605116
41764605344
41764605264
41764605125
41764605124
41764605190
41764605171
41764605108
41764605321
41764605211
41764605152
41764605144
41764605288
41764605268
41764605274
41764605306
41764605262
41764605261
41764605089
41764605099
41764605282
41764605203
41764605263
41764605134
41764605333
41764605249
41764605086
41764605259
41764605308
41764605183
41764605210
41764605312
41764605181
41764605138
41764605222
41764605255
41764605270
41764605120
41764605245
41764605302
41764605311
41764605158
41764605230
41764605331
41764605273
41764605314
41764605162
41764605299
41764605300
41764605343
41764605294
41764605313
41764605318
41764605112
41764605216
41764605298
41764605087
41764605334
41764605305
41764605325
41764605221
41764605327
41764605129
41764605341
41764605329
41764605322
41764605323
41764605350
41764605315
41764605310
41764605239
41764605307
41764605240
41764605243
41764605228
41764605366
41764605355
41764605353
41764605380
41764605364
41764605354
41764605356
41764605362
41764605357
41764605359
41764605596
41764605406
41764605434
41764605400
41764605385
41764605597
41764605440
41764605540
41764605433
41764605431
41764605517
41764605430
41764605459
41764605424
41764605488
41764605585
41764605410
41764605606
41764605441
41764605414
41764605579
41764605594
41764605590
41764605515
41764605422
41764605456
41764605444
41764605485
41764605508
41764605455
41764605511
41764605426
41764605399
41764605514
41764605472
41764605420
41764605411
41764605583
41764605481
41764605595
41764605521
41764605545
41764605665
41764605641
41764605601
41764605575
41764605603
41764605387
41764605572
41764605580
41764605413
41764605436
41764605507
41764605691
41764605570
41764605417
41764605449
41764605490
41764605513
41764605667
41764605616
41764605549
41764605423
41764605670
41764605552
41764605554
41764605461
41764605524
41764605555
41764605542
41764605518
41764605566
41764605589
41764605593
41764605506
41764605557
41764605650
41764605626
41764605534
41764605454
41764605660
41764605576
41764605551
41764605523
41764605608
41764605396
41764605652
41764605582
41764605541
41764605509
41764605547
41764605696
41764605588
41764605427
41764605673
41764605487
41764605620
41764605697
41764605553
41764605653
41764605451
41764605510
41764605659
41764605482
41764605520
41764605543
41764605499
41764605657
41764605581
41764605692
41764605512
41764605633
41764605538
41764605569
41764605442
41764605677
41764605535
41764605628
41764605655
41764605672
41764605651
41764605591
41764605629
41764605577
41764605656
41764605627
41764605564
41764605621
41764605465
41764605614
41764605568
41764605544
41764605584
41764605664
41764605644
41764605522
41764605666
41764605683
41764605571
41764605676
41764605711
41764605725
41764605705
41764605719
41764605720
41764605726
41764605727
41764605702
41764605703
41764605723
41764605716
41764605730
41764605700
41764605729
41764605732
41764605737
41764605779
41764605738
41764605770
41764605761
41764605769
41764605777
41764605788
41764605778
41764605735
41764605759
41764605775
41764605756
41764605757
41764605762
41764605750
41764605783
41764605781
41764605776
41764605789
41764605765
41764605739
41764605794
41764605835
41764605805
41764605793
41764605850
41764605838
41764605829
41764605833
41764605802
41764605824
41764605795
41764605828
41764605823
41764605852
41764605841
41764605818
41764605800
41764605848
41764605803
41764605815
41764605856
41764605855
41764605903
41764605910
41764605880
41764605859
41764605882
41764605865
41764605872
41764605876
41764605911
41764605870
41764605858
41764605875
41764605891
41764605892
41764605878
41764605905
41764605873
41764605874
41764605885
41764605884
41764605900
41764605889
41764605944
41764605995
41764605988
41764605969
41764605918
41764605932
41764605941
41764605924
41764605951
41764605935
41764605958
41764605950
41764605979
41764605921
41764605956
41764605962
41764605920
41764605919
41764605914
41764605964
41764605984
41764605970
41764605996
41764605959
41764605952
41764605986
41764605928
41764605999
41764605992
41764605974
41764605966
41764604012
41764604021
41764604030
41764604003
41764604008
41764604023
41764604006
41764604022
41764604024
41764604031
41764604052
41764604076
41764604038
41764604272
41764604068
41764604092
41764604086
41764604143
41764604035
41764604167
41764604078
41764604125
41764604150
41764604042
41764604202
41764604081
41764604118
41764604248
41764604116
41764604087
41764604321
41764604041
41764604147
41764604211
41764604055
41764604311
41764604061
41764604069
41764604065
41764604288
41764604221
41764604088
41764604374
41764604093
41764604123
41764604138
41764604044
41764604058
41764604345
41764604231
41764604465
41764604102
41764604347
41764604457
41764604152
41764604126
41764604170
41764604486
41764604033
41764604039
41764604189
41764604046
41764604243
41764604079
41764604085
41764604218
41764604375
41764604295
41764604130
41764604168
41764604148
41764604247
41764604172
41764604232
41764604435
41764604385
41764604414
41764604062
41764604432
41764604053
41764604074
41764604322
41764604098
41764604366
41764604241
41764604444
41764604357
41764604253
41764604422
41764604057
41764604340
41764604603
41764604114
41764604132
41764604184
41764604111
41764604142
41764604427
41764604135
41764604539
41764604205
41764604500
41764604146
41764604208
41764604563
41764604307
41764604163
41764604466
41764604572
41764604249
41764604494
41764604161
41764604371
41764604485
41764604174
41764604685
41764604242
41764604436
41764604569
41764604210
41764604848
41764604536
41764604418
41764604110
41764604120
41764604343
41764604608
41764604239
41764604310
41764604493
41764604950
41764604530
41764604217
41764604149
41764604059
41764604171
41764604094
41764604560
41764604317
41764604866
41764604766
41764604449
41764604298
41764604433
41764604066
41764604949
41764604621
41764604304
41764604641
41764604181
41764604399
41764604475
41764604756
41764604503
41764604777
41764604573
41764604236
41764604346
41764604404
41764604397
41764604060
41764604437
41764604632
41764604767
41764604576
41764604484
41764604265
41764604594
41764604303
41764604360
41764604657
41764604112
41764604854
41764604648
41764604519
41764604290
41764604755
41764604107
41764604553
41764604869
41764604191
41764604622
41764604185
41764604337
41764604577
41764604177
41764604384
41764604824
41764604281
41764604214
41764604682
41764604240
41764604649
41764604837
41764604398
41764604548
41764604421
41764604416
41764604740
41764604691
41764604413
41764604450
41764604470
41764604212
41764604640
41764604443
41764604390
41764604228
41764604587
41764604514
41764604230
41764604642
41764604786
41764604918
41764604504
41764604990
41764604220
41764604782
41764604415
41764604492
41764604453
41764604715
41764604738
41764604200
41764604461
41764604668
41764604886
41764604540
41764604476
41764604455
41764604511
41764604876
41764604499
41764604841
41764604522
41764604612
41764604505
41764604268
41764604689
41764604383
41764604699
41764604508
41764604605
41764604495
41764604353
41764604703
41764604819
41764604559
41764604471
41764604598
41764604661
41764604590
41764604628
41764604124
41764604477
41764604611
41764604336
41764604491
41764604885
41764604224
41764604802
41764604921
41764604296
41764604551
41764604481
41764604344
41764604571
41764604849
41764604799
41764604585
41764604663
41764604678
41764604264
41764604578
41764604761
41764604462
41764604565
41764604599
41764604615
41764604815
41764604843
41764604979
41764604188
41764604284
41764604204
41764604888
41764604446
41764604518
41764604196
41764604985
41764604680
41764604550
41764604877
41764604529
41764604749
41764604545
41764604840
41764604429
41764604610
41764604624
41764604768
41764604805
41764604925
41764604798
41764604513
41764604219
41764604744
41764604222
41764604324
41764604836
41764604811
41764604776
41764604697
41764604859
41764604958
41764604447
41764604712
41764604250
41764604562
41764604695
41764604636
41764604233
41764604845
41764604903
41764604411
41764604389
41764604278
41764604626
41764604644
41764604882
41764604673
41764604584
41764604944
41764604206
41764604259
41764604994
41764604718
41764604646
41764604945
41764604380
41764604613
41764604521
41764604348
41764604664
41764604804
41764604820
41764604783
41764604365
41764604234
41764604656
41764604812
41764604910
41764604913
41764604997
41764604810
41764604832
41764604441
41764604662
41764604773
41764604588
41764604961
41764604468
41764604451
41764604943
41764604909
41764604488
41764604722
41764604834
41764604482
41764604908
41764604995
41764604535
41764604677
41764604759
41764604894
41764604270
41764604356
41764604911
41764604581
41764604458
41764604595
41764604765
41764604838
41764604919
41764604920
41764604785
41764604927
41764604852
41764604797
41764604487
41764604716
41764604884
41764604870
41764604937
41764604863
41764604723
41764604827
41764604963
41764604658
41764604989
41764604807
41764604941
41764604467
41764604978
41764604420
41764604940
41764604800
41764604984
41764604915
41764604737
41764604900
41764604868
41764604790
41764604991
41764604327
41764604976
41764604549
41764604653
41764604860
41764604968
41764604992
41764604602
41764604474
41764604743
41764604971
41764604946
41764604881
41764604932
41764604988
41764604962
41764606013
41764606005
41764606006
41764606001
41764606004
41764606027
41764606002
41764606030
41764606024
41764606223
41764606088
41764606041
41764606082
41764606141
41764606321
41764606152
41764606086
41764606235
41764606244
41764606175
41764606064
41764606095
41764606122
41764606116
41764606042
41764606251
41764606306
41764606308
41764606180
41764606107
41764606164
41764606079
41764606169
41764606044
41764606051
41764606261
41764606202
41764606056
41764606074
41764606209
41764606100
41764606150
41764606134
41764606115
41764606204
41764606262
41764606033
41764606087
41764606165
41764606092
41764606162
41764606053
41764606314
41764606146
41764606328
41764606083
41764606140
41764606101
41764606186
41764606133
41764606113
41764606294
41764606219
41764606161
41764606298
41764606120
41764606268
41764606278
41764606247
41764606256
41764606118
41764606105
41764606211
41764606172
41764606335
41764606114
41764606151
41764606329
41764606239
41764606091
41764606191
41764606168
41764606248
41764606326
41764606213
41764606221
41764606222
41764606039
41764606311
41764606136
41764606227
41764606322
41764606313
41764606207
41764606331
41764606215
41764606236
41764606061
41764606243
41764606240
41764606287
41764606203
41764606348
41764606225
41764606177
41764606336
41764606280
41764606077
41764606304
41764606148
41764606339
41764606242
41764606208
41764606217
41764606303
41764606330
41764606145
41764606232
41764606299
41764606327
41764606245
41764606277
41764606269
41764606200
41764606292
41764606347
41764606343
41764606310
41764606319
41764606344
41764606288
41764606337
41764606354
41764606367
41764606357
41764606365
41764606364
41764606366
41764606382
41764606352
41764606381
41764606361
41764606363
41764606404
41764606396
41764606435
41764606399
41764606424
41764606422
41764606415
41764606536
41764606451
41764606425
41764606494
41764606416
41764606479
41764606515
41764606402
41764606386
41764606387
41764606561
41764606394
41764606571
41764606481
41764606472
41764606635
41764606517
41764606599
41764606452
41764606641
41764606391
41764606383
41764606538
41764606501
41764606450
41764606531
41764606456
41764606612
41764606503
41764606552
41764606601
41764606438
41764606411
41764606403
41764606473
41764606432
41764606427
41764606418
41764606490
41764606522
41764606480
41764606449
41764606562
41764606464
41764606556
41764606632
41764606602
41764606557
41764606482
41764606615
41764606606
41764606627
41764606629
41764606442
41764606509
41764606474
41764606525
41764606444
41764606652
41764606638
41764606499
41764606446
41764606530
41764606448
41764606527
41764606569
41764606620
41764606607
41764606654
41764606608
41764606401
41764606688
41764606613
41764606592
41764606492
41764606584
41764606651
41764606578
41764606633
41764606445
41764606685
41764606566
41764606653
41764606514
41764606677
41764606603
41764606477
41764606614
41764606500
41764606533
41764606666
41764606498
41764606605
41764606650
41764606681
41764606596
41764606555
41764606657
41764606546
41764606691
41764606579
41764606453
41764606570
41764606543
41764606628
41764606586
41764606655
41764606564
41764606697
41764606631
41764606589
41764606581
41764606505
41764606595
41764606630
41764606639
41764606671
41764606611
41764606682
41764606567
41764606519
41764606689
41764606529
41764606545
41764606683
41764606576
41764606560
41764606726
41764606725
41764606718
41764606707
41764606724
41764606727
41764606729
41764606745
41764606763
41764606741
41764606759
41764606757
41764606750
41764606752
41764606748
41764606751
41764606740
41764606732
41764606753
41764606758
41764606739
41764606743
41764606773
41764606783
41764606768
41764606808
41764606791
41764606766
41764606787
41764606806
41764606794
41764606809
41764606821
41764606807
41764606780
41764606793
41764606796
41764606784
41764606798
41764606822
41764606810
41764606777
41764606845
41764606842
41764606905
41764606839
41764606888
41764606887
41764606862
41764606899
41764606900
41764606879
41764606904
41764606889
41764606854
41764606832
41764606886
41764606828
41764606860
41764606853
41764606855
41764606858
41764606870
41764606861
41764606883
41764606885
41764606890
41764606902
41764606865
41764606848
41764606859
41764606947
41764606936
41764606942
41764606940
41764606956
41764606957
41764606916
41764606969
41764606918
41764606931
41764606941
41764606910
41764606919
41764606968
41764606949
41764606955
41764606958
41764606924
41764606933
41764606960
41764606962
41764606926
41764606964
41764606927
41764606967
41764606990
41764606979
41764606973
41764606981
41764606982
41764606984
41764606998
41764606976
41764606999
41764606992
41764606977
41764606993
41764606971
41764606986
41764606985
41764606994
41764606983
41764606996
41764600000
41764600025
41764600014
41764600024
41764600029
41764600008
41764600032
41764600012
41764600023
41764600017
41764600021
41764600009
41764600004
41764600007
41764600026
41764600011
41764600031
41764600013
41764600006
41764600074
41764600082
41764600135
41764600184
41764600175
41764600043
41764600081
41764600098
41764600049
41764600095
41764600059
41764600105
41764600151
41764600162
41764600054
41764600063
41764600060
41764600039
41764600073
41764600066
41764600101
41764600103
41764600150
41764600088
41764600348
41764600176
41764600197
41764600227
41764600055
41764600241
41764600044
41764600052
41764600061
41764600084
41764600072
41764600126
41764600092
41764600265
41764600118
41764600094
41764600166
41764600234
41764600183
41764600062
41764600567
41764600134
41764600379
41764600096
41764600130
41764600056
41764600260
41764600108
41764600206
41764600051
41764600086
41764600117
41764600047
41764600289
41764600199
41764600091
41764600077
41764600109
41764600193
41764600152
41764600112
41764600168
41764600402
41764600301
41764600129
41764600359
41764600068
41764600127
41764600065
41764600058
41764600494
41764600048
41764600137
41764600308
41764600341
41764600119
41764600120
41764600299
41764600233
41764600333
41764600464
41764600607
41764600615
41764600226
41764600270
41764600319
41764600328
41764600145
41764600161
41764600261
41764600378
41764600214
41764600083
41764600343
41764600486
41764600457
41764600304
41764600139
41764600360
41764600217
41764600115
41764600366
41764600192
41764600224
41764600483
41764600306
41764600417
41764600524
41764600580
41764600173
41764600861
41764600327
41764600540
41764600374
41764600313
41764600122
41764600228
41764600097
41764600191
41764600462
41764600085
41764600205
41764600392
41764600470
41764600510
41764600158
41764600181
41764600218
41764600781
41764600460
41764600614
41764600185
41764600318
41764600334
41764600415
41764600163
41764600208
41764600302
41764600394
41764600195
41764600393
41764600110
41764600236
41764600246
41764600475
41764600424
41764600324
41764600799
41764600569
41764600403
41764600266
41764600600
41764600317
41764600668
41764600655
41764600140
41764600132
41764600171
41764600626
41764600591
41764600296
41764600297
41764600477
41764600264
41764600430
41764600562
41764600438
41764600346
41764600418
41764600433
41764600355
41764600409
41764600463
41764600344
41764600352
41764600441
41764600998
41764600361
41764600311
41764600291
41764600194
41764600412
41764600235
41764600336
41764600507
41764600469
41764600698
41764600706
41764600210
41764600305
41764600416
41764600190
41764600215
41764600502
41764600597
41764600406
41764600154
41764600681
41764600281
41764600546
41764600240
41764600529
41764600674
41764600426
41764600534
41764600372
41764600537
41764600425
41764600977
41764600552
41764600290
41764600810
41764600373
41764600219
41764600321
41764600428
41764600622
41764600312
41764600213
41764600650
41764600165
41764600946
41764600340
41764600320
41764600429
41764600854
41764600332
41764600593
41764600445
41764600761
41764600201
41764600809
41764600886
41764600434
41764600576
41764600380
41764600450
41764600833
41764600325
41764600461
41764600929
41764600468
41764600641
41764600389
41764600476
41764600330
41764600381
41764600536
41764600864
41764600495
41764600375
41764600750
41764600664
41764600326
41764600878
41764600712
41764600843
41764600467
41764600459
41764600250
41764600442
41764600395
41764600927
41764600821
41764600496
41764600519
41764600848
41764600885
41764600669
41764600514
41764600707
41764600528
41764600237
41764600545
41764600405
41764600902
41764600685
41764600705
41764600515
41764600446
41764600347
41764600673
41764600512
41764600518
41764600212
41764600314
41764600439
41764600634
41764600926
41764600451
41764600686
41764600756
41764600520
41764600553
41764600577
41764600921
41764600539
41764600663
41764600489
41764600845
41764600349
41764600490
41764600786
41764600904
41764600548
41764600586
41764600632
41764600646
41764600826
41764600575
41764600623
41764600671
41764600611
41764600521
41764600962
41764600766
41764600480
41764600249
41764600608
41764600479
41764600737
41764600414
41764600627
41764600797
41764600812
41764600855
41764600620
41764600784
41764600390
41764600961
41764600785
41764600931
41764600858
41764600647
41764600953
41764600748
41764600551
41764600983
41764600907
41764600906
41764600544
41764600639
41764600621
41764600592
41764600617
41764600456
41764600934
41764600658
41764600716
41764600803
41764600862
41764600683
41764600602
41764600783
41764600704
41764600829
41764600594
41764600293
41764600547
41764600794
41764600711
41764600407
41764600816
41764600694
41764600733
41764600679
41764600411
41764600560
41764600796
41764600741
41764600817
41764600709
41764600648
41764600788
41764600805
41764600958
41764600714
41764600760
41764600616
41764600601
41764600652
41764600835
41764600734
41764600488
41764600702
41764600449
41764600939
41764600420
41764600554
41764600728
41764600565
41764600771
41764600768
41764600625
41764600665
41764600603
41764600504
41764600880
41764600940
41764600850
41764600609
41764600364
41764600497
41764600819
41764600503
41764600928
41764600824
41764600710
41764600684
41764600914
41764600923
41764600860
41764600589
41764600713
41764600541
41764600590
41764600924
41764600726
41764600896
41764600604
41764600738
41764600823
41764600640
41764600717
41764600875
41764600660
41764600872
41764600820
41764600708
41764600754
41764600730
41764600697
41764600804
41764600535
41764600992
41764600996
41764600654
41764600272
41764600825
41764600481
41764600954
41764600941
41764600777
41764600965
41764600905
41764600828
41764600721
41764600908
41764600811
41764600525
41764600740
41764600857
41764600990
41764600722
41764600901
41764600853
41764600645
41764600979
41764600930
41764600887
41764600775
41764600830
41764600963
41764600856
41764600876
41764600903
41764600752
41764600802
41764600969
41764600973
41764600948
41764600727
41764600288
41764600790
41764600767
41764600892
41764600701
41764600938
41764600605
41764600806
41764600984
41764600912
41764600676
41764600949
41764600894
41764600371
41764600918
41764600936
41764600818
41764600932
41764600703
41764600793
41764600988
41764600599
41764600874
41764600757
41764600807
41764600985
41764600933
41764600881
41764600795
41764600859
41764600693
41764600877
41764600920
41764600986
41764600899
41764600765
41764600991
41764600911
41764600897
41764600715
41764600749
41764600995
41764609019
41764609023
41764609030
41764609013
41764609007
41764609014
41764609003
41764609031
41764609017
41764609008
41764609021
41764609022
41764609006
41764609045
41764609092
41764609093
41764609042
41764609068
41764609112
41764609035
41764609099
41764609165
41764609132
41764609059
41764609157
41764609098
41764609111
41764609260
41764609039
41764609199
41764609160
41764609078
41764609061
41764609373
41764609038
41764609423
41764609090
41764609356
41764609243
41764609054
41764609269
41764609036
41764609110
41764609060
41764609178
41764609230
41764609306
41764609390
41764609117
41764609041
41764609270
41764609084
41764609319
41764609211
41764609224
41764609081
41764609082
41764609443
41764609504
41764609069
41764609272
41764609075
41764609172
41764609159
41764609116
41764609377
41764609682
41764609277
41764609299
41764609108
41764609074
41764609396
41764609122
41764609056
41764609077
41764609246
41764609107
41764609491
41764609175
41764609071
41764609123
41764609446
41764609044
41764609186
41764609309
41764609120
41764609355
41764609166
41764609274
41764609296
41764609372
41764609195
41764609447
41764609430
41764609109
41764609320
41764609493
41764609287
41764609252
41764609218
41764609121
41764609279
41764609220
41764609276
41764609383
41764609104
41764609460
41764609581
41764609397
41764609641
41764609280
41764609225
41764609223
41764609422
41764609555
41764609363
41764609497
41764609315
41764609317
41764609582
41764609145
41764609394
41764609293
41764609607
41764609557
41764609564
41764609799
41764609271
41764609610
41764609477
41764609500
41764609229
41764609757
41764609238
41764609379
41764609534
41764609436
41764609303
41764609114
41764609612
41764609264
41764609856
41764609546
41764609888
41764609337
41764609448
41764609080
41764609205
41764609947
41764609380
41764609754
41764609139
41764609535
41764609336
41764609369
41764609683
41764609642
41764609302
41764609164
41764609242
41764609399
41764609611
41764609639
41764609452
41764609919
41764609288
41764609631
41764609792
41764609518
41764609678
41764609573
41764609592
41764609338
41764609143
41764609233
41764609551
41764609291
41764609503
41764609524
41764609407
41764609975
41764609194
41764609408
41764609658
41764609416
41764609209
41764609481
41764609192
41764609552
41764609747
41764609525
41764609431
41764609457
41764609776
41764609924
41764609254
41764609650
41764609797
41764609991
41764609490
41764609822
41764609424
41764609673
41764609495
41764609479
41764609780
41764609680
41764609588
41764609441
41764609665
41764609598
41764609483
41764609616
41764609735
41764609262
41764609676
41764609523
41764609937
41764609420
41764609717
41764609314
41764609778
41764609348
41764609530
41764609801
41764609674
41764609789
41764609618
41764609562
41764609329
41764609600
41764609784
41764609488
41764609691
41764609437
41764609897
41764609882
41764609689
41764609851
41764609938
41764609517
41764609543
41764609599
41764609634
41764609663
41764609659
41764609636
41764609755
41764609681
41764609979
41764609489
41764609693
41764609832
41764609951
41764609772
41764609901
41764609841
41764609838
41764609626
41764609292
41764609812
41764609661
41764609923
41764609560
41764609988
41764609983
41764609936
41764609640
41764609667
41764609811
41764609623
41764609449
41764609701
41764609790
41764609444
41764609920
41764609828
41764609323
41764609578
41764609646
41764609697
41764609813
41764609931
41764609310
41764609494
41764609908
41764609664
41764609744
41764609939
41764609376
41764609339
41764609891
41764609918
41764609402
41764609505
41764609971
41764609823
41764609625
41764609362
41764609434
41764609927
41764609902
41764609794
41764609713
41764609558
41764609529
41764609668
41764609889
41764609753
41764609810
41764609825
41764609880
41764609829
41764609741
41764609852
41764609802
41764609774
41764609629
41764609509
41764609974
41764609893
41764609860
41764609960
41764609877
41764609773
41764609993
41764609638
41764609917
41764609478
41764609584
41764609926
41764609710
41764609585
41764609932
41764609836
41764609871
41764609864
41764609589
41764609911
41764609768
41764609854
41764609645
41764609906
41764609643
41764609513
41764609878
41764609805
41764609976
41764609821
41764609512
41764609916
41764609590
41764609722
41764609731
41764609989
41764609804
41764609898
41764609798
41764609698
41764609992
41764609669
41764609692
41764609830
41764609966
41764609978
41764609942
41764609905
41764609764
41764609580
41764609675
41764609800
41764609996
41764609997
41764609787
41764609788
41764609946
41764609986
41764609873
41764609679
41764609909
41764609454
41764609944
41764609502
41764609547
41764609624
41764609561
41764609956
41764609602
41764609850
41764609738
41764603029
41764603010
41764603019
41764603011
41764603003
41764603013
41764603012
41764603004
41764603022
41764603001
41764603016
41764603007
41764603015
41764603026
41764603018
41764603031
41764603030
41764603027
41764603035
41764603045
41764603041
41764603025
41764603075
41764603089
41764603094
41764603032
41764603038
41764603033
41764603051
41764603074
41764603076
41764603072
41764603052
41764603080
41764603129
41764603056
41764603171
41764603120
41764603406
41764603204
41764603288
41764603043
41764603438
41764603323
41764603099
41764603047
41764603113
41764603036
41764603175
41764603073
41764603061
41764603169
41764603039
41764603669
41764603142
41764603078
41764603187
41764603122
41764603222
41764603127
41764603095
41764603091
41764603037
41764603108
41764603065
41764603140
41764603131
41764603355
41764603448
41764603087
41764603124
41764603102
41764603098
41764603255
41764603110
41764603190
41764603272
41764603304
41764603545
41764603688
41764603529
41764603310
41764603218
41764603298
41764603109
41764603348
41764603077
41764603601
41764603447
41764603247
41764603135
41764603150
41764603721
41764603134
41764603311
41764603416
41764603170
41764603130
41764603060
41764603067
41764603232
41764603321
41764603104
41764603541
41764603415
41764603612
41764603238
41764603203
41764603308
41764603217
41764603086
41764603650
41764603225
41764603189
41764603444
41764603125
41764603476
41764603313
41764603316
41764603414
41764603101
41764603325
41764603582
41764603581
41764603116
41764603214
41764603367
41764603318
41764603299
41764603337
41764603309
41764603364
41764603533
41764603699
41764603696
41764603399
41764603391
41764603264
41764603107
41764603301
41764603305
41764603573
41764603568
41764603327
41764603167
41764603793
41764603199
41764603457
41764603153
41764603388
41764603441
41764603543
41764603916
41764603267
41764603100
41764603319
41764603166
41764603246
41764603383
41764603498
41764603661
41764603472
41764603880
41764603133
41764603160
41764603363
41764603597
41764603303
41764603362
41764603329
41764603960
41764603566
41764603514
41764603813
41764603155
41764603596
41764603710
41764603707
41764603180
41764603521
41764603608
41764603392
41764603369
41764603963
41764603517
41764603768
41764603459
41764603572
41764603590
41764603606
41764603838
41764603520
41764603534
41764603449
41764603771
41764603103
41764603377
41764603704
41764603271
41764603405
41764603332
41764603719
41764603429
41764603913
41764603480
41764603569
41764603637
41764603334
41764603239
41764603411
41764603528
41764603433
41764603864
41764603565
41764603493
41764603811
41764603645
41764603786
41764603914
41764603928
41764603580
41764603479
41764603646
41764603393
41764603790
41764603732
41764603228
41764603700
41764603670
41764603268
41764603886
41764603825
41764603841
41764603733
41764603352
41764603918
41764603462
41764603674
41764603639
41764603765
41764603306
41764603366
41764603386
41764603559
41764603899
41764603631
41764603585
41764603687
41764603482
41764603926
41764603853
41764603924
41764603681
41764603759
41764603735
41764603439
41764603868
41764603737
41764603538
41764603562
41764603649
41764603525
41764603549
41764603466
41764603421
41764603877
41764603290
41764603844
41764603898
41764603691
41764603317
41764603619
41764603747
41764603567
41764603734
41764603717
41764603952
41764603727
41764603446
41764603662
41764603989
41764603394
41764603837
41764603667
41764603640
41764603912
41764603403
41764603729
41764603616
41764603894
41764603223
41764603946
41764603598
41764603622
41764603930
41764603949
41764603996
41764603936
41764603885
41764603907
41764603442
41764603998
41764603821
41764603501
41764603490
41764603995
41764603834
41764603353
41764603944
41764603810
41764603835
41764603660
41764603994
41764603417
41764603981
41764603855
41764603935
41764603558
41764603577
41764603536
41764603515
41764603561
41764603712
41764603588
41764603763
41764603760
41764603968
41764603840
41764603859
41764603777
41764603965
41764603980
41764603530
41764603812
41764603896
41764603730
41764603869
41764603858
41764603736
41764603818
41764603371
41764603830
41764603839
41764603986
41764603873
41764603929
41764603644
41764603908
41764603938
41764603828
41764603909
41764603663
41764603789
41764603950
41764603617
41764603657
41764603903
41764603426
41764603951
41764603940
41764603638
41764603870
41764603722
41764603724
41764603878
41764603865
41764603955
41764603808
41764603522
41764603979
41764603791
41764603939
41764603888
41764601000
41764601020
41764601003
41764601014
41764601005
41764601008
41764601012
41764601031
41764601006
41764601009
41764601021
41764601007
41764601029
41764601026
41764601004
41764601010
41764601022
41764601002
41764601025
41764601028
41764601113
41764601121
41764601130
41764601159
41764601082
41764601109
41764601164
41764601033
41764601061
41764601084
41764601115
41764601044
41764601176
41764601198
41764601201
41764601097
41764601092
41764601106
41764601116
41764601088
41764601252
41764601069
41764601086
41764601045
41764601104
41764601078
41764601085
41764601083
41764601190
41764601199
41764601096
41764601098
41764601123
41764601035
41764601174
41764601270
41764601226
41764601284
41764601063
41764601332
41764601102
41764601110
41764601181
41764601177
41764601125
41764601280
41764601216
41764601038
41764601037
41764601238
41764601073
41764601053
41764601255
41764601166
41764601291
41764601124
41764601200
41764601249
41764601221
41764601215
41764601203
41764601207
41764601156
41764601347
41764601227
41764601139
41764601324
41764601209
41764601068
41764601122
41764601143
41764601276
41764601239
41764601212
41764601271
41764601218
41764601305
41764601344
41764601168
41764601046
41764601219
41764601111
41764601142
41764601318
41764601118
41764601210
41764601117
41764601217
41764601151
41764601145
41764601306
41764601262
41764601189
41764601265
41764601266
41764601131
41764601261
41764601232
41764601194
41764601308
41764601331
41764601274
41764601224
41764601120
41764601253
41764601107
41764601283
41764601299
41764601282
41764601243
41764601281
41764601108
41764601126
41764601186
41764601330
41764601114
41764601309
41764601191
41764601267
41764601333
41764601188
41764601312
41764601317
41764601321
41764601335
41764601105
41764601171
41764601093
41764601182
41764601293
41764601329
41764601277
41764601340
41764601133
41764601248
41764601119
41764601165
41764601342
41764601211
41764601160
41764601298
41764601349
41764601150
41764601222
41764601269
41764601292
41764601230
41764601244
41764601303
41764601307
41764601279
41764601258
41764601129
41764601325
41764601310
41764601272
41764601237
41764601197
41764601289
41764601278
41764601295
41764601301
41764601320
41764601343
41764601377
41764601351
41764601362
41764601366
41764601375
41764601381
41764601360
41764601368
41764601370
41764601357
41764601400
41764601395
41764601383
41764601576
41764601392
41764601404
41764601393
41764601413
41764601513
41764601427
41764601525
41764601637
41764601435
41764601564
41764601486
41764601560
41764601424
41764601412
41764601461
41764601411
41764601437
41764601488
41764601414
41764601645
41764601656
41764601384
41764601518
41764601458
41764601609
41764601582
41764601485
41764601514
41764601604
41764601494
41764601629
41764601512
41764601399
41764601454
41764601613
41764601561
41764601526
41764601417
41764601401
41764601475
41764601654
41764601396
41764601419
41764601556
41764601416
41764601406
41764601418
41764601440
41764601464
41764601421
41764601409
41764601498
41764601389
41764601503
41764601445
41764601493
41764601530
41764601463
41764601585
41764601533
41764601675
41764601521
41764601572
41764601540
41764601477
41764601630
41764601394
41764601442
41764601474
41764601546
41764601523
41764601663
41764601447
41764601397
41764601577
41764601459
41764601600
41764601511
41764601554
41764601528
41764601510
41764601644
41764601616
41764601500
41764601661
41764601527
41764601641
41764601691
41764601636
41764601595
41764601532
41764601678
41764601515
41764601547
41764601592
41764601614
41764601426
41764601646
41764601612
41764601545
41764601535
41764601509
41764601508
41764601617
41764601620
41764601504
41764601597
41764601628
41764601559
41764601655
41764601507
41764601578
41764601580
41764601471
41764601626
41764601594
41764601479
41764601415
41764601588
41764601558
41764601632
41764601676
41764601643
41764601492
41764601635
41764601550
41764601677
41764601606
41764601625
41764601599
41764601499
41764601638
41764601589
41764601618
41764601602
41764601607
41764601566
41764601575
41764601615
41764601534
41764601653
41764601627
41764601567
41764601619
41764601694
41764601610
41764601623
41764601674
41764601682
41764601596
41764601683
41764601667
41764601624
41764601611
41764601688
41764601725
41764601700
41764601710
41764601714
41764601706
41764601702
41764601712
41764601716
41764601724
41764601719
41764601715
41764601705
41764601704
41764601713
41764601701
41764601718
41764601723
41764601720
41764601709
41764601721
41764601777
41764601757
41764601787
41764601744
41764601743
41764601746
41764601763
41764601773
41764601762
41764601739
41764601779
41764601789
41764601788
41764601790
41764601747
41764601782
41764601735
41764601754
41764601761
41764601755
41764601791
41764601778
41764601792
41764601732
41764601756
41764601767
41764601766
41764601770
41764601783
41764601749
41764601769
41764601771
41764601784
41764601796
41764601804
41764601816
41764601850
41764601802
41764601794
41764601799
41764601811
41764601847
41764601815
41764601823
41764601843
41764601812
41764601810
41764601851
41764601878
41764601829
41764601865
41764601867
41764601838
41764601842
41764601874
41764601808
41764601826
41764601837
41764601846
41764601869
41764601873
41764601820
41764601795
41764601809
41764601807
41764601805
41764601848
41764601821
41764601800
41764601862
41764601822
41764601866
41764601861
41764601868
41764601961
41764601911
41764601880
41764601906
41764601904
41764601919
41764601884
41764601892
41764601885
41764601901
41764601922
41764601938
41764601896
41764601949
41764601956
41764601898
41764601937
41764601935
41764601909
41764601948
41764601954
41764601914
41764601882
41764601917
41764601944
41764601923
41764601907
41764601890
41764601887
41764601881
41764601952
41764601926
41764601894
41764601950
41764601893
41764601891
41764601955
41764601947
41764601921
41764601912
41764601895
41764601943
41764601963
41764601930
41764601946
41764601965
41764601940
41764601982
41764601975
41764601978
41764601992
41764601987
41764601967
41764601979
41764601994
41764601999
41764601983
41764601990
41764601985
41764601991
41764601977
41764601989
41764601998
41764601981
41764601997
41764601986
41764601969
41764601972
41764601993
41764601995
41764602028
41764602014
41764602010
41764602022
41764602012
41764602087
41764602005
41764602088
41764602069
41764602189
41764602018
41764602268
41764602225
41764602104
41764602076
41764602305
41764602281
41764602166
41764602282
41764602213
41764602351
41764602078
41764602054
41764602303
41764602154
41764602079
41764602020
41764602318
41764602604
41764602122
41764602029
41764602011
41764602141
41764602015
41764602340
41764602025
41764602008
41764602149
41764602357
41764602178
41764602310
41764602119
41764602036
41764602187
41764602609
41764602072
41764602335
41764602328
41764602198
41764602126
41764602512
41764602385
41764602292
41764602450
41764602062
41764602332
41764602093
41764602422
41764602006
41764602105
41764602211
41764602044
41764602066
41764602406
41764602210
41764602003
41764602690
41764602125
41764602311
41764602116
41764602382
41764602142
41764602171
41764602415
41764602829
41764602337
41764602545
41764602055
41764602864
41764602099
41764602363
41764602343
41764602208
41764602097
41764602304
41764602619
41764602180
41764602595
41764602294
41764602376
41764602013
41764602482
41764602146
41764602091
41764602138
41764602049
41764602016
41764602596
41764602224
41764602452
41764602197
41764602807
41764602877
41764602490
41764602424
41764602291
41764602004
41764602299
41764602586
41764602514
41764602538
41764602241
41764602702
41764602302
41764602121
41764602699
41764602851
41764602103
41764602290
41764602661
41764602486
41764602320
41764602488
41764602233
41764602048
41764602812
41764602147
41764602955
41764602221
41764602108
41764602448
41764602063
41764602426
41764602696
41764602394
41764602419
41764602790
41764602170
41764602139
41764602608
41764602360
41764602444
41764602834
41764602692
41764602623
41764602848
41764602228
41764602037
41764602606
41764602153
41764602280
41764602111
41764602068
41764602473
41764602056
41764602417
41764602081
41764602458
41764602806
41764602377
41764602911
41764602220
41764602553
41764602717
41764602391
41764602052
41764602529
41764602026
41764602410
41764602209
41764602567
41764602296
41764602092
41764602308
41764602628
41764602539
41764602480
41764602350
41764602625
41764602041
41764602107
41764602656
41764602627
41764602239
41764602626
41764602035
41764602266
41764602387
41764602151
41764602640
41764602145
41764602618
41764602222
41764602128
41764602094
41764602494
41764602201
41764602179
41764602728
41764602511
41764602873
41764602249
41764602708
41764602613
41764602895
41764602313
41764602772
41764602575
41764602939
41764602061
41764602670
41764602440
41764602555
41764602375
41764602914
41764602084
41764602027
41764602789
41764602904
41764602333
41764602196
41764602404
41764602841
41764602306
41764602082
41764602401
41764602544
41764602703
41764602200
41764602664
41764602059
41764602505
41764602323
41764602611
41764602903
41764602353
41764602264
41764602409
41764602338
41764602295
41764602682
41764602193
41764602118
41764602288
41764602334
41764602240
41764602503
41764602803
41764602875
41764602441
41764602525
41764602110
41764602668
41764602366
41764602232
41764602927
41764602253
41764602866
41764602256
41764602601
41764602552
41764602499
41764602706
41764602614
41764602759
41764602427
41764602646
41764602719
41764602634
41764602771
41764602204
41764602432
41764602124
41764602244
41764602536
41764602312
41764602431
41764602476
41764602775
41764602781
41764602234
41764602672
41764602607
41764602326
41764602487
41764602465
41764602835
41764602685
41764602580
41764602309
41764602400
41764602207
41764602330
41764602346
41764602429
41764602507
41764602219
41764602970
41764602844
41764602258
41764602321
41764602517
41764602242
41764602751
41764602361
41764602727
41764602558
41764602235
41764602836
41764602509
41764602442
41764602610
41764602705
41764602137
41764602521
41764602843
41764602285
41764602393
41764602660
41764602327
41764602485
41764602809
41764602860
41764602739
41764602236
41764602324
41764602714
41764602773
41764602370
41764602899
41764602704
41764602569
41764602252
41764602639
41764602799
41764602912
41764602574
41764602403
41764602535
41764602952
41764602396
41764602407
41764602460
41764602150
41764602402
41764602869
41764602167
41764602801
41764602286
41764602501
41764602279
41764602579
41764602918
41764602792
41764602481
41764602777
41764602307
41764602816
41764602810
41764602067
41764602643
41764602649
41764602811
41764602636
41764602949
41764602392
41764602616
41764602373
41764602571
41764602744
41764602515
41764602367
41764602624
41764602492
41764602412
41764602832
41764602468
41764602993
41764602384
41764602990
41764602650
41764602516
41764602922
41764602416
41764602928
41764602500
41764602944
41764602413
41764602712
41764602527
41764602620
41764602981
41764602976
41764602202
41764602900
41764602966
41764602663
41764602425
41764602215
41764602466
41764602725
41764602805
41764602884
41764602723
41764602666
41764602837
41764602554
41764602630
41764602678
41764602977
41764602297
41764602513
41764602693
41764602543
41764602163
41764602804
41764602365
41764602886
41764602701
41764602722
41764602715
41764602491
41764602737
41764602612
41764602872
41764602322
41764602935
41764602901
41764602726
41764602779
41764602902
41764602929
41764602846
41764602882
41764602980
41764602797
41764602788
41764602885
41764602593
41764602818
41764602755
41764602732
41764602825
41764602917
41764602713
41764602765
41764602833
41764602896
41764602905
41764602910
41764602926
41764602940
41764602948
41764602576
41764602589
41764602720
41764602968
41764602898
41764602881
41764602931
41764602996
41764602709
41764602971
41764602710
41764602934
41764602988
41764602888
41764602906
41764602838
41764602718
41764602828
41764602962
41764602998
41764602842
41764602808
41764602937
41764608000
41764608021
41764608005
41764608018
41764608025
41764608009
41764608030
41764608017
41764608032
41764608007
41764608023
41764608013
41764608031
41764608084
41764608028
41764608081
41764608045
41764608076
41764608097
41764608072
41764608118
41764608139
41764608196
41764608034
41764608046
41764608049
41764608248
41764608043
41764608055
41764608125
41764608085
41764608148
41764608036
41764608141
41764608111
41764608075
41764608162
41764608063
41764608061
41764608057
41764608254
41764608260
41764608052
41764608257
41764608132
41764608107
41764608080
41764608134
41764608082
41764608067
41764608258
41764608112
41764608165
41764608113
41764608120
41764608115
41764608244
41764608176
41764608109
41764608129
41764608068
41764608288
41764608270
41764608037
41764608048
41764608232
41764608090
41764608211
41764608293
41764608273
41764608225
41764608078
41764608131
41764608114
41764608224
41764608077
41764608071
41764608033
41764608053
41764608105
41764608166
41764608140
41764608108
41764608355
41764608285
41764608189
41764608242
41764608147
41764608226
41764608296
41764608266
41764608181
41764608247
41764608259
41764608060
41764608102
41764608200
41764608187
41764608214
41764608283
41764608209
41764608434
41764608404
41764608151
41764608178
41764608199
41764608312
41764608201
41764608172
41764608183
41764608195
41764608589
41764608449
41764608218
41764608124
41764608284
41764608360
41764608184
41764608351
41764608462
41764608337
41764608104
41764608150
41764608065
41764608066
41764608588
41764608228
41764608152
41764608192
41764608153
41764608646
41764608305
41764608222
41764608227
41764608448
41764608334
41764608554
41764608352
41764608161
41764608202
41764608307
41764608210
41764608182
41764608190
41764608330
41764608487
41764608560
41764608188
41764608356
41764608600
41764608092
41764608186
41764608287
41764608245
41764608686
41764608690
41764608556
41764608368
41764608323
41764608416
41764608699
41764608372
41764608442
41764608410
41764608207
41764608327
41764608491
41764608723
41764608279
41764608514
41764608657
41764608647
41764608169
41764608467
41764608318
41764608818
41764608694
41764608685
41764608557
41764608412
41764608302
41764608596
41764608565
41764608221
41764608853
41764608433
41764608578
41764608281
41764608268
41764608601
41764608397
41764608250
41764608530
41764608795
41764608300
41764608558
41764608144
41764608282
41764608460
41764608375
41764608415
41764608997
41764608439
41764608583
41764608782
41764608455
41764608367
41764608875
41764608871
41764608370
41764608734
41764608968
41764608401
41764608885
41764608633
41764608393
41764608766
41764608402
41764608634
41764608494
41764608929
41764608170
41764608346
41764608490
41764608857
41764608612
41764608478
41764608427
41764608480
41764608374
41764608552
41764608749
41764608937
41764608945
41764608779
41764608621
41764608618
41764608438
41764608348
41764608810
41764608522
41764608458
41764608536
41764608809
41764608424
41764608311
41764608758
41764608500
41764608339
41764608663
41764608712
41764608570
41764608732
41764608498
41764608470
41764608392
41764608626
41764608440
41764608884
41764608705
41764608898
41764608951
41764608650
41764608333
41764608623
41764608641
41764608519
41764608590
41764608566
41764608844
41764608409
41764608711
41764608798
41764608421
41764608400
41764608630
41764608791
41764608775
41764608581
41764608953
41764608854
41764608575
41764608481
41764608640
41764608676
41764608913
41764608906
41764608866
41764608746
41764608990
41764608834
41764608934
41764608765
41764608555
41764608808
41764608876
41764608405
41764608624
41764608748
41764608899
41764608739
41764608577
41764608518
41764608567
41764608697
41764608422
41764608682
41764608865
41764608797
41764608867
41764608485
41764608445
41764608645
41764608353
41764608888
41764608861
41764608664
41764608851
41764608802
41764608373
41764608987
41764608833
41764608961
41764608917
41764608616
41764608882
41764608835
41764608938
41764608907
41764608815
41764608508
41764608895
41764608836
41764608654
41764608580
41764608902
41764608387
41764608994
41764608824
41764608774
41764608636
41764608597
41764608602
41764608877
41764608873
41764608970
41764608763
41764608954
41764608786
41764608925
41764608993
41764608706
41764608849
41764608582
41764608828
41764608933
41764608974
41764608788
41764608524
41764608533
41764608896
41764608979
41764608959
41764608825
41764608629
41764608710
41764608751
41764608792
41764608778
41764608952
41764608678
41764608696
41764608822
41764608921
41764608883
41764608859
41764608981
41764608790
41764608912
41764608900
41764608680
41764608852
41764608837
41764608891
41764608801
41764608863
41764608722
41764608862
41764608752
41764608753
41764608996
41764608918
41764608858
41764608936
41764608998
41764608855
41764608905
41764607030
41764607017
41764607016
41764607015
41764607002
41764607027
41764607008
41764607005
41764607004
41764607020
41764607032
41764607031
41764607048
41764607220
41764607292
41764607310
41764607146
41764607049
41764607101
41764607036
41764607040
41764607046
41764607073
41764607111
41764607071
41764607081
41764607155
41764607093
41764607051
41764607163
41764607131
41764607174
41764607113
41764607105
41764607070
41764607106
41764607043
41764607171
41764607095
41764607058
41764607091
41764607076
41764607087
41764607102
41764607117
41764607248
41764607178
41764607164
41764607080
41764607072
41764607100
41764607132
41764607063
41764607145
41764607182
41764607144
41764607282
41764607312
41764607206
41764607177
41764607237
41764607261
41764607337
41764607148
41764607297
41764607247
41764607196
41764607227
41764607109
41764607244
41764607311
41764607086
41764607112
41764607176
41764607211
41764607127
41764607192
41764607119
41764607198
41764607142
41764607157
41764607166
41764607319
41764607153
41764607184
41764607104
41764607273
41764607097
41764607115
41764607068
41764607152
41764607204
41764607265
41764607231
41764607345
41764607212
41764607303
41764607110
41764607258
41764607116
41764607103
41764607183
41764607328
41764607225
41764607317
41764607348
41764607088
41764607195
41764607350
41764607129
41764607301
41764607207
41764607169
41764607288
41764607340
41764607221
41764607180
41764607300
41764607333
41764607154
41764607124
41764607229
41764607262
41764607302
41764607179
41764607233
41764607308
41764607269
41764607329
41764607275
41764607309
41764607260
41764607224
41764607293
41764607331
41764607318
41764607351
41764607378
41764607377
41764607367
41764607356
41764607359
41764607370
41764607379
41764607371
41764607360
41764607381
41764607382
41764607368
41764607366
41764607151
41764607307
41764607385
41764607400
41764607472
41764607483
41764607404
41764607421
41764607534
41764607596
41764607498
41764607598
41764607434
41764607508
41764607460
41764607497
41764607411
41764607423
41764607515
41764607462
41764607405
41764607583
41764607488
41764607455
41764607443
41764607560
41764607621
41764607413
41764607399
41764607447
41764607683
41764607406
41764607466
41764607652
41764607648
41764607604
41764607437
41764607637
41764607464
41764607424
41764607506
41764607475
41764607630
41764607552
41764607496
41764607398
41764607576
41764607507
41764607675
41764607513
41764607440
41764607649
41764607518
41764607514
41764607448
41764607633
41764607401
41764607500
41764607509
41764607650
41764607454
41764607696
41764607485
41764607557
41764607653
41764607546
41764607407
41764607681
41764607556
41764607613
41764607566
41764607676
41764607441
41764607651
41764607678
41764607580
41764607605
41764607588
41764607611
41764607636
41764607528
41764607499
41764607693
41764607521
41764607686
41764607646
41764607431
41764607602
41764607634
41764607622
41764607609
41764607541
41764607610
41764607503
41764607575
41764607690
41764607568
41764607469
41764607554
41764607595
41764607555
41764607645
41764607644
41764607465
41764607476
41764607647
41764607691
41764607523
41764607581
41764607624
41764607477
41764607654
41764607597
41764607658
41764607692
41764607685
41764607631
41764607564
41764607680
41764607577
41764607662
41764607524
41764607484
41764607627
41764607713
41764607728
41764607727
41764607711
41764607714
41764607726
41764607729
41764607701
41764607725
41764607712
41764607715
41764607723
41764607719
41764607721
41764607709
41764607708
41764607702
41764607707
41764607710
41764607705
41764607744
41764607753
41764607762
41764607760
41764607756
41764607734
41764607745
41764607758
41764607751
41764607750
41764607765
41764607790
41764607809
41764607777
41764607767
41764607830
41764607776
41764607799
41764607779
41764607848
41764607771
41764607766
41764607773
41764607819
41764607795
41764607821
41764607826
41764607791
41764607770
41764607775
41764607794
41764607787
41764607774
41764607806
41764607822
41764607788
41764607847
41764607800
41764607909
41764607858
41764607929
41764607879
41764607873
41764607897
41764607924
41764607894
41764607890
41764607893
41764607875
41764607910
41764607927
41764607888
41764607881
41764607889
41764607918
41764607867
41764607851
41764607911
41764607885
41764607876
41764607923
41764607934
41764607900
41764607912
41764607866
41764607901
41764607896
41764607908
41764607926
41764607915
41764607944
41764607955
41764607948
41764607961
41764607949
41764607959
41764607963
41764607962
41764607967
41764607956
41764607960
41764607982
41764607987
41764607971
41764607995
41764607990
41764607989
41764607998
41764607988
41764607983
41764607999
41764607979
41764607973
41764607978
41764607985
41764607996
41764607997
