41764655000
41764655003
41764655020
41764655015
41764655024
41764655010
41764655006
41764655031
41764655029
41764655023
41764655014
41764655011
41764655008
41764655016
41764655001
41764655002
41764655030
41764655005
41764655019
41764655018
41764655049
41764655054
41764655114
41764655190
41764655152
41764655147
41764655040
41764655280
41764655072
41764655155
41764655063
41764655061
41764655047
41764655050
41764655185
41764655065
41764655125
41764655080
41764655156
41764655233
41764655216
41764655181
41764655228
41764655205
41764655082
41764655060
41764655051
41764655034
41764655058
41764655039
41764655044
41764655057
41764655094
41764655045
41764655294
41764655146
41764655123
41764655182
41764655135
41764655390
41764655172
41764655212
41764655202
41764655207
41764655109
41764655309
41764655364
41764655293
41764655250
41764655038
41764655134
41764655046
41764655091
41764655066
41764655090
41764655515
41764655240
41764655262
41764655305
41764655150
41764655382
41764655122
41764655140
41764655105
41764655252
41764655440
41764655062
41764655334
41764655529
41764655258
41764655142
41764655766
41764655251
41764655165
41764655169
41764655465
41764655802
41764655430
41764655149
41764655626
41764655229
41764655351
41764655285
41764655225
41764655126
41764655314
41764655195
41764655695
41764655112
41764655541
41764655302
41764655198
41764655395
41764655097
41764655510
41764655555
41764655145
41764655751
41764655550
41764655127
41764655325
41764655490
41764655414
41764655210
41764655594
41764655518
41764655387
41764655332
41764655319
41764655268
41764655203
41764655443
41764655665
41764655583
41764655459
41764655295
41764655403
41764655360
41764655308
41764655171
41764655379
41764655059
41764655597
41764655247
41764655545
41764655318
41764655664
41764655117
41764655726
41764655175
41764655180
41764655952
41764655445
41764655644
41764655211
41764655103
41764655274
41764655217
41764655324
41764655889
41764655288
41764655257
41764655471
41764655383
41764655582
41764655567
41764655568
41764655580
41764655472
41764655857
41764655788
41764655292
41764655358
41764655502
41764655875
41764655540
41764655343
41764655380
41764655904
41764655818
41764655660
41764655411
41764655730
41764655697
41764655487
41764655393
41764655906
41764655353
41764655408
41764655311
41764655287
41764655676
41764655427
41764655227
41764655780
41764655267
41764655775
41764655372
41764655450
41764655303
41764655396
41764655511
41764655534
41764655719
41764655546
41764655361
41764655460
41764655433
41764655226
41764655357
41764655232
41764655625
41764655640
41764655392
41764655690
41764655468
41764655470
41764655464
41764655500
41764655620
41764655941
41764655272
41764655535
41764655591
41764655151
41764655259
41764655246
41764655431
41764655689
41764655899
41764655817
41764655386
41764655524
41764655415
41764655698
41764655618
41764655533
41764655505
41764655363
41764655978
41764655377
41764655588
41764655461
41764655404
41764655455
41764655873
41764655878
41764655661
41764655920
41764655130
41764655442
41764655637
41764655399
41764655593
41764655830
41764655702
41764655557
41764655778
41764655566
41764655729
41764655887
41764655310
41764655434
41764655486
41764655898
41764655727
41764655569
41764655556
41764655420
41764655266
41764655584
41764655960
41764655346
41764655943
41764655514
41764655819
41764655642
41764655530
41764655633
41764655452
41764655651
41764655746
41764655307
41764655573
41764655841
41764655850
41764655656
41764655883
41764655601
41764655871
41764655467
41764655264
41764655811
41764655359
41764655908
41764655577
41764655905
41764655599
41764655326
41764655743
41764655572
41764655503
41764655758
41764655987
41764655757
41764655822
41764655946
41764655770
41764655448
41764655708
41764655825
41764655536
41764655650
41764655750
41764655749
41764655882
41764655350
41764655838
41764655352
41764655833
41764655733
41764655944
41764655528
41764655991
41764655590
41764655283
41764655499
41764655413
41764655800
41764655600
41764655820
41764655477
41764655447
41764655542
41764655691
41764655909
41764655458
41764655604
41764655645
41764655454
41764655436
41764655737
41764655855
41764655918
41764655804
41764655923
41764655876
41764655699
41764655912
41764655951
41764655560
41764655956
41764655506
41764655674
41764655622
41764655579
41764655608
41764655722
41764655828
41764655706
41764655993
41764655659
41764655973
41764655605
41764655578
41764655688
41764655982
41764655710
41764655773
41764655896
41764655677
41764655654
41764655684
41764655728
41764655835
41764655950
41764655886
41764655761
41764655860
41764655885
41764655968
41764655777
41764655881
41764655669
41764655979
41764655851
41764655670
41764655745
41764655916
41764655914
41764655929
41764655900
41764655787
41764655764
41764655648
41764654000
41764654008
41764654020
41764654027
41764654017
41764654006
41764654001
41764654015
41764654030
41764654025
41764654013
41764654007
41764654005
41764654010
41764654023
41764654055
41764654056
41764654045
41764654126
41764654102
41764654167
41764654165
41764654054
41764654266
41764654085
41764654091
41764654046
41764654146
41764654113
41764654164
41764654120
41764654140
41764654170
41764654065
41764654066
41764654034
41764654090
41764654049
41764654070
41764654105
41764654040
41764654147
41764654063
41764654039
41764654053
41764654131
41764654036
41764654178
41764654107
41764654111
41764654253
41764654067
41764654220
41764654270
41764654047
41764654127
41764654301
41764654152
41764654148
41764654050
41764654172
41764654143
41764654222
41764654132
41764654205
41764654398
41764654142
41764654636
41764654115
41764654360
41764654160
41764654530
41764654101
41764654417
41764654353
41764654210
41764654057
41764654286
41764654175
41764654331
41764654072
41764654327
41764654159
41764654244
41764654123
41764654380
41764654427
41764654364
41764654454
41764654271
41764654073
41764654847
41764654144
41764654420
41764654348
41764654480
41764654498
41764654224
41764654121
41764654467
41764654585
41764654265
41764654471
41764654415
41764654186
41764654340
41764654206
41764654283
41764654446
41764654078
41764654493
41764654106
41764654769
41764654285
41764654268
41764654243
41764654450
41764654296
41764654256
41764654191
41764654400
41764654693
41764654326
41764654321
41764654151
41764654440
41764654426
41764654541
41764654235
41764654628
41764654344
41764654308
41764654822
41764654336
41764654313
41764654488
41764654459
41764654665
41764654513
41764654182
41764654385
41764654300
41764654457
41764654409
41764654290
41764654525
41764654104
41764654606
41764654622
41764654227
41764654112
41764654756
41764654590
41764654435
41764654475
41764654141
41764654449
41764654597
41764654818
41764654338
41764654506
41764654407
41764654698
41764654640
41764654669
41764654393
41764654199
41764654274
41764654507
41764654267
41764654342
41764654309
41764654594
41764654503
41764654320
41764654432
41764654257
41764654442
41764654551
41764654761
41764654695
41764654732
41764654294
41764654538
41764654391
41764654567
41764654540
41764654278
41764654161
41764654355
41764654372
41764654708
41764654784
41764654609
41764654345
41764654552
41764654704
41764654829
41764654508
41764654706
41764654422
41764654510
41764654612
41764654737
41764654788
41764654354
41764654586
41764654930
41764654522
41764654655
41764654269
41764654644
41764654579
41764654929
41764654794
41764654304
41764654430
41764654469
41764654599
41764654423
41764654605
41764654482
41764654774
41764654260
41764654443
41764654646
41764654465
41764654691
41764654603
41764654433
41764654807
41764654582
41764654389
41764654564
41764654878
41764654572
41764654263
41764654527
41764654842
41764654584
41764654804
41764654500
41764654849
41764654654
41764654800
41764654452
41764654545
41764654411
41764654900
41764654700
41764654951
41764654647
41764654495
41764654484
41764654918
41764654746
41764654914
41764654523
41764654949
41764654857
41764654534
41764654667
41764654825
41764654933
41764654741
41764654405
41764654565
41764654802
41764654979
41764654591
41764654789
41764654479
41764654550
41764654424
41764654947
41764654637
41764654923
41764654434
41764654511
41764654954
41764654739
41764654624
41764654680
41764654866
41764654642
41764654620
41764654981
41764654764
41764654902
41764654638
41764654709
41764654543
41764654555
41764654812
41764654830
41764654815
41764654371
41764654663
41764654766
41764654733
41764654347
41764654610
41764654876
41764654456
41764654657
41764654755
41764654468
41764654786
41764654888
41764654792
41764654684
41764654928
41764654938
41764654748
41764654581
41764654554
41764654601
41764654839
41764654505
41764654880
41764654816
41764654996
41764654504
41764654882
41764654945
41764654868
41764654919
41764654571
41764654980
41764654675
41764654995
41764654848
41764654779
41764654645
41764654711
41764654821
41764654845
41764654925
41764654861
41764654899
41764654660
41764654765
41764654937
41764654740
41764654773
41764654935
41764654976
41764654776
41764654770
41764654898
41764654828
41764654884
41764654795
41764654798
41764654870
41764654977
41764654781
41764654908
41764654881
41764654991
41764654975
41764654987
41764654548
41764654939
41764656005
41764656006
41764656020
41764656030
41764656008
41764656019
41764656003
41764656026
41764656016
41764656001
41764656023
41764656018
41764656032
41764656263
41764656345
41764656040
41764656051
41764656064
41764656077
41764656086
41764656054
41764656131
41764656085
41764656065
41764656081
41764656045
41764656117
41764656210
41764656062
41764656244
41764656155
41764656035
41764656048
41764656119
41764656041
41764656096
41764656050
41764656196
41764656144
41764656042
41764656148
41764656206
41764656205
41764656253
41764656295
41764656059
41764656169
41764656351
41764656192
41764656083
41764656074
41764656150
41764656190
41764656068
41764656368
41764656395
41764656067
41764656046
41764656147
41764656111
41764656157
41764656214
41764656156
41764656127
41764656097
41764656480
41764656121
41764656172
41764656184
41764656322
41764656113
41764656555
41764656161
41764656107
41764656474
41764656153
41764656215
41764656058
41764656552
41764656463
41764656369
41764656348
41764656376
41764656189
41764656138
41764656280
41764656092
41764656114
41764656177
41764656181
41764656557
41764656529
41764656584
41764656228
41764656765
41764656164
41764656101
41764656123
41764656212
41764656238
41764656284
41764656359
41764656220
41764656279
41764656535
41764656233
41764656226
41764656356
41764656266
41764656418
41764656339
41764656246
41764656489
41764656071
41764656043
41764656257
41764656267
41764656274
41764656252
41764656115
41764656664
41764656319
41764656160
41764656663
41764656547
41764656166
41764656579
41764656185
41764656700
41764656216
41764656445
41764656409
41764656125
41764656531
41764656802
41764656507
41764656913
41764656182
41764656688
41764656327
41764656427
41764656490
41764656411
41764656291
41764656390
41764656501
41764656553
41764656381
41764656338
41764656516
41764656570
41764656779
41764656313
41764656209
41764656213
41764656942
41764656285
41764656639
41764656165
41764656910
41764656202
41764656464
41764656393
41764656239
41764656167
41764656635
41764656577
41764656911
41764656484
41764656224
41764656290
41764656349
41764656925
41764656461
41764656556
41764656625
41764656478
41764656336
41764656499
41764656593
41764656426
41764656619
41764656360
41764656297
41764656522
41764656361
41764656668
41764656510
41764656245
41764656465
41764656260
41764656671
41764656273
41764656567
41764656672
41764656676
41764656944
41764656564
41764656372
41764656275
41764656528
41764656207
41764656421
41764656414
41764656300
41764656325
41764656922
41764656304
41764656377
41764656612
41764656642
41764656374
41764656600
41764656656
41764656496
41764656365
41764656508
41764656340
41764656272
41764656822
41764656591
41764656680
41764656622
41764656511
41764656856
41764656534
41764656460
41764656521
41764656763
41764656278
41764656481
41764656601
41764656806
41764656486
41764656384
41764656716
41764656444
41764656949
41764656693
41764656469
41764656412
41764656607
41764656055
41764656400
41764656485
41764656343
41764656373
41764656670
41764656562
41764656699
41764656722
41764656541
41764656666
41764656403
41764656560
41764656545
41764656979
41764656853
41764656533
41764656673
41764656691
41764656801
41764656757
41764656497
41764656442
41764656755
41764656917
41764656532
41764656752
41764656920
41764656512
41764656538
41764656618
41764656714
41764656324
41764656446
41764656495
41764656610
41764656655
41764656615
41764656620
41764656660
41764656777
41764656420
41764656867
41764656605
41764656585
41764656933
41764656896
41764656828
41764656987
41764656646
41764656543
41764656847
41764656586
41764656651
41764656876
41764656971
41764656662
41764656792
41764656909
41764656173
41764656900
41764656816
41764656929
41764656799
41764656804
41764656851
41764656504
41764656855
41764656865
41764656565
41764656908
41764656789
41764656898
41764656784
41764656589
41764656783
41764656761
41764656978
41764656437
41764656636
41764656874
41764656685
41764656884
41764656588
41764656997
41764656707
41764656982
41764656371
41764656989
41764656747
41764656653
41764656448
41764656780
41764656264
41764656861
41764656965
41764656592
41764656452
41764656515
41764656633
41764656608
41764656760
41764656839
41764656882
41764656864
41764656866
41764656644
41764656959
41764656468
41764656895
41764656740
41764656843
41764656661
41764656503
41764656886
41764656992
41764656800
41764656995
41764656919
41764656751
41764656809
41764656903
41764656719
41764656966
41764656878
41764656972
41764656650
41764656697
41764656820
41764656964
41764656877
41764656976
41764656940
41764656952
41764656945
41764656773
41764656692
41764656930
41764656838
41764656994
41764656988
41764656863
41764656960
41764656744
41764656953
41764656902
41764656990
41764656826
41764656520
41764656968
41764656899
41764650024
41764650029
41764650031
41764650027
41764650043
41764650056
41764650051
41764650063
41764650139
41764650039
41764650098
41764650049
41764650143
41764650080
41764650099
41764650062
41764650182
41764650155
41764650025
41764650304
41764650521
41764650091
41764650242
41764650100
41764650144
41764650065
41764650107
41764650309
41764650183
41764650033
41764650145
41764650226
41764650280
41764650110
41764650000
41764650278
41764650317
41764650253
41764650403
41764650259
41764650503
41764650233
41764650177
41764650330
41764650339
41764650123
41764650162
41764650068
41764650245
41764650106
41764650105
41764650320
41764650132
41764650076
41764650410
41764650616
41764650510
41764650104
41764650188
41764650366
41764650133
41764650228
41764650424
41764650200
41764650270
41764650150
41764650648
41764650544
41764650295
41764650160
41764650692
41764650142
41764650716
41764650896
41764650240
41764650125
41764650085
41764650185
41764650084
41764650187
41764650696
41764650094
41764650419
41764650271
41764650044
41764650117
41764650444
41764650788
41764650075
41764650207
41764650430
41764650462
41764650163
41764650109
41764650090
41764650466
41764650319
41764650204
41764650464
41764650007
41764650211
41764650246
41764650398
41764650021
41764650461
41764650609
41764650669
41764650376
41764650437
41764650399
41764650492
41764650474
41764650097
41764650061
41764650223
41764650597
41764650626
41764650040
41764650202
41764650572
41764650127
41764650189
41764650219
41764650222
41764650306
41764650230
41764650570
41764650705
41764650520
41764650130
41764650215
41764650593
41764650263
41764650325
41764650434
41764650755
41764650815
41764650527
41764650401
41764650890
41764650411
41764650249
41764650789
41764650685
41764650052
41764650308
41764650191
41764650206
41764650402
41764650828
41764650388
41764650054
41764650524
41764650604
41764650481
41764650140
41764650455
41764650427
41764650598
41764650426
41764650405
41764650314
41764650154
41764650475
41764650580
41764650502
41764650435
41764650621
41764650020
41764650892
41764650311
41764650118
41764650456
41764650356
41764650050
41764650224
41764650728
41764650013
41764650488
41764650216
41764650210
41764650710
41764650636
41764650069
41764650552
41764650282
41764650652
41764650617
41764650324
41764650081
41764650493
41764650623
41764650463
41764650900
41764650655
41764650591
41764650377
41764650490
41764650074
41764650496
41764650315
41764650473
41764650360
41764650087
41764650483
41764650432
41764650257
41764650454
41764650952
41764650576
41764650830
41764650370
41764650404
41764650704
41764650096
41764650920
41764650606
41764650899
41764650507
41764650601
41764650821
41764650391
41764650379
41764650299
41764650498
41764650265
41764650499
41764650504
41764650912
41764650407
41764650988
41764650605
41764650290
41764650005
41764650674
41764650011
41764650545
41764650801
41764650589
41764650919
41764650368
41764650428
41764650982
41764650277
41764650446
41764650077
41764650506
41764650812
41764650725
41764650573
41764650487
41764650720
41764650012
41764650514
41764650310
41764650798
41764650727
41764650549
41764650619
41764650640
41764650590
41764650661
41764650477
41764650802
41764650439
41764650523
41764650450
41764650413
41764650686
41764650768
41764650485
41764650422
41764650925
41764650468
41764650208
41764650283
41764650924
41764650041
41764650822
41764650803
41764650808
41764650442
41764650332
41764650777
41764650515
41764650102
41764650267
41764650814
41764650993
41764650708
41764650807
41764650244
41764650497
41764650736
41764650610
41764650136
41764650872
41764650673
41764650916
41764650706
41764650709
41764650585
41764650765
41764650276
41764650543
41764650829
41764650511
41764650923
41764650103
41764650569
41764650722
41764650254
41764650612
41764650220
41764650857
41764650646
41764650707
41764650717
41764650904
41764650901
41764650250
41764650754
41764650836
41764650776
41764650622
41764650995
41764650964
41764650565
41764650386
41764650296
41764650940
41764650551
41764650212
41764650209
41764650599
41764650682
41764650752
41764650799
41764650883
41764650797
41764650420
41764650711
41764650505
41764650528
41764650811
41764650898
41764650960
41764650301
41764650124
41764650778
41764650583
41764650757
41764650625
41764650665
41764650831
41764650838
41764650889
41764650469
41764650845
41764650930
41764650548
41764650526
41764650512
41764650809
41764650292
41764650905
41764650624
41764650556
41764650715
41764650247
41764650284
41764650818
41764650945
41764650318
41764650785
41764650351
41764650763
41764650525
41764650731
41764650331
41764650564
41764650971
41764650656
41764650969
41764650915
41764650989
41764650333
41764650600
41764650666
41764650630
41764650393
41764650902
41764650998
41764650316
41764650146
41764650870
41764650770
41764650834
41764650338
41764650214
41764650795
41764650650
41764650990
41764650581
41764650702
41764650855
41764650343
41764650738
41764650813
41764650400
41764650045
41764650819
41764650878
41764650753
41764650764
41764650849
41764650603
41764650348
41764650700
41764650719
41764650909
41764650780
41764650739
41764650884
41764650234
41764650953
41764650852
41764650972
41764650865
41764650921
41764650112
41764650262
41764650936
41764650714
41764650926
41764650409
41764650805
41764650406
41764650192
41764650205
41764650303
41764650546
41764650501
41764650676
41764650613
41764650873
41764650946
41764659000
41764659008
41764659009
41764659005
41764659007
41764659003
41764659006
41764659004
41764659090
41764659064
41764659073
41764659270
41764659134
41764659040
41764659101
41764659096
41764659122
41764659182
41764659042
41764659207
41764659033
41764659080
41764659113
41764659069
41764659081
41764659092
41764659091
41764659075
41764659144
41764659059
41764659355
41764659147
41764659220
41764659068
41764659137
41764659323
41764659243
41764659120
41764659193
41764659170
41764659211
41764659066
41764659359
41764659114
41764659082
41764659052
41764659034
41764659173
41764659277
41764659067
41764659344
41764659454
41764659241
41764659125
41764659343
41764659142
41764659141
41764659050
41764659307
41764659152
41764659094
41764659035
41764659322
41764659171
41764659212
41764659097
41764659599
41764659102
41764659157
41764659155
41764659362
41764659133
41764659250
41764659214
41764659303
41764659294
41764659174
41764659448
41764659404
41764659334
41764659383
41764659384
41764659100
41764659317
41764659477
41764659519
41764659206
41764659416
41764659132
41764659291
41764659201
41764659177
41764659191
41764659313
41764659320
41764659300
41764659403
41764659553
41764659181
41764659444
41764659558
41764659202
41764659709
41764659556
41764659850
41764659399
41764659253
41764659088
41764659515
41764659333
41764659329
41764659234
41764659412
41764659655
41764659111
41764659106
41764659489
41764659160
41764659568
41764659247
41764659261
41764659143
41764659309
41764659673
41764659582
41764659539
41764659260
41764659476
41764659364
41764659422
41764659301
41764659387
41764659585
41764659158
41764659889
41764659099
41764659536
41764659367
41764659425
41764659262
41764659105
41764659996
41764659218
41764659960
41764659941
41764659607
41764659970
41764659392
41764659339
41764659752
41764659479
41764659649
41764659245
41764659330
41764659377
41764659807
41764659410
41764659332
41764659838
41764659530
41764659980
41764659172
41764659393
41764659443
41764659283
41764659952
41764659874
41764659903
41764659296
41764659637
41764659793
41764659269
41764659468
41764659297
41764659406
41764659898
41764659525
41764659920
41764659466
41764659424
41764659195
41764659557
41764659225
41764659295
41764659821
41764659581
41764659380
41764659148
41764659630
41764659660
41764659842
41764659194
41764659439
41764659402
41764659806
41764659623
41764659792
41764659499
41764659405
41764659711
41764659526
41764659473
41764659877
41764659995
41764659347
41764659714
41764659991
41764659485
41764659497
41764659885
41764659522
41764659506
41764659704
41764659640
41764659482
41764659916
41764659608
41764659590
41764659455
41764659698
41764659862
41764659350
41764659675
41764659724
41764659605
41764659481
41764659868
41764659750
41764659892
41764659946
41764659512
41764659335
41764659743
41764659814
41764659929
41764659646
41764659994
41764659236
41764659533
41764659728
41764659758
41764659981
41764659950
41764659882
41764659573
41764659598
41764659971
41764659992
41764659977
41764659446
41764659524
41764659518
41764659731
41764659859
41764659475
41764659511
41764659922
41764659659
41764659594
41764659803
41764659810
41764659988
41764659808
41764659600
41764659394
41764659708
41764659801
41764659880
41764659789
41764659682
41764659161
41764659532
41764659696
41764659837
41764659856
41764659695
41764659888
41764659927
41764659907
41764659778
41764659964
41764659631
41764659822
41764659777
41764659966
41764659721
41764659978
41764659514
41764659779
41764659969
41764659855
41764659555
41764659843
41764659858
41764659913
41764659905
41764659876
41764659961
41764659872
41764659809
41764659495
41764659909
41764659620
41764659866
41764659595
41764659762
41764659887
41764659900
41764659826
41764659945
41764659611
41764659311
41764659944
41764659650
41764659993
41764659840
41764659965
41764659681
41764659935
41764659933
41764659864
41764659911
41764659314
41764659710
41764659373
41764659832
41764659740
41764659825
41764659774
41764659867
41764659921
41764653002
41764653017
41764653022
41764653006
41764653005
41764653016
41764653008
41764653027
41764653012
41764653026
41764653032
41764653063
41764653093
41764653160
41764653103
41764653071
41764653072
41764653061
41764653108
41764653033
41764653059
41764653070
41764653083
41764653090
41764653112
41764653076
41764653110
41764653340
41764653146
41764653171
41764653045
41764653227
41764653035
41764653151
41764653213
41764653212
41764653065
41764653308
41764653060
41764653056
41764653295
41764653102
41764653088
41764653117
41764653143
41764653122
41764653099
41764653064
41764653305
41764653315
41764653475
41764653180
41764653106
41764653081
41764653121
41764653203
41764653123
41764653132
41764653111
41764653319
41764653253
41764653127
41764653326
41764653495
41764653494
41764653221
41764653393
41764653107
41764653517
41764653396
41764653166
41764653145
41764653238
41764653448
41764653389
41764653190
41764653113
41764653131
41764653087
41764653239
41764653388
41764653590
41764653184
41764653559
41764653149
41764653280
41764653351
41764653463
41764653105
41764653268
41764653211
41764653593
41764653109
41764653300
41764653354
41764653136
41764653233
41764653259
41764653175
41764653359
41764653287
41764653120
41764653205
41764653141
41764653378
41764653371
41764653114
41764653207
41764653592
41764653339
41764653631
41764653162
41764653657
41764653240
41764653236
41764653399
41764653442
41764653360
41764653939
41764653386
41764653411
41764653155
41764653091
41764653642
41764653533
41764653514
41764653496
41764653347
41764653250
41764653357
41764653492
41764653328
41764653449
41764653366
41764653737
41764653311
41764653655
41764653244
41764653984
41764653445
41764653367
41764653303
41764653380
41764653133
41764653772
41764653460
41764653477
41764653370
41764653664
41764653630
41764653332
41764653649
41764653601
41764653510
41764653450
41764653252
41764653353
41764653416
41764653275
41764653602
41764653600
41764653795
41764653648
41764653544
41764653725
41764653620
41764653709
41764653566
41764653313
41764653714
41764653137
41764653539
41764653633
41764653841
41764653597
41764653325
41764653414
41764653687
41764653854
41764653883
41764653334
41764653595
41764653348
41764653478
41764653528
41764653762
41764653527
41764653338
41764653951
41764653324
41764653473
41764653423
41764653555
41764653432
41764653467
41764653545
41764653322
41764653224
41764653927
41764653435
41764653749
41764653827
41764653373
41764653335
41764653343
41764653560
41764653903
41764653748
41764653662
41764653626
41764653766
41764653698
41764653565
41764653663
41764653431
41764653900
41764653345
41764653844
41764653563
41764653893
41764653671
41764653708
41764653596
41764653753
41764653382
41764653861
41764653645
41764653803
41764653568
41764653391
41764653751
41764653525
41764653541
41764653809
41764653838
41764653546
41764653750
41764653491
41764653594
41764653397
41764653937
41764653901
41764653553
41764653502
41764653884
41764653433
41764653738
41764653736
41764653899
41764653588
41764653677
41764653437
41764653364
41764653692
41764653716
41764653660
41764653637
41764653614
41764653639
41764653144
41764653526
41764653857
41764653968
41764653957
41764653583
41764653641
41764653826
41764653267
41764653877
41764653727
41764653815
41764653955
41764653515
41764653646
41764653864
41764653917
41764653965
41764653576
41764653958
41764653557
41764653670
41764653843
41764653627
41764653886
41764653742
41764653307
41764653511
41764653582
41764653977
41764653640
41764653836
41764653908
41764653835
41764653777
41764653552
41764653728
41764653321
41764653768
41764653865
41764653963
41764653676
41764653885
41764653828
41764653584
41764653898
41764653892
41764653730
41764653778
41764653788
41764653905
41764653881
41764653931
41764653330
41764653086
41764653501
41764653599
41764653741
41764653575
41764653776
41764653832
41764653781
41764653665
41764653994
41764653222
41764653863
41764653924
41764653405
41764653314
41764653775
41764653995
41764653666
41764653969
41764653278
41764653872
41764653638
41764653800
41764653837
41764653469
41764653759
41764653461
41764653987
41764653866
41764653769
41764653997
41764653824
41764653847
41764653683
41764653889
41764653516
41764653329
41764653713
41764653067
41764653130
41764651000
41764651007
41764651004
41764651021
41764651009
41764651022
41764651016
41764651003
41764651006
41764651019
41764651023
41764651026
41764651015
41764651020
41764651011
41764651014
41764651017
41764651008
41764651030
41764651013
41764651027
41764651012
41764651034
41764651058
41764651069
41764651099
41764651052
41764651065
41764651077
41764651090
41764651105
41764651124
41764651119
41764651170
41764651206
41764651224
41764651123
41764651168
41764651057
41764651174
41764651075
41764651209
41764651118
41764651151
41764651198
41764651035
41764651038
41764651366
41764651083
41764651300
41764651102
41764651036
41764651042
41764651056
41764651288
41764651186
41764651061
41764651199
41764651226
41764651066
41764651311
41764651088
41764651327
41764651219
41764651125
41764651202
41764651127
41764651379
41764651081
41764651282
41764651055
41764651071
41764651235
41764651078
41764651142
41764651489
41764651310
41764651112
41764651122
41764651089
41764651305
41764651165
41764651208
41764651073
41764651221
41764651399
41764651049
41764651154
41764651243
41764651104
41764651412
41764651223
41764651051
41764651040
41764651063
41764651180
41764651101
41764651271
41764651098
41764651222
41764651188
41764651383
41764651529
41764651302
41764651408
41764651072
41764651411
41764651261
41764651636
41764651103
41764651220
41764651286
41764651581
41764651317
41764651381
41764651430
41764651120
41764651080
41764651276
41764651341
41764651330
41764651380
41764651461
41764651428
41764651278
41764651242
41764651323
41764651150
41764651107
41764651205
41764651551
41764651765
41764651587
41764651064
41764651254
41764651236
41764651604
41764651159
41764651247
41764651314
41764651423
41764651167
41764651215
41764651146
41764651047
41764651308
41764651401
41764651543
41764651217
41764651777
41764651562
41764651299
41764651694
41764651420
41764651492
41764651319
41764651234
41764651579
41764651611
41764651473
41764651618
41764651778
41764651382
41764651398
41764651161
41764651503
41764651076
41764651609
41764651087
41764651887
41764651439
41764651483
41764651506
41764651172
41764651440
41764651322
41764651451
41764651169
41764651816
41764651189
41764651616
41764651432
41764651337
41764651207
41764651403
41764651748
41764651567
41764651541
41764651603
41764651452
41764651307
41764651193
41764651845
41764651913
41764651406
41764651147
41764651977
41764651332
41764651204
41764651427
41764651200
41764651911
41764651400
41764651720
41764651321
41764651213
41764651521
41764651266
41764651443
41764651369
41764651683
41764651589
41764651514
41764651474
41764651115
41764651522
41764651498
41764651525
41764651256
41764651372
41764651675
41764651260
41764651331
41764651231
41764651385
41764651303
41764651691
41764651530
41764651410
41764651446
41764651500
41764651951
41764651344
41764651649
41764651828
41764651404
41764651836
41764651739
41764651251
41764651606
41764651225
41764651367
41764651192
41764651885
41764651662
41764651559
41764651245
41764651889
41764651520
41764651945
41764651592
41764651808
41764651750
41764651727
41764651257
41764651513
41764651248
41764651345
41764651755
41764651780
41764651549
41764651674
41764651707
41764651947
41764651527
41764651509
41764651726
41764651730
41764651491
41764651197
41764651743
41764651702
41764651550
41764651776
41764651757
41764651807
41764651495
41764651210
41764651940
41764651626
41764651511
41764651908
41764651279
41764651708
41764651298
41764651301
41764651566
41764651393
41764651544
41764651792
41764651758
41764651612
41764651312
41764651721
41764651811
41764651565
41764651397
41764651890
41764651733
41764651973
41764651413
41764651884
41764651970
41764651967
41764651356
41764651941
41764651433
41764651605
41764651976
41764651982
41764651370
41764651258
41764651953
41764651978
41764651596
41764651405
41764651968
41764651744
41764651764
41764651274
41764651703
41764651655
41764651504
41764651642
41764651921
41764651285
41764651821
41764651402
41764651768
41764651815
41764651528
41764651357
41764651576
41764651640
41764651538
41764651736
41764651269
41764651935
41764651533
41764651320
41764651638
41764651613
41764651677
41764651797
41764651904
41764651929
41764651770
41764651582
41764651796
41764651975
41764651843
41764651996
41764651974
41764651896
41764651983
41764651812
41764651965
41764651960
41764651950
41764651584
41764651294
41764651407
41764651877
41764651570
41764651328
41764651283
41764651902
41764651709
41764651615
41764651957
41764651482
41764651949
41764651472
41764651416
41764651715
41764651572
41764651995
41764651673
41764651891
41764651766
41764651470
41764651868
41764651972
41764651484
41764651729
41764651930
41764651599
41764651436
41764651508
41764651437
41764651925
41764651901
41764651932
41764651676
41764651905
41764651964
41764651943
41764651441
41764651802
41764651760
41764651942
41764651931
41764651601
41764651864
41764651806
41764651955
41764651916
41764651820
41764651987
41764651992
41764651961
41764651830
41764651846
41764651515
41764651610
41764651956
41764651870
41764651761
41764651499
41764651997
41764651994
41764651979
41764651873
41764651969
41764651731
41764651938
41764651882
41764651516
41764651895
41764651936
41764651656
41764651990
41764651672
41764651699
41764651823
41764651993
41764652008
41764652023
41764652007
41764652013
41764652019
41764652017
41764652022
41764652014
41764652012
41764652010
41764652005
41764652011
41764652031
41764652024
41764652020
41764652003
41764652029
41764652026
41764652018
41764652016
41764652002
41764652034
41764652080
41764652037
41764652099
41764652015
41764652052
41764652341
41764652145
41764652121
41764652201
41764652177
41764652224
41764652115
41764652207
41764652248
41764652091
41764652351
41764652222
41764652107
41764652033
41764652090
41764652132
41764652086
41764652093
41764652172
41764652102
41764652110
41764652035
41764652001
41764652147
41764652425
41764652092
41764652166
41764652324
41764652371
41764652045
41764652060
41764652244
41764652333
41764652290
41764652263
41764652516
41764652499
41764652266
41764652041
41764652101
41764652321
41764652225
41764652123
41764652063
41764652081
41764652272
41764652436
41764652044
41764652252
41764652508
41764652210
41764652071
41764652062
41764652114
41764652581
41764652134
41764652208
41764652160
41764652143
41764652404
41764652353
41764652125
41764652174
41764652630
41764652203
41764652126
41764652220
41764652503
41764652411
41764652709
41764652124
41764652358
41764652100
41764652133
41764652064
41764652111
41764652399
41764652234
41764652513
41764652307
41764652227
41764652165
41764652420
41764652388
41764652284
41764652456
41764652117
41764652325
41764652546
41764652237
41764652088
41764652204
41764652140
41764652267
41764652530
41764652261
41764652194
41764652552
41764652374
41764652566
41764652449
41764652418
41764652255
41764652206
41764652128
41764652317
41764652443
41764652437
41764652554
41764652517
41764652569
41764652233
41764652326
41764652698
41764652590
41764652331
41764652054
41764652289
41764652553
41764652384
41764652708
41764652410
41764652275
41764652212
41764652408
41764652108
41764652211
41764652490
41764652285
41764652929
41764652379
41764652297
41764652770
41764652245
41764652532
41764652116
41764652757
41764652401
41764652422
41764652300
41764652302
41764652409
41764652303
41764652565
41764652812
41764652226
41764652171
41764652463
41764652849
41764652277
41764652501
41764652202
41764652417
41764652405
41764652526
41764652228
41764652609
41764652301
41764652355
41764652076
41764652360
41764652475
41764652536
41764652432
41764652270
41764652402
41764652340
41764652872
41764652924
41764652580
41764652640
41764652280
41764652573
41764652434
41764652373
41764652415
41764652624
41764652313
41764652445
41764652669
41764652638
41764652614
41764652654
41764652265
41764652286
41764652232
41764652577
41764652903
41764652693
41764652462
41764652525
41764652797
41764652344
41764652558
41764652886
41764652403
41764652593
41764652514
41764652764
41764652965
41764652720
41764652305
41764652568
41764652730
41764652767
41764652715
41764652702
41764652400
41764652209
41764652857
41764652450
41764652634
41764652365
41764652127
41764652545
41764652571
41764652368
41764652473
41764652587
41764652876
41764652489
41764652773
41764652585
41764652471
41764652920
41764652993
41764652522
41764652336
41764652971
41764652601
41764652838
41764652413
41764652332
41764652612
41764652738
41764652807
41764652485
41764652288
41764652610
41764652864
41764652470
41764652646
41764652543
41764652947
41764652412
41764652613
41764652811
41764652312
41764652589
41764652883
41764652621
41764652520
41764652348
41764652611
41764652814
41764652909
41764652486
41764652455
41764652620
41764652603
41764652197
41764652957
41764652992
41764652497
41764652977
41764652912
41764652600
41764652594
41764652561
41764652816
41764652686
41764652843
41764652481
41764652940
41764652722
41764652544
41764652923
41764652695
41764652626
41764652911
41764652726
41764652667
41764652817
41764652777
41764652902
41764652750
41764652579
41764652474
41764652728
41764652559
41764652703
41764652607
41764652960
41764652733
41764652689
41764652527
41764652834
41764652792
41764652892
41764652707
41764652798
41764652506
41764652786
41764652502
41764652897
41764652557
41764652466
41764652889
41764652706
41764652713
41764652468
41764652882
41764652761
41764652984
41764652717
41764652668
41764652809
41764652782
41764652648
41764652919
41764652727
41764652729
41764652854
41764652805
41764652905
41764652955
41764652810
41764652879
41764652598
41764652997
41764652861
41764652904
41764652827
41764652763
41764652914
41764652828
41764652833
41764652848
41764652990
41764658015
41764658016
41764658030
41764658022
41764658025
41764658002
41764658012
41764658026
41764658001
41764658032
41764658004
41764658024
41764658031
41764658028
41764658036
41764658060
41764658121
41764658081
41764658049
41764658041
41764658064
41764658055
41764658087
41764658147
41764658095
41764658177
41764658033
41764658171
41764658090
41764658084
41764658377
41764658380
41764658038
41764658270
41764658316
41764658078
41764658189
41764658152
41764658115
41764658068
41764658108
41764658037
41764658061
41764658107
41764658082
41764658155
41764658070
41764658154
41764658407
41764658080
41764658044
41764658088
41764658096
41764658092
41764658099
41764658105
41764658102
41764658109
41764658280
41764658051
41764658116
41764658184
41764658149
41764658303
41764658062
41764658252
41764658295
41764658106
41764658500
41764658256
41764658521
41764658103
41764658230
41764658473
41764658190
41764658173
41764658229
41764658185
41764658089
41764658681
41764658135
41764658420
41764658393
41764658271
41764658063
41764658187
41764658614
41764658454
41764658515
41764658262
41764658579
41764658283
41764658470
41764658130
41764658233
41764658455
41764658118
41764658385
41764658282
41764658294
41764658112
41764658478
41764658353
41764658344
41764658174
41764658160
41764658463
41764658101
41764658250
41764658921
41764658221
41764658560
41764658607
41764658383
41764658865
41764658640
41764658288
41764658219
41764658214
41764658179
41764658086
41764658516
41764658616
41764658227
41764658621
41764658673
41764658307
41764658684
41764658361
41764658564
41764658375
41764658456
41764658404
41764658169
41764658305
41764658281
41764658323
41764658664
41764658555
41764658648
41764658408
41764658289
41764658630
41764658826
41764658360
41764658200
41764658489
41764658512
41764658486
41764658210
41764658678
41764658535
41764658284
41764658488
41764658228
41764658320
41764658167
41764658183
41764658575
41764658298
41764658182
41764658362
41764658340
41764658343
41764658332
41764658696
41764658818
41764658394
41764658451
41764658976
41764658232
41764658321
41764658459
41764658348
41764658761
41764658371
41764658400
41764658720
41764658237
41764658143
41764658602
41764658222
41764658685
41764658311
41764658677
41764658499
41764658484
41764658285
41764658975
41764658728
41764658901
41764658989
41764658223
41764658595
41764658985
41764658520
41764658963
41764658727
41764658559
41764658925
41764658848
41764658586
41764658313
41764658643
41764658557
41764658916
41764658988
41764658581
41764658969
41764658580
41764658386
41764658952
41764658715
41764658388
41764658817
41764658345
41764658432
41764658636
41764658618
41764658755
41764658290
41764658853
41764658876
41764658441
41764658576
41764658565
41764658699
41764658900
41764658502
41764658585
41764658707
41764658712
41764658844
41764658424
41764658891
41764658991
41764658970
41764658548
41764658847
41764658813
41764658785
41764658680
41764658497
41764658723
41764658550
41764658530
41764658788
41764658598
41764658829
41764658882
41764658498
41764658574
41764658539
41764658914
41764658867
41764658746
41764658775
41764658799
41764658751
41764658764
41764658906
41764658445
41764658912
41764658838
41764658692
41764658941
41764658588
41764658868
41764658907
41764658622
41764658772
41764658972
41764658719
41764658482
41764658600
41764658743
41764658771
41764658611
41764658950
41764658624
41764658634
41764658705
41764658645
41764658691
41764658570
41764658657
41764658874
41764658610
41764658885
41764658480
41764658884
41764658870
41764658620
41764658525
41764658725
41764658805
41764658944
41764658762
41764658979
41764658959
41764658483
41764658880
41764658753
41764658736
41764658590
41764658902
41764658953
41764658908
41764658855
41764658494
41764658894
41764658562
41764658679
41764658899
41764658537
41764658747
41764658918
41764658765
41764658872
41764658945
41764658749
41764658820
41764658592
41764658909
41764658816
41764658960
41764658824
41764658858
41764658767
41764658787
41764658982
41764658877
41764658904
41764658928
41764658671
41764658822
41764658886
41764658721
41764658474
41764658890
41764658615
41764658714
41764658730
41764658776
41764658665
41764658752
41764658871
41764658841
41764657000
41764657012
41764657005
41764657007
41764657004
41764657015
41764657032
41764657016
41764657020
41764657013
41764657028
41764657026
41764657030
41764657011
41764657027
41764657031
41764657053
41764657059
41764657304
41764657311
41764657065
41764657080
41764657101
41764657117
41764657118
41764657147
41764657193
41764657249
41764657229
41764657133
41764657141
41764657037
41764657036
41764657045
41764657069
41764657077
41764657102
41764657176
41764657110
41764657066
41764657275
41764657330
41764657126
41764657255
41764657092
41764657146
41764657121
41764657340
41764657279
41764657056
41764657270
41764657179
41764657054
41764657131
41764657184
41764657169
41764657113
41764657417
41764657228
41764657100
41764657160
41764657222
41764657350
41764657123
41764657166
41764657221
41764657494
41764657108
41764657271
41764657095
41764657649
41764657347
41764657379
41764657234
41764657103
41764657281
41764657072
41764657273
41764657194
41764657546
41764657067
41764657341
41764657353
41764657342
41764657161
41764657252
41764657070
41764657097
41764657319
41764657073
41764657300
41764657476
41764657134
41764657075
41764657305
41764657464
41764657181
41764657203
41764657511
41764657090
41764657402
41764657081
41764657213
41764657206
41764657171
41764657237
41764657661
41764657327
41764657199
41764657186
41764657217
41764657766
41764657542
41764657306
41764657587
41764657572
41764657570
41764657529
41764657439
41764657537
41764657739
41764657676
41764657269
41764657317
41764657509
41764657510
41764657662
41764657669
41764657278
41764657170
41764657415
41764657488
41764657514
41764657711
41764657136
41764657280
41764657437
41764657597
41764657569
41764657544
41764657196
41764657424
41764657453
41764657778
41764657487
41764657836
41764657577
41764657802
41764657552
41764657425
41764657602
41764657874
41764657375
41764657598
41764657404
41764657378
41764657362
41764657865
41764657631
41764657723
41764657736
41764657478
41764657623
41764657781
41764657289
41764657412
41764657719
41764657609
41764657485
41764657264
41764657748
41764657588
41764657440
41764657595
41764657536
41764657925
41764657274
41764657994
41764657747
41764657370
41764657585
41764657418
41764657450
41764657248
41764657373
41764657111
41764657667
41764657413
41764657325
41764657498
41764657398
41764657434
41764657644
41764657400
41764657389
41764657250
41764657574
41764657773
41764657455
41764657522
41764657549
41764657875
41764657670
41764657624
41764657703
41764657372
41764657855
41764657990
41764657713
41764657668
41764657441
41764657337
41764657783
41764657604
41764657334
41764657466
41764657403
41764657682
41764657760
41764657560
41764657725
41764657475
41764657535
41764657566
41764657551
41764657629
41764657853
41764657508
41764657765
41764657262
41764657620
41764657813
41764657969
41764657483
41764657619
41764657820
41764657517
41764657578
41764657503
41764657718
41764657600
41764657780
41764657886
41764657946
41764657463
41764657683
41764657654
41764657567
41764657899
41764657811
41764657622
41764657717
41764657651
41764657675
41764657993
41764657957
41764657451
41764657307
41764657603
41764657729
41764657695
41764657761
41764657457
41764657878
41764657785
41764657705
41764657733
41764657756
41764657870
41764657831
41764657383
41764657828
41764657767
41764657950
41764657532
41764657700
41764657728
41764657740
41764657857
41764657799
41764657863
41764657665
41764657573
41764657646
41764657869
41764657810
41764657674
41764657625
41764657672
41764657571
41764657978
41764657922
41764657860
41764657691
41764657610
41764657419
41764657776
41764657796
41764657777
41764657786
41764657677
41764657887
41764657879
41764657697
41764657829
41764657929
41764657688
41764657722
41764657818
41764657784
41764657798
41764657737
41764657951
41764657977
41764657759
41764657880
41764657490
41764657872
41764657965
41764657980
41764657447
41764657966
41764657770
41764657513
41764657877
41764657605
41764657715
41764657814
41764657710
41764657472
41764657803
41764657976
41764657523
41764657962
41764657753
41764657471
41764657905
41764657593
41764657826
41764657918
41764657539
41764657949
41764657881
41764657904
41764657775
41764657823
41764657955
41764657545
41764657805
41764657944
41764657615
41764657866
41764657726
41764657987
41764657657
41764657789
41764657797
