41767025000
41767025001
41767025009
41767025019
41767025003
41767025024
41767025027
41767025020
41767025021
41767025004
41767025006
41767025005
41767025023
41767025010
41767025011
41767025012
41767025016
41767025028
41767025061
41767025202
41767025255
41767025036
41767025058
41767025053
41767025051
41767025052
41767025222
41767025175
41767025158
41767025208
41767025092
41767025066
41767025114
41767025273
41767025106
41767025046
41767025225
41767025115
41767025035
41767025050
41767025157
41767025166
41767025101
41767025322
41767025200
41767025347
41767025060
41767025099
41767025350
41767025090
41767025055
41767025067
41767025243
41767025241
41767025043
41767025306
41767025252
41767025220
41767025305
41767025089
41767025109
41767025128
41767025323
41767025294
41767025141
41767025319
41767025324
41767025274
41767025080
41767025331
41767025125
41767025232
41767025140
41767025212
41767025100
41767025344
41767025147
41767025280
41767025348
41767025236
41767025148
41767025205
41767025289
41767025152
41767025277
41767025240
41767025295
41767025333
41767025242
41767025304
41767025218
41767025313
41767025327
41767025337
41767025408
41767025359
41767025388
41767025436
41767025577
41767025499
41767025653
41767025445
41767025432
41767025422
41767025417
41767025507
41767025351
41767025620
41767025400
41767025360
41767025383
41767025409
41767025510
41767025520
41767025463
41767025413
41767025448
41767025468
41767025563
41767025569
41767025494
41767025622
41767025453
41767025656
41767025585
41767025393
41767025426
41767025366
41767025515
41767025444
41767025440
41767025684
41767025630
41767025564
41767025430
41767025554
41767025580
41767025460
41767025614
41767025572
41767025489
41767025688
41767025516
41767025610
41767025641
41767025612
41767025411
41767025579
41767025404
41767025533
41767025631
41767025562
41767025557
41767025544
41767025475
41767025645
41767025660
41767025550
41767025505
41767025558
41767025679
41767025601
41767025551
41767025699
41767025552
41767025433
41767025560
41767025500
41767025464
41767025626
41767025470
41767025578
41767025603
41767025657
41767025644
41767025696
41767025588
41767025695
41767025667
41767025689
41767025722
41767025723
41767025714
41767025726
41767025727
41767025712
41767025755
41767025737
41767025758
41767025795
41767025738
41767025735
41767025768
41767025777
41767025799
41767025750
41767025736
41767025809
41767025788
41767025776
41767025782
41767025734
41767025773
41767025789
41767025803
41767025764
41767025770
41767025805
41767025752
41767025816
41767025842
41767025853
41767025824
41767025835
41767025858
41767025847
41767025841
41767025869
41767025881
41767025878
41767025832
41767025912
41767025930
41767025928
41767025939
41767025888
41767025909
41767025934
41767025923
41767025914
41767025913
41767025959
41767025892
41767025889
41767025901
41767025911
41767025940
41767025905
41767025944
41767025887
41767025904
41767025922
41767025996
41767025999
41767025986
41767025974
41767025977
41767025978
41767024011
41767024020
41767024030
41767024013
41767024021
41767024003
41767024005
41767024010
41767024001
41767024007
41767024004
41767024033
41767024036
41767024039
41767024102
41767024100
41767024143
41767024245
41767024150
41767024044
41767024069
41767024231
41767024243
41767024067
41767024122
41767024194
41767024040
41767024218
41767024055
41767024230
41767024051
41767024080
41767024096
41767024106
41767024127
41767024281
41767024125
41767024131
41767024113
41767024322
41767024167
41767024140
41767024333
41767024222
41767024274
41767024365
41767024475
41767024146
41767024112
41767024176
41767024224
41767024077
41767024172
41767024209
41767024248
41767024199
41767024278
41767024279
41767024261
41767024541
41767024177
41767024359
41767024340
41767024492
41767024466
41767024386
41767024159
41767024085
41767024326
41767024338
41767024191
41767024160
41767024246
41767024058
41767024262
41767024142
41767024554
41767024336
41767024545
41767024202
41767024525
41767024388
41767024242
41767024107
41767024477
41767024121
41767024711
41767024859
41767024252
41767024227
41767024408
41767024397
41767024452
41767024339
41767024352
41767024440
41767024190
41767024328
41767024472
41767024266
41767024446
41767024587
41767024170
41767024321
41767024450
41767024309
41767024206
41767024953
41767024445
41767024414
41767024993
41767024488
41767024803
41767024500
41767024335
41767024770
41767024300
41767024347
41767024426
41767024384
41767024241
41767024401
41767024287
41767024490
41767024495
41767024651
41767024141
41767024448
41767024600
41767024682
41767024133
41767024256
41767024639
41767024826
41767024547
41767024720
41767024619
41767024664
41767024880
41767024918
41767024901
41767024405
41767024738
41767024942
41767024915
41767024515
41767024404
41767024320
41767024417
41767024522
41767024706
41767024681
41767024845
41767024684
41767024719
41767024649
41767024302
41767024439
41767024285
41767024486
41767024702
41767024410
41767024743
41767024441
41767024952
41767024727
41767024433
41767024764
41767024717
41767024403
41767024549
41767024618
41767024946
41767024703
41767024453
41767024926
41767024648
41767024590
41767024606
41767024438
41767024484
41767024447
41767024984
41767024879
41767024425
41767024987
41767024994
41767024744
41767024469
41767024724
41767024780
41767024680
41767024751
41767024660
41767024650
41767024562
41767024528
41767024961
41767024645
41767024782
41767024788
41767024526
41767024506
41767024944
41767024442
41767024667
41767024980
41767024615
41767024747
41767024883
41767024797
41767024485
41767024962
41767024785
41767024814
41767024816
41767024638
41767024759
41767024730
41767024848
41767024566
41767024653
41767024922
41767024777
41767024644
41767024734
41767024852
41767024713
41767024835
41767024907
41767024612
41767024758
41767024973
41767024789
41767024557
41767024923
41767024842
41767024721
41767024908
41767024654
41767024997
41767024763
41767024840
41767024862
41767024817
41767024748
41767024909
41767024851
41767024888
41767024960
41767024986
41767024864
41767024920
41767024745
41767024919
41767024881
41767024786
41767024774
41767024882
41767024924
41767024893
41767024776
41767024904
41767024898
41767024979
41767024914
41767024970
41767026005
41767026026
41767026008
41767026011
41767026014
41767026017
41767026040
41767026075
41767026147
41767026052
41767026029
41767026412
41767026112
41767026149
41767026065
41767026095
41767026086
41767026136
41767026002
41767026122
41767026250
41767026004
41767026068
41767026045
41767026189
41767026078
41767026098
41767026260
41767026080
41767026268
41767026398
41767026198
41767026088
41767026063
41767026110
41767026155
41767026407
41767026225
41767026259
41767026355
41767026266
41767026223
41767026170
41767026246
41767026643
41767026124
41767026371
41767026577
41767026242
41767026323
41767026060
41767026457
41767026271
41767026460
41767026502
41767026558
41767026113
41767026200
41767026427
41767026689
41767026280
41767026049
41767026343
41767026730
41767026053
41767026030
41767026399
41767026061
41767026142
41767026353
41767026425
41767026553
41767026714
41767026236
41767026239
41767026504
41767026328
41767026420
41767026252
41767026160
41767026442
41767026111
41767026192
41767026445
41767026897
41767026436
41767026433
41767026625
41767026233
41767026567
41767026082
41767026150
41767026119
41767026247
41767026099
41767026243
41767026479
41767026373
41767026317
41767026561
41767026291
41767026554
41767026562
41767026366
41767026509
41767026180
41767026365
41767026073
41767026503
41767026525
41767026096
41767026295
41767026755
41767026573
41767026265
41767026440
41767026308
41767026253
41767026608
41767026786
41767026775
41767026677
41767026494
41767026960
41767026656
41767026783
41767026167
41767026282
41767026264
41767026601
41767026710
41767026605
41767026726
41767026901
41767026515
41767026493
41767026438
41767026631
41767026545
41767026688
41767026500
41767026807
41767026563
41767026526
41767026194
41767026166
41767026699
41767026662
41767026575
41767026683
41767026423
41767026220
41767026969
41767026470
41767026292
41767026324
41767026680
41767026866
41767026693
41767026606
41767026540
41767026933
41767026627
41767026565
41767026782
41767026585
41767026665
41767026262
41767026322
41767026798
41767026551
41767026765
41767026646
41767026393
41767026244
41767026488
41767026976
41767026531
41767026812
41767026672
41767026963
41767026635
41767026867
41767026824
41767026696
41767026961
41767026600
41767026363
41767026886
41767026381
41767026882
41767026817
41767026428
41767026682
41767026415
41767026649
41767026081
41767026709
41767026734
41767026478
41767026808
41767026539
41767026816
41767026700
41767026337
41767026276
41767026791
41767026404
41767026828
41767026388
41767026953
41767026979
41767026594
41767026611
41767026860
41767026760
41767026868
41767026844
41767026430
41767026849
41767026676
41767026915
41767026950
41767026401
41767026647
41767026667
41767026636
41767026899
41767026640
41767026486
41767026651
41767026033
41767026936
41767026623
41767026485
41767026944
41767026660
41767026583
41767026909
41767026895
41767026664
41767026879
41767026838
41767026655
41767026704
41767026582
41767026908
41767026609
41767026878
41767026827
41767026663
41767026763
41767026880
41767026773
41767026911
41767026949
41767026737
41767026690
41767026840
41767026935
41767026972
41767026757
41767026947
41767026990
41767026932
41767026771
41767020005
41767020004
41767020013
41767020016
41767020017
41767020001
41767020024
41767020009
41767020010
41767020020
41767020011
41767020027
41767020006
41767020015
41767020007
41767020003
41767020030
41767020041
41767020019
41767020026
41767020034
41767020052
41767020050
41767020062
41767020081
41767020100
41767020060
41767020129
41767020134
41767020137
41767020195
41767020072
41767020135
41767020048
41767020262
41767020014
41767020070
41767020263
41767020065
41767020270
41767020051
41767020093
41767020066
41767020104
41767020071
41767020080
41767020077
41767020315
41767020121
41767020271
41767020227
41767020280
41767020078
41767020305
41767020108
41767020209
41767020067
41767020101
41767020443
41767020053
41767020068
41767020088
41767020103
41767020099
41767020130
41767020375
41767020040
41767020475
41767020467
41767020212
41767020541
41767020692
41767020328
41767020293
41767020047
41767020297
41767020109
41767020111
41767020106
41767020159
41767020374
41767020440
41767020403
41767020196
41767020284
41767020110
41767020241
41767020107
41767020267
41767020213
41767020497
41767020616
41767020309
41767020064
41767020349
41767020143
41767020282
41767020657
41767020239
41767020178
41767020191
41767020176
41767020166
41767020147
41767020210
41767020144
41767020367
41767020180
41767020563
41767020423
41767020192
41767020669
41767020118
41767020098
41767020435
41767020376
41767020535
41767020628
41767020451
41767020408
41767020115
41767020049
41767020124
41767020273
41767020670
41767020242
41767020322
41767020558
41767020533
41767020185
41767020285
41767020722
41767020431
41767020557
41767020290
41767020459
41767020656
41767020306
41767020295
41767020318
41767020518
41767020219
41767020202
41767020422
41767020503
41767020875
41767020211
41767020565
41767020299
41767020693
41767020272
41767020090
41767020102
41767020158
41767020226
41767020224
41767020809
41767020799
41767020406
41767020125
41767020157
41767020311
41767020405
41767020552
41767020600
41767020814
41767020474
41767020232
41767020353
41767020327
41767020432
41767020501
41767020399
41767020407
41767020261
41767020308
41767020429
41767020699
41767020773
41767020708
41767020379
41767020329
41767020710
41767020215
41767020128
41767020411
41767020482
41767020486
41767020888
41767020220
41767020395
41767020724
41767020723
41767020346
41767020644
41767020214
41767020711
41767020250
41767020225
41767020304
41767020730
41767020507
41767020292
41767020521
41767020833
41767020413
41767020777
41767020575
41767020738
41767020360
41767020577
41767020666
41767020560
41767020363
41767020739
41767020312
41767020574
41767020673
41767020334
41767020880
41767020797
41767020705
41767020649
41767020572
41767020544
41767020895
41767020402
41767020891
41767020156
41767020331
41767020248
41767020487
41767020460
41767020511
41767020509
41767020816
41767020592
41767020794
41767020136
41767020619
41767020785
41767020252
41767020607
41767020319
41767020530
41767020400
41767020444
41767020426
41767020613
41767020844
41767020685
41767020630
41767020955
41767020369
41767020590
41767020452
41767020313
41767020609
41767020332
41767020421
41767020585
41767020903
41767020924
41767020520
41767020704
41767020822
41767020416
41767020584
41767020994
41767020447
41767020661
41767020568
41767020802
41767020792
41767020993
41767020373
41767020502
41767020483
41767020512
41767020806
41767020697
41767020601
41767020453
41767020817
41767020595
41767020371
41767020645
41767020513
41767020342
41767020752
41767020545
41767020931
41767020719
41767020524
41767020274
41767020555
41767020515
41767020793
41767020918
41767020850
41767020912
41767020813
41767020760
41767020819
41767020749
41767020800
41767020714
41767020897
41767020790
41767020570
41767020906
41767020608
41767020883
41767020966
41767020566
41767020873
41767020893
41767020725
41767020355
41767020514
41767020531
41767020782
41767020495
41767020605
41767020620
41767020448
41767020380
41767020599
41767020333
41767020510
41767020831
41767020768
41767020618
41767020756
41767020780
41767020688
41767020938
41767020812
41767020700
41767020485
41767020848
41767020747
41767020672
41767020805
41767020310
41767020463
41767020409
41767020694
41767020715
41767020384
41767020709
41767020886
41767020655
41767020744
41767020713
41767020506
41767020862
41767020815
41767020781
41767020703
41767020854
41767020896
41767020868
41767020743
41767020904
41767020733
41767020755
41767020336
41767020523
41767020750
41767020919
41767020823
41767020840
41767020731
41767020824
41767020846
41767020500
41767020651
41767020691
41767020861
41767020671
41767020707
41767020929
41767020825
41767020894
41767020818
41767020827
41767020526
41767020810
41767020720
41767020921
41767020779
41767020980
41767020741
41767020551
41767020974
41767020787
41767020726
41767020811
41767020933
41767020737
41767020623
41767020920
41767020589
41767020901
41767020913
41767020977
41767020786
41767020610
41767020858
41767020927
41767020899
41767020902
41767020917
41767020758
41767020803
41767020702
41767020990
41767020925
41767020728
41767020981
41767020323
41767020905
41767020989
41767020335
41767020676
41767029019
41767029032
41767029002
41767029013
41767029012
41767029007
41767029001
41767029027
41767029017
41767029116
41767029130
41767029099
41767029043
41767029058
41767029060
41767029210
41767029083
41767029069
41767029179
41767029158
41767029171
41767029090
41767029187
41767029097
41767029286
41767029334
41767029197
41767029053
41767029046
41767029049
41767029072
41767029065
41767029067
41767029112
41767029121
41767029119
41767029071
41767029117
41767029215
41767029100
41767029082
41767029088
41767029247
41767029283
41767029202
41767029165
41767029113
41767029157
41767029298
41767029055
41767029174
41767029343
41767029238
41767029589
41767029096
41767029129
41767029162
41767029189
41767029150
41767029175
41767029233
41767029272
41767029800
41767029276
41767029102
41767029348
41767029344
41767029734
41767029239
41767029442
41767029394
41767029063
41767029201
41767029280
41767029222
41767029419
41767029109
41767029479
41767029406
41767029506
41767029799
41767029103
41767029575
41767029431
41767029287
41767029111
41767029729
41767029299
41767029398
41767029303
41767029502
41767029266
41767029073
41767029500
41767029410
41767029519
41767029363
41767029449
41767029420
41767029782
41767029169
41767029426
41767029230
41767029277
41767029241
41767029844
41767029616
41767029138
41767029586
41767029282
41767029722
41767029217
41767029454
41767029632
41767029444
41767029620
41767029617
41767029843
41767029891
41767029618
41767029497
41767029284
41767029606
41767029659
41767029740
41767029994
41767029414
41767029527
41767029577
41767029417
41767029292
41767029139
41767029469
41767029785
41767029490
41767029876
41767029953
41767029584
41767029545
41767029699
41767029687
41767029939
41767029962
41767029437
41767029696
41767029697
41767029445
41767029877
41767029653
41767029453
41767029432
41767029491
41767029492
41767029920
41767029836
41767029995
41767029455
41767029236
41767029579
41767029504
41767029712
41767029919
41767029695
41767029600
41767029501
41767029809
41767029404
41767029149
41767029906
41767029531
41767029693
41767029792
41767029533
41767029690
41767029613
41767029311
41767029896
41767029736
41767029938
41767029966
41767029946
41767029944
41767029717
41767029905
41767029337
41767029396
41767029536
41767029585
41767029887
41767029774
41767029715
41767029848
41767029951
41767029602
41767029746
41767029591
41767029822
41767029515
41767029824
41767029596
41767029662
41767029570
41767029709
41767029897
41767029439
41767029761
41767029955
41767029318
41767029436
41767029737
41767029510
41767029565
41767029821
41767029433
41767029817
41767029933
41767029508
41767029963
41767029551
41767029899
41767029619
41767029764
41767029674
41767029615
41767029725
41767029989
41767029954
41767029624
41767029787
41767029789
41767029765
41767029728
41767029400
41767029911
41767029663
41767029810
41767029635
41767029976
41767029707
41767029927
41767029719
41767029878
41767029752
41767029769
41767029968
41767029666
41767029874
41767029909
41767029762
41767029923
41767029900
41767029898
41767029630
41767029980
41767029797
41767029801
41767023000
41767023002
41767023015
41767023007
41767023027
41767023013
41767023017
41767023001
41767023005
41767023012
41767023025
41767023030
41767023003
41767023009
41767023004
41767023008
41767023020
41767023056
41767023103
41767023075
41767023133
41767023118
41767023224
41767023249
41767023066
41767023233
41767023297
41767023107
41767023060
41767023201
41767023033
41767023329
41767023104
41767023101
41767023212
41767023122
41767023263
41767023163
41767023125
41767023037
41767023070
41767023291
41767023424
41767023144
41767023040
41767023136
41767023275
41767023045
41767023476
41767023071
41767023079
41767023231
41767023167
41767023149
41767023246
41767023054
41767023134
41767023353
41767023154
41767023102
41767023098
41767023311
41767023442
41767023050
41767023189
41767023423
41767023273
41767023055
41767023105
41767023088
41767023119
41767023304
41767023299
41767023096
41767023052
41767023195
41767023322
41767023428
41767023289
41767023226
41767023251
41767023336
41767023545
41767023142
41767023138
41767023374
41767023500
41767023845
41767023248
41767023395
41767023440
41767023383
41767023613
41767023058
41767023449
41767023220
41767023748
41767023706
41767023090
41767023170
41767023438
41767023127
41767023653
41767023341
41767023606
41767023108
41767023277
41767023356
41767023203
41767023400
41767023222
41767023343
41767023799
41767023232
41767023382
41767023441
41767023323
41767023100
41767023152
41767023176
41767023292
41767023810
41767023205
41767023334
41767023221
41767023394
41767023622
41767023099
41767023412
41767023413
41767023577
41767023415
41767023184
41767023388
41767023840
41767023726
41767023502
41767023363
41767023585
41767023598
41767023567
41767023971
41767023128
41767023445
41767023750
41767023546
41767023763
41767023623
41767023250
41767023288
41767023629
41767023597
41767023301
41767023320
41767023920
41767023429
41767023202
41767023778
41767023286
41767023435
41767023835
41767023416
41767023225
41767023757
41767023688
41767023381
41767023402
41767023648
41767023434
41767023644
41767023393
41767023444
41767023821
41767023331
41767023822
41767023330
41767023772
41767023372
41767023260
41767023344
41767023565
41767023990
41767023626
41767023389
41767023950
41767023270
41767023392
41767023211
41767023570
41767023604
41767023701
41767023335
41767023933
41767023636
41767023407
41767023515
41767023966
41767023433
41767023638
41767023811
41767023946
41767023530
41767023666
41767023477
41767023739
41767023959
41767023832
41767023784
41767023692
41767023581
41767023830
41767023808
41767023525
41767023839
41767023555
41767023504
41767023464
41767023775
41767023161
41767023737
41767023940
41767023351
41767023616
41767023599
41767023804
41767023652
41767023889
41767023932
41767023536
41767023747
41767023836
41767023729
41767023849
41767023917
41767023929
41767023614
41767023985
41767023486
41767023791
41767023972
41767023864
41767023505
41767023605
41767023838
41767023535
41767023771
41767023700
41767023685
41767023609
41767023988
41767023403
41767023705
41767023655
41767023722
41767023981
41767023776
41767023707
41767023852
41767023332
41767023608
41767023711
41767023646
41767023780
41767023590
41767023826
41767023667
41767023789
41767023761
41767023661
41767023877
41767023949
41767023939
41767023848
41767023952
41767023787
41767023997
41767023602
41767023631
41767023450
41767023855
41767023715
41767023686
41767023427
41767023938
41767023765
41767023893
41767023818
41767023806
41767023854
41767023732
41767023803
41767023986
41767023834
41767023994
41767023883
41767021000
41767021007
41767021011
41767021004
41767021026
41767021003
41767021020
41767021010
41767021016
41767021002
41767021008
41767021013
41767021031
41767021012
41767021009
41767021025
41767021029
41767021036
41767021103
41767021056
41767021072
41767021065
41767021042
41767021060
41767021213
41767021102
41767021133
41767021224
41767021131
41767021055
41767021137
41767021154
41767021100
41767021048
41767021203
41767021110
41767021112
41767021057
41767021140
41767021184
41767021261
41767021150
41767021066
41767021144
41767021116
41767021107
41767021061
41767021332
41767021124
41767021128
41767021263
41767021041
41767021148
41767021099
41767021037
41767021158
41767021040
41767021201
41767021097
41767021090
41767021278
41767021043
41767021081
41767021219
41767021067
41767021109
41767021113
41767021143
41767021209
41767021177
41767021229
41767021181
41767021034
41767021134
41767021223
41767021208
41767021292
41767021101
41767021053
41767021218
41767021115
41767021052
41767021260
41767021211
41767021323
41767021075
41767021087
41767021216
41767021073
41767021271
41767021167
41767021212
41767021344
41767021129
41767021188
41767021294
41767021160
41767021156
41767021088
41767021214
41767021290
41767021199
41767021217
41767021121
41767021262
41767021301
41767021098
41767021258
41767021164
41767021062
41767021172
41767021192
41767021225
41767021200
41767021304
41767021207
41767021240
41767021347
41767021282
41767021245
41767021293
41767021295
41767021230
41767021289
41767021346
41767021195
41767021117
41767021327
41767021249
41767021324
41767021283
41767021312
41767021197
41767021330
41767021228
41767021336
41767021155
41767021328
41767021307
41767021300
41767021303
41767021196
41767021308
41767021220
41767021338
41767021311
41767021309
41767021288
41767021190
41767021285
41767021251
41767021326
41767021353
41767021376
41767021375
41767021369
41767021372
41767021370
41767021367
41767021357
41767021412
41767021464
41767021557
41767021420
41767021483
41767021400
41767021428
41767021391
41767021416
41767021580
41767021575
41767021443
41767021500
41767021434
41767021565
41767021609
41767021403
41767021507
41767021465
41767021437
41767021406
41767021622
41767021511
41767021401
41767021387
41767021415
41767021404
41767021421
41767021462
41767021439
41767021502
41767021410
41767021509
41767021621
41767021525
41767021644
41767021503
41767021601
41767021661
41767021556
41767021614
41767021597
41767021625
41767021551
41767021635
41767021543
41767021482
41767021444
41767021599
41767021487
41767021637
41767021655
41767021554
41767021505
41767021660
41767021607
41767021576
41767021690
41767021470
41767021424
41767021458
41767021510
41767021680
41767021506
41767021526
41767021640
41767021691
41767021501
41767021602
41767021550
41767021679
41767021463
41767021574
41767021617
41767021610
41767021518
41767021603
41767021689
41767021508
41767021641
41767021561
41767021695
41767021600
41767021615
41767021650
41767021611
41767021606
41767021627
41767021708
41767021706
41767021727
41767021700
41767021716
41767021715
41767021707
41767021719
41767021702
41767021723
41767021705
41767021717
41767021724
41767021709
41767021730
41767021729
41767021779
41767021772
41767021775
41767021777
41767021736
41767021742
41767021788
41767021790
41767021740
41767021757
41767021755
41767021759
41767021773
41767021784
41767021776
41767021766
41767021774
41767021770
41767021731
41767021758
41767021771
41767021778
41767021752
41767021824
41767021800
41767021802
41767021829
41767021810
41767021840
41767021797
41767021818
41767021836
41767021809
41767021805
41767021807
41767021804
41767021814
41767021806
41767021841
41767021812
41767021851
41767021817
41767021821
41767021811
41767021801
41767021816
41767021820
41767021910
41767021876
41767021861
41767021897
41767021853
41767021880
41767021902
41767021883
41767021865
41767021901
41767021904
41767021862
41767021909
41767021864
41767021908
41767021906
41767021893
41767021899
41767021890
41767021907
41767021945
41767021919
41767021996
41767021965
41767021918
41767021963
41767021958
41767021976
41767021914
41767021924
41767021995
41767021923
41767021997
41767021991
41767021912
41767021956
41767021964
41767021934
41767021951
41767021989
41767021960
41767021949
41767021980
41767021994
41767021946
41767021973
41767021988
41767021979
41767021913
41767021982
41767021975
41767021983
41767021943
41767021981
41767021926
41767021999
41767022010
41767022003
41767022007
41767022028
41767022015
41767022013
41767022001
41767022025
41767022030
41767022012
41767022024
41767022002
41767022008
41767022027
41767022006
41767022014
41767022011
41767022009
41767022018
41767022055
41767022060
41767022118
41767022086
41767022111
41767022125
41767022182
41767022040
41767022105
41767022078
41767022231
41767022254
41767022171
41767022217
41767022099
41767022033
41767022340
41767022132
41767022143
41767022037
41767022035
41767022083
41767022079
41767022236
41767022081
41767022094
41767022092
41767022123
41767022321
41767022245
41767022286
41767022065
41767022136
41767022173
41767022067
41767022073
41767022049
41767022093
41767022262
41767022084
41767022042
41767022126
41767022121
41767022058
41767022102
41767022352
41767022076
41767022107
41767022120
41767022226
41767022592
41767022104
41767022211
41767022221
41767022119
41767022141
41767022239
41767022077
41767022255
41767022324
41767022082
41767022276
41767022109
41767022724
41767022232
41767022114
41767022303
41767022183
41767022135
41767022203
41767022351
41767022062
41767022193
41767022405
41767022117
41767022205
41767022202
41767022284
41767022159
41767022266
41767022248
41767022260
41767022252
41767022297
41767022371
41767022242
41767022131
41767022229
41767022103
41767022139
41767022323
41767022929
41767022257
41767022233
41767022295
41767022209
41767022095
41767022188
41767022098
41767022230
41767022291
41767022601
41767022330
41767022238
41767022314
41767022206
41767022144
41767022424
41767022615
41767022337
41767022464
41767022463
41767022610
41767022355
41767022222
41767022633
41767022497
41767022300
41767022218
41767022214
41767022425
41767022501
41767022265
41767022241
41767022500
41767022549
41767022282
41767022358
41767022537
41767022304
41767022525
41767022363
41767022410
41767022237
41767022559
41767022208
41767022243
41767022421
41767022177
41767022234
41767022210
41767022426
41767022705
41767022301
41767022298
41767022712
41767022599
41767022591
41767022511
41767022577
41767022113
41767022069
41767022663
41767022157
41767022669
41767022204
41767022457
41767022315
41767022833
41767022309
41767022101
41767022275
41767022311
41767022409
41767022626
41767022160
41767022729
41767022484
41767022771
41767022302
41767022447
41767022287
41767022445
41767022249
41767022772
41767022865
41767022608
41767022903
41767022270
41767022504
41767022407
41767022380
41767022189
41767022293
41767022563
41767022552
41767022654
41767022145
41767022701
41767022632
41767022201
41767022403
41767022487
41767022640
41767022513
41767022604
41767022400
41767022676
41767022308
41767022367
41767022526
41767022412
41767022320
41767022597
41767022909
41767022536
41767022630
41767022528
41767022346
41767022329
41767022842
41767022840
41767022619
41767022556
41767022542
41767022915
41767022489
41767022455
41767022538
41767022560
41767022670
41767022299
41767022283
41767022911
41767022578
41767022888
41767022881
41767022713
41767022611
41767022612
41767022883
41767022575
41767022741
41767022606
41767022901
41767022422
41767022506
41767022361
41767022704
41767022699
41767022846
41767022648
41767022272
41767022904
41767022317
41767022594
41767022200
41767022453
41767022836
41767022586
41767022721
41767022582
41767022635
41767022444
41767022529
41767022312
41767022540
41767022900
41767022968
41767022683
41767022418
41767022748
41767022671
41767022545
41767022939
41767022316
41767022498
41767022828
41767022607
41767022434
41767022906
41767022797
41767022706
41767022838
41767022703
41767022756
41767022515
41767022634
41767022723
41767022603
41767022396
41767022710
41767022416
41767022385
41767022169
41767022932
41767022638
41767022898
41767022783
41767022777
41767022764
41767022508
41767022979
41767022924
41767022408
41767022553
41767022835
41767022650
41767022918
41767022572
41767022940
41767022717
41767022824
41767022522
41767022643
41767022555
41767022980
41767022934
41767022910
41767022688
41767022889
41767022755
41767022420
41767022814
41767022716
41767022535
41767022505
41767022456
41767022509
41767022326
41767022652
41767022790
41767022760
41767022602
41767022875
41767022859
41767022955
41767022763
41767022807
41767022661
41767022945
41767022961
41767022714
41767022711
41767022811
41767022920
41767022964
41767022882
41767022949
41767022655
41767022973
41767022818
41767022725
41767022684
41767022609
41767022722
41767022867
41767022762
41767022967
41767022855
41767022761
41767022789
41767022957
41767022707
41767022978
41767022839
41767022808
41767022708
41767022680
41767022773
41767022697
41767022905
41767022812
41767022798
41767022984
41767022977
41767022989
41767022832
41767022953
41767022852
41767022899
41767022880
41767022787
41767022802
41767022919
41767022826
41767022907
41767022124
41767022180
41767022310
41767022404
41767028000
41767028001
41767028019
41767028022
41767028008
41767028028
41767028015
41767028029
41767028012
41767028030
41767028009
41767028014
41767028020
41767028017
41767028010
41767028016
41767028002
41767028032
41767028120
41767028085
41767028059
41767028068
41767028077
41767028118
41767028155
41767028340
41767028091
41767028146
41767028237
41767028222
41767028090
41767028220
41767028034
41767028050
41767028232
41767028163
41767028049
41767028338
41767028278
41767028133
41767028308
41767028066
41767028056
41767028057
41767028082
41767028123
41767028184
41767028097
41767028051
41767028192
41767028265
41767028221
41767028300
41767028286
41767028063
41767028310
41767028182
41767028174
41767028098
41767028185
41767028288
41767028292
41767028140
41767028126
41767028307
41767028089
41767028173
41767028064
41767028217
41767028342
41767028183
41767028190
41767028281
41767028171
41767028084
41767028060
41767028320
41767028297
41767028176
41767028248
41767028111
41767028311
41767028262
41767028258
41767028210
41767028204
41767028224
41767028260
41767028295
41767028345
41767028194
41767028269
41767028247
41767028313
41767028212
41767028234
41767028302
41767028371
41767028362
41767028369
41767028353
41767028354
41767028380
41767028394
41767028413
41767028539
41767028505
41767028445
41767028388
41767028400
41767028422
41767028386
41767028409
41767028384
41767028404
41767028514
41767028393
41767028467
41767028385
41767028609
41767028509
41767028469
41767028531
41767028553
41767028663
41767028672
41767028418
41767028600
41767028407
41767028525
41767028396
41767028481
41767028397
41767028424
41767028584
41767028557
41767028515
41767028444
41767028592
41767028550
41767028687
41767028666
41767028492
41767028621
41767028546
41767028628
41767028408
41767028447
41767028601
41767028466
41767028495
41767028460
41767028587
41767028604
41767028608
41767028574
41767028655
41767028570
41767028695
41767028484
41767028555
41767028425
41767028549
41767028488
41767028434
41767028665
41767028636
41767028529
41767028528
41767028670
41767028617
41767028686
41767028650
41767028564
41767028556
41767028698
41767028667
41767028682
41767028427
41767028547
41767028527
41767028677
41767028554
41767028691
41767028638
41767028680
41767028696
41767028538
41767028438
41767028675
41767028586
41767028702
41767028701
41767028725
41767028707
41767028712
41767028709
41767028716
41767028724
41767028735
41767028760
41767028733
41767028764
41767028736
41767028763
41767028750
41767028755
41767028808
41767028778
41767028779
41767028787
41767028822
41767028797
41767028786
41767028818
41767028782
41767028773
41767028788
41767028802
41767028815
41767028803
41767028806
41767028800
41767028775
41767028771
41767028774
41767028816
41767028820
41767028812
41767028855
41767028828
41767028832
41767028829
41767028852
41767028833
41767028840
41767028842
41767028868
41767028838
41767028844
41767028865
41767028827
41767028869
41767028830
41767028866
41767028861
41767028849
41767028880
41767028919
41767028885
41767028890
41767028917
41767028883
41767028932
41767028942
41767028921
41767028950
41767028898
41767028888
41767028894
41767028911
41767028920
41767028926
41767028886
41767028904
41767028954
41767028899
41767028951
41767028941
41767028914
41767028908
41767028972
41767028987
41767028990
41767028975
41767028991
41767028979
41767028994
41767028986
41767028999
41767028989
41767028998
41767027028
41767027007
41767027005
41767027002
41767027012
41767027004
41767027019
41767027020
41767027009
41767027015
41767027024
41767027008
41767027016
41767027080
41767027117
41767027106
41767027075
41767027132
41767027249
41767027060
41767027107
41767027050
41767027065
41767027108
41767027282
41767027124
41767027105
41767027308
41767027205
41767027185
41767027063
41767027092
41767027274
41767027111
41767027166
41767027312
41767027378
41767027337
41767027081
41767027073
41767027409
41767027034
41767027045
41767027077
41767027046
41767027247
41767027040
41767027070
41767027152
41767027094
41767027228
41767027138
41767027273
41767027207
41767027198
41767027402
41767027421
41767027295
41767027605
41767027155
41767027054
41767027364
41767027051
41767027085
41767027316
41767027103
41767027190
41767027173
41767027277
41767027214
41767027525
41767027271
41767027243
41767027250
41767027209
41767027171
41767027290
41767027712
41767027481
41767027327
41767027407
41767027417
41767027424
41767027037
41767027176
41767027199
41767027177
41767027279
41767027072
41767027562
41767027262
41767027200
41767027150
41767027078
41767027302
41767027778
41767027201
41767027624
41767027326
41767027183
41767027212
41767027238
41767027110
41767027058
41767027356
41767027794
41767027287
41767027339
41767027573
41767027309
41767027513
41767027224
41767027142
41767027230
41767027601
41767027747
41767027221
41767027808
41767027652
41767027850
41767027225
41767027531
41767027572
41767027261
41767027586
41767027476
41767027675
41767027170
41767027786
41767027272
41767027400
41767027411
41767027708
41767027854
41767027539
41767027285
41767027636
41767027507
41767027300
41767027638
41767027813
41767027710
41767027641
41767027587
41767027890
41767027438
41767027408
41767027350
41767027727
41767027846
41767027095
41767027363
41767027174
41767027288
41767027474
41767027770
41767027678
41767027181
41767027485
41767027202
41767027900
41767027315
41767027726
41767027194
41767027382
41767027192
41767027824
41767027781
41767027701
41767027341
41767027444
41767027546
41767027188
41767027876
41767027583
41767027490
41767027340
41767027739
41767027897
41767027795
41767027800
41767027449
41767027823
41767027320
41767027560
41767027561
41767027909
41767027863
41767027773
41767027942
41767027646
41767027709
41767027704
41767027670
41767027577
41767027759
41767027719
41767027375
41767027278
41767027779
41767027993
41767027487
41767027979
41767027714
41767027204
41767027859
41767027379
41767027814
41767027286
41767027482
41767027618
41767027787
41767027723
41767027406
41767027755
41767027757
41767027880
41767027680
41767027571
41767027604
41767027634
41767027790
41767027806
41767027270
41767027235
41767027720
41767027933
41767027663
41767027974
41767027827
41767027414
41767027448
41767027874
41767027477
41767027555
41767027489
41767027799
41767027376
41767027455
41767027606
41767027608
41767027677
41767027844
41767027729
41767027630
41767027766
41767027767
41767027983
41767027798
41767027445
41767027811
41767027788
41767027889
41767027705
41767027818
41767027694
41767027692
41767027510
41767027922
41767027885
41767027907
41767027735
41767027957
41767027932
41767027503
41767027990
41767027742
41767027673
41767027901
41767027533
41767027895
41767027611
41767027902
41767027872
41767027793
41767027945
41767027695
41767027862
41767027644
41767027740
41767027877
41767027882
41767027848
41767027550
41767027620
41767027502
41767027492
41767027744
41767027602
41767027898
41767027905
41767027782
41767027870
41767027924
41767027576
41767027783
41767027954
41767027703
41767027970
41767027939
41767027789
41767027869
41767027785
41767027810
41767027676
41767027881
41767027801
