41794465000
41794465011
41794465019
41794465002
41794465032
41794465003
41794465027
41794465025
41794465015
41794465005
41794465004
41794465020
41794465009
41794465018
41794465022
41794465024
41794465012
41794465006
41794465030
41794465016
41794465031
41794465010
41794465038
41794465033
41794465069
41794465045
41794465074
41794465048
41794465061
41794465075
41794465083
41794465088
41794465137
41794465037
41794465047
41794465036
41794465076
41794465059
41794465034
41794465172
41794465104
41794465107
41794465185
41794465232
41794465131
41794465127
41794465167
41794465207
41794465044
41794465062
41794465270
41794465262
41794465117
41794465135
41794465160
41794465205
41794465128
41794465118
41794465112
41794465147
41794465055
41794465058
41794465230
41794465152
41794465197
41794465156
41794465042
41794465086
41794465046
41794465054
41794465187
41794465279
41794465095
41794465313
41794465334
41794465035
41794465149
41794465082
41794465142
41794465065
41794465145
41794465268
41794465154
41794465163
41794465261
41794465119
41794465098
41794465285
41794465092
41794465238
41794465070
41794465125
41794465140
41794465136
41794465191
41794465303
41794465064
41794465121
41794465153
41794465278
41794465126
41794465188
41794465072
41794465077
41794465255
41794465329
41794465242
41794465189
41794465103
41794465283
41794465150
41794465110
41794465265
41794465302
41794465122
41794465211
41794465134
41794465300
41794465157
41794465306
41794465280
41794465309
41794465315
41794465193
41794465169
41794465168
41794465249
41794465080
41794465218
41794465312
41794465340
41794465266
41794465216
41794465263
41794465236
41794465178
41794465085
41794465220
41794465254
41794465114
41794465186
41794465250
41794465063
41794465293
41794465174
41794465343
41794465079
41794465202
41794465273
41794465144
41794465173
41794465224
41794465233
41794465339
41794465297
41794465111
41794465324
41794465241
41794465345
41794465286
41794465272
41794465290
41794465212
41794465292
41794465201
41794465223
41794465129
41794465243
41794465235
41794465195
41794465087
41794465287
41794465308
41794465155
41794465257
41794465284
41794465182
41794465277
41794465179
41794465171
41794465214
41794465226
41794465176
41794465301
41794465206
41794465311
41794465221
41794465288
41794465175
41794465159
41794465291
41794465256
41794465344
41794465349
41794465190
41794465295
41794465229
41794465333
41794465336
41794465304
41794465317
41794465271
41794465305
41794465361
41794465363
41794465357
41794465377
41794465381
41794465378
41794465359
41794465369
41794465370
41794465371
41794465372
41794465380
41794465355
41794465367
41794465368
41794465392
41794465389
41794465395
41794465417
41794465448
41794465459
41794465410
41794465475
41794465396
41794465393
41794465386
41794465486
41794465426
41794465430
41794465435
41794465490
41794465652
41794465456
41794465461
41794465493
41794465519
41794465406
41794465513
41794465505
41794465506
41794465536
41794465399
41794465527
41794465509
41794465427
41794465642
41794465569
41794465581
41794465570
41794465651
41794465611
41794465588
41794465597
41794465451
41794465511
41794465403
41794465502
41794465531
41794465681
41794465469
41794465576
41794465590
41794465385
41794465525
41794465413
41794465449
41794465544
41794465432
41794465516
41794465421
41794465470
41794465481
41794465484
41794465462
41794465402
41794465397
41794465535
41794465390
41794465554
41794465394
41794465453
41794465563
41794465464
41794465524
41794465659
41794465542
41794465487
41794465507
41794465678
41794465566
41794465602
41794465610
41794465662
41794465539
41794465547
41794465418
41794465575
41794465578
41794465694
41794465534
41794465620
41794465450
41794465579
41794465560
41794465666
41794465669
41794465657
41794465655
41794465676
41794465629
41794465528
41794465537
41794465621
41794465517
41794465582
41794465428
41794465471
41794465489
41794465491
41794465515
41794465645
41794465556
41794465684
41794465660
41794465440
41794465622
41794465541
41794465583
41794465687
41794465557
41794465650
41794465585
41794465677
41794465454
41794465613
41794465488
41794465577
41794465518
41794465546
41794465550
41794465686
41794465480
41794465445
41794465404
41794465670
41794465498
41794465607
41794465474
41794465671
41794465647
41794465499
41794465538
41794465674
41794465664
41794465675
41794465632
41794465551
41794465636
41794465696
41794465601
41794465545
41794465548
41794465500
41794465689
41794465616
41794465619
41794465405
41794465423
41794465559
41794465618
41794465526
41794465443
41794465649
41794465682
41794465679
41794465572
41794465594
41794465532
41794465685
41794465635
41794465672
41794465495
41794465573
41794465568
41794465633
41794465617
41794465503
41794465625
41794465608
41794465661
41794465409
41794465571
41794465699
41794465533
41794465656
41794465555
41794465586
41794465614
41794465630
41794465631
41794465680
41794465653
41794465688
41794465644
41794465638
41794465654
41794465711
41794465714
41794465729
41794465704
41794465713
41794465733
41794465732
41794465724
41794465730
41794465708
41794465734
41794465705
41794465703
41794465731
41794465716
41794465715
41794465710
41794465702
41794465707
41794465721
41794465700
41794465722
41794465712
41794465720
41794465799
41794465735
41794465793
41794465794
41794465736
41794465745
41794465739
41794465749
41794465748
41794465771
41794465782
41794465785
41794465811
41794465804
41794465743
41794465786
41794465757
41794465776
41794465772
41794465777
41794465816
41794465819
41794465755
41794465790
41794465795
41794465780
41794465766
41794465741
41794465738
41794465765
41794465760
41794465744
41794465764
41794465781
41794465761
41794465788
41794465740
41794465809
41794465758
41794465814
41794465750
41794465797
41794465756
41794465800
41794465815
41794465796
41794465783
41794465806
41794465769
41794465818
41794465751
41794465817
41794465808
41794465778
41794465798
41794465813
41794465810
41794465824
41794465864
41794465907
41794465828
41794465833
41794465826
41794465835
41794465844
41794465853
41794465843
41794465870
41794465862
41794465877
41794465898
41794465872
41794465840
41794465838
41794465841
41794465879
41794465873
41794465846
41794465888
41794465869
41794465867
41794465847
41794465829
41794465890
41794465884
41794465822
41794465839
41794465902
41794465832
41794465904
41794465866
41794465885
41794465889
41794465881
41794465836
41794465860
41794465883
41794465882
41794465851
41794465876
41794465900
41794465859
41794465875
41794465861
41794465897
41794465899
41794465863
41794465871
41794465880
41794465891
41794465865
41794465906
41794465955
41794465922
41794465920
41794465924
41794465944
41794465930
41794465936
41794465918
41794465950
41794465941
41794465928
41794465932
41794465926
41794465917
41794465939
41794465954
41794465965
41794465942
41794465951
41794465909
41794465914
41794465967
41794465968
41794465910
41794465938
41794465916
41794465962
41794465943
41794465956
41794465934
41794465947
41794465961
41794465940
41794465952
41794465945
41794465908
41794465964
41794465973
41794465999
41794465994
41794465998
41794465970
41794465993
41794465981
41794465991
41794465997
41794465974
41794465989
41794465977
41794465988
41794465979
41794465995
41794465971
41794465975
41794465972
41794464018
41794464008
41794464005
41794464031
41794464020
41794464003
41794464015
41794464025
41794464024
41794464013
41794464011
41794464007
41794464017
41794464009
41794464006
41794464001
41794464002
41794464023
41794464027
41794464030
41794464021
41794464029
41794464019
41794464059
41794464091
41794464114
41794464127
41794464014
41794464050
41794464088
41794464107
41794464053
41794464076
41794464052
41794464079
41794464138
41794464046
41794464149
41794464063
41794464173
41794464229
41794464086
41794464257
41794464299
41794464058
41794464346
41794464323
41794464288
41794464116
41794464078
41794464252
41794464062
41794464061
41794464065
41794464250
41794464064
41794464095
41794464111
41794464083
41794464152
41794464154
41794464056
41794464150
41794464340
41794464104
41794464148
41794464362
41794464124
41794464334
41794464413
41794464147
41794464251
41794464035
41794464500
41794464504
41794464420
41794464534
41794464179
41794464131
41794464102
41794464106
41794464070
41794464269
41794464238
41794464237
41794464356
41794464113
41794464169
41794464044
41794464205
41794464048
41794464057
41794464330
41794464275
41794464194
41794464066
41794464231
41794464055
41794464100
41794464130
41794464129
41794464038
41794464069
41794464451
41794464068
41794464146
41794464090
41794464126
41794464406
41794464223
41794464122
41794464185
41794464144
41794464303
41794464208
41794464072
41794464377
41794464161
41794464644
41794464190
41794464386
41794464244
41794464151
41794464093
41794464274
41794464610
41794464337
41794464828
41794464437
41794464087
41794464221
41794464264
41794464479
41794464506
41794464118
41794464145
41794464298
41794464160
41794464141
41794464136
41794464172
41794464268
41794464109
41794464342
41794464214
41794464458
41794464350
41794464156
41794464389
41794464364
41794464390
41794464316
41794464077
41794464278
41794464502
41794464183
41794464345
41794464410
41794464170
41794464094
41794464492
41794464911
41794464710
41794464693
41794464108
41794464312
41794464461
41794464289
41794464383
41794464408
41794464397
41794464293
41794464401
41794464613
41794464253
41794464203
41794464388
41794464920
41794464047
41794464119
41794464573
41794464246
41794464283
41794464367
41794464301
41794464563
41794464385
41794464560
41794464358
41794464538
41794464357
41794464529
41794464324
41794464121
41794464207
41794464128
41794464140
41794464373
41794464664
41794464339
41794464155
41794464622
41794464650
41794464454
41794464953
41794464434
41794464258
41794464491
41794464247
41794464539
41794464788
41794464393
41794464219
41794464060
41794464168
41794464348
41794464621
41794464256
41794464433
41794464266
41794464359
41794464259
41794464200
41794464177
41794464663
41794464347
41794464333
41794464545
41794464355
41794464470
41794464137
41794464536
41794464582
41794464474
41794464872
41794464533
41794464544
41794464384
41794464175
41794464570
41794464338
41794464139
41794464457
41794464806
41794464616
41794464528
41794464120
41794464870
41794464286
41794464936
41794464431
41794464204
41794464429
41794464441
41794464193
41794464220
41794464516
41794464197
41794464464
41794464242
41794464321
41794464772
41794464590
41794464228
41794464096
41794464905
41794464587
41794464512
41794464184
41794464681
41794464615
41794464187
41794464611
41794464704
41794464632
41794464668
41794464818
41794464218
41794464248
41794464822
41794464510
41794464566
41794464509
41794464941
41794464466
41794464629
41794464847
41794464547
41794464445
41794464412
41794464535
41794464414
41794464988
41794464427
41794464757
41794464673
41794464391
41794464636
41794464507
41794464809
41794464581
41794464511
41794464776
41794464313
41794464331
41794464666
41794464548
41794464360
41794464477
41794464549
41794464555
41794464422
41794464217
41794464387
41794464344
41794464167
41794464472
41794464399
41794464564
41794464302
41794464369
41794464861
41794464272
41794464181
41794464224
41794464400
41794464705
41794464642
41794464407
41794464456
41794464892
41794464371
41794464692
41794464074
41794464297
41794464572
41794464917
41794464232
41794464133
41794464965
41794464763
41794464667
41794464202
41794464732
41794464550
41794464874
41794464683
41794464617
41794464473
41794464245
41794464496
41794464719
41794464837
41794464553
41794464733
41794464530
41794464578
41794464292
41794464915
41794464741
41794464483
41794464789
41794464554
41794464543
41794464848
41794464285
41794464236
41794464402
41794464418
41794464493
41794464674
41794464482
41794464909
41794464661
41794464180
41794464442
41794464609
41794464521
41794464597
41794464527
41794464835
41794464695
41794464411
41794464638
41794464655
41794464568
41794464588
41794464417
41794464851
41794464230
41794464363
41794464685
41794464522
41794464755
41794464686
41794464351
41794464584
41794464524
41794464982
41794464565
41794464343
41794464353
41794464267
41794464815
41794464460
41794464972
41794464488
41794464922
41794464785
41794464580
41794464262
41794464834
41794464311
41794464996
41794464800
41794464743
41794464935
41794464392
41794464865
41794464856
41794464485
41794464640
41794464499
41794464717
41794464801
41794464783
41794464660
41794464309
41794464614
41794464571
41794464735
41794464971
41794464700
41794464495
41794464970
41794464606
41794464517
41794464326
41794464594
41794464932
41794464368
41794464624
41794464631
41794464561
41794464984
41794464586
41794464678
41794464691
41794464675
41794464749
41794464724
41794464526
41794464827
41794464981
41794464746
41794464787
41794464740
41794464703
41794464436
41794464679
41794464478
41794464736
41794464276
41794464626
41794464726
41794464322
41794464628
41794464671
41794464432
41794464651
41794464725
41794464315
41794464657
41794464814
41794464652
41794464731
41794464540
41794464595
41794464767
41794464854
41794464858
41794464633
41794464784
41794464869
41794464739
41794464525
41794464769
41794464222
41794464709
41794464514
41794464978
41794464817
41794464707
41794464711
41794464753
41794464766
41794464742
41794464770
41794464949
41794464781
41794464756
41794464986
41794464687
41794464931
41794464840
41794464646
41794464954
41794464945
41794464469
41794464987
41794464605
41794464934
41794464426
41794464720
41794464907
41794464779
41794464737
41794464641
41794464771
41794464838
41794464997
41794464730
41794464623
41794464980
41794464747
41794464933
41794464430
41794464964
41794464697
41794464768
41794464958
41794464382
41794464752
41794464602
41794464802
41794464805
41794464901
41794464608
41794464598
41794464520
41794464880
41794464557
41794464823
41794464882
41794464718
41794464708
41794464676
41794464443
41794464906
41794464914
41794464764
41794464991
41794464900
41794464575
41794464701
41794464780
41794464919
41794464912
41794464698
41794464979
41794464503
41794464476
41794464576
41794464721
41794464372
41794464607
41794464898
41794464689
41794464416
41794464977
41794464569
41794464830
41794464897
41794464810
41794464973
41794464944
41794464745
41794464625
41794464990
41794464604
41794464489
41794464688
41794464879
41794464825
41794464846
41794464744
41794464939
41794464904
41794464952
41794464849
41794464940
41794464562
41794464738
41794464873
41794464923
41794464894
41794464843
41794464723
41794464963
41794464716
41794464942
41794464715
41794464925
41794464706
41794464758
41794464957
41794464910
41794464881
41794464877
41794464750
41794464583
41794464860
41794464690
41794464808
41794464950
41794464955
41794464884
41794464824
41794464863
41794464962
41794464983
41794464918
41794464864
41794464729
41794464903
41794464943
41794464819
41794464829
41794464821
41794464929
41794464927
41794464850
41794464928
41794464968
41794464926
41794464859
41794464523
41794464541
41794464546
41794466000
41794466021
41794466017
41794466002
41794466011
41794466016
41794466007
41794466027
41794466028
41794466018
41794466015
41794466030
41794466001
41794466012
41794466013
41794466020
41794466008
41794466023
41794466024
41794466025
41794466005
41794466038
41794466069
41794466032
41794466169
41794466077
41794466049
41794466048
41794466066
41794466056
41794466078
41794466033
41794466112
41794466081
41794466039
41794466152
41794466156
41794466130
41794466189
41794466096
41794466053
41794466034
41794466161
41794466098
41794466100
41794466228
41794466335
41794466009
41794466047
41794466116
41794466407
41794466322
41794466079
41794466108
41794466279
41794466091
41794466060
41794466126
41794466109
41794466128
41794466045
41794466144
41794466176
41794466192
41794466184
41794466055
41794466165
41794466149
41794466479
41794466054
41794466099
41794466162
41794466164
41794466180
41794466177
41794466133
41794466260
41794466154
41794466110
41794466249
41794466188
41794466094
41794466288
41794466082
41794466061
41794466436
41794466080
41794466213
41794466350
41794466105
41794466085
41794466195
41794466093
41794466639
41794466430
41794466270
41794466052
41794466174
41794466303
41794466225
41794466124
41794466289
41794466058
41794466175
41794466312
41794466088
41794466138
41794466454
41794466166
41794466262
41794466185
41794466561
41794466595
41794466203
41794466146
41794466448
41794466384
41794466308
41794466665
41794466153
41794466074
41794466605
41794466300
41794466119
41794466422
41794466309
41794466447
41794466240
41794466318
41794466305
41794466273
41794466323
41794466229
41794466302
41794466221
41794466057
41794466263
41794466488
41794466230
41794466139
41794466190
41794466301
41794466351
41794466587
41794466316
41794466235
41794466196
41794466170
41794466141
41794466344
41794466541
41794466155
41794466076
41794466041
41794466253
41794466271
41794466178
41794466181
41794466498
41794466168
41794466416
41794466533
41794466258
41794466522
41794466236
41794466314
41794466723
41794466373
41794466673
41794466463
41794466198
41794466299
41794466259
41794466150
41794466382
41794466122
41794466404
41794466374
41794466321
41794466513
41794466277
41794466234
41794466518
41794466870
41794466536
41794466420
41794466059
41794466530
41794466378
41794466618
41794466392
41794466276
41794466101
41794466444
41794466268
41794466576
41794466327
41794466623
41794466381
41794466137
41794466172
41794466269
41794466136
41794466461
41794466211
41794466118
41794466343
41794466446
41794466450
41794466292
41794466365
41794466151
41794466361
41794466248
41794466285
41794466819
41794466662
41794466328
41794466320
41794466127
41794466469
41794466434
41794466370
41794466272
41794466295
41794466073
41794466123
41794466439
41794466148
41794466845
41794466356
41794466197
41794466546
41794466486
41794466194
41794466627
41794466160
41794466354
41794466667
41794466642
41794466772
41794466315
41794466482
41794466568
41794466219
41794466338
41794466735
41794466186
41794466676
41794466233
41794466232
41794466280
41794466065
41794466606
41794466129
41794466473
41794466503
41794466238
41794466244
41794466224
41794466158
41794466132
41794466355
41794466544
41794466489
41794466366
41794466579
41794466705
41794466333
41794466566
41794466325
41794466663
41794466511
41794466216
41794466352
41794466532
41794466255
41794466693
41794466504
41794466519
41794466290
41794466509
41794466611
41794466266
41794466115
41794466339
41794466505
41794466626
41794466485
41794466319
41794466267
41794466199
41794466375
41794466336
41794466458
41794466406
41794466475
41794466476
41794466585
41794466441
41794466376
41794466274
41794466531
41794466208
41794466671
41794466254
41794466345
41794466427
41794466653
41794466445
41794466070
41794466937
41794466661
41794466390
41794466855
41794466227
41794466615
41794466251
41794466140
41794466730
41794466508
41794466421
41794466394
41794466369
41794466452
41794466516
41794466812
41794466400
41794466209
41794466342
41794466157
41794466348
41794466247
41794466465
41794466179
41794466401
41794466443
41794466758
41794466527
41794466455
41794466411
41794466296
41794466415
41794466423
41794466719
41794466732
41794466431
41794466557
41794466884
41794466496
41794466722
41794466163
41794466880
41794466589
41794466456
41794466200
41794466495
41794466648
41794466477
41794466241
41794466687
41794466514
41794466686
41794466583
41794466529
41794466601
41794466340
41794466525
41794466242
41794466362
41794466656
41794466700
41794466596
41794466528
41794466413
41794466666
41794466405
41794466924
41794466554
41794466948
41794466776
41794466555
41794466438
41794466391
41794466521
41794466717
41794466710
41794466257
41794466173
41794466888
41794466798
41794466872
41794466414
41794466467
41794466286
41794466092
41794466905
41794466520
41794466558
41794466556
41794466955
41794466695
41794466634
41794466499
41794466487
41794466752
41794466610
41794466560
41794466978
41794466603
41794466620
41794466331
41794466843
41794466759
41794466357
41794466645
41794466740
41794466699
41794466770
41794466474
41794466569
41794466097
41794466607
41794466419
41794466597
41794466632
41794466677
41794466765
41794466523
41794466739
41794466337
41794466604
41794466564
41794466929
41794466692
41794466250
41794466869
41794466426
41794466403
41794466981
41794466451
41794466697
41794466703
41794466711
41794466806
41794466399
41794466753
41794466984
41794466670
41794466977
41794466245
41794466761
41794466964
41794466591
41794466640
41794466763
41794466847
41794466709
41794466480
41794466731
41794466559
41794466760
41794466580
41794466691
41794466353
41794466552
41794466778
41794466635
41794466953
41794466669
41794466537
41794466807
41794466991
41794466674
41794466283
41794466791
41794466466
41794466716
41794466562
41794466940
41794466484
41794466994
41794466727
41794466742
41794466397
41794466668
41794466694
41794466612
41794466885
41794466938
41794466464
41794466424
41794466890
41794466147
41794466780
41794466512
41794466577
41794466933
41794466775
41794466501
41794466733
41794466571
41794466493
41794466834
41794466785
41794466846
41794466826
41794466574
41794466491
41794466737
41794466429
41794466796
41794466332
41794466836
41794466647
41794466387
41794466680
41794466956
41794466789
41794466935
41794466790
41794466768
41794466330
41794466804
41794466842
41794466823
41794466832
41794466432
41794466757
41794466764
41794466859
41794466749
41794466389
41794466643
41794466879
41794466862
41794466779
41794466773
41794466972
41794466582
41794466868
41794466979
41794466570
41794466851
41794466545
41794466507
41794466725
41794466903
41794466630
41794466685
41794466864
41794466649
41794466828
41794466802
41794466975
41794466664
41794466494
41794466581
41794466963
41794466747
41794466947
41794466462
41794466341
41794466526
41794466704
41794466658
41794466817
41794466412
41794466829
41794466784
41794466655
41794466881
41794466575
41794466850
41794466835
41794466891
41794466672
41794466599
41794466993
41794466966
41794466895
41794466871
41794466786
41794466926
41794466860
41794466714
41794466962
41794466506
41794466840
41794466838
41794466708
41794466756
41794466827
41794466636
41794466734
41794466989
41794466901
41794466976
41794466960
41794466863
41794466777
41794466946
41794466896
41794466707
41794466298
41794466970
41794466973
41794466852
41794466540
41794466801
41794466908
41794466307
41794466767
41794466969
41794466959
41794466980
41794466988
41794466857
41794466712
41794466818
41794466769
41794466985
41794466915
41794466689
41794466795
41794466459
41794466783
41794466741
41794466815
41794466894
41794466971
41794466858
41794466878
41794466949
41794466961
41794460019
41794460006
41794460011
41794460009
41794460001
41794460004
41794460002
41794460030
41794460021
41794460010
41794460008
41794460014
41794460003
41794460017
41794460023
41794460020
41794460024
41794460015
41794460012
41794460013
41794460042
41794460069
41794460067
41794460096
41794460145
41794460162
41794460185
41794460267
41794460040
41794460039
41794460048
41794460305
41794460105
41794460101
41794460118
41794460116
41794460144
41794460106
41794460092
41794460190
41794460057
41794460054
41794460060
41794460093
41794460046
41794460180
41794460072
41794460090
41794460038
41794460166
41794460186
41794460047
41794460226
41794460073
41794460175
41794460412
41794460229
41794460117
41794460113
41794460282
41794460094
41794460139
41794460033
41794460543
41794460053
41794460111
41794460108
41794460127
41794460107
41794460130
41794460213
41794460149
41794460271
41794460036
41794460153
41794460034
41794460165
41794460055
41794460148
41794460203
41794460201
41794460115
41794460070
41794460051
41794460119
41794460099
41794460045
41794460129
41794460123
41794460199
41794460233
41794460221
41794460418
41794460050
41794460154
41794460308
41794460128
41794460183
41794460238
41794460074
41794460258
41794460163
41794460367
41794460086
41794460333
41794460500
41794460173
41794460442
41794460225
41794460312
41794460164
41794460350
41794460776
41794460043
41794460206
41794460420
41794460049
41794460218
41794460298
41794460193
41794460321
41794460192
41794460378
41794460112
41794460416
41794460341
41794460364
41794460586
41794460285
41794460286
41794460461
41794460574
41794460260
41794460687
41794460532
41794460693
41794460812
41794460411
41794460174
41794460825
41794460383
41794460283
41794460216
41794460303
41794460100
41794460224
41794460136
41794460516
41794460628
41794460647
41794460347
41794460439
41794460513
41794460284
41794460167
41794460467
41794460220
41794460451
41794460517
41794460342
41794460104
41794460243
41794460071
41794460374
41794460152
41794460332
41794460443
41794460388
41794460402
41794460302
41794460510
41794460521
41794460304
41794460728
41794460082
41794460375
41794460215
41794460552
41794460611
41794460240
41794460325
41794460138
41794460132
41794460264
41794460376
41794460719
41794460109
41794460150
41794460250
41794460634
41794460253
41794460179
41794460417
41794460358
41794460422
41794460509
41794460862
41794460294
41794460445
41794460217
41794460246
41794460223
41794460353
41794460829
41794460133
41794460519
41794460335
41794460339
41794460352
41794460061
41794460706
41794460343
41794460477
41794460555
41794460488
41794460469
41794460901
41794460125
41794460261
41794460245
41794460651
41794460601
41794460389
41794460424
41794460191
41794460879
41794460270
41794460431
41794460331
41794460259
41794460421
41794460381
41794460324
41794460677
41794460514
41794460281
41794460448
41794460346
41794460194
41794460236
41794460278
41794460582
41794460385
41794460447
41794460187
41794460326
41794460170
41794460088
41794460639
41794460614
41794460666
41794460274
41794460476
41794460801
41794460465
41794460329
41794460414
41794460573
41794460189
41794460494
41794460306
41794460280
41794460397
41794460642
41794460643
41794460537
41794460160
41794460522
41794460772
41794460257
41794460535
41794460584
41794460887
41794460390
41794460489
41794460337
41794460484
41794460450
41794460874
41794460340
41794460660
41794460551
41794460678
41794460782
41794460436
41794460875
41794460612
41794460683
41794460531
41794460590
41794460896
41794460438
41794460869
41794460910
41794460114
41794460428
41794460363
41794460197
41794460815
41794460907
41794460511
41794460208
41794460645
41794460446
41794460670
41794460938
41794460330
41794460475
41794460828
41794460501
41794460627
41794460525
41794460214
41794460392
41794460663
41794460855
41794460336
41794460209
41794460135
41794460403
41794460382
41794460726
41794460297
41794460877
41794460254
41794460854
41794460408
41794460505
41794460515
41794460742
41794460464
41794460539
41794460680
41794460156
41794460679
41794460441
41794460914
41794460646
41794460987
41794460908
41794460833
41794460724
41794460618
41794460486
41794460440
41794460817
41794460292
41794460518
41794460685
41794460775
41794460857
41794460404
41794460699
41794460366
41794460790
41794460705
41794460791
41794460649
41794460512
41794460630
41794460311
41794460491
41794460405
41794460468
41794460883
41794460796
41794460837
41794460652
41794460430
41794460689
41794460504
41794460466
41794460487
41794460707
41794460473
41794460700
41794460370
41794460605
41794460409
41794460930
41794460799
41794460230
41794460483
41794460859
41794460617
41794460771
41794460759
41794460847
41794460960
41794460456
41794460899
41794460310
41794460860
41794460565
41794460839
41794460610
41794460077
41794460592
41794460563
41794460606
41794460925
41794460702
41794460851
41794460481
41794460688
41794460691
41794460906
41794460945
41794460802
41794460600
41794460822
41794460786
41794460549
41794460990
41794460956
41794460870
41794460351
41794460559
41794460538
41794460553
41794460838
41794460235
41794460232
41794460659
41794460968
41794460540
41794460609
41794460631
41794460266
41794460318
41794460661
41794460668
41794460580
41794460562
41794460621
41794460891
41794460903
41794460300
41794460542
41794460744
41794460603
41794460604
41794460739
41794460995
41794460202
41794460658
41794460673
41794460632
41794460712
41794460898
41794460811
41794460723
41794460793
41794460878
41794460963
41794460301
41794460681
41794460902
41794460950
41794460564
41794460967
41794460731
41794460682
41794460615
41794460970
41794460735
41794460588
41794460622
41794460935
41794460762
41794460991
41794460850
41794460836
41794460826
41794460803
41794460641
41794460608
41794460893
41794460846
41794460754
41794460616
41794460317
41794460939
41794460966
41794460764
41794460785
41794460943
41794460633
41794460924
41794460692
41794460948
41794460674
41794460455
41794460657
41794460701
41794460386
41794460779
41794460365
41794460581
41794460757
41794460795
41794460756
41794460843
41794460769
41794460784
41794460974
41794460653
41794460434
41794460644
41794460684
41794460736
41794460972
41794460989
41794460751
41794460977
41794460760
41794460884
41794460909
41794460338
41794460941
41794460978
41794460316
41794460602
41794460980
41794460745
41794460919
41794460808
41794460495
41794460738
41794460783
41794460873
41794460981
41794460766
41794460868
41794460804
41794460458
41794460923
41794460864
41794460984
41794460637
41794460774
41794460861
41794460954
41794460607
41794460983
41794460789
41794460912
41794460432
41794460768
41794460834
41794460557
41794460937
41794460718
41794460570
41794460777
41794460400
41794460888
41794460849
41794460997
41794460994
41794460934
41794460492
41794460807
41794460749
41794460955
41794460971
41794460892
41794460961
41794460729
41794460560
41794460900
41794460940
41794460905
41794460993
41794460594
41794460992
41794460889
41794460579
41794460763
41794460976
41794460882
41794460676
41794460813
41794460951
41794460709
41794460832
41794460969
41794460797
41794460916
41794469000
41794469022
41794469007
41794469011
41794469017
41794469018
41794469024
41794469004
41794469032
41794469025
41794469030
41794469016
41794469026
41794469019
41794469015
41794469001
41794469031
41794469005
41794469006
41794469027
41794469050
41794469091
41794469161
41794469040
41794469043
41794469059
41794469034
41794469074
41794469079
41794469090
41794469116
41794469164
41794469110
41794469128
41794469096
41794469205
41794469063
41794469048
41794469062
41794469077
41794469305
41794469315
41794469069
41794469104
41794469130
41794469152
41794469037
41794469197
41794469175
41794469123
41794469068
41794469051
41794469201
41794469066
41794469036
41794469132
41794469080
41794469099
41794469135
41794469035
41794469055
41794469070
41794469087
41794469247
41794469107
41794469126
41794469033
41794469306
41794469174
41794469095
41794469143
41794469184
41794469372
41794469125
41794469168
41794469188
41794469229
41794469120
41794469041
41794469073
41794469078
41794469223
41794469140
41794469054
41794469112
41794469246
41794469157
41794469192
41794469105
41794469047
41794469049
41794469290
41794469342
41794469118
41794469265
41794469147
41794469268
41794469195
41794469406
41794469267
41794469056
41794469429
41794469198
41794469044
41794469089
41794469325
41794469176
41794469237
41794469137
41794469270
41794469108
41794469190
41794469189
41794469160
41794469382
41794469581
41794469415
41794469408
41794469211
41794469228
41794469445
41794469272
41794469391
41794469226
41794469102
41794469088
41794469243
41794469318
41794469113
41794469166
41794469231
41794469204
41794469269
41794469460
41794469124
41794469138
41794469057
41794469288
41794469405
41794469191
41794469646
41794469436
41794469093
41794469442
41794469732
41794469347
41794469045
41794469097
41794469292
41794469127
41794469577
41794469065
41794469155
41794469390
41794469302
41794469446
41794469648
41794469214
41794469330
41794469278
41794469312
41794469285
41794469533
41794469371
41794469389
41794469530
41794469258
41794469579
41794469279
41794469245
41794469350
41794469434
41794469219
41794469322
41794469150
41794469583
41794469256
41794469378
41794469346
41794469148
41794469303
41794469423
41794469480
41794469510
41794469216
41794469512
41794469384
41794469477
41794469131
41794469121
41794469476
41794469163
41794469173
41794469133
41794469260
41794469180
41794469327
41794469344
41794469496
41794469336
41794469373
41794469497
41794469215
41794469501
41794469146
41794469365
41794469493
41794469784
41794469687
41794469106
41794469248
41794469262
41794469179
41794469827
41794469613
41794469505
41794469249
41794469667
41794469287
41794469401
41794469431
41794469526
41794469324
41794469701
41794469635
41794469638
41794469158
41794469393
41794469235
41794469426
41794469444
41794469637
41794469508
41794469671
41794469452
41794469212
41794469348
41794469277
41794469282
41794469562
41794469425
41794469705
41794469540
41794469664
41794469491
41794469669
41794469859
41794469162
41794469383
41794469632
41794469366
41794469506
41794469796
41794469874
41794469242
41794469686
41794469587
41794469574
41794469181
41794469539
41794469379
41794469483
41794469209
41794469927
41794469380
41794469459
41794469511
41794469507
41794469238
41794469254
41794469291
41794469518
41794469817
41794469854
41794469674
41794469217
41794469300
41794469531
41794469534
41794469589
41794469659
41794469314
41794469527
41794469331
41794469261
41794469274
41794469466
41794469283
41794469751
41794469730
41794469251
41794469289
41794469606
41794469767
41794469487
41794469321
41794469943
41794469253
41794469865
41794469549
41794469749
41794469830
41794469333
41794469625
41794469178
41794469352
41794469787
41794469586
41794469363
41794469544
41794469703
41794469467
41794469301
41794469736
41794469649
41794469343
41794469829
41794469644
41794469619
41794469834
41794469320
41794469400
41794469392
41794469690
41794469435
41794469582
41794469900
41794469846
41794469450
41794469607
41794469681
41794469747
41794469897
41794469699
41794469339
41794469334
41794469462
41794469813
41794469193
41794469963
41794469861
41794469799
41794469755
41794469351
41794469546
41794469566
41794469479
41794469831
41794469266
41794469609
41794469849
41794469377
41794469935
41794469316
41794469593
41794469737
41794469514
41794469516
41794469695
41794469651
41794469252
41794469683
41794469617
41794469841
41794469645
41794469453
41794469880
41794469340
41794469694
41794469222
41794469672
41794469328
41794469542
41794469276
41794469387
41794469876
41794469785
41794469554
41794469711
41794469716
41794469793
41794469833
41794469879
41794469407
41794469776
41794469417
41794469885
41794469660
41794469820
41794469470
41794469828
41794469906
41794469573
41794469611
41794469771
41794469915
41794469463
41794469502
41794469860
41794469869
41794469689
41794469658
41794469628
41794469495
41794469838
41794469704
41794469441
41794469844
41794469584
41794469792
41794469919
41794469779
41794469843
41794469673
41794469852
41794469596
41794469811
41794469605
41794469615
41794469886
41794469412
41794469910
41794469555
41794469757
41794469938
41794469719
41794469739
41794469996
41794469504
41794469432
41794469523
41794469765
41794469956
41794469335
41794469738
41794469805
41794469890
41794469821
41794469630
41794469961
41794469964
41794469977
41794469942
41794469837
41794469768
41794469642
41794469422
41794469525
41794469958
41794469847
41794469575
41794469729
41794469636
41794469994
41794469524
41794469774
41794469989
41794469974
41794469709
41794469556
41794469592
41794469591
41794469936
41794469770
41794469602
41794469571
41794469769
41794469939
41794469851
41794469537
41794469680
41794469743
41794469814
41794469981
41794469790
41794469952
41794469521
41794469902
41794469798
41794469707
41794469962
41794469440
41794469754
41794469657
41794469661
41794469543
41794469675
41794469867
41794469968
41794469955
41794469394
41794469563
41794469909
41794469911
41794469912
41794469983
41794469780
41794469473
41794469920
41794469944
41794469917
41794469950
41794469777
41794469522
41794469972
41794469515
41794469826
41794469752
41794469482
41794469529
41794469934
41794469490
41794469940
41794469967
41794469809
41794469653
41794469734
41794469545
41794469924
41794469668
41794469845
41794469652
41794469727
41794469788
41794469670
41794469979
41794469819
41794469464
41794469700
41794469959
41794469810
41794469570
41794469901
41794469688
41794469536
41794469907
41794469987
41794469951
41794469965
41794469677
41794469835
41794469789
41794469941
41794469551
41794469744
41794469850
41794469868
41794469855
41794469925
41794469588
41794469698
41794469684
41794469731
41794469993
41794469735
41794469818
41794469887
41794469656
41794469960
41794469992
41794469893
41794469772
41794469857
41794469509
41794469970
41794469966
41794469679
41794469878
41794469931
41794469976
41794469723
41794469839
41794469299
41794469621
41794469663
41794469948
41794469954
41794469995
41794469662
41794469402
41794469409
41794469414
41794469862
41794469560
41794469914
41794469957
41794469988
41794469871
41794463028
41794463031
41794463002
41794463007
41794463001
41794463015
41794463021
41794463019
41794463026
41794463017
41794463005
41794463012
41794463024
41794463014
41794463020
41794463032
41794463016
41794463008
41794463023
41794463039
41794463030
41794463117
41794463178
41794463256
41794463009
41794463050
41794463063
41794463057
41794463035
41794463061
41794463087
41794463075
41794463076
41794463090
41794463038
41794463100
41794463125
41794463115
41794463045
41794463048
41794463209
41794463054
41794463071
41794463109
41794463059
41794463084
41794463279
41794463108
41794463077
41794463139
41794463056
41794463164
41794463058
41794463042
41794463096
41794463082
41794463133
41794463261
41794463060
41794463123
41794463068
41794463325
41794463036
41794463142
41794463143
41794463091
41794463157
41794463037
41794463192
41794463195
41794463603
41794463288
41794463229
41794463264
41794463085
41794463219
41794463238
41794463043
41794463062
41794463097
41794463241
41794463255
41794463047
41794463297
41794463040
41794463086
41794463110
41794463287
41794463112
41794463185
41794463311
41794463138
41794463041
41794463150
41794463135
41794463168
41794463373
41794463034
41794463078
41794463193
41794463064
41794463381
41794463378
41794463174
41794463128
41794463152
41794463127
41794463242
41794463156
41794463083
41794463225
41794463234
41794463361
41794463286
41794463189
41794463308
41794463671
41794463282
41794463049
41794463094
41794463302
41794463118
41794463171
41794463350
41794463158
41794463559
41794463172
41794463147
41794463267
41794463339
41794463300
41794463404
41794463414
41794463636
41794463204
41794463310
41794463175
41794463113
41794463116
41794463228
41794463210
41794463558
41794463162
41794463122
41794463658
41794463755
41794463263
41794463393
41794463132
41794463206
41794463429
41794463323
41794463371
41794463191
41794463714
41794463692
41794463131
41794463528
41794463294
41794463690
41794463627
41794463360
41794463218
41794463467
41794463126
41794463081
41794463217
41794463044
41794463536
41794463604
41794463079
41794463146
41794463553
41794463136
41794463476
41794463344
41794463208
41794463207
41794463089
41794463243
41794463291
41794463544
41794463368
41794463388
41794463634
41794463176
41794463366
41794463200
41794463333
41794463336
41794463682
41794463353
41794463314
41794463341
41794463205
41794463186
41794463289
41794463686
41794463236
41794463410
41794463213
41794463415
41794463663
41794463357
41794463804
41794463421
41794463501
41794463101
41794463723
41794463276
41794463496
41794463272
41794463440
41794463173
41794463595
41794463251
41794463374
41794463608
41794463306
41794463848
41794463384
41794463356
41794463250
41794463514
41794463538
41794463248
41794463161
41794463483
41794463741
41794463182
41794463227
41794463398
41794463854
41794463480
41794463578
41794463326
41794463511
41794463340
41794463235
41794463362
41794463718
41794463750
41794463394
41794463277
41794463349
41794463529
41794463914
41794463395
41794463422
41794463519
41794463249
41794463500
41794463151
41794463717
41794463403
41794463563
41794463420
41794463531
41794463823
41794463427
41794463812
41794463434
41794463402
41794463317
41794463651
41794463391
41794463592
41794463383
41794463882
41794463756
41794463835
41794463245
41794463610
41794463533
41794463762
41794463284
41794463170
41794463201
41794463379
41794463507
41794463262
41794463576
41794463468
41794463304
41794463702
41794463616
41794463841
41794463587
41794463611
41794463226
41794463449
41794463993
41794463232
41794463392
41794463676
41794463464
41794463274
41794463589
41794463355
41794463929
41794463450
41794463471
41794463327
41794463495
41794463477
41794463352
41794463583
41794463808
41794463370
41794463390
41794463593
41794463313
41794463328
41794463543
41794463444
41794463801
41794463565
41794463526
41794463540
41794463541
41794463223
41794463386
41794463628
41794463582
41794463292
41794463372
41794463363
41794463630
41794463777
41794463621
41794463675
41794463817
41794463975
41794463659
41794463466
41794463275
41794463513
41794463657
41794463820
41794463650
41794463521
41794463586
41794463412
41794463811
41794463518
41794463285
41794463653
41794463599
41794463644
41794463539
41794463481
41794463928
41794463369
41794463590
41794463938
41794463672
41794463411
41794463503
41794463413
41794463396
41794463472
41794463876
41794463664
41794463646
41794463437
41794463585
41794463485
41794463380
41794463866
41794463564
41794463736
41794463315
41794463879
41794463600
41794463575
41794463408
41794463704
41794463953
41794463788
41794463729
41794463825
41794463941
41794463233
41794463530
41794463560
41794463290
41794463324
41794463436
41794463899
41794463778
41794463696
41794463858
41794463751
41794463719
41794463919
41794463613
41794463647
41794463574
41794463746
41794463852
41794463861
41794463457
41794463508
41794463597
41794463572
41794463293
41794463948
41794463981
41794463944
41794463376
41794463727
41794463493
41794463442
41794463685
41794463562
41794463418
41794463747
41794463864
41794463542
41794463660
41794463716
41794463767
41794463552
41794463475
41794463844
41794463674
41794463689
41794463626
41794463678
41794463281
41794463868
41794463883
41794463642
41794463639
41794463312
41794463849
41794463991
41794463453
41794463826
41794463887
41794463534
41794463260
41794463680
41794463631
41794463931
41794463926
41794463730
41794463759
41794463700
41794463479
41794463769
41794463924
41794463816
41794463739
41794463774
41794463985
41794463622
41794463760
41794463764
41794463488
41794463962
41794463784
41794463996
41794463435
41794463579
41794463569
41794463945
41794463351
41794463903
41794463829
41794463612
41794463743
41794463278
41794463798
41794463982
41794463992
41794463891
41794463771
41794463902
41794463465
41794463821
41794463830
41794463853
41794463862
41794463989
41794463869
41794463342
41794463681
41794463813
41794463550
41794463792
41794463966
41794463984
41794463923
41794463786
41794463957
41794463748
41794463908
41794463609
41794463666
41794463523
41794463968
41794463343
41794463874
41794463640
41794463855
41794463491
41794463625
41794463492
41794463772
41794463955
41794463916
41794463715
41794463775
41794463925
41794463377
41794463668
41794463591
41794463875
41794463571
41794463815
41794463987
41794463845
41794463933
41794463952
41794463738
41794463973
41794463665
41794463972
41794463662
41794463909
41794463896
41794463961
41794463701
41794463837
41794463698
41794463913
41794463871
41794463865
41794463900
41794463807
41794463797
41794463983
41794463724
41794463856
41794463946
41794463872
41794463773
41794463765
41794463721
41794463978
41794463890
41794463802
41794463917
41794463918
41794463990
41794463703
41794463911
41794463897
41794463935
41794463940
41794463509
41794463850
41794463958
41794463809
41794463889
41794463873
41794463781
41794463994
41794463964
41794463629
41794463905
41794463977
41794463965
41794463731
41794463749
41794463947
41794461000
41794461020
41794461023
41794461001
41794461005
41794461015
41794461007
41794461026
41794461004
41794461022
41794461017
41794461010
41794461019
41794461002
41794461013
41794461009
41794461016
41794461028
41794461032
41794461024
41794461119
41794461124
41794461111
41794461122
41794461163
41794461186
41794461200
41794461230
41794461030
41794461266
41794461249
41794461302
41794461132
41794461038
41794461070
41794461180
41794461107
41794461100
41794461097
41794461040
41794461072
41794461077
41794461069
41794461102
41794461300
41794461192
41794461053
41794461204
41794461141
41794461220
41794461350
41794461155
41794461114
41794461060
41794461181
41794461282
41794461197
41794461419
41794461105
41794461066
41794461101
41794461233
41794461254
41794461336
41794461176
41794461365
41794461123
41794461068
41794461159
41794461076
41794461058
41794461253
41794461477
41794461088
41794461165
41794461043
41794461055
41794461046
41794461256
41794461120
41794461064
41794461255
41794461164
41794461167
41794461082
41794461190
41794461416
41794461093
41794461286
41794461041
41794461087
41794461139
41794461062
41794461263
41794461103
41794461044
41794461257
41794461050
41794461307
41794461215
41794461112
41794461248
41794461198
41794461146
41794461172
41794461280
41794461319
41794461521
41794461276
41794461079
41794461229
41794461156
41794461241
41794461222
41794461528
41794461207
41794461213
41794461228
41794461152
41794461129
41794461562
41794461182
41794461501
41794461328
41794461557
41794461137
41794461125
41794461116
41794461245
41794461402
41794461323
41794461108
41794461447
41794461047
41794461151
41794461687
41794461272
41794461252
41794461380
41794461841
41794461128
41794461090
41794461258
41794461189
41794461321
41794461586
41794461287
41794461366
41794461407
41794461527
41794461117
41794461445
41794461057
41794461115
41794461212
41794461788
41794461218
41794461226
41794461737
41794461185
41794461170
41794461320
41794461191
41794461645
41794461444
41794461362
41794461657
41794461706
41794461510
41794461149
41794461800
41794461457
41794461478
41794461259
41794461718
41794461301
41794461083
41794461598
41794461045
41794461281
41794461063
41794461217
41794461351
41794461348
41794461844
41794461593
41794461766
41794461417
41794461145
41794461470
41794461250
41794461298
41794461344
41794461290
41794461714
41794461433
41794461487
41794461342
41794461174
41794461855
41794461359
41794461235
41794461605
41794461455
41794461539
41794461092
41794461339
41794461700
41794461583
41794461131
41794461347
41794461592
41794461550
41794461147
41794461175
41794461744
41794461134
41794461303
41794461142
41794461357
41794461570
41794461488
41794461431
41794461205
41794461658
41794461209
41794461631
41794461238
41794461649
41794461517
41794461393
41794461546
41794461464
41794461368
41794461283
41794461332
41794461394
41794461661
41794461428
41794461862
41794461118
41794461690
41794461261
41794461666
41794461408
41794461660
41794461678
41794461454
41794461278
41794461626
41794461777
41794461264
41794461310
41794461081
41794461157
41794461741
41794461903
41794461358
41794461210
41794461948
41794461194
41794461993
41794461480
41794461545
41794461312
41794461770
41794461716
41794461805
41794461211
41794461202
41794461651
41794461436
41794461352
41794461246
41794461400
41794461446
41794461492
41794461827
41794461572
41794461355
41794461285
41794461632
41794461326
41794461277
41794461518
41794461390
41794461448
41794461654
41794461475
41794461846
41794461759
41794461656
41794461904
41794461313
41794461953
41794461515
41794461184
41794461354
41794461379
41794461726
41794461349
41794461415
41794461544
41794461247
41794461361
41794461594
41794461918
41794461830
41794461992
41794461807
41794461405
41794461819
41794461538
41794461126
41794461728
41794461201
41794461617
41794461768
41794461459
41794461269
41794461633
41794461450
41794461375
41794461401
41794461525
41794461451
41794461377
41794461730
41794461601
41794461325
41794461789
41794461353
41794461427
41794461679
41794461756
41794461206
41794461178
41794461397
41794461462
41794461826
41794461547
41794461842
41794461873
41794461619
41794461888
41794461825
41794461383
41794461581
41794461735
41794461486
41794461337
41794461685
41794461558
41794461755
41794461705
41794461364
41794461221
41794461754
41794461635
41794461695
41794461600
41794461608
41794461985
41794461820
41794461663
41794461372
41794461623
41794461772
41794461707
41794461374
41794461669
41794461934
41794461460
41794461452
41794461435
41794461489
41794461289
41794461384
41794461135
41794461931
41794461306
41794461604
41794461554
41794461834
41794461577
41794461942
41794461387
41794461811
41794461783
41794461630
41794461413
41794461169
41794461899
41794461568
41794461466
41794461426
41794461845
41794461509
41794461719
41794461709
41794461499
41794461483
41794461463
41794461162
41794461822
41794461798
41794461776
41794461331
41794461590
41794461693
41794461482
41794461911
41794461778
41794461702
41794461797
41794461578
41794461769
41794461503
41794461634
41794461576
41794461637
41794461574
41794461821
41794461932
41794461944
41794461553
41794461411
41794461316
41794461952
41794461677
41794461857
41794461439
41794461727
41794461876
41794461541
41794461747
41794461981
41794461870
41794461536
41794461996
41794461868
41794461542
41794461736
41794461668
41794461921
41794461587
41794461923
41794461225
41794461584
41794461813
41794461836
41794461664
41794461591
41794461305
41794461746
41794461767
41794461958
41794461733
41794461701
41794461840
41794461779
41794461793
41794461682
41794461688
41794461472
41794461561
41794461566
41794461691
41794461739
41794461524
41794461829
41794461972
41794461801
41794461333
41794461453
41794461774
41794461638
41794461950
41794461906
41794461703
41794461959
41794461389
41794461670
41794461676
41794461867
41794461329
41794461839
41794461761
41794461915
41794461930
41794461540
41794461474
41794461270
41794461511
41794461765
41794461624
41794461642
41794461975
41794461937
41794461621
41794461610
41794461504
41794461644
41794461715
41794461391
41794461994
41794461957
41794461960
41794461589
41794461467
41794461939
41794461925
41794461780
41794461843
41794461874
41794461376
41794461559
41794461506
41794461284
41794461614
41794461757
41794461567
41794461795
41794461878
41794461742
41794461722
41794461883
41794461884
41794461919
41794461860
41794461995
41794461812
41794461929
41794461775
41794461866
41794461968
41794461650
41794461745
41794461861
41794461622
41794461920
41794461964
41794461946
41794461484
41794461864
41794461951
41794461852
41794461773
41794461438
41794461784
41794461823
41794461980
41794461643
41794461969
41794461804
41794461652
41794461941
41794461905
41794461966
41794461983
41794461440
41794461809
41794461988
41794461665
41794461922
41794461850
41794461588
41794461627
41794461672
41794461675
41794461885
41794461928
41794461979
41794461708
41794461924
41794461533
41794461760
41794461991
41794461443
41794461965
41794461833
41794461895
41794461752
41794461916
41794461947
41794461500
41794461476
41794461982
41794461828
41794461838
41794461854
41794461534
41794461900
41794461599
41794461749
41794461990
41794462000
41794462002
41794462001
41794462020
41794462019
41794462032
41794462008
41794462022
41794462007
41794462006
41794462004
41794462012
41794462031
41794462016
41794462017
41794462021
41794462009
41794462024
41794462026
41794462030
41794462029
41794462025
41794462010
41794462014
41794462127
41794462137
41794462120
41794462045
41794462111
41794462061
41794462135
41794462133
41794462154
41794462036
41794462043
41794462034
41794462042
41794462063
41794462072
41794462075
41794462081
41794462084
41794462096
41794462116
41794462212
41794462073
41794462160
41794462186
41794462046
41794462204
41794462039
41794462054
41794462044
41794462347
41794462041
41794462240
41794462079
41794462266
41794462165
41794462300
41794462215
41794462068
41794462295
41794462214
41794462141
41794462158
41794462037
41794462237
41794462038
41794462136
41794462318
41794462142
41794462202
41794462328
41794462172
41794462077
41794462033
41794462344
41794462226
41794462145
41794462224
41794462114
41794462303
41794462223
41794462324
41794462207
41794462107
41794462234
41794462217
41794462129
41794462268
41794462128
41794462138
41794462178
41794462200
41794462170
41794462247
41794462292
41794462065
41794462152
41794462130
41794462332
41794462104
41794462306
41794462083
41794462053
41794462198
41794462221
41794462159
41794462067
41794462118
41794462089
41794462122
41794462213
41794462099
41794462109
41794462173
41794462087
41794462275
41794462074
41794462180
41794462190
41794462227
41794462134
41794462169
41794462239
41794462188
41794462060
41794462219
41794462113
41794462315
41794462230
41794462166
41794462312
41794462179
41794462253
41794462124
41794462185
41794462231
41794462242
41794462343
41794462194
41794462164
41794462260
41794462235
41794462249
41794462225
41794462261
41794462203
41794462071
41794462220
41794462222
41794462326
41794462307
41794462189
41794462119
41794462296
41794462171
41794462126
41794462333
41794462320
41794462092
41794462181
41794462299
41794462243
41794462284
41794462271
41794462218
41794462191
41794462241
41794462250
41794462274
41794462163
41794462209
41794462086
41794462257
41794462330
41794462316
41794462177
41794462125
41794462175
41794462317
41794462327
41794462176
41794462216
41794462323
41794462162
41794462267
41794462337
41794462348
41794462236
41794462325
41794462273
41794462314
41794462286
41794462143
41794462233
41794462256
41794462289
41794462201
41794462339
41794462331
41794462302
41794462342
41794462206
41794462285
41794462244
41794462334
41794462291
41794462297
41794462276
41794462340
41794462355
41794462362
41794462351
41794462371
41794462378
41794462380
41794462369
41794462367
41794462357
41794462382
41794462374
41794462365
41794462354
41794462377
41794462379
41794462359
41794462407
41794462415
41794462427
41794462467
41794462478
41794462529
41794462433
41794462398
41794462396
41794462404
41794462426
41794462386
41794462432
41794462428
41794462442
41794462434
41794462393
41794462507
41794462421
41794462510
41794462556
41794462408
41794462388
41794462459
41794462560
41794462471
41794462392
41794462420
41794462535
41794462435
41794462452
41794462541
41794462400
41794462584
41794462499
41794462461
41794462430
41794462406
41794462573
41794462390
41794462494
41794462472
41794462456
41794462405
41794462403
41794462481
41794462416
41794462520
41794462632
41794462383
41794462526
41794462414
41794462682
41794462458
41794462466
41794462522
41794462680
41794462596
41794462455
41794462506
41794462385
41794462443
41794462502
41794462534
41794462540
41794462530
41794462576
41794462395
41794462402
41794462610
41794462574
41794462487
41794462409
41794462475
41794462490
41794462637
41794462464
41794462607
41794462568
41794462515
41794462691
41794462578
41794462492
41794462539
41794462638
41794462501
41794462580
41794462559
41794462585
41794462429
41794462523
41794462651
41794462661
41794462626
41794462570
41794462611
41794462491
41794462543
41794462692
41794462517
41794462399
41794462617
41794462508
41794462444
41794462495
41794462562
41794462503
41794462545
41794462549
41794462577
41794462624
41794462622
41794462514
41794462488
41794462561
41794462687
41794462465
41794462605
41794462581
41794462649
41794462482
41794462479
41794462533
41794462439
41794462567
41794462636
41794462548
41794462547
41794462588
41794462673
41794462655
41794462668
41794462564
41794462436
41794462643
41794462669
41794462550
41794462566
41794462583
41794462546
41794462689
41794462511
41794462592
41794462629
41794462672
41794462652
41794462631
41794462531
41794462625
41794462678
41794462599
41794462612
41794462513
41794462484
41794462524
41794462500
41794462660
41794462552
41794462646
41794462671
41794462595
41794462600
41794462647
41794462557
41794462544
41794462512
41794462582
41794462694
41794462685
41794462609
41794462659
41794462676
41794462653
41794462572
41794462537
41794462670
41794462677
41794462662
41794462565
41794462591
41794462571
41794462644
41794462650
41794462667
41794462602
41794462690
41794462486
41794462696
41794462716
41794462730
41794462710
41794462709
41794462704
41794462708
41794462712
41794462722
41794462703
41794462719
41794462727
41794462724
41794462729
41794462715
41794462725
41794462707
41794462702
41794462706
41794462717
41794462714
41794462726
41794462738
41794462741
41794462756
41794462754
41794462787
41794462792
41794462753
41794462732
41794462734
41794462768
41794462763
41794462775
41794462784
41794462783
41794462737
41794462736
41794462731
41794462781
41794462752
41794462744
41794462782
41794462772
41794462765
41794462745
41794462761
41794462790
41794462785
41794462760
41794462791
41794462748
41794462751
41794462786
41794462743
41794462746
41794462766
41794462779
41794462749
41794462849
41794462829
41794462810
41794462800
41794462797
41794462817
41794462801
41794462852
41794462847
41794462838
41794462796
41794462843
41794462804
41794462824
41794462826
41794462831
41794462830
41794462807
41794462806
41794462833
41794462821
41794462798
41794462815
41794462844
41794462820
41794462851
41794462825
41794462822
41794462808
41794462850
41794462845
41794462895
41794462860
41794462866
41794462879
41794462878
41794462894
41794462891
41794462900
41794462903
41794462902
41794462874
41794462877
41794462855
41794462854
41794462858
41794462883
41794462856
41794462908
41794462906
41794462876
41794462862
41794462880
41794462901
41794462875
41794462857
41794462869
41794462867
41794462884
41794462882
41794462871
41794462872
41794462911
41794462910
41794462904
41794462887
41794462859
41794462865
41794462899
41794462942
41794462913
41794462956
41794462970
41794462968
41794462998
41794462985
41794462936
41794462925
41794462940
41794462938
41794462928
41794462934
41794462959
41794462958
41794462966
41794462986
41794462915
41794462948
41794462980
41794462929
41794462994
41794462926
41794462949
41794462952
41794462937
41794462946
41794462920
41794462954
41794462969
41794462978
41794462941
41794462930
41794462964
41794462983
41794462951
41794462993
41794462976
41794462975
41794462935
41794462991
41794462914
41794462922
41794462999
41794462944
41794462988
41794462927
41794462984
41794462971
41794462962
41794462992
41794462987
41794462931
41794462989
41794462995
41794462947
41794462955
41794468000
41794468011
41794468005
41794468027
41794468013
41794468002
41794468022
41794468008
41794468021
41794468003
41794468012
41794468014
41794468024
41794468007
41794468006
41794468023
41794468026
41794468019
41794468032
41794468031
41794468097
41794468148
41794468094
41794468303
41794468036
41794468046
41794468041
41794468044
41794468085
41794468058
41794468123
41794468139
41794468177
41794468037
41794468043
41794468038
41794468272
41794468034
41794468051
41794468121
41794468080
41794468126
41794468154
41794468179
41794468200
41794468122
41794468088
41794468077
41794468048
41794468062
41794468069
41794468039
41794468133
41794468067
41794468076
41794468089
41794468066
41794468114
41794468182
41794468217
41794468105
41794468158
41794468118
41794468221
41794468040
41794468086
41794468280
41794468201
41794468146
41794468183
41794468129
41794468131
41794468068
41794468100
41794468330
41794468230
41794468181
41794468047
41794468140
41794468071
41794468050
41794468109
41794468091
41794468193
41794468376
41794468087
41794468172
41794468128
41794468070
41794468297
41794468219
41794468180
41794468116
41794468141
41794468075
41794468081
41794468256
41794468194
41794468108
41794468299
41794468248
41794468577
41794468483
41794468335
41794468415
41794468313
41794468190
41794468127
41794468236
41794468149
41794468265
41794468138
41794468254
41794468165
41794468225
41794468218
41794468092
41794468273
41794468422
41794468348
41794468147
41794468536
41794468470
41794468065
41794468258
41794468245
41794468215
41794468360
41794468110
41794468290
41794468244
41794468380
41794468302
41794468337
41794468113
41794468346
41794468518
41794468441
41794468174
41794468178
41794468507
41794468306
41794468444
41794468124
41794468135
41794468354
41794468213
41794468257
41794468500
41794468220
41794468101
41794468386
41794468471
41794468145
41794468649
41794468659
41794468111
41794468115
41794468342
41794468788
41794468206
41794468353
41794468331
41794468333
41794468231
41794468310
41794468497
41794468394
41794468425
41794468184
41794468055
41794468770
41794468640
41794468234
41794468845
41794468327
41794468162
41794468249
41794468358
41794468477
41794468261
41794468263
41794468134
41794468072
41794468727
41794468417
41794468396
41794468608
41794468496
41794468581
41794468501
41794468700
41794468438
41794468435
41794468570
41794468545
41794468237
41794468474
41794468988
41794468735
41794468144
41794468356
41794468377
41794468464
41794468427
41794468289
41794468241
41794468665
41794468506
41794468276
41794468170
41794468566
41794468176
41794468222
41794468233
41794468243
41794468850
41794468373
41794468232
41794468473
41794468419
41794468589
41794468361
41794468740
41794468475
41794468777
41794468775
41794468324
41794468403
41794468480
41794468789
41794468494
41794468452
41794468678
41794468260
41794468842
41794468259
41794468903
41794468990
41794468950
41794468309
41794468389
41794468457
41794468757
41794468329
41794468169
41794468588
41794468198
41794468841
41794468367
41794468195
41794468282
41794468673
41794468352
41794468684
41794468467
41794468369
41794468617
41794468563
41794468683
41794468489
41794468671
41794468579
41794468439
41794468758
41794468644
41794468611
41794468388
41794468512
41794468863
41794468859
41794468399
41794468383
41794468508
41794468432
41794468502
41794468602
41794468778
41794468551
41794468418
41794468486
41794468957
41794468746
41794468283
41794468646
41794468708
41794468212
41794468173
41794468291
41794468955
41794468747
41794468349
41794468584
41794468510
41794468705
41794468414
41794468619
41794468785
41794468443
41794468966
41794468898
41794468515
41794468629
41794468861
41794468247
41794468784
41794468305
41794468513
41794468340
41794468351
41794468656
41794468385
41794468411
41794468657
41794468275
41794468816
41794468416
41794468413
41794468498
41794468534
41794468410
41794468307
41794468238
41794468641
41794468669
41794468814
41794468250
41794468378
41794468888
41794468503
41794468533
41794468472
41794468711
41794468274
41794468456
41794468976
41794468682
41794468691
41794468877
41794468528
41794468696
41794468553
41794468400
41794468562
41794468894
41794468766
41794468429
41794468560
41794468866
41794468224
41794468654
41794468516
41794468991
41794468594
41794468492
41794468603
41794468918
41794468919
41794468372
41794468793
41794468433
41794468540
41794468910
41794468672
41794468662
41794468514
41794468593
41794468837
41794468409
41794468547
41794468651
41794468535
41794468375
41794468574
41794468343
41794468658
41794468738
41794468754
41794468618
41794468391
41794468623
41794468609
41794468728
41794468759
41794468600
41794468720
41794468792
41794468787
41794468604
41794468509
41794468871
41794468848
41794468783
41794468635
41794468668
41794468663
41794468537
41794468688
41794468564
41794468652
41794468557
41794468300
41794468748
41794468420
41794468301
41794468712
41794468921
41794468799
41794468915
41794468830
41794468815
41794468760
41794468450
41794468713
41794468887
41794468886
41794468643
41794468336
41794468525
41794468776
41794468552
41794468565
41794468620
41794468674
41794468424
41794468365
41794468690
41794468736
41794468630
41794468421
41794468931
41794468772
41794468940
41794468680
41794468769
41794468707
41794468896
41794468811
41794468437
41794468379
41794468961
41794468867
41794468650
41794468590
41794468661
41794468826
41794468676
41794468710
41794468390
41794468810
41794468800
41794468834
41794468687
41794468945
41794468294
41794468927
41794468922
41794468852
41794468615
41794468575
41794468820
41794468908
41794468655
41794468857
41794468370
41794468384
41794468677
41794468573
41794468582
41794468692
41794468970
41794468730
41794468798
41794468791
41794468895
41794468790
41794468920
41794468764
41794468994
41794468667
41794468549
41794468889
41794468839
41794468638
41794468765
41794468606
41794468869
41794468954
41794468828
41794468381
41794468442
41794468488
41794468698
41794468878
41794468989
41794468942
41794468723
41794468880
41794468807
41794468876
41794468434
41794468962
41794468939
41794468715
41794468825
41794468884
41794468882
41794468980
41794468974
41794468813
41794468874
41794468561
41794468983
41794468986
41794468985
41794468822
41794468583
41794468731
41794468941
41794468808
41794468724
41794468907
41794468484
41794468721
41794468901
41794468681
41794468856
41794468892
41794468762
41794468819
41794468436
41794468809
41794468982
41794468909
41794468831
41794468993
41794468734
41794468967
41794468628
41794468717
41794468890
41794468840
41794468952
41794468595
41794468741
41794468906
41794468843
41794468938
41794468977
41794468685
41794468968
41794468885
41794468860
41794468944
41794468858
41794468803
41794468755
41794468572
41794468719
41794468745
41794468829
41794468992
41794468930
41794468849
41794468943
41794468934
41794468838
41794468916
41794468946
41794468913
41794468796
41794468904
41794468870
41794468935
41794468897
41794468973
41794468987
41794468448
41794468532
41794468675
41794468969
41794468614
41794468806
41794468833
41794467000
41794467004
41794467018
41794467021
41794467028
41794467019
41794467010
41794467001
41794467009
41794467025
41794467029
41794467020
41794467026
41794467012
41794467022
41794467003
41794467015
41794467011
41794467017
41794467014
41794467036
41794467058
41794467040
41794467069
41794467081
41794467095
41794467108
41794467120
41794467238
41794467163
41794467155
41794467154
41794467181
41794467188
41794467190
41794467222
41794467313
41794467253
41794467082
41794467091
41794467094
41794467055
41794467134
41794467049
41794467110
41794467162
41794467051
41794467062
41794467073
41794467066
41794467033
41794467405
41794467074
41794467239
41794467086
41794467126
41794467042
41794467047
41794467090
41794467034
41794467060
41794467290
41794467269
41794467043
41794467096
41794467101
41794467059
41794467144
41794467125
41794467085
41794467337
41794467359
41794467161
41794467075
41794467148
41794467048
41794467164
41794467104
41794467218
41794467140
41794467156
41794467080
41794467142
41794467137
41794467194
41794467196
41794467169
41794467165
41794467416
41794467100
41794467056
41794467121
41794467131
41794467119
41794467112
41794467213
41794467076
41794467224
41794467308
41794467170
41794467560
41794467202
41794467210
41794467231
41794467630
41794467139
41794467176
41794467178
41794467153
41794467255
41794467360
41794467393
41794467262
41794467496
41794467237
41794467184
41794467129
41794467092
41794467257
41794467410
41794467404
41794467320
41794467133
41794467099
41794467233
41794467386
41794467173
41794467389
41794467243
41794467063
41794467260
41794467706
41794467130
41794467310
41794467363
41794467265
41794467127
41794467280
41794467141
41794467225
41794467395
41794467350
41794467549
41794467185
41794467068
41794467466
41794467478
41794467200
41794467284
41794467378
41794467113
41794467428
41794467279
41794467192
41794467277
41794467266
41794467643
41794467853
41794467186
41794467145
41794467420
41794467593
41794467703
41794467219
41794467254
41794467339
41794467648
41794467311
41794467138
41794467380
41794467461
41794467278
41794467220
41794467602
41794467433
41794467329
41794467823
41794467240
41794467488
41794467276
41794467301
41794467273
41794467358
41794467388
41794467448
41794467390
41794467288
41794467694
41794467342
41794467128
41794467325
41794467336
41794467367
41794467746
41794467227
41794467473
41794467487
41794467250
41794467300
41794467424
41794467365
41794467674
41794467297
41794467364
41794467302
41794467241
41794467245
41794467609
41794467622
41794467132
41794467538
41794467522
41794467177
41794467321
41794467773
41794467446
41794467455
41794467345
41794467354
41794467752
41794467294
41794467672
41794467268
41794467160
41794467900
41794467375
41794467554
41794467580
41794467716
41794467193
41794467315
41794467789
41794467986
41794467501
41794467396
41794467256
41794467561
41794467490
41794467168
41794467368
41794467316
41794467616
41794467861
41794467415
41794467217
41794467414
41794467515
41794467559
41794467314
41794467477
41794467763
41794467612
41794467710
41794467521
41794467413
41794467868
41794467442
41794467623
41794467258
41794467172
41794467438
41794467318
41794467657
41794467425
41794467362
41794467517
41794467800
41794467513
41794467400
41794467547
41794467842
41794467402
41794467333
41794467286
41794467607
41794467135
41794467638
41794467397
41794467371
41794467872
41794467723
41794467443
41794467531
41794467736
41794467453
41794467534
41794467356
41794467366
41794467678
41794467309
41794467370
41794467541
41794467689
41794467650
41794467377
41794467275
41794467426
41794467529
41794467621
41794467471
41794467484
41794467116
41794467595
41794467570
41794467418
41794467966
41794467568
41794467348
41794467652
41794467654
41794467267
41794467383
41794467146
41794467505
41794467631
41794467537
41794467586
41794467817
41794467820
41794467989
41794467711
41794467666
41794467430
41794467542
41794467351
41794467540
41794467235
41794467824
41794467833
41794467587
41794467655
41794467982
41794467821
41794467878
41794467481
41794467369
41794467726
41794467312
41794467634
41794467738
41794467374
41794467403
41794467642
41794467682
41794467836
41794467688
41794467780
41794467421
41794467546
41794467640
41794467766
41794467714
41794467331
41794467742
41794467588
41794467950
41794467417
41794467624
41794467735
41794467431
41794467978
41794467806
41794467437
41794467887
41794467445
41794467456
41794467646
41794467683
41794467585
41794467361
41794467472
41794467577
41794467530
41794467858
41794467508
41794467702
41794467483
41794467758
41794467771
41794467574
41794467579
41794467744
41794467729
41794467676
41794467894
41794467626
41794467409
41794467768
41794467945
41794467866
41794467382
41794467707
41794467551
41794467601
41794467664
41794467528
41794467620
41794467427
41794467731
41794467759
41794467327
41794467827
41794467969
41794467408
41794467873
41794467644
41794467855
41794467857
41794467906
41794467799
41794467665
41794467567
41794467349
41794467681
41794467769
41794467527
41794467740
41794467641
41794467583
41794467786
41794467687
41794467964
41794467898
41794467520
41794467338
41794467572
41794467653
41794467539
41794467575
41794467491
41794467391
41794467509
41794467961
41794467922
41794467907
41794467649
41794467908
41794467719
41794467685
41794467658
41794467668
41794467543
41794467617
41794467743
41794467704
41794467606
41794467636
41794467850
41794467794
41794467889
41794467819
41794467891
41794467792
41794467544
41794467613
41794467757
41794467787
41794467661
41794467565
41794467893
41794467935
41794467788
41794467834
41794467671
41794467815
41794467791
41794467476
41794467536
41794467589
41794467777
41794467760
41794467667
41794467637
41794467973
41794467619
41794467767
41794467948
41794467765
41794467958
41794467675
41794467892
41794467756
41794467662
41794467718
41794467748
41794467737
41794467870
41794467721
41794467848
41794467647
41794467753
41794467951
41794467867
41794467903
41794467877
41794467761
41794467745
41794467581
41794467862
41794467972
41794467962
41794467859
41794467924
41794467779
41794467902
41794467493
41794467725
41794467700
41794467741
41794467673
41794467880
41794467739
41794467730
41794467854
41794467007
41794467936
41794467996
41794467917
41794467754
41794467775
41794467896
41794467888
41794467545
41794467927
41794467931
41794467890
41794467690
41794467804
41794467826
41794467993
41794467947
41794467106
41794467991
41794467713
41794467618
41794467837
41794467832
41794467984
41794467975
41794467909
41794467967
41794467828
41794467812
41794467847
41794467977
41794467979
41794467696
41794467691
41794467933
41794467886
41794467813
41794467980
41794467805
41794467865
41794467701
41794467926
41794467954
41794467939
41794467952
