41767315026
41767315023
41767315001
41767315005
41767315009
41767315024
41767315094
41767315090
41767315214
41767315115
41767315077
41767315237
41767315053
41767315107
41767315290
41767315062
41767315203
41767315196
41767315054
41767315108
41767315065
41767315141
41767315212
41767315084
41767315296
41767315125
41767315121
41767315209
41767315223
41767315097
41767315395
41767315173
41767315178
41767315308
41767315033
41767315612
41767315166
41767315357
41767315170
41767315126
41767315210
41767315348
41767315191
41767315281
41767315252
41767315109
41767315366
41767315379
41767315349
41767315400
41767315393
41767315113
41767315205
41767315432
41767315552
41767315518
41767315412
41767315588
41767315629
41767315260
41767315273
41767315095
41767315656
41767315355
41767315101
41767315287
41767315370
41767315368
41767315153
41767315401
41767315081
41767315045
41767315304
41767315414
41767315398
41767315224
41767315264
41767315200
41767315187
41767315131
41767315164
41767315483
41767315820
41767315331
41767315112
41767315219
41767315271
41767315373
41767315778
41767315356
41767315698
41767315151
41767315450
41767315506
41767315424
41767315547
41767315468
41767315358
41767315739
41767315469
41767315661
41767315452
41767315757
41767315451
41767315719
41767315375
41767315341
41767315546
41767315616
41767315784
41767315133
41767315332
41767315657
41767315527
41767315730
41767315678
41767315861
41767315362
41767315709
41767315490
41767315476
41767315564
41767315606
41767315459
41767315532
41767315753
41767315497
41767315798
41767315535
41767315823
41767315383
41767315488
41767315536
41767315513
41767315584
41767315556
41767315559
41767315602
41767315868
41767315684
41767315429
41767315566
41767315626
41767315580
41767315869
41767315595
41767315866
41767315627
41767315679
41767315859
41767315966
41767315233
41767315716
41767315579
41767315914
41767315573
41767315997
41767315802
41767315724
41767315703
41767315922
41767315655
41767315891
41767315474
41767315444
41767315542
41767315238
41767315782
41767315752
41767315916
41767315794
41767315567
41767315980
41767315902
41767315460
41767315732
41767315594
41767315734
41767315677
41767315783
41767315162
41767315763
41767315959
41767315975
41767315759
41767315796
41767315479
41767315378
41767315979
41767315932
41767315842
41767315449
41767315545
41767315857
41767315507
41767315946
41767315990
41767315888
41767315910
41767315858
41767315976
41767315713
41767315696
41767315815
41767315915
41767315963
41767315837
41767315789
41767315863
41767315886
41767315756
41767314032
41767314004
41767314011
41767314016
41767314013
41767314122
41767314037
41767314066
41767314177
41767314241
41767314118
41767314200
41767314053
41767314070
41767314109
41767314113
41767314059
41767314147
41767314067
41767314359
41767314159
41767314048
41767314055
41767314161
41767314221
41767314321
41767314178
41767314099
41767314193
41767314112
41767314181
41767314300
41767314142
41767314360
41767314119
41767314140
41767314153
41767314095
41767314097
41767314320
41767314209
41767314264
41767314242
41767314141
41767314659
41767314063
41767314817
41767314199
41767314336
41767314427
41767314235
41767314609
41767314281
41767314541
41767314124
41767314247
41767314565
41767314183
41767314551
41767314596
41767314399
41767314084
41767314499
41767314306
41767314217
41767314485
41767314194
41767314350
41767314525
41767314284
41767314557
41767314173
41767314600
41767314670
41767314283
41767314155
41767314202
41767314514
41767314489
41767314251
41767314404
41767314396
41767314516
41767314254
41767314431
41767314770
41767314474
41767314438
41767314564
41767314970
41767314850
41767314278
41767314423
41767314416
41767314454
41767314580
41767314720
41767314651
41767314312
41767314544
41767314340
41767314818
41767314460
41767314903
41767314661
41767314432
41767314537
41767314307
41767314809
41767314646
41767314456
41767314560
41767314234
41767314571
41767314800
41767314497
41767314711
41767314820
41767314237
41767314810
41767314913
41767314961
41767314842
41767314477
41767314330
41767314794
41767314611
41767314819
41767314249
41767314319
41767314688
41767314591
41767314733
41767314772
41767314641
41767314347
41767314922
41767314867
41767314597
41767314977
41767314649
41767314693
41767314756
41767314455
41767314811
41767314403
41767314883
41767314467
41767314966
41767314851
41767314658
41767314414
41767314784
41767314545
41767314708
41767314639
41767314622
41767314960
41767314433
41767314971
41767314901
41767314860
41767314912
41767314976
41767314920
41767314705
41767314482
41767314813
41767314830
41767314906
41767314765
41767314570
41767314579
41767314778
41767314953
41767314930
41767314895
41767314823
41767314974
41767314701
41767314483
41767314801
41767314925
41767314463
41767314915
41767314873
41767314796
41767314894
41767314909
41767314899
41767314957
41767314879
41767314500
41767314795
41767314764
41767314793
41767314826
41767314948
41767314871
41767314837
41767314900
41767314945
41767314812
41767314941
41767314881
41767314946
41767314993
41767314918
41767314870
41767314761
41767314522
41767316011
41767316002
41767316013
41767316009
41767316030
41767316244
41767316039
41767316168
41767316072
41767316095
41767316100
41767316102
41767316064
41767316283
41767316319
41767316296
41767316236
41767316132
41767316052
41767316045
41767316131
41767316150
41767316146
41767316332
41767316080
41767316113
41767316108
41767316177
41767316166
41767316227
41767316337
41767316230
41767316144
41767316249
41767316240
41767316121
41767316147
41767316325
41767316293
41767316089
41767316261
41767316180
41767316205
41767316294
41767316314
41767316233
41767316375
41767316362
41767316373
41767316365
41767316352
41767316351
41767316371
41767316370
41767316522
41767316427
41767316387
41767316415
41767316424
41767316590
41767316397
41767316630
41767316435
41767316431
41767316401
41767316413
41767316538
41767316595
41767316602
41767316633
41767316566
41767316470
41767316655
41767316493
41767316603
41767316471
41767316571
41767316641
41767316473
41767316487
41767316422
41767316575
41767316495
41767316579
41767316414
41767316632
41767316417
41767316625
41767316682
41767316697
41767316676
41767316418
41767316577
41767316609
41767316531
41767316668
41767316663
41767316485
41767316583
41767316457
41767316554
41767316517
41767316661
41767316688
41767316576
41767316711
41767316715
41767316720
41767316724
41767316730
41767316756
41767316735
41767316734
41767316738
41767316750
41767316755
41767316749
41767316816
41767316795
41767316776
41767316772
41767316767
41767316792
41767316820
41767316787
41767316803
41767316817
41767316807
41767316832
41767316850
41767316871
41767316863
41767316852
41767316867
41767316838
41767316846
41767316868
41767316880
41767316883
41767316940
41767316889
41767316898
41767316899
41767316892
41767316928
41767316932
41767316921
41767316948
41767316961
41767316969
41767316968
41767316962
41767316967
41767316991
41767316974
41767316978
41767316999
41767310031
41767310011
41767310026
41767310018
41767310015
41767310020
41767310170
41767310206
41767310305
41767310039
41767310088
41767310051
41767310106
41767310124
41767310195
41767310042
41767310047
41767310238
41767310267
41767310169
41767310308
41767310131
41767310073
41767310049
41767310072
41767310318
41767310136
41767310183
41767310090
41767310053
41767310103
41767310035
41767310055
41767310105
41767310054
41767310227
41767310074
41767310501
41767310212
41767310512
41767310386
41767310165
41767310180
41767310228
41767310085
41767310142
41767310395
41767310095
41767310306
41767310370
41767310068
41767310089
41767310407
41767310260
41767310081
41767310446
41767310203
41767310405
41767310115
41767310488
41767310587
41767310288
41767310610
41767310329
41767310113
41767310094
41767310353
41767310302
41767310215
41767310451
41767310177
41767310092
41767310636
41767310123
41767310549
41767310172
41767310322
41767310634
41767310171
41767310476
41767310402
41767310163
41767310801
41767310190
41767310525
41767310604
41767310316
41767310408
41767310320
41767310255
41767310337
41767310354
41767310708
41767310357
41767310694
41767310225
41767310484
41767310529
41767310543
41767310737
41767310507
41767310732
41767310815
41767310347
41767310390
41767310270
41767310289
41767310428
41767310286
41767310328
41767310312
41767310499
41767310600
41767310770
41767310654
41767310246
41767310279
41767310526
41767310653
41767310785
41767310645
41767310664
41767310582
41767310486
41767310271
41767310376
41767310679
41767310412
41767310342
41767310344
41767310780
41767310774
41767310640
41767310631
41767310498
41767310536
41767310584
41767310736
41767310545
41767310508
41767310430
41767310325
41767310661
41767310831
41767310665
41767310692
41767310623
41767310743
41767310781
41767310687
41767310666
41767310775
41767310540
41767310518
41767310758
41767310793
41767310721
41767310659
41767310951
41767310760
41767310517
41767310916
41767310569
41767310852
41767310593
41767310468
41767310943
41767310547
41767310964
41767310929
41767310632
41767310503
41767310697
41767310811
41767310991
41767310810
41767310908
41767310621
41767310578
41767310818
41767310792
41767310502
41767310808
41767310791
41767310788
41767310438
41767310869
41767310548
41767310961
41767310700
41767310953
41767310937
41767310506
41767310973
41767310871
41767310662
41767310731
41767310807
41767310848
41767310718
41767310361
41767310996
41767310891
41767310771
41767310586
41767310855
41767310557
41767310552
41767310638
41767310612
41767310742
41767310753
41767310977
41767310935
41767310585
41767310941
41767310750
41767310805
41767310895
41767310702
41767310828
41767310950
41767310782
41767310873
41767310790
41767310756
41767310919
41767310918
41767310912
41767319015
41767319005
41767319001
41767319030
41767319026
41767319020
41767319031
41767319040
41767319039
41767319062
41767319077
41767319095
41767319042
41767319112
41767319150
41767319182
41767319109
41767319287
41767319058
41767319246
41767319053
41767319188
41767319153
41767319123
41767319033
41767319069
41767319139
41767319316
41767319055
41767319146
41767319147
41767319435
41767319265
41767319288
41767319100
41767319177
41767319183
41767319079
41767319200
41767319403
41767319134
41767319350
41767319330
41767319221
41767319070
41767319254
41767319164
41767319315
41767319160
41767319201
41767319222
41767319546
41767319267
41767319253
41767319092
41767319502
41767319385
41767319093
41767319295
41767319585
41767319317
41767319646
41767319482
41767319613
41767319124
41767319600
41767319422
41767319226
41767319355
41767319444
41767319399
41767319260
41767319388
41767319127
41767319559
41767319530
41767319185
41767319762
41767319797
41767319653
41767319286
41767319853
41767319556
41767319499
41767319690
41767319208
41767319742
41767319489
41767319332
41767319756
41767319384
41767319554
41767319463
41767319311
41767319414
41767319457
41767319882
41767319589
41767319497
41767319252
41767319740
41767319569
41767319395
41767319345
41767319734
41767319831
41767319545
41767319787
41767319349
41767319460
41767319879
41767319608
41767319400
41767319666
41767319407
41767319373
41767319612
41767319700
41767319822
41767319938
41767319448
41767319771
41767319843
41767319991
41767319933
41767319806
41767319728
41767319456
41767319491
41767319939
41767319636
41767319631
41767319932
41767319965
41767319681
41767319380
41767319996
41767319540
41767319867
41767319478
41767319656
41767319935
41767319481
41767319994
41767319993
41767319547
41767319861
41767319966
41767319908
41767319776
41767319677
41767319940
41767319578
41767319980
41767319703
41767319707
41767319757
41767319862
41767319990
41767319840
41767319943
41767319683
41767319820
41767319880
41767319918
41767319931
41767319924
41767319826
41767319698
41767319895
41767319905
41767319838
41767319914
41767319928
41767319909
41767319922
41767319921
41767313006
41767313016
41767313003
41767313022
41767313010
41767313011
41767313090
41767313168
41767313084
41767313150
41767313076
41767313068
41767313098
41767313126
41767313254
41767313123
41767313353
41767313374
41767313094
41767313089
41767313081
41767313152
41767313147
41767313240
41767313181
41767313062
41767313078
41767313100
41767313104
41767313161
41767313459
41767313285
41767313056
41767313279
41767313412
41767313245
41767313477
41767313121
41767313745
41767313372
41767313553
41767313531
41767313250
41767313228
41767313115
41767313467
41767313308
41767313444
41767313304
41767313384
41767313724
41767313258
41767313122
41767313339
41767313469
41767313236
41767313087
41767313322
41767313424
41767313496
41767313208
41767313484
41767313385
41767313257
41767313158
41767313383
41767313124
41767313537
41767313359
41767313281
41767313432
41767313387
41767313342
41767313671
41767313456
41767313534
41767313337
41767313346
41767313609
41767313277
41767313910
41767313624
41767313681
41767313284
41767313409
41767313411
41767313711
41767313365
41767313822
41767313341
41767313377
41767313699
41767313099
41767313455
41767313942
41767313647
41767313873
41767313614
41767313420
41767313380
41767313900
41767313486
41767313606
41767313196
41767313382
41767313957
41767313869
41767313222
41767313298
41767313566
41767313552
41767313548
41767313391
41767313948
41767313833
41767313591
41767313848
41767313533
41767313515
41767313764
41767313577
41767313794
41767313517
41767313578
41767313292
41767313453
41767313621
41767313648
41767313197
41767313332
41767313311
41767313213
41767313388
41767313840
41767313714
41767313673
41767313571
41767313979
41767313399
41767313481
41767313753
41767313785
41767313994
41767313656
41767313635
41767313267
41767313807
41767313798
41767313773
41767313716
41767313955
41767313727
41767313837
41767313750
41767313806
41767313586
41767313933
41767313880
41767313835
41767313767
41767313697
41767313817
41767313759
41767313901
41767313856
41767313732
41767313962
41767313850
41767313518
41767313775
41767313579
41767313931
41767313414
41767313898
41767313841
41767313826
41767313878
41767313914
41767313908
41767313663
41767313963
41767313733
41767313943
41767313888
41767313799
41767313503
41767313509
41767313630
41767313834
41767313844
41767313561
41767313917
41767313974
41767313825
41767311007
41767311032
41767311004
41767311022
41767311023
41767311030
41767311044
41767311038
41767311087
41767311166
41767311147
41767311210
41767311348
41767311042
41767311168
41767311164
41767311041
41767311176
41767311088
41767311037
41767311036
41767311045
41767311141
41767311058
41767311109
41767311626
41767311308
41767311083
41767311304
41767311142
41767311289
41767311206
41767311034
41767311054
41767311192
41767311538
41767311123
41767311272
41767311333
41767311138
41767311245
41767311218
41767311342
41767311410
41767311284
41767311100
41767311105
41767311103
41767311752
41767311303
41767311174
41767311199
41767311152
41767311156
41767311355
41767311824
41767311409
41767311379
41767311216
41767311391
41767311341
41767311561
41767311496
41767311360
41767311547
41767311836
41767311373
41767311155
41767311173
41767311151
41767311144
41767311211
41767311056
41767311153
41767311703
41767311305
41767311097
41767311369
41767311528
41767311332
41767311194
41767311715
41767311248
41767311416
41767311295
41767311266
41767311531
41767311635
41767311351
41767311556
41767311187
41767311177
41767311287
41767311307
41767311480
41767311686
41767311208
41767311539
41767311685
41767311223
41767311632
41767311555
41767311465
41767311563
41767311327
41767311608
41767311314
41767311420
41767311731
41767311417
41767311562
41767311382
41767311919
41767311517
41767311652
41767311645
41767311319
41767311461
41767311787
41767311470
41767311808
41767311294
41767311853
41767311231
41767311393
41767311653
41767311676
41767311694
41767311316
41767311661
41767311878
41767311673
41767311193
41767311788
41767311844
41767311262
41767311940
41767311421
41767311140
41767311599
41767311772
41767311576
41767311276
41767311739
41767311250
41767311256
41767311406
41767311241
41767311924
41767311989
41767311976
41767311706
41767311932
41767311689
41767311875
41767311310
41767311819
41767311871
41767311967
41767311385
41767311500
41767311345
41767311203
41767311501
41767311337
41767311992
41767311651
41767311522
41767311394
41767311699
41767311629
41767311740
41767311257
41767311370
41767311511
41767311807
41767311557
41767311995
41767311920
41767311933
41767311947
41767311637
41767311817
41767311952
41767311578
41767311921
41767311606
41767311616
41767311710
41767311477
41767311527
41767311966
41767311655
41767311717
41767311554
41767311764
41767311983
41767311895
41767311746
41767311535
41767311697
41767311593
41767311781
41767311962
41767311399
41767311833
41767311709
41767311611
41767311631
41767311701
41767311786
41767311915
41767311805
41767311815
41767311906
41767311845
41767311886
41767311959
41767311830
41767311469
41767311622
41767311789
41767311809
41767311977
41767311927
41767311980
41767312000
41767312001
41767312006
41767312008
41767312022
41767312012
41767312010
41767312166
41767312037
41767312063
41767312121
41767312122
41767312098
41767312223
41767312292
41767312245
41767312114
41767312196
41767312249
41767312085
41767312046
41767312070
41767312491
41767312476
41767312331
41767312287
41767312185
41767312058
41767312171
41767312073
41767312424
41767312194
41767312288
41767312265
41767312420
41767312322
41767312300
41767312159
41767312065
41767312405
41767312392
41767312094
41767312081
41767312186
41767312209
41767312179
41767312228
41767312068
41767312431
41767312408
41767312127
41767312203
41767312229
41767312931
41767312856
41767312272
41767312320
41767312750
41767312084
41767312298
41767312528
41767312402
41767312497
41767312360
41767312451
41767312258
41767312612
41767312333
41767312544
41767312753
41767312439
41767312458
41767312410
41767312399
41767312170
41767312256
41767312515
41767312596
41767312582
41767312834
41767312389
41767312773
41767312282
41767312498
41767312277
41767312570
41767312142
41767312100
41767312775
41767312829
41767312241
41767312660
41767312246
41767312483
41767312250
41767312285
41767312191
41767312717
41767312459
41767312385
41767312556
41767312378
41767312299
41767312303
41767312939
41767312529
41767312232
41767312725
41767312328
41767312778
41767312531
41767312983
41767312345
41767312467
41767312629
41767312461
41767312534
41767312138
41767312512
41767312760
41767312928
41767312802
41767312418
41767312737
41767312966
41767312293
41767312690
41767312230
41767312995
41767312816
41767312754
41767312638
41767312686
41767312263
41767312336
41767312813
41767312373
41767312591
41767312561
41767312873
41767312700
41767312720
41767312366
41767312522
41767312442
41767312862
41767312914
41767312412
41767312734
41767312980
41767312623
41767312839
41767312667
41767312987
41767312727
41767312600
41767312903
41767312351
41767312379
41767312504
41767312409
41767312706
41767312728
41767312774
41767312233
41767312608
41767312527
41767312926
41767312890
41767312627
41767312979
41767312580
41767312715
41767312616
41767312590
41767312649
41767312889
41767312817
41767312915
41767312851
41767312732
41767312955
41767312780
41767312937
41767312838
41767312444
41767312858
41767312964
41767312945
41767312968
41767312729
41767312868
41767318011
41767318022
41767318004
41767318020
41767318147
41767318322
41767318128
41767318052
41767318131
41767318053
41767318201
41767318323
41767318180
41767318220
41767318146
41767318171
41767318066
41767318308
41767318184
41767318515
41767318227
41767318083
41767318040
41767318127
41767318063
41767318039
41767318100
41767318044
41767318129
41767318115
41767318230
41767318174
41767318493
41767318553
41767318237
41767318074
41767318368
41767318098
41767318159
41767318068
41767318348
41767318295
41767318167
41767318331
41767318617
41767318221
41767318073
41767318281
41767318657
41767318552
41767318079
41767318058
41767318188
41767318154
41767318168
41767318156
41767318217
41767318325
41767318458
41767318492
41767318556
41767318047
41767318562
41767318142
41767318232
41767318430
41767318274
41767318638
41767318268
41767318291
41767318908
41767318724
41767318121
41767318636
41767318628
41767318212
41767318873
41767318618
41767318841
41767318324
41767318157
41767318646
41767318408
41767318133
41767318467
41767318200
41767318939
41767318214
41767318195
41767318352
41767318658
41767318294
41767318206
41767318193
41767318669
41767318595
41767318113
41767318484
41767318289
41767318799
41767318558
41767318752
41767318479
41767318500
41767318666
41767318812
41767318631
41767318233
41767318235
41767318398
41767318311
41767318338
41767318525
41767318304
41767318806
41767318290
41767318689
41767318488
41767318794
41767318600
41767318287
41767318457
41767318849
41767318424
41767318355
41767318827
41767318831
41767318913
41767318449
41767318637
41767318866
41767318899
41767318513
41767318456
41767318579
41767318607
41767318350
41767318964
41767318762
41767318725
41767318653
41767318789
41767318815
41767318383
41767318501
41767318973
41767318521
41767318814
41767318416
41767318400
41767318425
41767318413
41767318491
41767318680
41767318953
41767318974
41767318783
41767318846
41767318371
41767318682
41767318862
41767318951
41767318838
41767318589
41767318580
41767318808
41767318966
41767318809
41767318605
41767318616
41767318555
41767318859
41767318920
41767318761
41767318603
41767318747
41767318708
41767318886
41767318949
41767318498
41767318989
41767318702
41767318881
41767318695
41767318995
41767318676
41767318563
41767318694
41767318936
41767318751
41767318977
41767318588
41767318710
41767318944
41767318918
41767318743
41767318727
41767318788
41767318717
41767318779
41767318986
41767318819
41767318737
41767318571
41767318744
41767318980
41767318845
41767318877
41767318858
41767318784
41767318988
41767318860
41767317024
41767317026
41767317016
41767317022
41767317030
41767317009
41767317010
41767317023
41767317062
41767317043
41767317054
41767317144
41767317033
41767317166
41767317170
41767317061
41767317065
41767317039
41767317037
41767317121
41767317240
41767317132
41767317131
41767317175
41767317118
41767317103
41767317266
41767317254
41767317430
41767317372
41767317141
41767317074
41767317101
41767317085
41767317112
41767317050
41767317388
41767317096
41767317495
41767317145
41767317157
41767317207
41767317135
41767317189
41767317629
41767317090
41767317252
41767317373
41767317223
41767317500
41767317367
41767317128
41767317139
41767317512
41767317204
41767317084
41767317162
41767317184
41767317443
41767317094
41767317182
41767317679
41767317578
41767317115
41767317412
41767317293
41767317504
41767317213
41767317142
41767317340
41767317644
41767317171
41767317279
41767317374
41767317383
41767317579
41767317446
41767317498
41767317487
41767317268
41767317349
41767317910
41767317557
41767317318
41767317375
41767317263
41767317610
41767317657
41767317881
41767317295
41767317563
41767317580
41767317191
41767317404
41767317378
41767317427
41767317594
41767317660
41767317704
41767317486
41767317719
41767317521
41767317532
41767317359
41767317571
41767317570
41767317499
41767317878
41767317954
41767317525
41767317766
41767317627
41767317334
41767317919
41767317470
41767317553
41767317444
41767317595
41767317554
41767317556
41767317699
41767317242
41767317939
41767317858
41767317592
41767317576
41767317603
41767317346
41767317636
41767317671
41767317936
41767317379
41767317850
41767317607
41767317643
41767317393
41767317302
41767317452
41767317608
41767317871
41767317659
41767317896
41767317299
41767317822
41767317959
41767317655
41767317542
41767317716
41767317991
41767317356
41767317465
41767317872
41767317366
41767317967
41767317879
41767317841
41767317633
41767317634
41767317539
41767317614
41767317690
41767317828
41767317663
41767317957
41767317432
41767317980
41767317920
41767317750
41767317986
41767317899
41767317601
41767317873
41767317992
41767317866
41767317815
41767317916
41767317754
41767317946
