41796325011
41796325027
41796325026
41796325004
41796325008
41796325012
41796325005
41796325031
41796325015
41796325018
41796325009
41796325022
41796325002
41796325030
41796325001
41796325014
41796325025
41796325006
41796325046
41796325086
41796325183
41796325290
41796325348
41796325036
41796325049
41796325051
41796325083
41796325090
41796325100
41796325118
41796325139
41796325195
41796325202
41796325226
41796325054
41796325055
41796325264
41796325106
41796325095
41796325129
41796325109
41796325137
41796325042
41796325171
41796325050
41796325060
41796325071
41796325069
41796325177
41796325034
41796325094
41796325041
41796325063
41796325108
41796325044
41796325089
41796325368
41796325081
41796325154
41796325168
41796325164
41796325169
41796325077
41796325075
41796325080
41796325115
41796325110
41796325133
41796325084
41796325140
41796325172
41796325245
41796325162
41796325258
41796325125
41796325361
41796325150
41796325714
41796325131
41796325161
41796325107
41796325240
41796325052
41796325220
41796325468
41796325463
41796325313
41796325039
41796325299
41796325123
41796325079
41796325103
41796325511
41796325334
41796325163
41796325147
41796325105
41796325274
41796325302
41796325612
41796325281
41796325243
41796325494
41796325408
41796325156
41796325441
41796325488
41796325209
41796325219
41796325252
41796325097
41796325087
41796325236
41796325369
41796325135
41796325395
41796325205
41796325393
41796325092
41796325101
41796325304
41796325392
41796325157
41796325394
41796325413
41796325614
41796325180
41796325335
41796325405
41796325469
41796325477
41796325184
41796325181
41796325222
41796325187
41796325186
41796325440
41796325126
41796325040
41796325216
41796325603
41796325122
41796325490
41796325160
41796325503
41796325781
41796325142
41796325204
41796325146
41796325283
41796325556
41796325727
41796325111
41796325070
41796325686
41796325292
41796325779
41796325210
41796325320
41796325437
41796325396
41796325650
41796325446
41796325189
41796325570
41796325329
41796325230
41796325372
41796325452
41796325418
41796325272
41796325632
41796325288
41796325427
41796325088
41796325254
41796325443
41796325410
41796325121
41796325380
41796325237
41796325282
41796325141
41796325188
41796325311
41796325515
41796325307
41796325558
41796325604
41796325066
41796325470
41796325379
41796325465
41796325566
41796325253
41796325383
41796325273
41796325398
41796325062
41796325646
41796325246
41796325623
41796325275
41796325787
41796325450
41796325602
41796325263
41796325419
41796325678
41796325955
41796325605
41796325524
41796325155
41796325607
41796325838
41796325091
41796325906
41796325600
41796325849
41796325215
41796325227
41796325270
41796325331
41796325584
41796325333
41796325690
41796325537
41796325649
41796325449
41796325751
41796325294
41796325580
41796325190
41796325828
41796325439
41796325709
41796325436
41796325434
41796325888
41796325644
41796325303
41796325619
41796325520
41796325577
41796325547
41796325559
41796325259
41796325788
41796325416
41796325431
41796325058
41796325756
41796325961
41796325244
41796325560
41796325342
41796325340
41796325412
41796325149
41796325166
41796325582
41796325889
41796325339
41796325785
41796325724
41796325589
41796325341
41796325654
41796325256
41796325698
41796325662
41796325194
41796325365
41796325514
41796325411
41796325191
41796325531
41796325337
41796325617
41796325752
41796325491
41796325829
41796325658
41796325479
41796325421
41796325286
41796325404
41796325278
41796325902
41796325742
41796325561
41796325706
41796325486
41796325315
41796325459
41796325951
41796325708
41796325639
41796325964
41796325814
41796325458
41796325837
41796325492
41796325701
41796325674
41796325399
41796325332
41796325300
41796325500
41796325448
41796325613
41796325587
41796325875
41796325211
41796325826
41796325579
41796325425
41796325480
41796325697
41796325954
41796325301
41796325522
41796325890
41796325269
41796325735
41796325812
41796325853
41796325484
41796325755
41796325193
41796325831
41796325200
41796325767
41796325317
41796325660
41796325548
41796325723
41796325364
41796325523
41796325718
41796325645
41796325346
41796325901
41796325652
41796325498
41796325457
41796325728
41796325426
41796325390
41796325876
41796325481
41796325296
41796325766
41796325773
41796325571
41796325984
41796325432
41796325422
41796325833
41796325786
41796325638
41796325747
41796325565
41796325655
41796325943
41796325918
41796325670
41796325599
41796325336
41796325575
41796325592
41796325883
41796325744
41796325855
41796325661
41796325573
41796325407
41796325370
41796325466
41796325435
41796325806
41796325760
41796325892
41796325362
41796325703
41796325848
41796325970
41796325471
41796325397
41796325761
41796325519
41796325748
41796325778
41796325482
41796325526
41796325725
41796325754
41796325765
41796325328
41796325618
41796325741
41796325962
41796325985
41796325801
41796325819
41796325460
41796325474
41796325873
41796325805
41796325887
41796325774
41796325376
41796325854
41796325860
41796325910
41796325606
41796325518
41796325546
41796325464
41796325775
41796325995
41796325609
41796325316
41796325825
41796325692
41796325919
41796325350
41796325975
41796325729
41796325550
41796325363
41796325347
41796325792
41796325891
41796325388
41796325937
41796325771
41796325622
41796325403
41796325691
41796325899
41796325794
41796325509
41796325472
41796325648
41796325406
41796325929
41796325894
41796325753
41796325821
41796325214
41796325461
41796325681
41796325933
41796325666
41796325957
41796325387
41796325909
41796325908
41796325356
41796325549
41796325861
41796325858
41796325487
41796325635
41796325576
41796325886
41796325770
41796325552
41796325983
41796325705
41796325675
41796325927
41796325759
41796325942
41796325611
41796325822
41796325977
41796325994
41796325904
41796325859
41796325433
41796325539
41796325528
41796325857
41796325874
41796325733
41796325952
41796325454
41796325615
41796325562
41796325596
41796325510
41796325590
41796325865
41796325630
41796325381
41796325878
41796325851
41796325757
41796325409
41796325740
41796325880
41796325574
41796325941
41796325817
41796325809
41796325934
41796325944
41796325882
41796325557
41796325979
41796325664
41796325636
41796325669
41796325783
41796325722
41796325939
41796325811
41796325746
41796325960
41796325663
41796325564
41796325950
41796325673
41796325545
41796325881
41796325743
41796325973
41796325935
41796325689
41796325841
41796325505
41796325949
41796325676
41796325693
41796325776
41796325823
41796325485
41796325980
41796325928
41796325749
41796325843
41796325907
41796325677
41796325871
41796325553
41796325969
41796325793
41796325850
41796325959
41796325867
41796325802
41796325978
41796325517
41796325768
41796325958
41796325877
41796325512
41796325637
41796325647
41796325769
41796325782
41796325986
41796325834
41796325665
41796325798
41796325516
41796325803
41796325815
41796325903
41796325885
41796325930
41796325694
41796325863
41796325870
41796325555
41796325736
41796325924
41796325830
41796325926
41796325702
41796325762
41796325947
41796325932
41796325990
41796325936
41796325981
41796324015
41796324011
41796324002
41796324006
41796324018
41796324001
41796324022
41796324030
41796324024
41796324012
41796324004
41796324019
41796324007
41796324009
41796324045
41796324083
41796324141
41796324185
41796324190
41796324235
41796324086
41796324152
41796324113
41796324140
41796324049
41796324053
41796324060
41796324204
41796324063
41796324069
41796324076
41796324193
41796324212
41796324033
41796324051
41796324099
41796324072
41796324135
41796324038
41796324202
41796324039
41796324154
41796324054
41796324079
41796324127
41796324341
41796324206
41796324286
41796324103
41796324128
41796324183
41796324149
41796324042
41796324295
41796324256
41796324237
41796324084
41796324310
41796324055
41796324255
41796324115
41796324168
41796324343
41796324153
41796324064
41796324264
41796324134
41796324095
41796324353
41796324043
41796324048
41796324067
41796324271
41796324145
41796324014
41796324110
41796324196
41796324436
41796324233
41796324189
41796324162
41796324037
41796324040
41796324166
41796324357
41796324241
41796324117
41796324077
41796324260
41796324404
41796324056
41796324294
41796324177
41796324071
41796324252
41796324164
41796324170
41796324251
41796324066
41796324179
41796324318
41796324354
41796324399
41796324046
41796324047
41796324175
41796324218
41796324090
41796324097
41796324391
41796324087
41796324052
41796324122
41796324215
41796324111
41796324123
41796324244
41796324349
41796324074
41796324136
41796324130
41796324340
41796324316
41796324408
41796324300
41796324347
41796324315
41796324372
41796324591
41796324081
41796324358
41796324308
41796324731
41796324194
41796324325
41796324229
41796324342
41796324378
41796324148
41796324688
41796324173
41796324163
41796324124
41796324359
41796324106
41796324396
41796324344
41796324108
41796324569
41796324516
41796324497
41796324217
41796324442
41796324440
41796324416
41796324506
41796324498
41796324270
41796324253
41796324368
41796324449
41796324608
41796324058
41796324381
41796324543
41796324379
41796324417
41796324101
41796324160
41796324410
41796324139
41796324137
41796324200
41796324512
41796324480
41796324250
41796324232
41796324182
41796324098
41796324180
41796324444
41796324339
41796324132
41796324186
41796324272
41796324112
41796324469
41796324604
41796324094
41796324575
41796324105
41796324461
41796324663
41796324093
41796324398
41796324075
41796324258
41796324243
41796324102
41796324142
41796324240
41796324680
41796324248
41796324151
41796324167
41796324311
41796324413
41796324546
41796324620
41796324504
41796324131
41796324552
41796324161
41796324530
41796324126
41796324333
41796324465
41796324371
41796324335
41796324515
41796324590
41796324711
41796324104
41796324203
41796324631
41796324438
41796324107
41796324840
41796324057
41796324570
41796324301
41796324150
41796324277
41796324704
41796324441
41796324588
41796324382
41796324787
41796324627
41796324401
41796324336
41796324587
41796324334
41796324119
41796324948
41796324482
41796324405
41796324195
41796324425
41796324411
41796324433
41796324267
41796324513
41796324273
41796324375
41796324657
41796324849
41796324769
41796324454
41796324477
41796324455
41796324279
41796324607
41796324439
41796324888
41796324944
41796324616
41796324407
41796324988
41796324959
41796324288
41796324298
41796324540
41796324837
41796324763
41796324242
41796324445
41796324806
41796324262
41796324280
41796324478
41796324431
41796324350
41796324328
41796324677
41796324539
41796324612
41796324468
41796324805
41796324842
41796324356
41796324635
41796324518
41796324348
41796324488
41796324297
41796324463
41796324537
41796324473
41796324293
41796324629
41796324216
41796324452
41796324389
41796324643
41796324309
41796324661
41796324527
41796324669
41796324768
41796324326
41796324169
41796324486
41796324292
41796324561
41796324323
41796324712
41796324832
41796324495
41796324910
41796324447
41796324505
41796324615
41796324330
41796324351
41796324751
41796324556
41796324532
41796324905
41796324574
41796324510
41796324780
41796324259
41796324268
41796324770
41796324675
41796324909
41796324542
41796324424
41796324729
41796324490
41796324459
41796324520
41796324474
41796324809
41796324847
41796324572
41796324746
41796324668
41796324400
41796324555
41796324559
41796324718
41796324609
41796324702
41796324289
41796324633
41796324930
41796324610
41796324448
41796324691
41796324281
41796324759
41796324670
41796324475
41796324715
41796324385
41796324922
41796324361
41796324426
41796324671
41796324423
41796324974
41796324773
41796324685
41796324592
41796324878
41796324327
41796324958
41796324801
41796324955
41796324207
41796324581
41796324599
41796324648
41796324632
41796324646
41796324437
41796324726
41796324640
41796324760
41796324672
41796324733
41796324386
41796324975
41796324558
41796324790
41796324538
41796324596
41796324365
41796324762
41796324205
41796324793
41796324485
41796324508
41796324824
41796324621
41796324409
41796324634
41796324755
41796324803
41796324611
41796324370
41796324942
41796324429
41796324710
41796324614
41796324891
41796324535
41796324876
41796324800
41796324703
41796324625
41796324899
41796324802
41796324875
41796324331
41796324597
41796324450
41796324223
41796324296
41796324753
41796324507
41796324623
41796324860
41796324980
41796324841
41796324866
41796324613
41796324821
41796324982
41796324926
41796324719
41796324377
41796324689
41796324563
41796324728
41796324619
41796324778
41796324394
41796324781
41796324908
41796324745
41796324234
41796324462
41796324519
41796324312
41796324822
41796324666
41796324765
41796324900
41796324443
41796324222
41796324836
41796324650
41796324639
41796324736
41796324788
41796324583
41796324856
41796324694
41796324775
41796324645
41796324390
41796324716
41796324346
41796324995
41796324931
41796324791
41796324402
41796324622
41796324808
41796324862
41796324828
41796324812
41796324934
41796324430
41796324882
41796324406
41796324973
41796324470
41796324823
41796324684
41796324567
41796324978
41796324692
41796324830
41796324853
41796324743
41796324499
41796324456
41796324517
41796324829
41796324839
41796324550
41796324656
41796324794
41796324472
41796324994
41796324693
41796324774
41796324606
41796324935
41796324679
41796324972
41796324664
41796324815
41796324434
41796324872
41796324835
41796324732
41796324263
41796324993
41796324655
41796324652
41796324483
41796324526
41796324560
41796324699
41796324843
41796324603
41796324917
41796324873
41796324586
41796324446
41796324833
41796324420
41796324854
41796324870
41796324894
41796324938
41796324880
41796324302
41796324869
41796324865
41796324707
41796324662
41796324739
41796324626
41796324937
41796324883
41796324911
41796324991
41796324432
41796324904
41796324834
41796324727
41796324969
41796324807
41796324466
41796324957
41796324725
41796324867
41796324939
41796324963
41796324889
41796324766
41796324681
41796324987
41796324484
41796324578
41796324918
41796324754
41796324920
41796324464
41796324863
41796324785
41796324628
41796324373
41796324686
41796324831
41796324641
41796324992
41796324893
41796324584
41796324846
41796324850
41796324913
41796324749
41796324772
41796324968
41796324782
41796324678
41796324945
41796324783
41796324906
41796324902
41796324885
41796324817
41796324914
41796324665
41796324713
41796324898
41796324951
41796324977
41796324962
41796324784
41796324916
41796324752
41796324820
41796324928
41796324884
41796324936
41796324740
41796324947
41796324845
41796326014
41796326005
41796326015
41796326003
41796326020
41796326031
41796326021
41796326032
41796326029
41796326010
41796326027
41796326011
41796326002
41796326019
41796326004
41796326028
41796326008
41796326024
41796326022
41796326026
41796326087
41796326116
41796326346
41796326058
41796326072
41796326094
41796326115
41796326119
41796326129
41796326139
41796326167
41796326192
41796326234
41796326226
41796326043
41796326093
41796326079
41796326084
41796326068
41796326133
41796326122
41796326042
41796326379
41796326098
41796326033
41796326066
41796326196
41796326069
41796326055
41796326064
41796326074
41796326062
41796326075
41796326067
41796326082
41796326138
41796326101
41796326204
41796326059
41796326054
41796326041
41796326050
41796326148
41796326030
41796326134
41796326095
41796326123
41796326127
41796326130
41796326076
41796326048
41796326371
41796326046
41796326290
41796326294
41796326114
41796326276
41796326088
41796326125
41796326045
41796326149
41796326273
41796326265
41796326173
41796326184
41796326302
41796326411
41796326325
41796326232
41796326160
41796326393
41796326233
41796326362
41796326168
41796326212
41796326146
41796326293
41796326103
41796326132
41796326120
41796326131
41796326181
41796326211
41796326214
41796326386
41796326424
41796326483
41796326644
41796326220
41796326261
41796326208
41796326224
41796326389
41796326081
41796326044
41796326344
41796326178
41796326349
41796326388
41796326222
41796326438
41796326484
41796326444
41796326453
41796326155
41796326369
41796326110
41796326230
41796326301
41796326151
41796326330
41796326157
41796326147
41796326159
41796326243
41796326337
41796326394
41796326108
41796326121
41796326314
41796326268
41796326170
41796326183
41796326437
41796326659
41796326135
41796326355
41796326529
41796326448
41796326215
41796326316
41796326390
41796326083
41796326225
41796326639
41796326441
41796326102
41796326175
41796326242
41796326203
41796326248
41796326142
41796326253
41796326501
41796326136
41796326762
41796326426
41796326339
41796326591
41796326348
41796326681
41796326363
41796326118
41796326180
41796326247
41796326665
41796326221
41796326195
41796326321
41796326158
41796326137
41796326244
41796326364
41796326454
41796326297
41796326194
41796326240
41796326200
41796326809
41796326561
41796326218
41796326434
41796326598
41796326367
41796326272
41796326201
41796326259
41796326193
41796326488
41796326163
41796326313
41796326547
41796326480
41796326449
41796326104
41796326360
41796326333
41796326562
41796326569
41796326573
41796326319
41796326153
41796326210
41796326239
41796326400
41796326111
41796326308
41796326312
41796326407
41796326633
41796326235
41796326737
41796326216
41796326368
41796326429
41796326375
41796326250
41796326169
41796326366
41796326824
41796326392
41796326332
41796326600
41796326372
41796326689
41796326227
41796326540
41796326512
41796326209
41796326413
41796326541
41796326504
41796326303
41796326189
41796326622
41796326198
41796326580
41796326383
41796326161
41796326334
41796326765
41796326345
41796326642
41796326756
41796326376
41796326727
41796326112
41796326182
41796326278
41796326414
41796326436
41796326753
41796326660
41796326269
41796326538
41796326740
41796326219
41796326166
41796326759
41796326455
41796326782
41796326473
41796326474
41796326171
41796326545
41796326298
41796326612
41796326601
41796326412
41796326471
41796326731
41796326405
41796326685
41796326416
41796326503
41796326614
41796326887
41796326236
41796326952
41796326270
41796326672
41796326466
41796326565
41796326852
41796326625
41796326353
41796326482
41796326706
41796326982
41796326769
41796326404
41796326445
41796326869
41796326749
41796326645
41796326403
41796326618
41796326475
41796326447
41796326468
41796326525
41796326305
41796326922
41796326279
41796326266
41796326490
41796326587
41796326154
41796326338
41796326359
41796326311
41796326277
41796326619
41796326577
41796326271
41796326527
41796326864
41796326893
41796326510
41796326855
41796326613
41796326841
41796326658
41796326772
41796326295
41796326381
41796326907
41796326440
41796326143
41796326585
41796326397
41796326417
41796326590
41796326343
41796326442
41796326285
41796326469
41796326836
41796326402
41796326593
41796326788
41796326602
41796326456
41796326673
41796326792
41796326629
41796326799
41796326275
41796326552
41796326718
41796326773
41796326900
41796326682
41796326578
41796326807
41796326409
41796326888
41796326634
41796326472
41796326684
41796326502
41796326467
41796326632
41796326606
41796326820
41796326819
41796326458
41796326260
41796326652
41796326891
41796326493
41796326328
41796326263
41796326320
41796326494
41796326895
41796326507
41796326479
41796326802
41796326909
41796326691
41796326608
41796326513
41796326487
41796326532
41796326626
41796326800
41796326726
41796326610
41796326537
41796326667
41796326829
41796326435
41796326694
41796326624
41796326884
41796326564
41796326535
41796326627
41796326702
41796326955
41796326848
41796326470
41796326906
41796326331
41796326871
41796326678
41796326868
41796326965
41796326898
41796326524
41796326296
41796326323
41796326844
41796326352
41796326862
41796326514
41796326858
41796326745
41796326845
41796326716
41796326410
41796326816
41796326498
41796326748
41796326719
41796326784
41796326846
41796326968
41796326894
41796326707
41796326693
41796326662
41796326657
41796326396
41796326558
41796326575
41796326711
41796326640
41796326735
41796326677
41796326974
41796326521
41796326915
41796326985
41796326914
41796326766
41796326828
41796326967
41796326603
41796326461
41796326942
41796326936
41796326943
41796326712
41796326804
41796326830
41796326551
41796326750
41796326251
41796326930
41796326883
41796326757
41796326835
41796326850
41796326560
41796326931
41796326688
41796326605
41796326582
41796326843
41796326730
41796326387
41796326641
41796326736
41796326733
41796326567
41796326959
41796326462
41796326961
41796326964
41796326341
41796326910
41796326913
41796326668
41796326761
41796326775
41796326679
41796326391
41796326946
41796326655
41796326840
41796326760
41796326489
41796326780
41796326557
41796326477
41796326812
41796326786
41796326520
41796326920
41796326460
41796326743
41796326686
41796326709
41796326889
41796326919
41796326944
41796326902
41796326876
41796326696
41796326963
41796326692
41796326708
41796326415
41796326728
41796326643
41796326666
41796326517
41796326798
41796326617
41796326938
41796326811
41796326746
41796326941
41796326722
41796326815
41796326933
41796326779
41796326586
41796326886
41796326781
41796326508
41796326859
41796326778
41796326556
41796326976
41796326747
41796326777
41796326754
41796326870
41796326880
41796326717
41796326744
41796326646
41796326866
41796326947
41796326505
41796326989
41796326924
41796326790
41796326856
41796326980
41796326986
41796326649
41796326805
41796326742
41796326826
41796326861
41796326981
41796326979
41796326928
41796326821
41796326901
41796326874
41796326699
41796326983
41796326972
41796326904
41796326838
41796326767
41796326885
41796326875
41796326950
41796326764
41796326860
41796326987
41796326997
41796326817
41796326839
41796326890
41796326896
41796326872
41796326966
41796326992
41796326951
41796326879
41796326867
41796326881
41796326249
41796326511
41796326687
41796326977
41796320000
41796320005
41796320021
41796320007
41796320010
41796320020
41796320013
41796320018
41796320030
41796320019
41796320016
41796320026
41796320014
41796320031
41796320025
41796320003
41796320024
41796320027
41796320009
41796320029
41796320011
41796320043
41796320113
41796320125
41796320133
41796320269
41796320295
41796320058
41796320065
41796320082
41796320103
41796320106
41796320034
41796320042
41796320119
41796320115
41796320063
41796320148
41796320044
41796320122
41796320160
41796320182
41796320116
41796320048
41796320050
41796320059
41796320081
41796320222
41796320130
41796320180
41796320124
41796320167
41796320288
41796320131
41796320321
41796320105
41796320138
41796320217
41796320068
41796320268
41796320069
41796320282
41796320087
41796320085
41796320070
41796320109
41796320177
41796320099
41796320377
41796320238
41796320199
41796320084
41796320239
41796320236
41796320389
41796320146
41796320142
41796320164
41796320416
41796320062
41796320387
41796320049
41796320136
41796320176
41796320192
41796320267
41796320426
41796320092
41796320102
41796320035
41796320107
41796320242
41796320123
41796320126
41796320159
41796320285
41796320298
41796320038
41796320047
41796320324
41796320045
41796320080
41796320334
41796320074
41796320052
41796320179
41796320173
41796320100
41796320232
41796320161
41796320595
41796320281
41796320308
41796320137
41796320306
41796320112
41796320098
41796320172
41796320079
41796320277
41796320365
41796320316
41796320189
41796320607
41796320204
41796320458
41796320280
41796320214
41796320218
41796320224
41796320143
41796320425
41796320128
41796320071
41796320089
41796320094
41796320761
41796320328
41796320114
41796320262
41796320291
41796320157
41796320339
41796320118
41796320583
41796320293
41796320303
41796320039
41796320391
41796320602
41796320270
41796320289
41796320525
41796320230
41796320363
41796320304
41796320203
41796320330
41796320537
41796320169
41796320683
41796320514
41796320135
41796320127
41796320358
41796320197
41796320319
41796320175
41796320243
41796320432
41796320678
41796320371
41796320499
41796320489
41796320570
41796320582
41796320612
41796320340
41796320364
41796320051
41796320101
41796320296
41796320379
41796320493
41796320241
41796320205
41796320698
41796320313
41796320166
41796320399
41796320405
41796320228
41796320227
41796320546
41796320561
41796320090
41796320784
41796320460
41796320783
41796320226
41796320055
41796320535
41796320188
41796320307
41796320424
41796320490
41796320314
41796320207
41796320406
41796320554
41796320354
41796320468
41796320392
41796320221
41796320150
41796320185
41796320344
41796320515
41796320482
41796320278
41796320549
41796320759
41796320108
41796320231
41796320463
41796320643
41796320467
41796320171
41796320215
41796320682
41796320347
41796320366
41796320266
41796320509
41796320979
41796320341
41796320528
41796320628
41796320240
41796320575
41796320599
41796320357
41796320251
41796320317
41796320332
41796320333
41796320343
41796320423
41796320370
41796320193
41796320170
41796320395
41796320903
41796320459
41796320562
41796320653
41796320508
41796320196
41796320491
41796320408
41796320488
41796320254
41796320560
41796320671
41796320111
41796320413
41796320152
41796320202
41796320722
41796320619
41796320318
41796320383
41796320194
41796320539
41796320437
41796320533
41796320703
41796320421
41796320510
41796320934
41796320209
41796320754
41796320577
41796320367
41796320552
41796320553
41796320699
41796320403
41796320748
41796320348
41796320609
41796320208
41796320381
41796320620
41796320411
41796320649
41796320778
41796320129
41796320276
41796320613
41796320718
41796320518
41796320472
41796320814
41796320708
41796320430
41796320286
41796320462
41796320662
41796320407
41796320414
41796320650
41796320638
41796320433
41796320362
41796320610
41796320581
41796320273
41796320450
41796320579
41796320470
41796320524
41796320736
41796320557
41796320567
41796320874
41796320566
41796320563
41796320409
41796320691
41796320260
41796320544
41796320870
41796320134
41796320825
41796320918
41796320504
41796320447
41796320300
41796320174
41796320393
41796320987
41796320667
41796320465
41796320700
41796320732
41796320382
41796320587
41796320444
41796320780
41796320474
41796320997
41796320477
41796320588
41796320511
41796320439
41796320512
41796320441
41796320419
41796320692
41796320690
41796320454
41796320787
41796320245
41796320739
41796320532
41796320829
41796320498
41796320826
41796320603
41796320720
41796320988
41796320431
41796320960
41796320734
41796320684
41796320910
41796320632
41796320435
41796320813
41796320925
41796320992
41796320740
41796320253
41796320589
41796320976
41796320947
41796320386
41796320559
41796320555
41796320597
41796320744
41796320271
41796320168
41796320181
41796320584
41796320275
41796320604
41796320605
41796320868
41796320834
41796320725
41796320252
41796320655
41796320880
41796320451
41796320894
41796320944
41796320201
41796320656
41796320921
41796320353
41796320287
41796320259
41796320746
41796320713
41796320782
41796320211
41796320564
41796320747
41796320640
41796320741
41796320785
41796320479
41796320573
41796320608
41796320585
41796320665
41796320375
41796320501
41796320827
41796320648
41796320676
41796320639
41796320680
41796320576
41796320985
41796320964
41796320320
41796320213
41796320845
41796320793
41796320907
41796320248
41796320756
41796320833
41796320322
41796320660
41796320331
41796320345
41796320953
41796320965
41796320957
41796320352
41796320615
41796320709
41796320541
41796320774
41796320860
41796320851
41796320476
41796320601
41796320652
41796320879
41796320704
41796320627
41796320942
41796320913
41796320809
41796320755
41796320600
41796320731
41796320556
41796320806
41796320961
41796320757
41796320855
41796320485
41796320922
41796320210
41796320681
41796320878
41796320967
41796320968
41796320646
41796320723
41796320828
41796320990
41796320820
41796320378
41796320580
41796320724
41796320716
41796320436
41796320835
41796320858
41796320661
41796320710
41796320631
41796320647
41796320402
41796320926
41796320776
41796320933
41796320928
41796320679
41796320398
41796320654
41796320958
41796320763
41796320505
41796320503
41796320672
41796320777
41796320644
41796320812
41796320972
41796320735
41796320219
41796320481
41796320803
41796320745
41796320374
41796320846
41796320786
41796320442
41796320989
41796320963
41796320494
41796320572
41796320349
41796320625
41796320730
41796320808
41796320664
41796320749
41796320838
41796320931
41796320886
41796320538
41796320705
41796320551
41796320891
41796320789
41796320668
41796320417
41796320865
41796320666
41796320986
41796320645
41796320642
41796320837
41796320817
41796320981
41796320898
41796320901
41796320743
41796320633
41796320850
41796320669
41796320452
41796320890
41796320840
41796320915
41796320519
41796320404
41796320888
41796320970
41796320823
41796320418
41796320807
41796320839
41796320673
41796320530
41796320908
41796320428
41796320877
41796320924
41796320900
41796320815
41796320993
41796320911
41796320935
41796320540
41796320881
41796320969
41796320912
41796320843
41796320842
41796320929
41796320884
41796320558
41796320614
41796320830
41796320568
41796320892
41796320920
41796320046
41796320760
41796320246
41796320869
41796320982
41796320996
41796320360
41796320373
41796320473
41796320630
41796320994
41796320906
41796320688
41796320949
41796320801
41796320859
41796320951
41796320978
41796329024
41796329008
41796329004
41796329032
41796329019
41796329017
41796329020
41796329022
41796329009
41796329013
41796329010
41796329021
41796329007
41796329002
41796329014
41796329005
41796329029
41796329001
41796329026
41796329011
41796329064
41796329174
41796329050
41796329097
41796329069
41796329076
41796329137
41796329074
41796329136
41796329120
41796329178
41796329046
41796329177
41796329187
41796329098
41796329016
41796329037
41796329156
41796329209
41796329167
41796329290
41796329028
41796329249
41796329229
41796329081
41796329060
41796329165
41796329061
41796329145
41796329071
41796329143
41796329047
41796329063
41796329108
41796329119
41796329117
41796329066
41796329141
41796329149
41796329155
41796329070
41796329231
41796329217
41796329067
41796329235
41796329027
41796329184
41796329422
41796329122
41796329057
41796329056
41796329053
41796329054
41796329271
41796329126
41796329075
41796329270
41796329125
41796329307
41796329690
41796329348
41796329164
41796329347
41796329331
41796329105
41796329049
41796329072
41796329055
41796329265
41796329058
41796329465
41796329110
41796329103
41796329175
41796329077
41796329118
41796329158
41796329121
41796329272
41796329135
41796329426
41796329132
41796329062
41796329134
41796329598
41796329039
41796329336
41796329413
41796329240
41796329364
41796329394
41796329338
41796329093
41796329131
41796329320
41796329380
41796329106
41796329262
41796329808
41796329112
41796329253
41796329181
41796329322
41796329200
41796329138
41796329432
41796329153
41796329191
41796329289
41796329416
41796329482
41796329393
41796329163
41796329123
41796329092
41796329639
41796329154
41796329059
41796329533
41796329366
41796329248
41796329285
41796329404
41796329107
41796329401
41796329689
41796329367
41796329161
41796329443
41796329357
41796329224
41796329522
41796329085
41796329078
41796329462
41796329326
41796329355
41796329492
41796329454
41796329411
41796329653
41796329082
41796329310
41796329491
41796329520
41796329667
41796329502
41796329316
41796329266
41796329515
41796329179
41796329439
41796329190
41796329130
41796329783
41796329368
41796329475
41796329343
41796329518
41796329284
41796329552
41796329373
41796329301
41796329352
41796329554
41796329390
41796329144
41796329294
41796329702
41796329328
41796329603
41796329593
41796329663
41796329488
41796329612
41796329150
41796329306
41796329172
41796329313
41796329736
41796329835
41796329580
41796329458
41796329202
41796329514
41796329490
41796329658
41796329772
41796329511
41796329315
41796329233
41796329356
41796329391
41796329670
41796329379
41796329303
41796329142
41796329113
41796329194
41796329513
41796329913
41796329152
41796329632
41796329341
41796329219
41796329383
41796329188
41796329732
41796329419
41796329499
41796329197
41796329738
41796329876
41796329218
41796329201
41796329560
41796329344
41796329600
41796329376
41796329549
41796329332
41796329414
41796329162
41796329755
41796329238
41796329730
41796329750
41796329769
41796329534
41796329442
41796329256
41796329570
41796329627
41796329535
41796329448
41796329553
41796329542
41796329369
41796329476
41796329430
41796329813
41796329425
41796329573
41796329196
41796329281
41796329804
41796329920
41796329622
41796329871
41796329308
41796329811
41796329453
41796329474
41796329577
41796329909
41796329550
41796329579
41796329742
41796329509
41796329282
41796329787
41796329407
41796329291
41796329489
41796329245
41796329260
41796329293
41796329578
41796329337
41796329780
41796329501
41796329470
41796329261
41796329300
41796329710
41796329421
41796329908
41796329171
41796329169
41796329891
41796329619
41796329928
41796329302
41796329228
41796329648
41796329487
41796329924
41796329880
41796329314
41796329638
41796329468
41796329429
41796329691
41796329358
41796329327
41796329349
41796329203
41796329988
41796329557
41796329220
41796329834
41796329405
41796329185
41796329221
41796329435
41796329473
41796329671
41796329588
41796329361
41796329263
41796329324
41796329412
41796329707
41796329193
41796329669
41796329321
41796329793
41796329317
41796329693
41796329309
41796329981
41796329526
41796329777
41796329735
41796329559
41796329614
41796329721
41796329672
41796329279
41796329607
41796329431
41796329242
41796329529
41796329757
41796329862
41796329878
41796329968
41796329636
41796329469
41796329739
41796329618
41796329990
41796329540
41796329646
41796329556
41796329983
41796329756
41796329615
41796329370
41796329397
41796329484
41796329506
41796329720
41796329706
41796329531
41796329528
41796329753
41796329896
41796329771
41796329477
41796329575
41796329495
41796329275
41796329692
41796329683
41796329333
41796329820
41796329870
41796329280
41796329444
41796329695
41796329734
41796329782
41796329496
41796329464
41796329775
41796329934
41796329749
41796329536
41796329295
41796329701
41796329925
41796329838
41796329388
41796329843
41796329711
41796329516
41796329434
41796329505
41796329773
41796329761
41796329879
41796329854
41796329558
41796329605
41796329402
41796329311
41796329682
41796329785
41796329791
41796329342
41796329729
41796329697
41796329359
41796329318
41796329708
41796329936
41796329437
41796329398
41796329668
41796329400
41796329892
41796329926
41796329406
41796329823
41796329953
41796329824
41796329884
41796329628
41796329722
41796329541
41796329760
41796329676
41796329650
41796329917
41796329938
41796329304
41796329743
41796329950
41796329810
41796329789
41796329881
41796329759
41796329839
41796329741
41796329726
41796329724
41796329846
41796329855
41796329479
41796329842
41796329647
41796329387
41796329440
41796329643
41796329608
41796329688
41796329480
41796329530
41796329745
41796329821
41796329532
41796329965
41796329539
41796329278
41796329860
41796329853
41796329886
41796329449
41796329472
41796329975
41796329562
41796329626
41796329620
41796329890
41796329989
41796329850
41796329859
41796329660
41796329230
41796329875
41796329899
41796329955
41796329831
41796329869
41796329952
41796329666
41796329764
41796329858
41796329877
41796329591
41796329353
41796329508
41796329746
41796329486
41796329887
41796329945
41796329547
41796329674
41796329893
41796329958
41796329800
41796329966
41796329977
41796329970
41796329947
41796329922
41796329900
41796329874
41796329798
41796329717
41796329601
41796329569
41796329637
41796329883
41796329997
41796329976
41796329806
41796329923
41796329867
41796329485
41796329948
41796329694
41796329166
41796329819
41796329961
41796329339
41796329921
41796329774
41796329548
41796329964
41796329655
41796329906
41796329616
41796329949
41796329954
41796329995
41796329330
41796329752
41796329833
41796329864
41796329967
41796329613
41796329969
41796329399
41796329809
41796329790
41796329594
41796329939
41796329565
41796329566
41796329944
41796329680
41796329644
41796329583
41796329792
41796329918
41796329716
41796329912
41796329599
41796329888
41796329803
41796329731
41796329861
41796329901
41796329659
41796329817
41796329996
41796329840
41796329815
41796329715
41796329423
41796329971
41796329812
41796329851
41796329903
41796329625
41796329905
41796329719
41796329611
41796329907
41796329873
41796329778
41796329865
41796329714
41796329937
41796329728
41796329733
41796329994
41796329882
41796329848
41796329946
41796329963
41796329801
41796329825
41796329972
41796323000
41796323006
41796323023
41796323008
41796323002
41796323009
41796323001
41796323010
41796323007
41796323020
41796323032
41796323005
41796323024
41796323030
41796323014
41796323017
41796323027
41796323029
41796323026
41796323015
41796323003
41796323046
41796323033
41796323288
41796323294
41796323074
41796323103
41796323042
41796323112
41796323131
41796323076
41796323038
41796323068
41796323212
41796323072
41796323115
41796323035
41796323114
41796323085
41796323062
41796323128
41796323069
41796323044
41796323159
41796323100
41796323105
41796323342
41796323307
41796323169
41796323223
41796323057
41796323315
41796323090
41796323213
41796323379
41796323196
41796323119
41796323252
41796323206
41796323265
41796323316
41796323067
41796323141
41796323219
41796323273
41796323311
41796323488
41796323123
41796323197
41796323047
41796323063
41796323059
41796323136
41796323102
41796323117
41796323118
41796323077
41796323056
41796323036
41796323200
41796323147
41796323048
41796323163
41796323170
41796323166
41796323312
41796323209
41796323040
41796323157
41796323290
41796323052
41796323060
41796323073
41796323080
41796323039
41796323271
41796323094
41796323111
41796323155
41796323137
41796323092
41796323034
41796323357
41796323226
41796323199
41796323214
41796323075
41796323502
41796323065
41796323168
41796323466
41796323081
41796323083
41796323318
41796323216
41796323016
41796323082
41796323134
41796323536
41796323500
41796323151
41796323233
41796323471
41796323552
41796323484
41796323266
41796323247
41796323465
41796323152
41796323356
41796323258
41796323493
41796323453
41796323448
41796323121
41796323334
41796323426
41796323171
41796323192
41796323145
41796323173
41796323122
41796323553
41796323224
41796323228
41796323302
41796323251
41796323070
41796323424
41796323232
41796323320
41796323150
41796323508
41796323386
41796323286
41796323543
41796323185
41796323474
41796323188
41796323622
41796323201
41796323153
41796323509
41796323297
41796323164
41796323561
41796323113
41796323523
41796323417
41796323126
41796323124
41796323096
41796323501
41796323349
41796323165
41796323084
41796323220
41796323158
41796323538
41796323609
41796323270
41796323108
41796323086
41796323194
41796323241
41796323207
41796323248
41796323319
41796323054
41796323132
41796323328
41796323600
41796323289
41796323447
41796323390
41796323429
41796323309
41796323551
41796323757
41796323506
41796323261
41796323250
41796323350
41796323373
41796323444
41796323186
41796323175
41796323374
41796323445
41796323161
41796323330
41796323202
41796323422
41796323329
41796323325
41796323542
41796323178
41796323546
41796323625
41796323515
41796323287
41796323457
41796323360
41796323335
41796323472
41796323626
41796323343
41796323101
41796323144
41796323516
41796323438
41796323419
41796323681
41796323231
41796323415
41796323221
41796323323
41796323146
41796323645
41796323299
41796323341
41796323238
41796323423
41796323162
41796323234
41796323522
41796323236
41796323268
41796323277
41796323526
41796323203
41796323130
41796323680
41796323579
41796323565
41796323621
41796323245
41796323310
41796323736
41796323649
41796323243
41796323533
41796323244
41796323391
41796323738
41796323648
41796323494
41796323691
41796323685
41796323613
41796323177
41796323436
41796323686
41796323749
41796323300
41796323558
41796323729
41796323305
41796323441
41796323425
41796323695
41796323697
41796323635
41796323606
41796323427
41796323617
41796323267
41796323282
41796323454
41796323430
41796323218
41796323747
41796323554
41796323440
41796323541
41796323690
41796323657
41796323797
41796323172
41796323333
41796323497
41796323204
41796323396
41796323274
41796323181
41796323317
41796323756
41796323655
41796323463
41796323604
41796323278
41796323939
41796323582
41796323149
41796323814
41796323709
41796323190
41796323556
41796323322
41796323832
41796323452
41796323433
41796323462
41796323517
41796323540
41796323264
41796323184
41796323503
41796323428
41796323505
41796323279
41796323269
41796323361
41796323739
41796323874
41796323383
41796323421
41796323952
41796323608
41796323303
41796323799
41796323629
41796323618
41796323660
41796323358
41796323840
41796323724
41796323458
41796323889
41796323382
41796323766
41796323362
41796323821
41796323672
41796323823
41796323547
41796323601
41796323801
41796323835
41796323785
41796323432
41796323862
41796323666
41796323916
41796323464
41796323313
41796323833
41796323675
41796323786
41796323647
41796323369
41796323915
41796323848
41796323687
41796323872
41796323881
41796323919
41796323449
41796323664
41796323694
41796323521
41796323890
41796323752
41796323280
41796323306
41796323693
41796323590
41796323354
41796323470
41796323507
41796323711
41796323678
41796323230
41796323402
41796323518
41796323398
41796323928
41796323326
41796323512
41796323679
41796323922
41796323936
41796323633
41796323705
41796323450
41796323237
41796323964
41796323208
41796323794
41796323754
41796323911
41796323387
41796323641
41796323644
41796323849
41796323589
41796323489
41796323460
41796323720
41796323380
41796323529
41796323473
41796323716
41796323570
41796323762
41796323569
41796323674
41796323773
41796323735
41796323770
41796323331
41796323700
41796323260
41796323945
41796323531
41796323637
41796323775
41796323853
41796323308
41796323393
41796323628
41796323548
41796323991
41796323721
41796323784
41796323467
41796323550
41796323822
41796323545
41796323510
41796323498
41796323741
41796323475
41796323584
41796323842
41796323456
41796323682
41796323566
41796323719
41796323504
41796323867
41796323640
41796323602
41796323902
41796323634
41796323934
41796323979
41796323257
41796323751
41796323667
41796323824
41796323688
41796323873
41796323511
41796323555
41796323966
41796323564
41796323740
41796323646
41796323575
41796323376
41796323895
41796323520
41796323537
41796323478
41796323639
41796323304
41796323776
41796323828
41796323603
41796323513
41796323588
41796323819
41796323730
41796323239
41796323692
41796323717
41796323413
41796323965
41796323568
41796323573
41796323807
41796323925
41796323974
41796323744
41796323860
41796323863
41796323907
41796323610
41796323715
41796323950
41796323483
41796323619
41796323370
41796323524
41796323920
41796323982
41796323888
41796323960
41796323406
41796323818
41796323651
41796323395
41796323956
41796323806
41796323820
41796323847
41796323879
41796323598
41796323855
41796323586
41796323953
41796323825
41796323662
41796323758
41796323734
41796323864
41796323957
41796323830
41796323805
41796323673
41796323656
41796323367
41796323760
41796323951
41796323683
41796323713
41796323831
41796323630
41796323755
41796323560
41796323763
41796323802
41796323615
41796323851
41796323838
41796323527
41796323768
41796323787
41796323607
41796323914
41796323414
41796323903
41796323492
41796323984
41796323652
41796323905
41796323665
41796323658
41796323764
41796323861
41796323753
41796323810
41796323946
41796323748
41796323871
41796323811
41796323978
41796323397
41796323653
41796323992
41796323904
41796323943
41796323983
41796323530
41796323846
41796323926
41796323677
41796323699
41796323815
41796323876
41796323388
41796323624
41796323571
41796323723
41796323917
41796323827
41796323743
41796323901
41796323971
41796323896
41796323750
41796323404
41796323745
41796323972
41796323900
41796323572
41796323987
41796323727
41796323937
41796323942
41796323884
41796323921
41796323981
41796323875
41796323870
41796323898
41796323959
41796323852
41796323913
41796323940
41796323958
41796323961
41796323788
41796323813
41796323929
41796323973
41796323587
41796323661
41796323923
41796323954
41796323944
41796323275
41796323375
41796323443
41796323620
41796323769
41796323702
41796323931
41796321000
41796321002
41796321016
41796321004
41796321015
41796321012
41796321017
41796321035
41796321020
41796321044
41796321040
41796321033
41796321019
41796321027
41796321018
41796321091
41796321032
41796321006
41796321134
41796321203
41796321001
41796321011
41796321124
41796321034
41796321061
41796321279
41796321113
41796321025
41796321288
41796321023
41796321325
41796321078
41796321009
41796321010
41796321048
41796321111
41796321059
41796321080
41796321026
41796321211
41796321089
41796321100
41796321014
41796321118
41796321086
41796321136
41796321028
41796321122
41796321121
41796321180
41796321069
41796321144
41796321138
41796321021
41796321205
41796321096
41796321186
41796321269
41796321148
41796321081
41796321215
41796321300
41796321151
41796321126
41796321041
41796321072
41796321073
41796321227
41796321178
41796321049
41796321292
41796321152
41796321130
41796321029
41796321123
41796321110
41796321075
41796321157
41796321052
41796321147
41796321045
41796321166
41796321174
41796321145
41796321304
41796321129
41796321053
41796321042
41796321071
41796321237
41796321338
41796321179
41796321167
41796321326
41796321171
41796321131
41796321092
41796321079
41796321224
41796321220
41796321090
41796321074
41796321323
41796321084
41796321102
41796321085
41796321088
41796321137
41796321168
41796321182
41796321307
41796321231
41796321070
41796321210
41796321146
41796321261
41796321083
41796321117
41796321172
41796321142
41796321257
41796321181
41796321327
41796321176
41796321169
41796321260
41796321243
41796321302
41796321055
41796321112
41796321209
41796321264
41796321229
41796321156
41796321324
41796321051
41796321160
41796321375
41796321298
41796321202
41796321255
41796321320
41796321514
41796321150
41796321098
41796321371
41796321187
41796321311
41796321036
41796321190
41796321238
41796321164
41796321669
41796321228
41796321103
41796321135
41796321198
41796321158
41796321384
41796321299
41796321303
41796321133
41796321094
41796321120
41796321400
41796321201
41796321271
41796321440
41796321213
41796321232
41796321411
41796321337
41796321274
41796321170
41796321499
41796321488
41796321321
41796321241
41796321275
41796321559
41796321385
41796321313
41796321507
41796321333
41796321101
41796321441
41796321270
41796321627
41796321413
41796321423
41796321272
41796321116
41796321317
41796321332
41796321360
41796321685
41796321363
41796321207
41796321149
41796321140
41796321195
41796321106
41796321352
41796321290
41796321415
41796321163
41796321143
41796321520
41796321173
41796321356
41796321276
41796321347
41796321183
41796321251
41796321305
41796321469
41796321502
41796321370
41796321829
41796321882
41796321095
41796321895
41796321402
41796321319
41796321468
41796321575
41796321498
41796321212
41796321246
41796321286
41796321551
41796321616
41796321555
41796321404
41796321125
41796321782
41796321330
41796321780
41796321194
41796321457
41796321068
41796321545
41796321677
41796321282
41796321365
41796321391
41796321476
41796321479
41796321403
41796321230
41796321058
41796321234
41796321662
41796321444
41796321600
41796321939
41796321708
41796321964
41796321623
41796321582
41796321621
41796321335
41796321431
41796321339
41796321532
41796321432
41796321236
41796321343
41796321910
41796321452
41796321373
41796321293
41796321553
41796321897
41796321733
41796321435
41796321633
41796321560
41796321867
41796321534
41796321448
41796321287
41796321515
41796321800
41796321429
41796321416
41796321783
41796321637
41796321477
41796321438
41796321458
41796321462
41796321806
41796321522
41796321907
41796321735
41796321336
41796321818
41796321718
41796321436
41796321691
41796321650
41796321612
41796321419
41796321185
41796321369
41796321505
41796321464
41796321354
41796321486
41796321141
41796321587
41796321810
41796321542
41796321594
41796321528
41796321647
41796321673
41796321526
41796321482
41796321563
41796321244
41796321697
41796321496
41796321421
41796321631
41796321900
41796321060
41796321602
41796321601
41796321544
41796321754
41796321901
41796321632
41796321698
41796321398
41796321753
41796321716
41796321434
41796321752
41796321651
41796321773
41796321723
41796321947
41796321420
41796321811
41796321273
41796321832
41796321823
41796321451
41796321481
41796321603
41796321844
41796321478
41796321732
41796321762
41796321297
41796321644
41796321664
41796321406
41796321595
41796321550
41796321517
41796321836
41796321456
41796321739
41796321624
41796321817
41796321613
41796321707
41796321377
41796321991
41796321848
41796321569
41796321459
41796321525
41796321622
41796321945
41796321467
41796321759
41796321770
41796321957
41796321490
41796321679
41796321536
41796321531
41796321540
41796321965
41796321583
41796321684
41796321919
41796321785
41796321714
41796321859
41796321605
41796321312
41796321671
41796321418
41796321694
41796321906
41796321751
41796321668
41796321530
41796321872
41796321521
41796321834
41796321840
41796321709
41796321831
41796321876
41796321803
41796321626
41796321670
41796321720
41796321439
41796321604
41796321475
41796321409
41796321529
41796321847
41796321779
41796321736
41796321913
41796321819
41796321450
41796321636
41796321763
41796321259
41796321822
41796321777
41796321682
41796321766
41796321535
41796321889
41796321866
41796321382
41796321461
41796321474
41796321726
41796321695
41796321855
41796321549
41796321788
41796321480
41796321501
41796321985
41796321608
41796321584
41796321706
41796321713
41796321661
41796321314
41796321771
41796321580
41796321861
41796321619
41796321721
41796321767
41796321699
41796321920
41796321971
41796321738
41796321843
41796321950
41796321615
41796321374
41796321929
41796321865
41796321659
41796321667
41796321802
41796321951
41796321790
41796321758
41796321394
41796321958
41796321955
41796321942
41796321816
41796321781
41796321700
41796321963
41796321593
41796321546
41796321503
41796321856
41796321756
41796321981
41796321959
41796321730
41796321990
41796321576
41796321954
41796321887
41796321746
41796321554
41796321430
41796321447
41796321704
41796321884
41796321863
41796321989
41796321640
41796321731
41796321894
41796321880
41796321737
41796321952
41796321868
41796321864
41796321970
41796321828
41796321500
41796321772
41796321830
41796321703
41796321896
41796321598
41796321827
41796321932
41796321618
41796321655
41796321926
41796321975
41796321969
41796321911
41796321874
41796321862
41796321979
41796321743
41796321940
41796321916
41796321988
41796321972
41796321809
41796321890
41796321904
41796321711
41796321838
41796321930
41796321885
41796321833
41796321912
41796321571
41796321877
41796321956
41796321463
41796321808
41796321466
41796321562
41796321933
41796321504
41796321693
41796321946
41796321610
41796321786
41796321798
41796321925
41796321927
41796321715
41796321649
41796321934
41796321879
41796321898
41796321948
41796321852
41796321841
41796321994
41796321748
41796321922
41796321857
41796321982
41796321924
41796321539
41796321568
41796321983
41796321764
41796321993
41796321835
41796321935
41796321888
41796321953
41796321881
41796321860
41796321937
41796321761
41796321936
41796321966
41796321787
41796321923
41796321878
41796321961
41796321128
41796321216
41796321524
41796321645
41796321652
41796321710
41796321903
41796321960
41796322009
41796322030
41796322008
41796322015
41796322023
41796322001
41796322006
41796322012
41796322016
41796322027
41796322020
41796322028
41796322013
41796322022
41796322004
41796322026
41796322003
41796322005
41796322021
41796322017
41796322019
41796322007
41796322081
41796322094
41796322039
41796322034
41796322043
41796322072
41796322077
41796322049
41796322082
41796322041
41796322018
41796322141
41796322103
41796322113
41796322115
41796322106
41796322056
41796322083
41796322107
41796322222
41796322097
41796322244
41796322239
41796322137
41796322221
41796322051
41796322104
41796322110
41796322105
41796322111
41796322145
41796322033
41796322159
41796322050
41796322087
41796322076
41796322065
41796322086
41796322131
41796322123
41796322135
41796322038
41796322136
41796322359
41796322070
41796322064
41796322377
41796322054
41796322088
41796322232
41796322207
41796322265
41796322138
41796322192
41796322126
41796322210
41796322099
41796322172
41796322294
41796322195
41796322124
41796322143
41796322250
41796322181
41796322516
41796322358
41796322117
41796322151
41796322530
41796322114
41796322388
41796322048
41796322206
41796322058
41796322417
41796322271
41796322293
41796322168
41796322183
41796322108
41796322619
41796322260
41796322602
41796322140
41796322246
41796322216
41796322075
41796322158
41796322120
41796322227
41796322169
41796322424
41796322273
41796322567
41796322098
41796322268
41796322247
41796322272
41796322085
41796322447
41796322066
41796322102
41796322214
41796322177
41796322393
41796322161
41796322071
41796322546
41796322068
41796322420
41796322128
41796322130
41796322176
41796322376
41796322345
41796322133
41796322228
41796322435
41796322563
41796322144
41796322328
41796322664
41796322374
41796322455
41796322659
41796322173
41796322350
41796322230
41796322205
41796322259
41796322157
41796322185
41796322465
41796322073
41796322249
41796322078
41796322261
41796322542
41796322079
41796322544
41796322194
41796322178
41796322274
41796322150
41796322368
41796322798
41796322093
41796322522
41796322800
41796322245
41796322549
41796322369
41796322803
41796322390
41796322405
41796322226
41796322341
41796322694
41796322371
41796322189
41796322201
41796322101
41796322616
41796322502
41796322478
41796322960
41796322429
41796322312
41796322092
41796322308
41796322156
41796322052
41796322241
41796322084
41796322456
41796322080
41796322163
41796322212
41796322476
41796322729
41796322213
41796322367
41796322132
41796322346
41796322451
41796322410
41796322684
41796322575
41796322217
41796322610
41796322333
41796322127
41796322769
41796322418
41796322223
41796322604
41796322258
41796322383
41796322211
41796322305
41796322296
41796322389
41796322406
41796322818
41796322964
41796322830
41796322442
41796322288
41796322955
41796322300
41796322746
41796322142
41796322332
41796322235
41796322335
41796322186
41796322503
41796322471
41796322625
41796322579
41796322536
41796322275
41796322691
41796322139
41796322491
41796322386
41796322436
41796322454
41796322495
41796322493
41796322811
41796322971
41796322256
41796322732
41796322266
41796322655
41796322284
41796322692
41796322149
41796322985
41796322280
41796322414
41796322908
41796322385
41796322620
41796322484
41796322307
41796322992
41796322758
41796322313
41796322437
41796322765
41796322337
41796322984
41796322426
41796322688
41796322146
41796322669
41796322511
41796322466
41796322545
41796322448
41796322338
41796322198
41796322430
41796322242
41796322827
41796322704
41796322255
41796322584
41796322996
41796322809
41796322402
41796322464
41796322784
41796322586
41796322865
41796322336
41796322474
41796322423
41796322304
41796322535
41796322240
41796322153
41796322220
41796322310
41796322202
41796322301
41796322922
41796322209
41796322413
41796322523
41796322782
41796322306
41796322555
41796322408
41796322816
41796322433
41796322289
41796322982
41796322618
41796322938
41796322677
41796322428
41796322165
41796322658
41796322343
41796322450
41796322483
41796322225
41796322325
41796322730
41796322199
41796322538
41796322355
41796322852
41796322460
41796322519
41796322316
41796322254
41796322788
41796322927
41796322510
41796322295
41796322517
41796322835
41796322608
41796322524
41796322920
41796322893
41796322534
41796322686
41796322501
41796322320
41796322595
41796322518
41796322733
41796322497
41796322959
41796322552
41796322434
41796322496
41796322598
41796322861
41796322422
41796322233
41796322283
41796322380
41796322234
41796322462
41796322481
41796322656
41796322716
41796322705
41796322237
41796322820
41796322469
41796322880
41796322978
41796322411
41796322911
41796322347
41796322859
41796322561
41796322526
41796322723
41796322628
41796322944
41796322439
41796322882
41796322581
41796322806
41796322322
41796322594
41796322870
41796322318
41796322589
41796322373
41796322543
41796322969
41796322432
41796322895
41796322231
41796322556
41796322560
41796322569
41796322707
41796322668
41796322754
41796322606
41796322945
41796322845
41796322804
41796322662
41796322787
41796322565
41796322990
41796322909
41796322942
41796322940
41796322683
41796322302
41796322574
41796322467
41796322416
41796322934
41796322918
41796322676
41796322689
41796322621
41796322319
41796322913
41796322675
41796322639
41796322248
41796322644
41796322749
41796322783
41796322650
41796322699
41796322897
41796322915
41796322603
41796322449
41796322331
41796322751
41796322711
41796322680
41796322286
41796322889
41796322979
41796322638
41796322807
41796322840
41796322973
41796322323
41796322702
41796322588
41796322875
41796322270
41796322611
41796322774
41796322504
41796322907
41796322848
41796322989
41796322777
41796322831
41796322666
41796322351
41796322742
41796322828
41796322498
41796322311
41796322775
41796322785
41796322452
41796322630
41796322910
41796322951
41796322400
41796322847
41796322917
41796322862
41796322665
41796322640
41796322648
41796322791
41796322479
41796322722
41796322562
41796322988
41796322553
41796322794
41796322894
41796322878
41796322881
41796322473
41796322421
41796322805
41796322891
41796322771
41796322802
41796322773
41796322477
41796322822
41796322834
41796322667
41796322713
41796322515
41796322654
41796322753
41796322366
41796322956
41796322646
41796322736
41796322795
41796322912
41796322841
41796322652
41796322871
41796322679
41796322821
41796322453
41796322928
41796322743
41796322892
41796322916
41796322712
41796322744
41796322463
41796322715
41796322506
41796322444
41796322843
41796322903
41796322905
41796322600
41796322815
41796322786
41796322929
41796322842
41796322949
41796322993
41796322933
41796322877
41796322980
41796322674
41796322849
41796322970
41796322924
41796322757
41796322906
41796322923
41796322776
41796322994
41796322660
41796322983
41796322936
41796322884
41796322734
41796322379
41796322755
41796322764
41796322966
41796322986
41796322888
41796322745
41796322850
41796322824
41796322801
41796322500
41796322890
41796322756
41796322790
41796322472
41796322797
41796322961
41796322879
41796322812
41796322548
41796322919
41796322647
41796322657
41796322925
41796322682
41796322931
41796322872
41796322714
41796322900
41796322839
41796328011
41796328015
41796328005
41796328019
41796328017
41796328001
41796328008
41796328004
41796328018
41796328021
41796328016
41796328007
41796328024
41796328022
41796328003
41796328027
41796328032
41796328031
41796328039
41796328153
41796328186
41796328351
41796328038
41796328065
41796328076
41796328084
41796328104
41796328116
41796328118
41796328181
41796328034
41796328036
41796328033
41796328051
41796328225
41796328069
41796328080
41796328099
41796328295
41796328117
41796328037
41796328169
41796328349
41796328050
41796328070
41796328383
41796328072
41796328090
41796328211
41796328079
41796328194
41796328121
41796328374
41796328129
41796328232
41796328060
41796328106
41796328252
41796328073
41796328139
41796328183
41796328294
41796328089
41796328154
41796328202
41796328146
41796328165
41796328161
41796328185
41796328205
41796328078
41796328164
41796328283
41796328325
41796328358
41796328180
41796328134
41796328253
41796328093
41796328142
41796328362
41796328321
41796328092
41796328068
41796328315
41796328209
41796328256
41796328067
41796328162
41796328158
41796328046
41796328053
41796328192
41796328049
41796328433
41796328075
41796328270
41796328293
41796328103
41796328112
41796328313
41796328138
41796328319
41796328166
41796328176
41796328148
41796328446
41796328131
41796328085
41796328098
41796328229
41796328249
41796328171
41796328177
41796328708
41796328109
41796328220
41796328265
41796328713
41796328359
41796328452
41796328461
41796328239
41796328366
41796328168
41796328341
41796328310
41796328392
41796328227
41796328320
41796328144
41796328528
41796328354
41796328478
41796328173
41796328187
41796328413
41796328257
41796328376
41796328522
41796328243
41796328125
41796328149
41796328133
41796328233
41796328811
41796328298
41796328448
41796328246
41796328340
41796328087
41796328223
41796328251
41796328494
41796328217
41796328102
41796328215
41796328147
41796328561
41796328511
41796328365
41796328108
41796328094
41796328443
41796328132
41796328777
41796328308
41796328422
41796328279
41796328214
41796328900
41796328397
41796328521
41796328380
41796328200
41796328263
41796328266
41796328317
41796328533
41796328568
41796328140
41796328224
41796328508
41796328145
41796328326
41796328518
41796328755
41796328088
41796328423
41796328244
41796328799
41796328262
41796328419
41796328384
41796328525
41796328264
41796328372
41796328361
41796328188
41796328234
41796328688
41796328292
41796328175
41796328516
41796328182
41796328700
41796328222
41796328672
41796328303
41796328248
41796328189
41796328314
41796328401
41796328378
41796328368
41796328455
41796328493
41796328403
41796328479
41796328552
41796328954
41796328402
41796328674
41796328386
41796328195
41796328444
41796328236
41796328218
41796328701
41796328404
41796328277
41796328659
41796328929
41796328783
41796328773
41796328527
41796328312
41796328083
41796328648
41796328258
41796328515
41796328208
41796328306
41796328231
41796328960
41796328327
41796328290
41796328427
41796328289
41796328282
41796328370
41796328665
41796328451
41796328975
41796328111
41796328421
41796328414
41796328377
41796328091
41796328542
41796328822
41796328676
41796328391
41796328450
41796328464
41796328307
41796328206
41796328780
41796328633
41796328338
41796328474
41796328445
41796328459
41796328167
41796328395
41796328883
41796328980
41796328555
41796328503
41796328434
41796328275
41796328367
41796328280
41796328241
41796328130
41796328714
41796328699
41796328347
41796328276
41796328484
41796328587
41796328813
41796328329
41796328513
41796328255
41796328673
41796328499
41796328579
41796328514
41796328216
41796328460
41796328235
41796328300
41796328288
41796328390
41796328285
41796328389
41796328636
41796328827
41796328388
41796328410
41796328951
41796328741
41796328735
41796328438
41796328271
41796328600
41796328297
41796328170
41796328449
41796328991
41796328524
41796328426
41796328585
41796328567
41796328630
41796328563
41796328458
41796328625
41796328334
41796328491
41796328486
41796328342
41796328559
41796328879
41796328418
41796328684
41796328823
41796328126
41796328814
41796328546
41796328801
41796328259
41796328610
41796328918
41796328808
41796328818
41796328575
41796328550
41796328592
41796328789
41796328793
41796328591
41796328887
41796328571
41796328302
41796328371
41796328962
41796328311
41796328640
41796328471
41796328613
41796328732
41796328470
41796328565
41796328500
41796328642
41796328557
41796328800
41796328617
41796328504
41796328739
41796328897
41796328497
41796328657
41796328159
41796328501
41796328631
41796328619
41796328539
41796328767
41796328731
41796328335
41796328637
41796328944
41796328762
41796328952
41796328431
41796328566
41796328424
41796328466
41796328692
41796328490
41796328409
41796328373
41796328635
41796328578
41796328968
41796328540
41796328476
41796328420
41796328834
41796328296
41796328609
41796328488
41796328742
41796328535
41796328702
41796328826
41796328582
41796328976
41796328979
41796328624
41796328727
41796328833
41796328660
41796328803
41796328477
41796328502
41796328543
41796328663
41796328845
41796328447
41796328650
41796328436
41796328761
41796328984
41796328880
41796328737
41796328616
41796328399
41796328903
41796328928
41796328696
41796328886
41796328689
41796328569
41796328865
41796328564
41796328705
41796328520
41796328931
41796328756
41796328482
41796328576
41796328736
41796328509
41796328831
41796328907
41796328902
41796328679
41796328791
41796328709
41796328707
41796328743
41796328573
41796328861
41796328746
41796328407
41796328570
41796328682
41796328815
41796328584
41796328716
41796328468
41796328647
41796328763
41796328641
41796328694
41796328723
41796328884
41796328623
41796328615
41796328977
41796328889
41796328599
41796328961
41796328776
41796328840
41796328913
41796328483
41796328652
41796328333
41796328754
41796328655
41796328849
41796328757
41796328807
41796328603
41796328492
41796328719
41796328896
41796328712
41796328898
41796328583
41796328798
41796328748
41796328862
41796328949
41796328670
41796328877
41796328872
41796328346
41796328820
41796328778
41796328639
41796328825
41796328868
41796328957
41796328706
41796328472
41796328996
41796328651
41796328750
41796328875
41796328959
41796328848
41796328729
41796328553
41796328463
41796328859
41796328662
41796328768
41796328914
41796328908
41796328828
41796328982
41796328915
41796328538
41796328810
41796328974
41796328545
41796328847
41796328770
41796328927
41796328920
41796328867
41796328690
41796328986
41796328905
41796328507
41796328758
41796328955
41796328921
41796328666
41796328881
41796328973
41796328586
41796328558
41796328687
41796328892
41796328788
41796328852
41796328614
41796328922
41796328839
41796328943
41796328824
41796328632
41796328594
41796328956
41796328901
41796328775
41796328779
41796328890
41796328992
41796328994
41796328895
41796328878
41796328953
41796328871
41796328989
41796328835
41796328697
41796328988
41796328990
41796328722
41796328858
41796328885
41796328970
41796328844
41796328580
41796328916
41796328912
41796328786
41796328812
41796328598
41796328894
41796328604
41796328715
41796328925
41796328870
41796328899
41796328836
41796328711
41796328805
41796328888
41796328850
41796328738
41796328747
41796328969
41796328948
41796328842
41796328932
41796328851
41796328967
41796328938
41796328751
41796328804
41796328802
41796328972
41796328829
41796328863
41796328919
41796328940
41796328917
41796328874
41796327015
41796327025
41796327004
41796327022
41796327030
41796327020
41796327014
41796327031
41796327007
41796327013
41796327027
41796327028
41796327011
41796327008
41796327009
41796327002
41796327029
41796327017
41796327032
41796327181
41796327041
41796327304
41796327069
41796327152
41796327059
41796327044
41796327075
41796327056
41796327340
41796327055
41796327153
41796327172
41796327162
41796327176
41796327042
41796327050
41796327255
41796327330
41796327265
41796327097
41796327077
41796327188
41796327095
41796327310
41796327090
41796327272
41796327100
41796327054
41796327274
41796327099
41796327091
41796327315
41796327133
41796327189
41796327217
41796327083
41796327084
41796327080
41796327165
41796327135
41796327198
41796327229
41796327240
41796327170
41796327033
41796327266
41796327045
41796327134
41796327101
41796327225
41796327302
41796327034
41796327149
41796327195
41796327155
41796327146
41796327036
41796327070
41796327088
41796327082
41796327213
41796327060
41796327337
41796327331
41796327311
41796327248
41796327062
41796327147
41796327096
41796327318
41796327221
41796327114
41796327324
41796327344
41796327349
41796327093
41796327334
41796327166
41796327038
41796327094
41796327107
41796327076
41796327288
41796327037
41796327332
41796327130
41796327058
41796327143
41796327247
41796327079
41796327289
41796327057
41796327187
41796327257
41796327184
41796327116
41796327186
41796327140
41796327122
41796327236
41796327156
41796327098
41796327296
41796327081
41796327314
41796327138
41796327216
41796327204
41796327220
41796327254
41796327281
41796327317
41796327280
41796327306
41796327276
41796327144
41796327267
41796327200
41796327293
41796327111
41796327278
41796327173
41796327271
41796327325
41796327252
41796327206
41796327223
41796327178
41796327259
41796327343
41796327231
41796327073
41796327246
41796327222
41796327249
41796327333
41796327342
41796327148
41796327119
41796327300
41796327212
41796327039
41796327299
41796327235
41796327145
41796327192
41796327290
41796327239
41796327072
41796327346
41796327312
41796327157
41796327313
41796327287
41796327139
41796327347
41796327341
41796327104
41796327339
41796327320
41796327151
41796327244
41796327336
41796327250
41796327303
41796327308
41796327321
41796327182
41796327270
41796327279
41796327273
41796327160
41796327323
41796327110
41796327219
41796327179
41796327199
41796327291
41796327203
41796327208
41796327382
41796327370
41796327363
41796327366
41796327365
41796327358
41796327368
41796327360
41796327379
41796327373
41796327378
41796327375
41796327369
41796327355
41796327367
41796327359
41796327361
41796327352
41796327377
41796327372
41796327400
41796327406
41796327656
41796327385
41796327537
41796327387
41796327394
41796327442
41796327481
41796327486
41796327449
41796327390
41796327403
41796327397
41796327459
41796327454
41796327473
41796327478
41796327477
41796327513
41796327557
41796327542
41796327395
41796327538
41796327432
41796327544
41796327427
41796327402
41796327398
41796327609
41796327425
41796327437
41796327489
41796327502
41796327515
41796327447
41796327520
41796327448
41796327562
41796327620
41796327389
41796327642
41796327509
41796327388
41796327670
41796327393
41796327622
41796327408
41796327429
41796327606
41796327441
41796327619
41796327409
41796327501
41796327411
41796327460
41796327569
41796327591
41796327540
41796327522
41796327404
41796327615
41796327529
41796327499
41796327593
41796327551
41796327463
41796327451
41796327494
41796327439
41796327422
41796327663
41796327470
41796327480
41796327446
41796327401
41796327456
41796327518
41796327524
41796327580
41796327641
41796327461
41796327467
41796327517
41796327545
41796327592
41796327384
41796327571
41796327560
41796327588
41796327405
41796327633
41796327543
41796327440
41796327554
41796327504
41796327548
41796327530
41796327521
41796327458
41796327629
41796327533
41796327590
41796327561
41796327576
41796327690
41796327472
41796327579
41796327500
41796327516
41796327519
41796327675
41796327659
41796327531
41796327679
41796327639
41796327564
41796327527
41796327582
41796327612
41796327450
41796327417
41796327555
41796327426
41796327664
41796327503
41796327474
41796327536
41796327444
41796327507
41796327650
41796327572
41796327655
41796327694
41796327414
41796327698
41796327671
41796327676
41796327657
41796327618
41796327626
41796327605
41796327640
41796327452
41796327637
41796327488
41796327630
41796327651
41796327534
41796327512
41796327431
41796327665
41796327668
41796327654
41796327632
41796327594
41796327445
41796327646
41796327553
41796327687
41796327666
41796327621
41796327686
41796327465
41796327575
41796327505
41796327662
41796327549
41796327476
41796327649
41796327563
41796327697
41796327614
41796327525
41796327568
41796327570
41796327677
41796327558
41796327566
41796327667
41796327672
41796327608
41796327673
41796327627
41796327726
41796327704
41796327722
41796327713
41796327721
41796327733
41796327709
41796327708
41796327723
41796327701
41796327712
41796327732
41796327727
41796327731
41796327720
41796327724
41796327702
41796327705
41796327710
41796327729
41796327730
41796327715
41796327717
41796327737
41796327754
41796327785
41796327744
41796327768
41796327787
41796327741
41796327788
41796327779
41796327742
41796327767
41796327770
41796327761
41796327750
41796327740
41796327778
41796327748
41796327777
41796327772
41796327753
41796327745
41796327755
41796327735
41796327769
41796327756
41796327793
41796327766
41796327764
41796327807
41796327824
41796327802
41796327821
41796327828
41796327848
41796327818
41796327810
41796327835
41796327816
41796327794
41796327843
41796327820
41796327808
41796327803
41796327805
41796327800
41796327840
41796327804
41796327834
41796327851
41796327827
41796327823
41796327839
41796327801
41796327836
41796327897
41796327898
41796327867
41796327878
41796327873
41796327865
41796327884
41796327891
41796327893
41796327892
41796327862
41796327910
41796327872
41796327876
41796327856
41796327882
41796327911
41796327889
41796327854
41796327874
41796327877
41796327871
41796327860
41796327879
41796327904
41796327894
41796327899
41796327880
41796327902
41796327900
41796327901
41796327907
41796327888
41796327908
41796327961
41796327937
41796327954
41796327920
41796327917
41796327944
41796327926
41796327913
41796327916
41796327915
41796327935
41796327958
41796327965
41796327941
41796327956
41796327919
41796327940
41796327929
41796327924
41796327943
41796327942
41796327949
41796327960
41796327923
41796327950
41796327962
41796327959
41796327964
41796327966
41796327921
41796327969
41796327927
41796327953
41796327948
41796327933
41796327955
41796327938
41796327983
41796327989
41796327985
41796327992
41796327970
41796327974
41796327978
41796327997
41796327972
41796327984
41796327975
41796327986
41796327988
41796327995
41796327979
41796327973
41796327993
41796327991
41796327987
41796327994
