41793025000
41793025003
41793025013
41793025031
41793025007
41793025020
41793025002
41793025028
41793025024
41793025009
41793025030
41793025021
41793025022
41793025004
41793025019
41793025072
41793025095
41793025042
41793025046
41793025066
41793025075
41793025067
41793025079
41793025108
41793025045
41793025107
41793025100
41793025197
41793025186
41793025228
41793025136
41793025220
41793025241
41793025239
41793025038
41793025139
41793025081
41793025055
41793025164
41793025159
41793025083
41793025313
41793025033
41793025068
41793025232
41793025234
41793025043
41793025054
41793025041
41793025229
41793025057
41793025039
41793025113
41793025356
41793025071
41793025143
41793025138
41793025112
41793025160
41793025132
41793025343
41793025182
41793025149
41793025062
41793025163
41793025090
41793025282
41793025152
41793025270
41793025168
41793025104
41793025078
41793025134
41793025060
41793025263
41793025050
41793025273
41793025070
41793025269
41793025093
41793025278
41793025181
41793025098
41793025099
41793025292
41793025399
41793025215
41793025035
41793025053
41793025556
41793025144
41793025080
41793025205
41793025174
41793025314
41793025109
41793025563
41793025240
41793025296
41793025122
41793025103
41793025076
41793025359
41793025307
41793025427
41793025507
41793025466
41793025290
41793025179
41793025180
41793025243
41793025085
41793025434
41793025202
41793025322
41793025087
41793025318
41793025330
41793025151
41793025056
41793025115
41793025483
41793025328
41793025305
41793025150
41793025101
41793025378
41793025255
41793025106
41793025420
41793025289
41793025084
41793025246
41793025388
41793025044
41793025116
41793025308
41793025222
41793025047
41793025559
41793025154
41793025714
41793025339
41793025301
41793025394
41793025387
41793025111
41793025184
41793025320
41793025630
41793025129
41793025389
41793025214
41793025383
41793025170
41793025118
41793025137
41793025201
41793025295
41793025176
41793025142
41793025527
41793025171
41793025540
41793025183
41793025091
41793025325
41793025077
41793025753
41793025453
41793025358
41793025284
41793025564
41793025506
41793025391
41793025624
41793025505
41793025409
41793025158
41793025511
41793025832
41793025117
41793025211
41793025185
41793025854
41793025392
41793025375
41793025421
41793025470
41793025260
41793025272
41793025350
41793025177
41793025695
41793025172
41793025357
41793025381
41793025428
41793025429
41793025367
41793025593
41793025140
41793025102
41793025200
41793025743
41793025332
41793025565
41793025701
41793025218
41793025233
41793025291
41793025634
41793025329
41793025354
41793025395
41793025509
41793025949
41793025881
41793025267
41793025376
41793025663
41793025473
41793025312
41793025361
41793025369
41793025441
41793025333
41793025219
41793025467
41793025258
41793025224
41793025311
41793025618
41793025364
41793025189
41793025730
41793025271
41793025353
41793025627
41793025758
41793025345
41793025816
41793025385
41793025614
41793025933
41793025445
41793025749
41793025675
41793025405
41793025735
41793025238
41793025845
41793025712
41793025504
41793025231
41793025323
41793025254
41793025365
41793025340
41793025398
41793025288
41793025582
41793025578
41793025510
41793025620
41793025502
41793025216
41793025665
41793025636
41793025315
41793025983
41793025331
41793025199
41793025251
41793025800
41793025416
41793025303
41793025920
41793025819
41793025403
41793025621
41793025153
41793025443
41793025411
41793025390
41793025542
41793025262
41793025555
41793025463
41793025371
41793025622
41793025377
41793025344
41793025639
41793025526
41793025287
41793025771
41793025482
41793025891
41793025759
41793025939
41793025744
41793025484
41793025156
41793025613
41793025574
41793025938
41793025236
41793025285
41793025440
41793025415
41793025776
41793025501
41793025412
41793025590
41793025157
41793025536
41793025147
41793025212
41793025692
41793025669
41793025203
41793025598
41793025489
41793025347
41793025664
41793025451
41793025738
41793025912
41793025349
41793025225
41793025804
41793025900
41793025396
41793025726
41793025498
41793025985
41793025373
41793025492
41793025442
41793025193
41793025887
41793025767
41793025865
41793025642
41793025993
41793025868
41793025462
41793025425
41793025436
41793025245
41793025446
41793025666
41793025568
41793025524
41793025479
41793025130
41793025553
41793025544
41793025572
41793025673
41793025694
41793025366
41793025486
41793025741
41793025286
41793025704
41793025658
41793025402
41793025869
41793025400
41793025472
41793025610
41793025764
41793025799
41793025585
41793025500
41793025321
41793025485
41793025745
41793025528
41793025914
41793025529
41793025952
41793025571
41793025833
41793025265
41793025910
41793025575
41793025718
41793025717
41793025552
41793025690
41793025595
41793025835
41793025770
41793025584
41793025734
41793025659
41793025418
41793025874
41793025133
41793025956
41793025878
41793025424
41793025688
41793025298
41793025806
41793025548
41793025547
41793025346
41793025468
41793025612
41793025204
41793025867
41793025829
41793025406
41793025503
41793025591
41793025709
41793025649
41793025617
41793025674
41793025646
41793025875
41793025522
41793025739
41793025793
41793025541
41793025725
41793025297
41793025465
41793025432
41793025518
41793025723
41793025994
41793025989
41793025693
41793025924
41793025922
41793025623
41793025814
41793025304
41793025682
41793025861
41793025326
41793025886
41793025647
41793025512
41793025554
41793025606
41793025679
41793025653
41793025520
41793025531
41793025737
41793025670
41793025208
41793025969
41793025760
41793025629
41793025519
41793025491
41793025525
41793025545
41793025435
41793025698
41793025439
41793025995
41793025853
41793025864
41793025401
41793025594
41793025766
41793025455
41793025708
41793025782
41793025360
41793025661
41793025818
41793025728
41793025566
41793025997
41793025516
41793025499
41793025992
41793025713
41793025633
41793025632
41793025801
41793025362
41793025836
41793025250
41793025581
41793025490
41793025915
41793025945
41793025657
41793025946
41793025569
41793025926
41793025546
41793025751
41793025828
41793025785
41793025794
41793025877
41793025934
41793025637
41793025962
41793025497
41793025976
41793025460
41793025773
41793025508
41793025711
41793025576
41793025824
41793025668
41793025892
41793025433
41793025940
41793025936
41793025831
41793025842
41793025893
41793025671
41793025654
41793025932
41793025788
41793025722
41793025873
41793025611
41793025763
41793025975
41793025863
41793025684
41793025961
41793025942
41793025929
41793025419
41793025921
41793025447
41793025958
41793025757
41793025791
41793025916
41793025641
41793025838
41793025964
41793025478
41793025628
41793025450
41793025889
41793025809
41793025374
41793025742
41793025729
41793025592
41793025477
41793025538
41793025834
41793025955
41793025884
41793025953
41793025925
41793025844
41793025909
41793025812
41793025597
41793025587
41793025979
41793025857
41793025978
41793025931
41793025923
41793025792
41793025583
41793025960
41793025885
41793025635
41793025599
41793025588
41793025795
41793025609
41793025991
41793025539
41793025802
41793025807
41793025963
41793025762
41793025681
41793025859
41793025781
41793025754
41793025950
41793025579
41793025852
41793025667
41793025849
41793025796
41793025746
41793025882
41793025707
41793025870
41793025810
41793025895
41793025883
41793025937
41793025036
41793025167
41793025903
41793025927
41793025987
41793025379
41793025458
41793025966
41793024000
41793024008
41793024001
41793024011
41793024014
41793024018
41793024026
41793024027
41793024015
41793024029
41793024012
41793024017
41793024006
41793024009
41793024016
41793024030
41793024007
41793024068
41793024069
41793024113
41793024176
41793024034
41793024038
41793024036
41793024065
41793024059
41793024088
41793024085
41793024060
41793024129
41793024126
41793024130
41793024120
41793024080
41793024054
41793024108
41793024099
41793024041
41793024107
41793024063
41793024109
41793024306
41793024117
41793024159
41793024190
41793024131
41793024043
41793024181
41793024200
41793024171
41793024230
41793024053
41793024313
41793024248
41793024035
41793024301
41793024133
41793024252
41793024118
41793024218
41793024338
41793024136
41793024066
41793024067
41793024240
41793024048
41793024320
41793024185
41793024194
41793024155
41793024051
41793024196
41793024244
41793024362
41793024144
41793024250
41793024179
41793024180
41793024201
41793024123
41793024098
41793024243
41793024056
41793024078
41793024137
41793024294
41793024289
41793024086
41793024209
41793024324
41793024100
41793024045
41793024563
41793024142
41793024251
41793024039
41793024450
41793024082
41793024042
41793024040
41793024102
41793024299
41793024341
41793024353
41793024050
41793024282
41793024172
41793024423
41793024186
41793024300
41793024175
41793024404
41793024246
41793024219
41793024199
41793024463
41793024460
41793024452
41793024156
41793024160
41793024366
41793024234
41793024140
41793024269
41793024395
41793024628
41793024296
41793024075
41793024058
41793024262
41793024455
41793024089
41793024087
41793024587
41793024256
41793024263
41793024439
41793024329
41793024374
41793024193
41793024530
41793024513
41793024213
41793024247
41793024271
41793024350
41793024540
41793024359
41793024184
41793024410
41793024453
41793024092
41793024163
41793024358
41793024606
41793024093
41793024215
41793024347
41793024260
41793024146
41793024428
41793024232
41793024786
41793024484
41793024584
41793024438
41793024105
41793024334
41793024183
41793024436
41793024416
41793024307
41793024691
41793024149
41793024122
41793024151
41793024572
41793024097
41793024378
41793024377
41793024480
41793024603
41793024716
41793024589
41793024245
41793024382
41793024373
41793024562
41793024216
41793024345
41793024550
41793024621
41793024081
41793024318
41793024705
41793024267
41793024834
41793024655
41793024445
41793024651
41793024573
41793024491
41793024714
41793024528
41793024310
41793024278
41793024191
41793024255
41793024192
41793024095
41793024697
41793024139
41793024311
41793024343
41793024851
41793024532
41793024501
41793024426
41793024357
41793024611
41793024265
41793024612
41793024412
41793024241
41793024407
41793024321
41793024641
41793024601
41793024812
41793024580
41793024577
41793024650
41793024238
41793024539
41793024638
41793024372
41793024687
41793024505
41793024236
41793024198
41793024454
41793024421
41793024365
41793024585
41793024615
41793024168
41793024482
41793024360
41793024766
41793024270
41793024522
41793024319
41793024660
41793024380
41793024297
41793024446
41793024762
41793024847
41793024670
41793024548
41793024211
41793024317
41793024779
41793024719
41793024370
41793024214
41793024556
41793024254
41793024500
41793024526
41793024492
41793024634
41793024448
41793024223
41793024400
41793024525
41793024598
41793024518
41793024576
41793024490
41793024726
41793024759
41793024499
41793024376
41793024351
41793024504
41793024524
41793024757
41793024363
41793024750
41793024910
41793024239
41793024493
41793024951
41793024471
41793024356
41793024700
41793024401
41793024437
41793024461
41793024905
41793024590
41793024802
41793024860
41793024715
41793024489
41793024325
41793024390
41793024394
41793024767
41793024658
41793024685
41793024796
41793024926
41793024558
41793024730
41793024940
41793024791
41793024605
41793024217
41793024686
41793024422
41793024564
41793024514
41793024419
41793024203
41793024927
41793024330
41793024434
41793024784
41793024473
41793024547
41793024302
41793024798
41793024517
41793024336
41793024832
41793024833
41793024613
41793024918
41793024384
41793024510
41793024795
41793024600
41793024408
41793024672
41793024285
41793024432
41793024557
41793024770
41793024738
41793024912
41793024669
41793024778
41793024693
41793024823
41793024771
41793024462
41793024986
41793024277
41793024546
41793024617
41793024575
41793024698
41793024809
41793024535
41793024610
41793024559
41793024946
41793024552
41793024987
41793024543
41793024711
41793024568
41793024826
41793024604
41793024702
41793024494
41793024304
41793024827
41793024808
41793024332
41793024962
41793024696
41793024569
41793024963
41793024574
41793024713
41793024586
41793024764
41793024944
41793024694
41793024820
41793024887
41793024555
41793024923
41793024520
41793024342
41793024393
41793024971
41793024280
41793024636
41793024765
41793024622
41793024608
41793024665
41793024792
41793024807
41793024824
41793024956
41793024752
41793024964
41793024977
41793024799
41793024647
41793024804
41793024821
41793024737
41793024521
41793024849
41793024843
41793024984
41793024934
41793024467
41793024864
41793024902
41793024648
41793024406
41793024399
41793024592
41793024478
41793024790
41793024882
41793024508
41793024945
41793024896
41793024741
41793024425
41793024878
41793024909
41793024630
41793024640
41793024976
41793024405
41793024874
41793024825
41793024753
41793024787
41793024908
41793024676
41793024913
41793024871
41793024831
41793024855
41793024328
41793024969
41793024627
41793024391
41793024588
41793024785
41793024928
41793024895
41793024828
41793024970
41793024953
41793024947
41793024475
41793024873
41793024985
41793024666
41793024914
41793024595
41793024415
41793024570
41793024903
41793024974
41793024811
41793024674
41793024941
41793024712
41793024743
41793024916
41793024866
41793024822
41793024723
41793024949
41793024981
41793024936
41793024943
41793024551
41793024681
41793024939
41793024960
41793024819
41793024344
41793024931
41793024997
41793024869
41793024459
41793024626
41793024884
41793024870
41793024863
41793024888
41793024487
41793024988
41793024880
41793024891
41793024688
41793024744
41793024920
41793024635
41793024596
41793024727
41793024900
41793024742
41793024893
41793024813
41793024817
41793024930
41793024749
41793024980
41793024925
41793024755
41793024979
41793024983
41793024509
41793024780
41793024907
41793024957
41793024781
41793024961
41793024850
41793026000
41793026030
41793026024
41793026013
41793026009
41793026007
41793026017
41793026003
41793026020
41793026012
41793026015
41793026011
41793026022
41793026028
41793026027
41793026006
41793026001
41793026004
41793026010
41793026008
41793026018
41793026023
41793026019
41793026040
41793026133
41793026110
41793026150
41793026059
41793026058
41793026073
41793026036
41793026034
41793026033
41793026051
41793026091
41793026056
41793026086
41793026081
41793026126
41793026038
41793026050
41793026142
41793026095
41793026234
41793026060
41793026188
41793026189
41793026199
41793026072
41793026148
41793026228
41793026131
41793026249
41793026256
41793026276
41793026055
41793026290
41793026065
41793026176
41793026042
41793026100
41793026312
41793026210
41793026341
41793026328
41793026061
41793026140
41793026121
41793026243
41793026168
41793026134
41793026309
41793026043
41793026068
41793026037
41793026054
41793026117
41793026048
41793026070
41793026205
41793026046
41793026272
41793026084
41793026107
41793026216
41793026078
41793026182
41793026138
41793026120
41793026202
41793026248
41793026136
41793026146
41793026173
41793026179
41793026082
41793026174
41793026145
41793026264
41793026092
41793026066
41793026282
41793026236
41793026206
41793026102
41793026071
41793026242
41793026069
41793026157
41793026114
41793026175
41793026288
41793026144
41793026207
41793026314
41793026177
41793026253
41793026161
41793026266
41793026186
41793026149
41793026191
41793026153
41793026223
41793026088
41793026257
41793026251
41793026115
41793026279
41793026260
41793026343
41793026268
41793026289
41793026101
41793026221
41793026200
41793026238
41793026201
41793026254
41793026261
41793026306
41793026062
41793026327
41793026128
41793026323
41793026193
41793026286
41793026171
41793026285
41793026215
41793026274
41793026204
41793026125
41793026329
41793026271
41793026143
41793026319
41793026111
41793026262
41793026252
41793026187
41793026331
41793026346
41793026166
41793026226
41793026192
41793026339
41793026324
41793026267
41793026335
41793026225
41793026258
41793026247
41793026307
41793026094
41793026080
41793026164
41793026245
41793026195
41793026104
41793026218
41793026219
41793026333
41793026303
41793026239
41793026263
41793026240
41793026336
41793026255
41793026224
41793026109
41793026265
41793026108
41793026320
41793026287
41793026259
41793026230
41793026208
41793026250
41793026270
41793026132
41793026340
41793026163
41793026310
41793026326
41793026311
41793026241
41793026294
41793026315
41793026170
41793026299
41793026334
41793026213
41793026308
41793026283
41793026375
41793026353
41793026366
41793026362
41793026363
41793026355
41793026380
41793026354
41793026358
41793026378
41793026377
41793026372
41793026371
41793026361
41793026382
41793026381
41793026368
41793026364
41793026369
41793026387
41793026411
41793026405
41793026487
41793026497
41793026569
41793026426
41793026465
41793026398
41793026388
41793026408
41793026391
41793026534
41793026423
41793026438
41793026433
41793026467
41793026455
41793026429
41793026459
41793026414
41793026485
41793026565
41793026428
41793026412
41793026397
41793026406
41793026635
41793026533
41793026538
41793026417
41793026400
41793026383
41793026437
41793026558
41793026541
41793026415
41793026637
41793026531
41793026540
41793026520
41793026668
41793026561
41793026479
41793026596
41793026574
41793026692
41793026418
41793026396
41793026401
41793026583
41793026472
41793026451
41793026427
41793026490
41793026564
41793026413
41793026461
41793026501
41793026588
41793026452
41793026421
41793026442
41793026430
41793026449
41793026460
41793026613
41793026464
41793026632
41793026507
41793026631
41793026548
41793026614
41793026609
41793026539
41793026582
41793026640
41793026491
41793026447
41793026656
41793026606
41793026511
41793026454
41793026573
41793026577
41793026510
41793026484
41793026495
41793026389
41793026551
41793026638
41793026556
41793026446
41793026683
41793026591
41793026434
41793026483
41793026537
41793026572
41793026516
41793026402
41793026585
41793026629
41793026476
41793026404
41793026628
41793026470
41793026689
41793026685
41793026486
41793026543
41793026662
41793026595
41793026445
41793026546
41793026622
41793026521
41793026651
41793026602
41793026514
41793026626
41793026682
41793026684
41793026659
41793026648
41793026395
41793026517
41793026666
41793026568
41793026555
41793026518
41793026448
41793026650
41793026523
41793026567
41793026620
41793026532
41793026422
41793026575
41793026480
41793026508
41793026519
41793026590
41793026612
41793026458
41793026645
41793026607
41793026673
41793026469
41793026466
41793026492
41793026665
41793026598
41793026587
41793026644
41793026618
41793026529
41793026542
41793026630
41793026647
41793026562
41793026661
41793026506
41793026489
41793026463
41793026664
41793026456
41793026496
41793026536
41793026611
41793026500
41793026524
41793026552
41793026530
41793026672
41793026494
41793026667
41793026634
41793026600
41793026654
41793026553
41793026505
41793026652
41793026580
41793026578
41793026544
41793026566
41793026554
41793026699
41793026581
41793026503
41793026646
41793026586
41793026599
41793026619
41793026677
41793026697
41793026691
41793026693
41793026550
41793026601
41793026688
41793026522
41793026678
41793026621
41793026623
41793026671
41793026617
41793026527
41793026708
41793026706
41793026711
41793026726
41793026716
41793026701
41793026721
41793026724
41793026715
41793026702
41793026722
41793026730
41793026717
41793026729
41793026710
41793026704
41793026718
41793026713
41793026745
41793026777
41793026776
41793026731
41793026753
41793026743
41793026755
41793026746
41793026742
41793026760
41793026788
41793026784
41793026738
41793026772
41793026732
41793026786
41793026802
41793026768
41793026749
41793026769
41793026773
41793026758
41793026740
41793026798
41793026812
41793026808
41793026774
41793026756
41793026757
41793026762
41793026783
41793026733
41793026744
41793026807
41793026809
41793026813
41793026803
41793026780
41793026759
41793026805
41793026789
41793026810
41793026771
41793026750
41793026794
41793026747
41793026795
41793026806
41793026867
41793026899
41793026826
41793026818
41793026822
41793026844
41793026842
41793026841
41793026858
41793026859
41793026875
41793026891
41793026895
41793026876
41793026832
41793026816
41793026820
41793026853
41793026874
41793026829
41793026854
41793026819
41793026845
41793026880
41793026855
41793026856
41793026865
41793026878
41793026850
41793026830
41793026837
41793026889
41793026838
41793026871
41793026868
41793026885
41793026894
41793026827
41793026843
41793026896
41793026877
41793026863
41793026890
41793026825
41793026814
41793026898
41793026857
41793026851
41793026834
41793026866
41793026847
41793026860
41793026888
41793026872
41793026879
41793026912
41793026911
41793026950
41793026951
41793026919
41793026900
41793026905
41793026910
41793026924
41793026921
41793026917
41793026928
41793026932
41793026965
41793026954
41793026944
41793026979
41793026909
41793026908
41793026918
41793026902
41793026916
41793026946
41793026981
41793026941
41793026958
41793026964
41793026903
41793026933
41793026943
41793026927
41793026914
41793026970
41793026971
41793026949
41793026968
41793026940
41793026961
41793026986
41793026960
41793026922
41793026907
41793026955
41793026977
41793026962
41793026931
41793026980
41793026953
41793026913
41793026952
41793026972
41793026966
41793026936
41793026926
41793026930
41793026985
41793026984
41793026967
41793026969
41793026959
41793026978
41793026975
41793026990
41793026992
41793026988
41793026989
41793026997
41793026939
41793020000
41793020018
41793020012
41793020015
41793020022
41793020026
41793020030
41793020013
41793020021
41793020020
41793020007
41793020027
41793020019
41793020024
41793020008
41793020028
41793020010
41793020097
41793020083
41793020105
41793020140
41793020033
41793020296
41793020062
41793020166
41793020077
41793020078
41793020088
41793020112
41793020136
41793020057
41793020228
41793020232
41793020203
41793020053
41793020114
41793020041
41793020059
41793020058
41793020094
41793020063
41793020134
41793020108
41793020137
41793020141
41793020258
41793020117
41793020148
41793020287
41793020109
41793020280
41793020173
41793020191
41793020074
41793020309
41793020161
41793020282
41793020224
41793020275
41793020216
41793020122
41793020297
41793020220
41793020071
41793020171
41793020084
41793020313
41793020152
41793020066
41793020069
41793020089
41793020096
41793020052
41793020172
41793020135
41793020080
41793020104
41793020251
41793020243
41793020190
41793020110
41793020348
41793020236
41793020072
41793020121
41793020294
41793020298
41793020090
41793020314
41793020170
41793020202
41793020034
41793020323
41793020218
41793020047
41793020044
41793020273
41793020048
41793020116
41793020070
41793020320
41793020133
41793020127
41793020037
41793020156
41793020045
41793020111
41793020099
41793020095
41793020250
41793020129
41793020231
41793020350
41793020081
41793020179
41793020158
41793020311
41793020169
41793020195
41793020128
41793020233
41793020257
41793020349
41793020050
41793020103
41793020056
41793020321
41793020330
41793020217
41793020149
41793020160
41793020226
41793020283
41793020185
41793020143
41793020315
41793020194
41793020347
41793020142
41793020306
41793020067
41793020138
41793020087
41793020332
41793020183
41793020326
41793020333
41793020159
41793020118
41793020253
41793020146
41793020246
41793020186
41793020229
41793020346
41793020201
41793020093
41793020263
41793020175
41793020221
41793020125
41793020163
41793020184
41793020205
41793020300
41793020227
41793020035
41793020154
41793020230
41793020145
41793020237
41793020198
41793020212
41793020310
41793020222
41793020206
41793020254
41793020272
41793020318
41793020209
41793020213
41793020291
41793020210
41793020308
41793020295
41793020106
41793020215
41793020207
41793020247
41793020331
41793020266
41793020197
41793020290
41793020249
41793020288
41793020223
41793020180
41793020281
41793020102
41793020252
41793020286
41793020303
41793020336
41793020304
41793020248
41793020075
41793020312
41793020319
41793020219
41793020235
41793020284
41793020324
41793020276
41793020240
41793020211
41793020269
41793020322
41793020204
41793020176
41793020316
41793020262
41793020335
41793020189
41793020334
41793020302
41793020325
41793020381
41793020366
41793020356
41793020353
41793020370
41793020373
41793020375
41793020369
41793020377
41793020357
41793020358
41793020368
41793020372
41793020359
41793020363
41793020379
41793020355
41793020365
41793020376
41793020397
41793020437
41793020488
41793020495
41793020503
41793020408
41793020443
41793020386
41793020464
41793020568
41793020405
41793020536
41793020403
41793020423
41793020457
41793020414
41793020425
41793020472
41793020510
41793020485
41793020406
41793020393
41793020511
41793020505
41793020429
41793020491
41793020553
41793020567
41793020576
41793020463
41793020502
41793020508
41793020400
41793020591
41793020637
41793020593
41793020574
41793020634
41793020481
41793020651
41793020681
41793020621
41793020545
41793020419
41793020467
41793020435
41793020665
41793020544
41793020497
41793020428
41793020396
41793020385
41793020693
41793020695
41793020500
41793020452
41793020649
41793020427
41793020398
41793020394
41793020494
41793020466
41793020438
41793020458
41793020440
41793020506
41793020415
41793020532
41793020442
41793020546
41793020436
41793020584
41793020517
41793020680
41793020433
41793020627
41793020434
41793020551
41793020600
41793020469
41793020477
41793020538
41793020533
41793020543
41793020384
41793020623
41793020451
41793020542
41793020606
41793020422
41793020671
41793020531
41793020523
41793020513
41793020417
41793020404
41793020655
41793020589
41793020462
41793020619
41793020663
41793020632
41793020489
41793020572
41793020592
41793020590
41793020672
41793020557
41793020635
41793020601
41793020515
41793020608
41793020644
41793020526
41793020479
41793020607
41793020470
41793020493
41793020570
41793020691
41793020588
41793020664
41793020698
41793020602
41793020471
41793020444
41793020669
41793020492
41793020582
41793020620
41793020636
41793020540
41793020586
41793020603
41793020596
41793020629
41793020646
41793020573
41793020690
41793020625
41793020631
41793020622
41793020504
41793020552
41793020614
41793020654
41793020641
41793020548
41793020519
41793020611
41793020624
41793020643
41793020490
41793020599
41793020407
41793020640
41793020520
41793020639
41793020587
41793020484
41793020524
41793020480
41793020597
41793020617
41793020648
41793020652
41793020661
41793020585
41793020667
41793020685
41793020683
41793020518
41793020686
41793020612
41793020594
41793020678
41793020512
41793020689
41793020610
41793020563
41793020696
41793020653
41793020581
41793020684
41793020724
41793020722
41793020719
41793020727
41793020715
41793020730
41793020700
41793020708
41793020711
41793020705
41793020709
41793020721
41793020704
41793020707
41793020717
41793020726
41793020714
41793020729
41793020706
41793020702
41793020720
41793020751
41793020736
41793020741
41793020753
41793020734
41793020764
41793020779
41793020777
41793020780
41793020769
41793020732
41793020785
41793020755
41793020763
41793020782
41793020774
41793020752
41793020761
41793020754
41793020733
41793020756
41793020788
41793020771
41793020790
41793020737
41793020791
41793020776
41793020792
41793020783
41793020784
41793020765
41793020767
41793020818
41793020800
41793020824
41793020797
41793020802
41793020816
41793020817
41793020805
41793020845
41793020842
41793020834
41793020799
41793020841
41793020825
41793020808
41793020829
41793020806
41793020820
41793020837
41793020798
41793020838
41793020810
41793020807
41793020803
41793020819
41793020835
41793020849
41793020843
41793020851
41793020840
41793020821
41793020812
41793020836
41793020839
41793020814
41793020809
41793020847
41793020833
41793020830
41793020828
41793020852
41793020879
41793020873
41793020860
41793020905
41793020853
41793020892
41793020869
41793020870
41793020877
41793020893
41793020895
41793020910
41793020897
41793020875
41793020911
41793020904
41793020858
41793020883
41793020886
41793020862
41793020878
41793020868
41793020872
41793020906
41793020857
41793020871
41793020866
41793020855
41793020890
41793020888
41793020909
41793020896
41793020899
41793020861
41793020863
41793020880
41793020884
41793020902
41793020856
41793020876
41793020889
41793020885
41793020864
41793020933
41793020939
41793020953
41793020962
41793020942
41793020938
41793020918
41793020932
41793020963
41793020913
41793020919
41793020920
41793020968
41793020935
41793020923
41793020959
41793020966
41793020940
41793020931
41793020917
41793020947
41793020916
41793020949
41793020954
41793020924
41793020926
41793020958
41793020921
41793020934
41793020951
41793020969
41793020944
41793020925
41793020955
41793020946
41793020977
41793020983
41793020981
41793020991
41793020980
41793020978
41793020994
41793020974
41793020997
41793020990
41793020973
41793020971
41793020992
41793020999
41793020975
41793029000
41793029015
41793029025
41793029006
41793029010
41793029017
41793029019
41793029016
41793029018
41793029013
41793029031
41793029008
41793029011
41793029030
41793029003
41793029001
41793029024
41793029032
41793029005
41793029004
41793029009
41793029166
41793029053
41793029064
41793029082
41793029040
41793029089
41793029034
41793029307
41793029106
41793029080
41793029114
41793029056
41793029092
41793029133
41793029062
41793029144
41793029071
41793029173
41793029226
41793029276
41793029191
41793029036
41793029104
41793029035
41793029275
41793029059
41793029065
41793029161
41793029067
41793029091
41793029234
41793029039
41793029116
41793029088
41793029149
41793029043
41793029373
41793029195
41793029081
41793029047
41793029146
41793029044
41793029098
41793029390
41793029158
41793029210
41793029141
41793029038
41793029406
41793029242
41793029037
41793029240
41793029308
41793029426
41793029105
41793029310
41793029370
41793029094
41793029046
41793029320
41793029202
41793029075
41793029050
41793029125
41793029063
41793029163
41793029212
41793029230
41793029090
41793029402
41793029132
41793029218
41793029233
41793029109
41793029236
41793029470
41793029203
41793029376
41793029138
41793029415
41793029291
41793029201
41793029326
41793029061
41793029122
41793029045
41793029423
41793029110
41793029285
41793029465
41793029290
41793029519
41793029298
41793029217
41793029502
41793029129
41793029260
41793029177
41793029422
41793029193
41793029048
41793029085
41793029418
41793029455
41793029501
41793029544
41793029582
41793029387
41793029328
41793029100
41793029194
41793029225
41793029394
41793029316
41793029228
41793029143
41793029150
41793029093
41793029400
41793029118
41793029420
41793029243
41793029531
41793029179
41793029198
41793029190
41793029241
41793029681
41793029473
41793029494
41793029107
41793029265
41793029533
41793029574
41793029628
41793029270
41793029282
41793029263
41793029175
41793029227
41793029300
41793029405
41793029273
41793029256
41793029323
41793029123
41793029666
41793029261
41793029537
41793029127
41793029464
41793029115
41793029648
41793029199
41793029174
41793029436
41793029266
41793029172
41793029641
41793029521
41793029606
41793029188
41793029229
41793029130
41793029383
41793029083
41793029280
41793029325
41793029801
41793029532
41793029599
41793029070
41793029637
41793029293
41793029152
41793029441
41793029086
41793029576
41793029419
41793029374
41793029944
41793029244
41793029272
41793029515
41793029338
41793029135
41793029137
41793029211
41793029148
41793029375
41793029700
41793029734
41793029128
41793029391
41793029411
41793029337
41793029730
41793029249
41793029466
41793029312
41793029514
41793029505
41793029438
41793029816
41793029205
41793029592
41793029540
41793029268
41793029526
41793029557
41793029181
41793029848
41793029289
41793029585
41793029939
41793029577
41793029294
41793029197
41793029200
41793029838
41793029475
41793029512
41793029429
41793029482
41793029322
41793029393
41793029506
41793029167
41793029719
41793029669
41793029462
41793029258
41793029613
41793029486
41793029535
41793029371
41793029219
41793029709
41793029705
41793029410
41793029726
41793029335
41793029642
41793029421
41793029208
41793029571
41793029704
41793029563
41793029684
41793029572
41793029313
41793029496
41793029340
41793029629
41793029619
41793029672
41793029306
41793029934
41793029413
41793029625
41793029894
41793029490
41793029314
41793029830
41793029255
41793029147
41793029215
41793029741
41793029953
41793029937
41793029140
41793029257
41793029904
41793029903
41793029311
41793029162
41793029550
41793029712
41793029593
41793029379
41793029500
41793029552
41793029207
41793029740
41793029386
41793029407
41793029952
41793029246
41793029334
41793029292
41793029723
41793029366
41793029396
41793029525
41793029867
41793029622
41793029561
41793029524
41793029847
41793029627
41793029990
41793029677
41793029487
41793029277
41793029616
41793029738
41793029392
41793029913
41793029610
41793029815
41793029444
41793029929
41793029978
41793029633
41793029689
41793029416
41793029946
41793029898
41793029817
41793029826
41793029601
41793029713
41793029303
41793029342
41793029917
41793029565
41793029518
41793029560
41793029467
41793029940
41793029546
41793029430
41793029942
41793029476
41793029461
41793029639
41793029360
41793029590
41793029555
41793029513
41793029378
41793029851
41793029718
41793029600
41793029562
41793029548
41793029683
41793029520
41793029746
41793029180
41793029481
41793029369
41793029725
41793029841
41793029324
41793029463
41793029899
41793029640
41793029508
41793029748
41793029682
41793029607
41793029947
41793029919
41793029615
41793029802
41793029621
41793029782
41793029612
41793029739
41793029821
41793029703
41793029902
41793029747
41793029948
41793029856
41793029566
41793029820
41793029737
41793029632
41793029994
41793029977
41793029224
41793029907
41793029668
41793029510
41793029417
41793029529
41793029409
41793029743
41793029570
41793029549
41793029829
41793029584
41793029516
41793029281
41793029554
41793029498
41793029660
41793029910
41793029706
41793029840
41793029809
41793029693
41793029286
41793029996
41793029679
41793029864
41793029663
41793029567
41793029961
41793029849
41793029797
41793029893
41793029404
41793029918
41793029283
41793029914
41793029882
41793029857
41793029933
41793029925
41793029686
41793029564
41793029744
41793029732
41793029439
41793029890
41793029745
41793029495
41793029858
41793029951
41793029624
41793029932
41793029631
41793029493
41793029685
41793029895
41793029517
41793029923
41793029733
41793029906
41793029559
41793029729
41793029614
41793029594
41793029868
41793029675
41793029644
41793029408
41793029896
41793029949
41793029707
41793029608
41793029304
41793029959
41793029523
41793029742
41793029655
41793029954
41793029957
41793029911
41793029916
41793029578
41793029834
41793029833
41793029889
41793029783
41793029813
41793029810
41793029853
41793029699
41793029900
41793029589
41793029962
41793029652
41793029886
41793029657
41793029603
41793029673
41793029697
41793029955
41793029825
41793029448
41793029315
41793029884
41793029880
41793029872
41793029943
41793029874
41793029915
41793029638
41793029317
41793029507
41793029927
41793029811
41793029986
41793029511
41793029931
41793029995
41793029626
41793029839
41793029888
41793029945
41793029842
41793029958
41793029941
41793029922
41793029887
41793029717
41793029982
41793029960
41793029664
41793029711
41793029377
41793029921
41793023000
41793023032
41793023019
41793023006
41793023001
41793023010
41793023009
41793023029
41793023011
41793023008
41793023030
41793023002
41793023005
41793023028
41793023022
41793023016
41793023031
41793023012
41793023018
41793023015
41793023063
41793023109
41793023115
41793023167
41793023131
41793023083
41793023101
41793023037
41793023097
41793023106
41793023132
41793023035
41793023046
41793023055
41793023052
41793023050
41793023137
41793023300
41793023076
41793023105
41793023119
41793023069
41793023095
41793023149
41793023086
41793023210
41793023058
41793023102
41793023176
41793023081
41793023146
41793023303
41793023045
41793023248
41793023107
41793023170
41793023197
41793023214
41793023065
41793023233
41793023220
41793023147
41793023118
41793023061
41793023049
41793023070
41793023181
41793023092
41793023108
41793023136
41793023182
41793023223
41793023067
41793023120
41793023040
41793023278
41793023294
41793023138
41793023036
41793023078
41793023087
41793023341
41793023114
41793023143
41793023154
41793023284
41793023104
41793023162
41793023215
41793023071
41793023346
41793023090
41793023064
41793023159
41793023225
41793023267
41793023196
41793023186
41793023298
41793023304
41793023232
41793023228
41793023191
41793023161
41793023253
41793023034
41793023145
41793023332
41793023152
41793023117
41793023088
41793023281
41793023266
41793023184
41793023322
41793023202
41793023270
41793023116
41793023080
41793023141
41793023039
41793023287
41793023295
41793023219
41793023240
41793023342
41793023343
41793023192
41793023323
41793023189
41793023279
41793023227
41793023299
41793023301
41793023229
41793023224
41793023261
41793023249
41793023333
41793023283
41793023242
41793023231
41793023185
41793023250
41793023237
41793023308
41793023163
41793023187
41793023110
41793023239
41793023286
41793023285
41793023213
41793023263
41793023259
41793023326
41793023135
41793023209
41793023269
41793023271
41793023226
41793023371
41793023374
41793023381
41793023377
41793023358
41793023360
41793023363
41793023370
41793023379
41793023380
41793023382
41793023367
41793023411
41793023428
41793023477
41793023443
41793023386
41793023401
41793023617
41793023418
41793023472
41793023419
41793023430
41793023531
41793023436
41793023435
41793023431
41793023433
41793023437
41793023489
41793023507
41793023516
41793023396
41793023467
41793023400
41793023522
41793023465
41793023542
41793023441
41793023422
41793023534
41793023587
41793023488
41793023602
41793023540
41793023440
41793023449
41793023615
41793023569
41793023474
41793023580
41793023571
41793023502
41793023397
41793023383
41793023455
41793023510
41793023421
41793023408
41793023557
41793023402
41793023482
41793023410
41793023565
41793023466
41793023500
41793023473
41793023447
41793023674
41793023508
41793023593
41793023416
41793023584
41793023505
41793023470
41793023485
41793023643
41793023388
41793023588
41793023616
41793023638
41793023468
41793023509
41793023661
41793023452
41793023511
41793023591
41793023439
41793023598
41793023512
41793023597
41793023605
41793023680
41793023621
41793023425
41793023426
41793023529
41793023556
41793023590
41793023528
41793023442
41793023453
41793023611
41793023679
41793023479
41793023423
41793023673
41793023666
41793023686
41793023553
41793023487
41793023606
41793023572
41793023622
41793023471
41793023633
41793023404
41793023640
41793023541
41793023469
41793023647
41793023586
41793023677
41793023692
41793023663
41793023560
41793023607
41793023499
41793023454
41793023562
41793023524
41793023494
41793023672
41793023626
41793023566
41793023599
41793023681
41793023659
41793023642
41793023668
41793023526
41793023644
41793023600
41793023652
41793023657
41793023503
41793023578
41793023609
41793023612
41793023583
41793023650
41793023549
41793023690
41793023543
41793023490
41793023646
41793023655
41793023603
41793023671
41793023601
41793023577
41793023555
41793023559
41793023631
41793023475
41793023548
41793023685
41793023629
41793023675
41793023654
41793023676
41793023506
41793023653
41793023484
41793023670
41793023535
41793023554
41793023574
41793023689
41793023581
41793023641
41793023694
41793023576
41793023639
41793023730
41793023725
41793023711
41793023719
41793023701
41793023700
41793023706
41793023718
41793023729
41793023710
41793023704
41793023705
41793023702
41793023723
41793023713
41793023707
41793023722
41793023716
41793023709
41793023714
41793023747
41793023768
41793023777
41793023750
41793023734
41793023763
41793023757
41793023733
41793023731
41793023744
41793023752
41793023758
41793023778
41793023794
41793023751
41793023736
41793023809
41793023746
41793023767
41793023741
41793023756
41793023813
41793023779
41793023810
41793023773
41793023796
41793023799
41793023789
41793023790
41793023816
41793023738
41793023803
41793023749
41793023783
41793023787
41793023795
41793023754
41793023804
41793023797
41793023821
41793023819
41793023817
41793023831
41793023836
41793023835
41793023832
41793023824
41793023837
41793023848
41793023838
41793023843
41793023825
41793023845
41793023820
41793023847
41793023827
41793023844
41793023842
41793023818
41793023830
41793023826
41793023822
41793023839
41793023829
41793023834
41793023881
41793023889
41793023868
41793023874
41793023898
41793023894
41793023877
41793023856
41793023863
41793023872
41793023883
41793023870
41793023875
41793023892
41793023891
41793023895
41793023896
41793023880
41793023853
41793023858
41793023899
41793023862
41793023876
41793023864
41793023854
41793023860
41793023851
41793023879
41793023878
41793023901
41793023865
41793023884
41793023921
41793023932
41793023905
41793023927
41793023909
41793023918
41793023928
41793023940
41793023911
41793023938
41793023939
41793023925
41793023959
41793023957
41793023908
41793023960
41793023907
41793023930
41793023947
41793023962
41793023912
41793023963
41793023919
41793023936
41793023910
41793023949
41793023952
41793023942
41793023951
41793023920
41793023931
41793023948
41793023969
41793023964
41793023944
41793023935
41793023965
41793023945
41793023985
41793023995
41793023977
41793023982
41793023972
41793023988
41793023996
41793023980
41793023970
41793023971
41793023974
41793023976
41793023983
41793021000
41793021009
41793021010
41793021021
41793021032
41793021003
41793021005
41793021014
41793021016
41793021001
41793021011
41793021024
41793021019
41793021004
41793021006
41793021002
41793021029
41793021030
41793021012
41793021031
41793021111
41793021217
41793021046
41793021041
41793021054
41793021066
41793021060
41793021039
41793021088
41793021075
41793021104
41793021138
41793021143
41793021134
41793021153
41793021164
41793021184
41793021196
41793021192
41793021180
41793021067
41793021047
41793021072
41793021077
41793021102
41793021279
41793021278
41793021127
41793021146
41793021045
41793021033
41793021035
41793021085
41793021053
41793021070
41793021064
41793021214
41793021099
41793021042
41793021037
41793021055
41793021061
41793021249
41793021051
41793021238
41793021081
41793021101
41793021108
41793021089
41793021295
41793021087
41793021133
41793021136
41793021140
41793021314
41793021094
41793021058
41793021183
41793021169
41793021079
41793021181
41793021277
41793021093
41793021118
41793021257
41793021258
41793021086
41793021073
41793021380
41793021261
41793021479
41793021122
41793021152
41793021366
41793021052
41793021191
41793021130
41793021074
41793021103
41793021076
41793021311
41793021135
41793021145
41793021376
41793021113
41793021421
41793021114
41793021231
41793021132
41793021269
41793021377
41793021244
41793021173
41793021285
41793021185
41793021313
41793021349
41793021332
41793021168
41793021068
41793021112
41793021541
41793021306
41793021440
41793021205
41793021084
41793021282
41793021128
41793021137
41793021265
41793021393
41793021607
41793021171
41793021323
41793021294
41793021065
41793021120
41793021162
41793021260
41793021390
41793021148
41793021381
41793021363
41793021223
41793021569
41793021415
41793021115
41793021109
41793021200
41793021210
41793021096
41793021316
41793021328
41793021156
41793021254
41793021536
41793021252
41793021356
41793021369
41793021559
41793021335
41793021324
41793021190
41793021149
41793021267
41793021387
41793021117
41793021317
41793021163
41793021301
41793021305
41793021327
41793021121
41793021059
41793021589
41793021100
41793021444
41793021352
41793021213
41793021364
41793021154
41793021498
41793021699
41793021445
41793021069
41793021730
41793021506
41793021428
41793021228
41793021512
41793021333
41793021208
41793021251
41793021129
41793021174
41793021382
41793021157
41793021227
41793021542
41793021351
41793021522
41793021202
41793021414
41793021151
41793021259
41793021595
41793021182
41793021303
41793021178
41793021412
41793021283
41793021685
41793021287
41793021234
41793021139
41793021092
41793021147
41793021126
41793021384
41793021555
41793021207
41793021516
41793021624
41793021199
41793021426
41793021318
41793021300
41793021402
41793021220
41793021526
41793021271
41793021615
41793021478
41793021713
41793021246
41793021158
41793021673
41793021374
41793021293
41793021378
41793021292
41793021365
41793021179
41793021245
41793021222
41793021211
41793021672
41793021761
41793021310
41793021372
41793021517
41793021368
41793021337
41793021273
41793021315
41793021353
41793021781
41793021577
41793021895
41793021241
41793021083
41793021629
41793021176
41793021465
41793021297
41793021160
41793021473
41793021826
41793021235
41793021489
41793021459
41793021255
41793021681
41793021291
41793021288
41793021330
41793021544
41793021626
41793021548
41793021737
41793021529
41793021891
41793021488
41793021360
41793021606
41793021862
41793021321
41793021988
41793021264
41793021494
41793021449
41793021209
41793021950
41793021405
41793021203
41793021955
41793021601
41793021515
41793021354
41793021631
41793021309
41793021582
41793021881
41793021687
41793021661
41793021816
41793021632
41793021383
41793021299
41793021885
41793021371
41793021342
41793021326
41793021395
41793021485
41793021464
41793021989
41793021880
41793021735
41793021640
41793021275
41793021658
41793021507
41793021525
41793021882
41793021441
41793021425
41793021911
41793021524
41793021966
41793021367
41793021636
41793021543
41793021274
41793021800
41793021987
41793021572
41793021339
41793021389
41793021708
41793021344
41793021938
41793021930
41793021362
41793021346
41793021388
41793021256
41793021505
41793021345
41793021437
41793021622
41793021557
41793021614
41793021866
41793021793
41793021501
41793021939
41793021486
41793021931
41793021910
41793021579
41793021535
41793021452
41793021941
41793021394
41793021823
41793021896
41793021518
41793021872
41793021654
41793021490
41793021272
41793021676
41793021620
41793021429
41793021744
41793021701
41793021451
41793021379
41793021928
41793021979
41793021841
41793021427
41793021331
41793021340
41793021707
41793021732
41793021404
41793021484
41793021616
41793021523
41793021827
41793021710
41793021617
41793021858
41793021700
41793021585
41793021743
41793021461
41793021717
41793021967
41793021613
41793021592
41793021605
41793021853
41793021769
41793021716
41793021343
41793021806
41793021619
41793021551
41793021736
41793021650
41793021560
41793021985
41793021940
41793021905
41793021413
41793021807
41793021778
41793021487
41793021563
41793021580
41793021570
41793021567
41793021758
41793021821
41793021711
41793021442
41793021925
41793021917
41793021991
41793021521
41793021556
41793021553
41793021852
41793021578
41793021848
41793021697
41793021802
41793021918
41793021847
41793021840
41793021810
41793021830
41793021638
41793021968
41793021856
41793021772
41793021564
41793021834
41793021401
41793021709
41793021450
41793021475
41793021645
41793021694
41793021571
41793021768
41793021696
41793021791
41793021647
41793021824
41793021935
41793021845
41793021782
41793021734
41793021666
41793021962
41793021836
41793021969
41793021975
41793021741
41793021889
41793021977
41793021903
41793021907
41793021877
41793021990
41793021920
41793021611
41793021874
41793021923
41793021900
41793021865
41793021588
41793021747
41793021706
41793021897
41793021803
41793021665
41793021980
41793021731
41793021851
41793021981
41793021550
41793021943
41793021839
41793021871
41793021844
41793021646
41793021883
41793021787
41793021720
41793021799
41793021723
41793021775
41793021864
41793021933
41793021899
41793021956
41793021946
41793021953
41793021651
41793021499
41793021978
41793021914
41793021812
41793021887
41793021849
41793021890
41793021964
41793021850
41793021773
41793021863
41793021868
41793021982
41793021994
41793021893
41793021954
41793021641
41793021983
41793021984
41793021986
41793021898
41793021766
41793021904
41793021963
41793021843
41793021795
41793021678
41793021656
41793021919
41793021906
41793021913
41793021808
41793021937
41793021901
41793021945
41793021733
41793021912
41793021957
41793021780
41793021934
41793021679
41793021972
41793021965
41793021878
41793021811
41793021686
41793021971
41793021725
41793021942
41793021951
41793022007
41793022012
41793022027
41793022009
41793022013
41793022021
41793022029
41793022030
41793022020
41793022015
41793022002
41793022028
41793022000
41793022019
41793022016
41793022003
41793022056
41793022088
41793022049
41793022070
41793022112
41793022060
41793022080
41793022062
41793022106
41793022114
41793022111
41793022063
41793022164
41793022155
41793022131
41793022191
41793022047
41793022118
41793022071
41793022051
41793022224
41793022300
41793022255
41793022188
41793022046
41793022095
41793022339
41793022390
41793022134
41793022059
41793022010
41793022064
41793022054
41793022201
41793022257
41793022194
41793022253
41793022101
41793022394
41793022061
41793022074
41793022177
41793022237
41793022058
41793022335
41793022293
41793022311
41793022498
41793022073
41793022165
41793022040
41793022506
41793022065
41793022514
41793022125
41793022225
41793022045
41793022089
41793022153
41793022204
41793022157
41793022107
41793022433
41793022260
41793022301
41793022104
41793022268
41793022208
41793022170
41793022323
41793022213
41793022214
41793022192
41793022263
41793022128
41793022092
41793022374
41793022512
41793022270
41793022555
41793022341
41793022102
41793022499
41793022510
41793022243
41793022317
41793022215
41793022400
41793022085
41793022424
41793022380
41793022267
41793022294
41793022364
41793022166
41793022286
41793022195
41793022437
41793022220
41793022082
41793022422
41793022124
41793022543
41793022594
41793022185
41793022765
41793022409
41793022702
41793022454
41793022418
41793022181
41793022116
41793022656
41793022174
41793022081
41793022453
41793022329
41793022602
41793022384
41793022490
41793022610
41793022488
41793022347
41793022539
41793022254
41793022227
41793022502
41793022492
41793022238
41793022203
41793022414
41793022485
41793022569
41793022564
41793022127
41793022469
41793022305
41793022217
41793022540
41793022249
41793022372
41793022284
41793022175
41793022233
41793022818
41793022246
41793022491
41793022178
41793022090
41793022708
41793022617
41793022312
41793022566
41793022274
41793022767
41793022441
41793022975
41793022272
41793022096
41793022378
41793022133
41793022337
41793022391
41793022487
41793022187
41793022504
41793022507
41793022320
41793022962
41793022774
41793022212
41793022110
41793022464
41793022633
41793022247
41793022094
41793022669
41793022554
41793022126
41793022630
41793022393
41793022458
41793022742
41793022202
41793022279
41793022712
41793022533
41793022525
41793022474
41793022306
41793022352
41793022200
41793022550
41793022425
41793022416
41793022348
41793022084
41793022122
41793022386
41793022627
41793022209
41793022307
41793022429
41793022731
41793022303
41793022350
41793022205
41793022537
41793022444
41793022865
41793022638
41793022558
41793022677
41793022408
41793022210
41793022573
41793022145
41793022675
41793022817
41793022291
41793022478
41793022580
41793022219
41793022234
41793022618
41793022359
41793022826
41793022398
41793022377
41793022446
41793022476
41793022319
41793022318
41793022431
41793022663
41793022322
41793022366
41793022534
41793022982
41793022568
41793022206
41793022343
41793022979
41793022271
41793022331
41793022686
41793022357
41793022787
41793022304
41793022321
41793022986
41793022519
41793022642
41793022259
41793022605
41793022822
41793022753
41793022457
41793022577
41793022244
41793022370
41793022230
41793022604
41793022445
41793022615
41793022309
41793022981
41793022455
41793022413
41793022557
41793022355
41793022530
41793022714
41793022699
41793022361
41793022463
41793022328
41793022548
41793022285
41793022746
41793022326
41793022733
41793022442
41793022612
41793022778
41793022436
41793022553
41793022295
41793022467
41793022373
41793022636
41793022808
41793022403
41793022493
41793022483
41793022503
41793022404
41793022365
41793022369
41793022521
41793022477
41793022381
41793022791
41793022401
41793022584
41793022609
41793022777
41793022531
41793022443
41793022647
41793022392
41793022950
41793022641
41793022632
41793022561
41793022650
41793022508
41793022603
41793022804
41793022689
41793022835
41793022894
41793022903
41793022802
41793022162
41793022658
41793022762
41793022871
41793022486
41793022601
41793022691
41793022707
41793022546
41793022653
41793022749
41793022987
41793022868
41793022532
41793022803
41793022447
41793022836
41793022985
41793022682
41793022867
41793022415
41793022581
41793022452
41793022790
41793022940
41793022516
41793022680
41793022898
41793022710
41793022887
41793022536
41793022779
41793022468
41793022717
41793022888
41793022619
41793022694
41793022695
41793022586
41793022830
41793022720
41793022886
41793022788
41793022672
41793022893
41793022608
41793022484
41793022911
41793022801
41793022872
41793022451
41793022426
41793022921
41793022515
41793022825
41793022740
41793022976
41793022866
41793022684
41793022748
41793022794
41793022678
41793022574
41793022839
41793022407
41793022877
41793022786
41793022648
41793022951
41793022806
41793022471
41793022758
41793022850
41793022223
41793022805
41793022735
41793022977
41793022941
41793022752
41793022773
41793022927
41793022782
41793022954
41793022797
41793022430
41793022646
41793022761
41793022671
41793022838
41793022844
41793022725
41793022852
41793022673
41793022861
41793022798
41793022738
41793022992
41793022643
41793022963
41793022511
41793022768
41793022759
41793022906
41793022965
41793022895
41793022870
41793022692
41793022828
41793022942
41793022829
41793022769
41793022783
41793022688
41793022709
41793022864
41793022934
41793022915
41793022363
41793022526
41793022929
41793022879
41793022571
41793022983
41793022882
41793022913
41793022626
41793022529
41793022996
41793022991
41793022916
41793022889
41793022598
41793022763
41793022926
41793022846
41793022796
41793022771
41793022776
41793022969
41793022960
41793022690
41793022743
41793022874
41793022928
41793028000
41793028015
41793028023
41793028002
41793028010
41793028022
41793028014
41793028012
41793028024
41793028025
41793028007
41793028009
41793028019
41793028013
41793028006
41793028003
41793028029
41793028020
41793028008
41793028031
41793028032
41793028004
41793028076
41793028056
41793028093
41793028033
41793028044
41793028048
41793028087
41793028106
41793028118
41793028062
41793028138
41793028140
41793028156
41793028086
41793028037
41793028049
41793028040
41793028041
41793028088
41793028074
41793028101
41793028144
41793028260
41793028162
41793028113
41793028096
41793028232
41793028078
41793028154
41793028117
41793028084
41793028061
41793028320
41793028315
41793028346
41793028075
41793028307
41793028090
41793028304
41793028212
41793028147
41793028043
41793028164
41793028058
41793028213
41793028072
41793028275
41793028045
41793028110
41793028070
41793028054
41793028123
41793028240
41793028115
41793028112
41793028153
41793028151
41793028204
41793028199
41793028159
41793028181
41793028259
41793028107
41793028265
41793028248
41793028258
41793028167
41793028306
41793028055
41793028047
41793028051
41793028186
41793028095
41793028130
41793028301
41793028128
41793028180
41793028218
41793028295
41793028035
41793028065
41793028292
41793028150
41793028334
41793028188
41793028119
41793028316
41793028109
41793028329
41793028227
41793028184
41793028173
41793028132
41793028338
41793028333
41793028124
41793028219
41793028211
41793028146
41793028152
41793028192
41793028177
41793028190
41793028247
41793028189
41793028182
41793028133
41793028311
41793028282
41793028168
41793028280
41793028176
41793028157
41793028216
41793028175
41793028160
41793028145
41793028191
41793028343
41793028261
41793028347
41793028100
41793028296
41793028201
41793028194
41793028185
41793028104
41793028330
41793028303
41793028239
41793028105
41793028089
41793028314
41793028148
41793028244
41793028339
41793028063
41793028336
41793028285
41793028284
41793028222
41793028266
41793028187
41793028251
41793028178
41793028287
41793028174
41793028214
41793028215
41793028163
41793028221
41793028234
41793028230
41793028252
41793028348
41793028092
41793028317
41793028203
41793028342
41793028262
41793028224
41793028220
41793028242
41793028237
41793028231
41793028171
41793028249
41793028349
41793028134
41793028335
41793028166
41793028344
41793028228
41793028293
41793028323
41793028281
41793028288
41793028241
41793028272
41793028243
41793028233
41793028325
41793028340
41793028278
41793028245
41793028297
41793028365
41793028368
41793028379
41793028372
41793028373
41793028364
41793028354
41793028376
41793028378
41793028374
41793028353
41793028371
41793028351
41793028377
41793028358
41793028357
41793028362
41793028366
41793028359
41793028355
41793028370
41793028382
41793028412
41793028393
41793028408
41793028392
41793028489
41793028397
41793028395
41793028421
41793028428
41793028430
41793028442
41793028446
41793028447
41793028459
41793028577
41793028477
41793028482
41793028443
41793028407
41793028422
41793028508
41793028420
41793028551
41793028400
41793028558
41793028423
41793028590
41793028478
41793028483
41793028618
41793028453
41793028600
41793028642
41793028566
41793028485
41793028555
41793028541
41793028669
41793028523
41793028591
41793028456
41793028550
41793028680
41793028582
41793028384
41793028391
41793028445
41793028388
41793028394
41793028448
41793028415
41793028451
41793028684
41793028507
41793028556
41793028481
41793028539
41793028524
41793028530
41793028496
41793028593
41793028417
41793028486
41793028490
41793028495
41793028540
41793028690
41793028402
41793028484
41793028429
41793028588
41793028431
41793028450
41793028465
41793028512
41793028413
41793028648
41793028470
41793028620
41793028461
41793028389
41793028585
41793028520
41793028619
41793028532
41793028682
41793028632
41793028625
41793028529
41793028416
41793028649
41793028538
41793028510
41793028569
41793028668
41793028471
41793028473
41793028454
41793028661
41793028425
41793028435
41793028572
41793028531
41793028542
41793028533
41793028673
41793028645
41793028509
41793028670
41793028650
41793028674
41793028503
41793028621
41793028527
41793028410
41793028638
41793028506
41793028599
41793028696
41793028560
41793028623
41793028660
41793028505
41793028469
41793028487
41793028517
41793028511
41793028598
41793028525
41793028691
41793028504
41793028576
41793028626
41793028458
41793028466
41793028479
41793028561
41793028521
41793028651
41793028528
41793028488
41793028519
41793028586
41793028552
41793028546
41793028601
41793028667
41793028515
41793028693
41793028502
41793028640
41793028657
41793028565
41793028549
41793028659
41793028513
41793028647
41793028697
41793028594
41793028607
41793028518
41793028656
41793028500
41793028707
41793028719
41793028713
41793028716
41793028729
41793028714
41793028712
41793028724
41793028708
41793028701
41793028721
41793028702
41793028704
41793028730
41793028722
41793028710
41793028756
41793028749
41793028757
41793028737
41793028759
41793028744
41793028743
41793028734
41793028764
41793028736
41793028750
41793028816
41793028820
41793028779
41793028772
41793028788
41793028801
41793028811
41793028766
41793028798
41793028782
41793028765
41793028797
41793028789
41793028792
41793028771
41793028804
41793028800
41793028770
41793028795
41793028802
41793028780
41793028785
41793028794
41793028786
41793028809
41793028827
41793028871
41793028908
41793028875
41793028889
41793028824
41793028846
41793028854
41793028852
41793028848
41793028855
41793028861
41793028856
41793028888
41793028880
41793028901
41793028859
41793028904
41793028845
41793028858
41793028896
41793028877
41793028844
41793028902
41793028893
41793028828
41793028837
41793028839
41793028878
41793028870
41793028892
41793028885
41793028879
41793028899
41793028838
41793028862
41793028907
41793028849
41793028891
41793028900
41793028851
41793028932
41793028938
41793028923
41793028924
41793028943
41793028929
41793028913
41793028955
41793028922
41793028969
41793028944
41793028946
41793028939
41793028962
41793028941
41793028931
41793028940
41793028915
41793028965
41793028950
41793028937
41793028957
41793028960
41793028936
41793028920
41793028966
41793028994
41793028990
41793028991
41793028979
41793028972
41793028971
41793028970
41793028998
41793028993
41793027000
41793027018
41793027016
41793027011
41793027007
41793027030
41793027003
41793027015
41793027023
41793027008
41793027026
41793027005
41793027025
41793027024
41793027031
41793027079
41793027058
41793027042
41793027040
41793027044
41793027155
41793027036
41793027056
41793027084
41793027100
41793027033
41793027072
41793027085
41793027106
41793027125
41793027128
41793027039
41793027154
41793027136
41793027098
41793027172
41793027037
41793027145
41793027077
41793027049
41793027133
41793027117
41793027066
41793027246
41793027121
41793027229
41793027105
41793027101
41793027045
41793027080
41793027175
41793027065
41793027057
41793027209
41793027171
41793027064
41793027089
41793027284
41793027063
41793027263
41793027330
41793027310
41793027115
41793027140
41793027081
41793027135
41793027078
41793027217
41793027061
41793027120
41793027142
41793027127
41793027086
41793027067
41793027222
41793027041
41793027212
41793027258
41793027286
41793027111
41793027242
41793027287
41793027254
41793027083
41793027075
41793027110
41793027099
41793027295
41793027245
41793027345
41793027321
41793027291
41793027104
41793027327
41793027166
41793027239
41793027324
41793027161
41793027168
41793027334
41793027183
41793027130
41793027237
41793027230
41793027170
41793027223
41793027134
41793027195
41793027244
41793027301
41793027182
41793027279
41793027269
41793027294
41793027226
41793027335
41793027200
41793027312
41793027267
41793027208
41793027344
41793027094
41793027150
41793027235
41793027129
41793027247
41793027177
41793027272
41793027146
41793027280
41793027290
41793027159
41793027147
41793027315
41793027141
41793027114
41793027207
41793027160
41793027275
41793027262
41793027164
41793027227
41793027097
41793027060
41793027316
41793027331
41793027232
41793027342
41793027139
41793027152
41793027298
41793027103
41793027218
41793027255
41793027167
41793027228
41793027215
41793027204
41793027274
41793027288
41793027350
41793027347
41793027304
41793027211
41793027186
41793027112
41793027270
41793027231
41793027179
41793027153
41793027173
41793027271
41793027158
41793027314
41793027268
41793027313
41793027333
41793027261
41793027213
41793027323
41793027210
41793027162
41793027265
41793027338
41793027234
41793027281
41793027257
41793027329
41793027282
41793027248
41793027325
41793027328
41793027252
41793027346
41793027305
41793027367
41793027354
41793027353
41793027365
41793027379
41793027368
41793027371
41793027363
41793027364
41793027360
41793027375
41793027381
41793027351
41793027382
41793027376
41793027359
41793027356
41793027366
41793027374
41793027377
41793027369
41793027429
41793027492
41793027416
41793027389
41793027388
41793027430
41793027440
41793027399
41793027452
41793027421
41793027615
41793027410
41793027403
41793027436
41793027442
41793027478
41793027467
41793027449
41793027642
41793027418
41793027432
41793027385
41793027387
41793027419
41793027404
41793027453
41793027571
41793027566
41793027428
41793027434
41793027476
41793027390
41793027406
41793027414
41793027531
41793027423
41793027643
41793027413
41793027514
41793027500
41793027530
41793027435
41793027563
41793027594
41793027463
41793027437
41793027407
41793027401
41793027556
41793027525
41793027486
41793027537
41793027550
41793027541
41793027515
41793027468
41793027583
41793027520
41793027471
41793027546
41793027426
41793027501
41793027394
41793027675
41793027521
41793027585
41793027588
41793027431
41793027647
41793027504
41793027564
41793027447
41793027691
41793027485
41793027443
41793027508
41793027458
41793027519
41793027507
41793027487
41793027462
41793027609
41793027470
41793027495
41793027692
41793027527
41793027551
41793027695
41793027548
41793027446
41793027444
41793027570
41793027469
41793027559
41793027483
41793027605
41793027526
41793027599
41793027445
41793027603
41793027578
41793027686
41793027474
41793027600
41793027660
41793027611
41793027595
41793027475
41793027534
41793027482
41793027494
41793027558
41793027523
41793027628
41793027590
41793027612
41793027554
41793027481
41793027522
41793027553
41793027461
41793027540
41793027610
41793027464
41793027509
41793027543
41793027592
41793027565
41793027597
41793027493
41793027608
41793027641
41793027656
41793027479
41793027544
41793027589
41793027518
41793027586
41793027604
41793027631
41793027654
41793027667
41793027538
41793027473
41793027575
41793027622
41793027684
41793027533
41793027657
41793027601
41793027687
41793027572
41793027580
41793027697
41793027618
41793027633
41793027489
41793027696
41793027659
41793027649
41793027689
41793027679
41793027646
41793027625
41793027671
41793027700
41793027773
41793027707
41793027704
41793027716
41793027720
41793027721
41793027722
41793027762
41793027777
41793027768
41793027712
41793027710
41793027735
41793027736
41793027733
41793027763
41793027776
41793027703
41793027775
41793027744
41793027765
41793027718
41793027724
41793027755
41793027760
41793027767
41793027705
41793027711
41793027728
41793027749
41793027729
41793027770
41793027778
41793027747
41793027726
41793027730
41793027761
41793027723
41793027742
41793027754
41793027753
41793027751
41793027836
41793027843
41793027860
41793027862
41793027788
41793027791
41793027813
41793027801
41793027799
41793027807
41793027815
41793027796
41793027848
41793027837
41793027787
41793027819
41793027814
41793027802
41793027827
41793027852
41793027847
41793027782
41793027780
41793027817
41793027803
41793027832
41793027804
41793027858
41793027784
41793027855
41793027839
41793027864
41793027800
41793027846
41793027812
41793027833
41793027798
41793027794
41793027822
41793027826
41793027834
41793027865
41793027910
41793027915
41793027914
41793027898
41793027896
41793027871
41793027911
41793027874
41793027887
41793027891
41793027890
41793027902
41793027932
41793027907
41793027952
41793027877
41793027883
41793027951
41793027872
41793027929
41793027866
41793027885
41793027922
41793027888
41793027926
41793027867
41793027944
41793027934
41793027870
41793027903
41793027906
41793027894
41793027927
41793027936
41793027930
41793027919
41793027889
41793027946
41793027943
41793027924
41793027933
41793027940
41793027921
41793027931
41793027923
41793027960
41793027976
41793027958
41793027968
41793027974
41793027954
41793027982
41793027980
41793027965
41793027967
41793027981
41793027963
41793027977
41793027959
41793027989
41793027992
41793027999
41793027986
41793027998
41793027994
41793027995
41793027987
41793027996
41793027991
