41762205000
41762205005
41762205012
41762205014
41762205009
41762205019
41762205004
41762205006
41762205029
41762205011
41762205008
41762205018
41762205062
41762205071
41762205079
41762205066
41762205033
41762205105
41762205112
41762205165
41762205227
41762205053
41762205077
41762205290
41762205182
41762205316
41762205042
41762205049
41762205064
41762205069
41762205135
41762205121
41762205330
41762205153
41762205370
41762205081
41762205294
41762205043
41762205395
41762205201
41762205051
41762205265
41762205278
41762205080
41762205039
41762205296
41762205455
41762205054
41762205188
41762205058
41762205179
41762205241
41762205088
41762205109
41762205124
41762205061
41762205099
41762205331
41762205287
41762205056
41762205082
41762205098
41762205108
41762205194
41762205102
41762205159
41762205150
41762205292
41762205113
41762205346
41762205146
41762205203
41762205421
41762205171
41762205117
41762205242
41762205653
41762205211
41762205074
41762205156
41762205403
41762205230
41762205209
41762205493
41762205725
41762205540
41762205657
41762205581
41762205544
41762205513
41762205565
41762205518
41762205560
41762205298
41762205036
41762205169
41762205129
41762205959
41762205422
41762205084
41762205393
41762205196
41762205348
41762205233
41762205549
41762205269
41762205308
41762205126
41762205665
41762205639
41762205266
41762205277
41762205663
41762205141
41762205862
41762205397
41762205500
41762205383
41762205136
41762205248
41762205232
41762205838
41762205388
41762205408
41762205457
41762205314
41762205302
41762205550
41762205600
41762205489
41762205510
41762205168
41762205417
41762205438
41762205533
41762205207
41762205304
41762205439
41762205251
41762205636
41762205529
41762205465
41762205191
41762205206
41762205502
41762205640
41762205366
41762205512
41762205615
41762205428
41762205329
41762205237
41762205409
41762205440
41762205048
41762205154
41762205749
41762205347
41762205158
41762205358
41762205373
41762205384
41762205507
41762205509
41762205399
41762205771
41762205810
41762205300
41762205400
41762205434
41762205547
41762205485
41762205803
41762205877
41762205714
41762205280
41762205162
41762205530
41762205223
41762205276
41762205678
41762205881
41762205379
41762205573
41762205909
41762205474
41762205394
41762205677
41762205252
41762205519
41762205744
41762205218
41762205624
41762205270
41762205691
41762205854
41762205811
41762205611
41762205231
41762205525
41762205430
41762205580
41762205688
41762205658
41762205883
41762205730
41762205644
41762205601
41762205521
41762205320
41762205740
41762205526
41762205823
41762205225
41762205564
41762205595
41762205775
41762205798
41762205786
41762205984
41762205839
41762205683
41762205969
41762205423
41762205311
41762205693
41762205591
41762205741
41762205505
41762205571
41762205257
41762205466
41762205235
41762205758
41762205927
41762205593
41762205412
41762205336
41762205221
41762205415
41762205885
41762205622
41762205490
41762205642
41762205751
41762205548
41762205869
41762205444
41762205484
41762205268
41762205317
41762205554
41762205575
41762205341
41762205352
41762205807
41762205829
41762205617
41762205414
41762205724
41762205646
41762205924
41762205795
41762205627
41762205905
41762205770
41762205805
41762205802
41762205427
41762205897
41762205797
41762205356
41762205756
41762205410
41762205949
41762205499
41762205355
41762205824
41762205607
41762205431
41762205659
41762205577
41762205579
41762205323
41762205880
41762205908
41762205662
41762205360
41762205898
41762205598
41762205817
41762205666
41762205990
41762205582
41762205536
41762205755
41762205774
41762205830
41762205995
41762205522
41762205986
41762205910
41762205396
41762205727
41762205925
41762205501
41762205938
41762205799
41762205872
41762205717
41762205994
41762205451
41762205711
41762205492
41762205605
41762205364
41762205800
41762205557
41762205704
41762205780
41762205907
41762205968
41762205929
41762205566
41762205709
41762205963
41762205828
41762205504
41762205391
41762205568
41762205859
41762205594
41762205696
41762205726
41762205694
41762205765
41762205762
41762205471
41762205728
41762205606
41762205958
41762205545
41762205760
41762205855
41762205992
41762205813
41762205895
41762205980
41762205808
41762205716
41762205710
41762205781
41762205556
41762205987
41762205961
41762205815
41762205960
41762205840
41762205850
41762205956
41762205743
41762205737
41762205997
41762205936
41762205747
41762205847
41762205977
41762205901
41762205833
41762205934
41762205590
41762205604
41762205981
41762205783
41762205976
41762205996
41762205991
41762204021
41762204006
41762204024
41762204002
41762204016
41762204026
41762204015
41762204087
41762204042
41762204097
41762204092
41762204206
41762204047
41762204033
41762204216
41762204028
41762204067
41762204243
41762204148
41762204068
41762204151
41762204152
41762204110
41762204056
41762204131
41762204120
41762204259
41762204065
41762204089
41762204185
41762204333
41762204069
41762204037
41762204208
41762204232
41762204153
41762204098
41762204018
41762204142
41762204061
41762204406
41762204122
41762204161
41762204320
41762204100
41762204154
41762204200
41762204367
41762204413
41762204328
41762204372
41762204301
41762204150
41762204060
41762204258
41762204268
41762204486
41762204203
41762204094
41762204275
41762204528
41762204289
41762204280
41762204440
41762204481
41762204317
41762204460
41762204338
41762204465
41762204190
41762204329
41762204158
41762204169
41762204146
41762204284
41762204457
41762204217
41762204221
41762204676
41762204011
41762204516
41762204078
41762204741
41762204757
41762204114
41762204493
41762204304
41762204265
41762204725
41762204105
41762204132
41762204383
41762204400
41762204612
41762204388
41762204247
41762204458
41762204566
41762204323
41762204001
41762204704
41762204526
41762204250
41762204703
41762204386
41762204382
41762204492
41762204175
41762204393
41762204462
41762204300
41762204582
41762204194
41762204155
41762204245
41762204145
41762204242
41762204531
41762204505
41762204464
41762204260
41762204058
41762204482
41762204653
41762204883
41762204730
41762204099
41762204805
41762204480
41762204191
41762204830
41762204877
41762204477
41762204532
41762204720
41762204449
41762204335
41762204733
41762204475
41762204469
41762204041
41762204192
41762204453
41762204234
41762204804
41762204426
41762204479
41762204788
41762204473
41762204224
41762204004
41762204370
41762204544
41762204282
41762204860
41762204645
41762204611
41762204306
41762204343
41762204401
41762204053
41762204390
41762204863
41762204303
41762204818
41762204749
41762204381
41762204133
41762204886
41762204622
41762204614
41762204941
41762204371
41762204904
41762204421
41762204395
41762204478
41762204357
41762204182
41762204459
41762204656
41762204560
41762204341
41762204322
41762204429
41762204974
41762204541
41762204366
41762204708
41762204793
41762204891
41762204450
41762204490
41762204025
41762204616
41762204420
41762204276
41762204123
41762204128
41762204545
41762204843
41762204448
41762204692
41762204472
41762204585
41762204402
41762204705
41762204910
41762204699
41762204966
41762204744
41762204609
41762204602
41762204802
41762204893
41762204984
41762204576
41762204487
41762204398
41762204851
41762204800
41762204627
41762204510
41762204375
41762204674
41762204790
41762204476
41762204948
41762204745
41762204499
41762204752
41762204713
41762204668
41762204463
41762204672
41762204292
41762204901
41762204646
41762204929
41762204930
41762204483
41762204111
41762204044
41762204792
41762204663
41762204336
41762204687
41762204353
41762204787
41762204437
41762204059
41762204610
41762204451
41762204724
41762204748
41762204875
41762204828
41762204791
41762204379
41762204082
41762204373
41762204942
41762204996
41762204914
41762204762
41762204355
41762204630
41762204515
41762204845
41762204625
41762204607
41762204726
41762204736
41762204976
41762204735
41762204737
41762204968
41762204755
41762204657
41762204951
41762204706
41762204332
41762204962
41762204859
41762204430
41762204989
41762204953
41762204594
41762204820
41762204605
41762204988
41762204994
41762204632
41762204399
41762204655
41762204348
41762204377
41762204969
41762204690
41762204586
41762204606
41762204950
41762204869
41762204879
41762204876
41762204211
41762204226
41762204660
41762204878
41762204434
41762204732
41762204852
41762204826
41762204760
41762204682
41762204507
41762204871
41762204712
41762204688
41762204584
41762204626
41762204718
41762204679
41762204832
41762204827
41762204758
41762204649
41762204241
41762204697
41762204774
41762204849
41762204719
41762204549
41762204837
41762204765
41762204977
41762204844
41762204418
41762204934
41762204841
41762204577
41762204799
41762204330
41762204678
41762204466
41762204856
41762204769
41762204915
41762204552
41762204351
41762204669
41762204963
41762204870
41762204569
41762204780
41762204909
41762204770
41762204992
41762204781
41762204775
41762204855
41762204897
41762204806
41762204782
41762204970
41762204797
41762206000
41762206014
41762206023
41762206031
41762206018
41762206026
41762206007
41762206015
41762206019
41762206016
41762206006
41762206028
41762206013
41762206002
41762206003
41762206253
41762206034
41762206063
41762206048
41762206059
41762206036
41762206123
41762206083
41762206072
41762206114
41762206112
41762206117
41762206118
41762206085
41762206052
41762206153
41762206196
41762206227
41762206229
41762206042
41762206095
41762206131
41762206046
41762206081
41762206149
41762206033
41762206053
41762206038
41762206058
41762206086
41762206204
41762206110
41762206102
41762206055
41762206084
41762206178
41762206074
41762206135
41762206555
41762206337
41762206152
41762206214
41762206166
41762206272
41762206513
41762206075
41762206041
41762206056
41762206045
41762206173
41762206389
41762206062
41762206130
41762206207
41762206180
41762206177
41762206126
41762206109
41762206350
41762206156
41762206221
41762206161
41762206113
41762206386
41762206262
41762206208
41762206066
41762206105
41762206151
41762206188
41762206073
41762206285
41762206125
41762206304
41762206181
41762206210
41762206336
41762206380
41762206211
41762206197
41762206241
41762206311
41762206071
41762206217
41762206332
41762206215
41762206663
41762206353
41762206360
41762206222
41762206265
41762206270
41762206397
41762206382
41762206620
41762206239
41762206411
41762206209
41762206393
41762206233
41762206164
41762206288
41762206475
41762206276
41762206183
41762206366
41762206377
41762206416
41762206736
41762206408
41762206409
41762206442
41762206261
41762206800
41762206226
41762206355
41762206650
41762206225
41762206436
41762206106
41762206330
41762206446
41762206732
41762206582
41762206768
41762206811
41762206895
41762206527
41762206469
41762206343
41762206404
41762206420
41762206068
41762206238
41762206318
41762206169
41762206860
41762206314
41762206271
41762206551
41762206624
41762206249
41762206440
41762206403
41762206727
41762206656
41762206833
41762206302
41762206545
41762206470
41762206426
41762206309
41762206670
41762206616
41762206381
41762206231
41762206300
41762206443
41762206157
41762206289
41762206268
41762206612
41762206456
41762206631
41762206480
41762206510
41762206424
41762206626
41762206464
41762206284
41762206600
41762206362
41762206865
41762206863
41762206299
41762206745
41762206500
41762206737
41762206974
41762206422
41762206776
41762206346
41762206986
41762206294
41762206565
41762206808
41762206770
41762206425
41762206414
41762206506
41762206521
41762206552
41762206401
41762206562
41762206749
41762206764
41762206621
41762206537
41762206693
41762206462
41762206628
41762206688
41762206481
41762206837
41762206525
41762206965
41762206606
41762206402
41762206317
41762206622
41762206357
41762206613
41762206677
41762206887
41762206556
41762206617
41762206660
41762206877
41762206325
41762206322
41762206687
41762206532
41762206884
41762206825
41762206583
41762206923
41762206435
41762206803
41762206713
41762206334
41762206491
41762206953
41762206579
41762206564
41762206451
41762206520
41762206689
41762206700
41762206561
41762206560
41762206308
41762206571
41762206364
41762206356
41762206602
41762206511
41762206685
41762206637
41762206933
41762206669
41762206644
41762206543
41762206465
41762206963
41762206712
41762206968
41762206691
41762206726
41762206744
41762206710
41762206333
41762206862
41762206643
41762206711
41762206991
41762206580
41762206975
41762206575
41762206717
41762206807
41762206503
41762206623
41762206738
41762206577
41762206747
41762206812
41762206817
41762206802
41762206761
41762206678
41762206971
41762206781
41762206461
41762206645
41762206868
41762206997
41762206661
41762206759
41762206914
41762206654
41762206431
41762206652
41762206846
41762206858
41762206838
41762206934
41762206483
41762206832
41762206791
41762206664
41762206940
41762206819
41762206787
41762206970
41762206893
41762206937
41762206460
41762206733
41762206793
41762206568
41762206882
41762206881
41762206973
41762206864
41762206903
41762206813
41762206992
41762206979
41762206990
41762206945
41762206896
41762206905
41762206576
41762206852
41762206910
41762206447
41762206935
41762206741
41762206983
41762206795
41762206880
41762206716
41762206897
41762206672
41762206851
41762206835
41762206984
41762206742
41762206869
41762206696
41762206856
41762206843
41762206920
41762206885
41762200015
41762200022
41762200027
41762200024
41762200005
41762200007
41762200021
41762200012
41762200014
41762200025
41762200018
41762200150
41762200117
41762200094
41762200115
41762200132
41762200036
41762200034
41762200085
41762200126
41762200076
41762200141
41762200042
41762200112
41762200282
41762200052
41762200178
41762200081
41762200188
41762200044
41762200097
41762200037
41762200116
41762200222
41762200046
41762200075
41762200212
41762200089
41762200170
41762200224
41762200093
41762200279
41762200146
41762200172
41762200084
41762200307
41762200229
41762200060
41762200128
41762200058
41762200096
41762200111
41762200107
41762200087
41762200283
41762200193
41762200174
41762200120
41762200205
41762200198
41762200038
41762200033
41762200226
41762200059
41762200257
41762200064
41762200184
41762200167
41762200108
41762200061
41762200189
41762200274
41762200248
41762200168
41762200067
41762200197
41762200187
41762200218
41762200254
41762200114
41762200134
41762200181
41762200249
41762200098
41762200280
41762200319
41762200268
41762200161
41762200345
41762200135
41762200241
41762200171
41762200227
41762200129
41762200314
41762200270
41762200102
41762200235
41762200074
41762200099
41762200247
41762200320
41762200199
41762200123
41762200110
41762200313
41762200140
41762200236
41762200237
41762200144
41762200109
41762200183
41762200230
41762200299
41762200311
41762200321
41762200255
41762200286
41762200159
41762200342
41762200276
41762200325
41762200211
41762200302
41762200163
41762200316
41762200196
41762200246
41762200239
41762200332
41762200338
41762200240
41762200219
41762200259
41762200177
41762200300
41762200322
41762200252
41762200318
41762200244
41762200200
41762200324
41762200306
41762200225
41762200207
41762200323
41762200349
41762200295
41762200305
41762200346
41762200359
41762200352
41762200378
41762200358
41762200365
41762200362
41762200367
41762200364
41762200373
41762200357
41762200374
41762200366
41762200356
41762200361
41762200369
41762200630
41762200450
41762200466
41762200472
41762200529
41762200389
41762200437
41762200483
41762200482
41762200487
41762200462
41762200585
41762200649
41762200387
41762200569
41762200396
41762200608
41762200636
41762200596
41762200539
41762200430
41762200525
41762200617
41762200595
41762200391
41762200468
41762200445
41762200409
41762200470
41762200392
41762200542
41762200576
41762200438
41762200436
41762200512
41762200448
41762200417
41762200464
41762200540
41762200455
41762200624
41762200660
41762200388
41762200528
41762200407
41762200422
41762200614
41762200425
41762200473
41762200637
41762200511
41762200686
41762200402
41762200393
41762200696
41762200684
41762200587
41762200514
41762200577
41762200676
41762200598
41762200493
41762200501
41762200434
41762200681
41762200661
41762200592
41762200692
41762200683
41762200410
41762200651
41762200515
41762200433
41762200549
41762200698
41762200581
41762200495
41762200694
41762200687
41762200480
41762200570
41762200491
41762200625
41762200507
41762200589
41762200597
41762200643
41762200664
41762200621
41762200607
41762200510
41762200639
41762200618
41762200519
41762200541
41762200452
41762200533
41762200650
41762200678
41762200644
41762200603
41762200626
41762200416
41762200441
41762200600
41762200670
41762200499
41762200663
41762200532
41762200530
41762200588
41762200424
41762200627
41762200685
41762200523
41762200690
41762200572
41762200658
41762200561
41762200675
41762200662
41762200584
41762200609
41762200558
41762200502
41762200537
41762200604
41762200446
41762200545
41762200680
41762200656
41762200513
41762200567
41762200712
41762200702
41762200727
41762200706
41762200722
41762200718
41762200723
41762200726
41762200716
41762200704
41762200717
41762200725
41762200709
41762200734
41762200784
41762200745
41762200756
41762200767
41762200755
41762200772
41762200782
41762200788
41762200738
41762200744
41762200774
41762200790
41762200775
41762200742
41762200751
41762200735
41762200764
41762200736
41762200770
41762200759
41762200776
41762200761
41762200768
41762200748
41762200789
41762200785
41762200786
41762200787
41762200743
41762200831
41762200840
41762200810
41762200793
41762200797
41762200798
41762200812
41762200814
41762200848
41762200805
41762200852
41762200846
41762200802
41762200818
41762200841
41762200815
41762200851
41762200829
41762200823
41762200821
41762200832
41762200799
41762200806
41762200838
41762200839
41762200804
41762200906
41762200857
41762200856
41762200860
41762200865
41762200890
41762200855
41762200853
41762200883
41762200910
41762200907
41762200863
41762200908
41762200901
41762200854
41762200895
41762200909
41762200885
41762200898
41762200868
41762200891
41762200902
41762200873
41762200899
41762200904
41762200941
41762200928
41762200968
41762200926
41762200959
41762200973
41762200991
41762200949
41762200923
41762200955
41762200922
41762200919
41762200977
41762200930
41762200963
41762200976
41762200924
41762200917
41762200971
41762200944
41762200996
41762200980
41762200918
41762200932
41762200927
41762200942
41762200938
41762200952
41762200992
41762200998
41762200995
41762200966
41762200969
41762200962
41762200950
41762200967
41762200953
41762209014
41762209005
41762209003
41762209029
41762209009
41762209016
41762209018
41762209002
41762209119
41762209012
41762209026
41762209011
41762209077
41762209074
41762209042
41762209088
41762209040
41762209186
41762209149
41762209278
41762209095
41762209192
41762209157
41762209037
41762209339
41762209111
41762209115
41762209342
41762209166
41762209133
41762209035
41762209057
41762209191
41762209127
41762209098
41762209045
41762209354
41762209205
41762209076
41762209072
41762209389
41762209124
41762209061
41762209100
41762209085
41762209493
41762209305
41762209172
41762209593
41762209196
41762209199
41762209082
41762209087
41762209116
41762209101
41762209250
41762209184
41762209370
41762209200
41762209211
41762209091
41762209317
41762209197
41762209163
41762209468
41762209518
41762209264
41762209034
41762209273
41762209210
41762209284
41762209187
41762209636
41762209239
41762209203
41762209109
41762209251
41762209201
41762209259
41762209315
41762209313
41762209128
41762209161
41762209398
41762209117
41762209459
41762209181
41762209131
41762209135
41762209321
41762209167
41762209416
41762209486
41762209332
41762209062
41762209496
41762209132
41762209400
41762209213
41762209509
41762209302
41762209140
41762209381
41762209380
41762209626
41762209409
41762209204
41762209466
41762209781
41762209770
41762209347
41762209178
41762209540
41762209556
41762209574
41762209351
41762209268
41762209270
41762209218
41762209226
41762209236
41762209386
41762209262
41762209138
41762209471
41762209659
41762209122
41762209978
41762209472
41762209929
41762209202
41762209456
41762209114
41762209289
41762209296
41762209335
41762209600
41762209357
41762209231
41762209198
41762209797
41762209514
41762209434
41762209613
41762209676
41762209721
41762209173
41762209543
41762209432
41762209645
41762209919
41762209319
41762209627
41762209137
41762209158
41762209411
41762209482
41762209327
41762209768
41762209333
41762209208
41762209436
41762209697
41762209536
41762209550
41762209828
41762209478
41762209898
41762209377
41762209404
41762209180
41762209415
41762209967
41762209288
41762209510
41762209500
41762209552
41762209880
41762209271
41762209557
41762209597
41762209502
41762209829
41762209616
41762209757
41762209728
41762209526
41762209529
41762209708
41762209112
41762209656
41762209401
41762209450
41762209795
41762209700
41762209646
41762209809
41762209920
41762209303
41762209763
41762209454
41762209542
41762209512
41762209603
41762209902
41762209229
41762209247
41762209394
41762209658
41762209826
41762209414
41762209292
41762209487
41762209238
41762209410
41762209807
41762209772
41762209939
41762209276
41762209580
41762209579
41762209872
41762209406
41762209691
41762209764
41762209908
41762209630
41762209625
41762209463
41762209582
41762209965
41762209815
41762209355
41762209151
41762209297
41762209754
41762209884
41762209900
41762209517
41762209891
41762209774
41762209935
41762209554
41762209988
41762209497
41762209706
41762209598
41762209505
41762209591
41762209918
41762209249
41762209955
41762209846
41762209615
41762209384
41762209838
41762209930
41762209727
41762209740
41762209563
41762209792
41762209507
41762209290
41762209850
41762209854
41762209525
41762209641
41762209599
41762209818
41762209716
41762209696
41762209980
41762209990
41762209680
41762209594
41762209848
41762209963
41762209977
41762209830
41762209424
41762209492
41762209295
41762209522
41762209544
41762209407
41762209668
41762209686
41762209922
41762209506
41762209886
41762209648
41762209948
41762209865
41762209901
41762209748
41762209873
41762209711
41762209565
41762209888
41762209964
41762209951
41762209904
41762209596
41762209844
41762209320
41762209800
41762209667
41762209558
41762209970
41762209671
41762209738
41762209736
41762209787
41762209861
41762209981
41762209839
41762209804
41762209813
41762209987
41762209993
41762209936
41762209513
41762209759
41762209824
41762209975
41762209718
41762209917
41762209894
41762209973
41762209923
41762209323
41762209779
41762209892
41762209725
41762209876
41762209665
41762209875
41762209739
41762209921
41762209577
41762209859
41762209931
41762209947
41762209866
41762209911
41762209989
41762209957
41762209606
41762209950
41762209976
41762209995
41762209959
41762203016
41762203003
41762203009
41762203014
41762203018
41762203012
41762203026
41762203011
41762203032
41762203021
41762203031
41762203001
41762203007
41762203005
41762203024
41762203059
41762203015
41762203162
41762203034
41762203044
41762203055
41762203099
41762203355
41762203138
41762203109
41762203035
41762203045
41762203053
41762203033
41762203101
41762203221
41762203131
41762203164
41762203130
41762203083
41762203098
41762203196
41762203123
41762203218
41762203263
41762203305
41762203094
41762203149
41762203347
41762203240
41762203056
41762203110
41762203534
41762203346
41762203385
41762203181
41762203057
41762203073
41762203152
41762203114
41762203148
41762203089
41762203275
41762203058
41762203054
41762203220
41762203161
41762203115
41762203209
41762203076
41762203391
41762203179
41762203102
41762203154
41762203135
41762203454
41762203426
41762203155
41762203349
41762203303
41762203150
41762203132
41762203175
41762203361
41762203443
41762203201
41762203737
41762203308
41762203374
41762203255
41762203292
41762203366
41762203281
41762203119
41762203230
41762203172
41762203036
41762203075
41762203069
41762203235
41762203353
41762203310
41762203351
41762203171
41762203419
41762203293
41762203068
41762203606
41762203570
41762203184
41762203177
41762203187
41762203650
41762203326
41762203309
41762203199
41762203312
41762203313
41762203512
41762203719
41762203238
41762203063
41762203979
41762203625
41762203106
41762203363
41762203367
41762203452
41762203195
41762203371
41762203421
41762203407
41762203365
41762203225
41762203520
41762203818
41762203382
41762203805
41762203227
41762203685
41762203320
41762203157
41762203084
41762203339
41762203386
41762203389
41762203266
41762203400
41762203532
41762203767
41762203173
41762203163
41762203342
41762203519
41762203422
41762203285
41762203531
41762203282
41762203523
41762203377
41762203545
41762203395
41762203653
41762203925
41762203414
41762203231
41762203558
41762203430
41762203262
41762203955
41762203223
41762203278
41762203834
41762203482
41762203472
41762203717
41762203283
41762203248
41762203539
41762203412
41762203513
41762203792
41762203721
41762203304
41762203260
41762203350
41762203213
41762203424
41762203357
41762203460
41762203585
41762203851
41762203696
41762203510
41762203888
41762203491
41762203133
41762203251
41762203234
41762203807
41762203902
41762203286
41762203840
41762203335
41762203798
41762203549
41762203233
41762203489
41762203941
41762203598
41762203521
41762203815
41762203679
41762203515
41762203396
41762203509
41762203448
41762203322
41762203627
41762203505
41762203514
41762203500
41762203723
41762203674
41762203533
41762203302
41762203502
41762203250
41762203356
41762203626
41762203300
41762203579
41762203540
41762203644
41762203913
41762203842
41762203728
41762203854
41762203628
41762203959
41762203942
41762203694
41762203565
41762203965
41762203465
41762203715
41762203952
41762203280
41762203471
41762203191
41762203889
41762203779
41762203636
41762203581
41762203989
41762203784
41762203589
41762203769
41762203252
41762203568
41762203343
41762203462
41762203485
41762203336
41762203881
41762203776
41762203480
41762203975
41762203995
41762203984
41762203637
41762203493
41762203963
41762203609
41762203795
41762203541
41762203672
41762203299
41762203544
41762203690
41762203588
41762203777
41762203417
41762203488
41762203474
41762203911
41762203814
41762203770
41762203801
41762203538
41762203700
41762203761
41762203684
41762203551
41762203813
41762203755
41762203691
41762203831
41762203733
41762203752
41762203418
41762203950
41762203511
41762203988
41762203671
41762203832
41762203332
41762203849
41762203689
41762203939
41762203811
41762203528
41762203909
41762203868
41762203857
41762203630
41762203852
41762203838
41762203972
41762203910
41762203828
41762203845
41762203797
41762203938
41762203341
41762203722
41762203987
41762203980
41762203573
41762203878
41762203866
41762203982
41762203978
41762203992
41762203977
41762203920
41762203906
41762203836
41762203812
41762203994
41762203937
41762203865
41762203494
41762203705
41762203530
41762203660
41762203884
41762203871
41762203746
41762203604
41762201000
41762201007
41762201012
41762201006
41762201028
41762201005
41762201003
41762201021
41762201027
41762201026
41762201008
41762201016
41762201019
41762201025
41762201020
41762201009
41762201013
41762201044
41762201189
41762201226
41762201049
41762201035
41762201042
41762201312
41762201332
41762201069
41762201224
41762201085
41762201087
41762201086
41762201135
41762201194
41762201105
41762201170
41762201155
41762201054
41762201159
41762201274
41762201205
41762201384
41762201181
41762201216
41762201129
41762201242
41762201280
41762201252
41762201077
41762201220
41762201048
41762201328
41762201180
41762201324
41762201102
41762201261
41762201083
41762201271
41762201117
41762201165
41762201109
41762201176
41762201099
41762201150
41762201114
41762201316
41762201088
41762201143
41762201065
41762201130
41762201209
41762201106
41762201238
41762201486
41762201383
41762201094
41762201221
41762201423
41762201203
41762201168
41762201199
41762201062
41762201071
41762201237
41762201079
41762201158
41762201133
41762201427
41762201227
41762201295
41762201107
41762201167
41762201076
41762201239
41762201110
41762201415
41762201555
41762201078
41762201134
41762201391
41762201210
41762201200
41762201282
41762201330
41762201142
41762201604
41762201215
41762201192
41762201434
41762201409
41762201445
41762201322
41762201615
41762201041
41762201113
41762201475
41762201201
41762201441
41762201151
41762201172
41762201529
41762201309
41762201190
41762201812
41762201334
41762201265
41762201836
41762201451
41762201287
41762201549
41762201541
41762201360
41762201402
41762201957
41762201234
41762201317
41762201250
41762201214
41762201544
41762201438
41762201343
41762201780
41762201538
41762201499
41762201403
41762201100
41762201385
41762201232
41762201283
41762201370
41762201400
41762201175
41762201523
41762201404
41762201504
41762201095
41762201411
41762201553
41762201656
41762201456
41762201177
41762201398
41762201601
41762201970
41762201620
41762201511
41762201414
41762201208
41762201860
41762201173
41762201245
41762201307
41762201187
41762201243
41762201442
41762201275
41762201468
41762201599
41762201303
41762201878
41762201373
41762201375
41762201474
41762201304
41762201459
41762201567
41762201513
41762201144
41762201266
41762201346
41762201520
41762201818
41762201740
41762201509
41762201470
41762201482
41762201972
41762201535
41762201429
41762201488
41762201749
41762201606
41762201560
41762201561
41762201342
41762201827
41762201406
41762201184
41762201942
41762201625
41762201688
41762201284
41762201417
41762201399
41762201771
41762201270
41762201590
41762201705
41762201709
41762201635
41762201401
41762201534
41762201247
41762201693
41762201632
41762201906
41762201531
41762201422
41762201630
41762201578
41762201512
41762201646
41762201369
41762201587
41762201713
41762201526
41762201479
41762201460
41762201618
41762201808
41762201449
41762201455
41762201380
41762201425
41762201267
41762201500
41762201849
41762201478
41762201514
41762201829
41762201633
41762201575
41762201629
41762201493
41762201806
41762201716
41762201264
41762201794
41762201634
41762201596
41762201605
41762201992
41762201879
41762201820
41762201931
41762201550
41762201779
41762201743
41762201682
41762201522
41762201285
41762201466
41762201661
41762201577
41762201922
41762201901
41762201968
41762201915
41762201912
41762201614
41762201557
41762201638
41762201650
41762201649
41762201940
41762201768
41762201848
41762201720
41762201586
41762201896
41762201530
41762201886
41762201993
41762201877
41762201900
41762201518
41762201647
41762201539
41762201668
41762201515
41762201642
41762201559
41762201679
41762201703
41762201545
41762201562
41762201963
41762201990
41762201419
41762201613
41762201699
41762201733
41762201700
41762201987
41762201350
41762201444
41762201616
41762201801
41762201782
41762201580
41762201823
41762201934
41762201964
41762201357
41762201817
41762201648
41762201953
41762201671
41762201525
41762201769
41762201717
41762201798
41762201852
41762201542
41762201866
41762201707
41762201841
41762201888
41762201951
41762201876
41762201737
41762201947
41762201718
41762201813
41762201424
41762201889
41762201880
41762201508
41762201997
41762201719
41762201928
41762201684
41762201871
41762201975
41762201714
41762201744
41762201569
41762201814
41762201948
41762201909
41762201712
41762201973
41762201674
41762201920
41762201570
41762201757
41762201991
41762201694
41762201956
41762201695
41762201838
41762201698
41762201921
41762201652
41762201724
41762201966
41762201971
41762201843
41762201891
41762201804
41762201732
41762201959
41762201665
41762201974
41762201697
41762201706
41762201815
41762201728
41762201994
41762201830
41762201996
41762201595
41762201772
41762201751
41762201894
41762201868
41762201935
41762201954
41762201776
41762201797
41762201805
41762201980
41762201748
41762201914
41762201741
41762201988
41762201502
41762201903
41762201517
41762201958
41762202000
41762202004
41762202003
41762202012
41762202005
41762202010
41762202009
41762202007
41762202008
41762202022
41762202001
41762202006
41762202027
41762202035
41762202186
41762202043
41762202040
41762202058
41762202092
41762202095
41762202115
41762202101
41762202203
41762202160
41762202074
41762202171
41762202237
41762202041
41762202039
41762202085
41762202093
41762202061
41762202193
41762202070
41762202135
41762202045
41762202121
41762202130
41762202088
41762202057
41762202073
41762202147
41762202206
41762202116
41762202034
41762202097
41762202072
41762202133
41762202059
41762202042
41762202054
41762202136
41762202071
41762202305
41762202102
41762202124
41762202141
41762202125
41762202185
41762202194
41762202162
41762202090
41762202170
41762202180
41762202122
41762202286
41762202374
41762202273
41762202344
41762202062
41762202120
41762202087
41762202126
41762202083
41762202270
41762202239
41762202399
41762202123
41762202192
41762202258
41762202166
41762202068
41762202319
41762202381
41762202412
41762202326
41762202215
41762202174
41762202572
41762202649
41762202142
41762202069
41762202046
41762202500
41762202364
41762202772
41762202298
41762202213
41762202306
41762202433
41762202048
41762202094
41762202260
41762202091
41762202244
41762202128
41762202172
41762202314
41762202066
41762202288
41762202238
41762202726
41762202333
41762202529
41762202138
41762202447
41762202439
41762202205
41762202293
41762202212
41762202104
41762202249
41762202100
41762202197
41762202261
41762202168
41762202524
41762202536
41762202394
41762202187
41762202370
41762202664
41762202233
41762202489
41762202737
41762202560
41762202153
41762202672
41762202175
41762202633
41762202637
41762202593
41762202443
41762202340
41762202266
41762202417
41762202478
41762202848
41762202155
41762202697
41762202486
41762202606
41762202352
41762202460
41762202396
41762202382
41762202265
41762202405
41762202337
41762202250
41762202466
41762202588
41762202235
41762202307
41762202640
41762202614
41762202323
41762202792
41762202371
41762202241
41762202363
41762202201
41762202402
41762202462
41762202082
41762202299
41762202395
41762202178
41762202457
41762202499
41762202436
41762202843
41762202455
41762202290
41762202424
41762202409
41762202688
41762202393
41762202602
41762202482
41762202253
41762202458
41762202881
41762202151
41762202778
41762202316
41762202616
41762202343
41762202283
41762202105
41762202856
41762202669
41762202408
41762202787
41762202666
41762202373
41762202221
41762202284
41762202397
41762202327
41762202501
41762202339
41762202705
41762202551
41762202518
41762202456
41762202578
41762202878
41762202950
41762202403
41762202451
41762202528
41762202751
41762202976
41762202505
41762202302
41762202448
41762202849
41762202971
41762202297
41762202366
41762202263
41762202379
41762202549
41762202557
41762202598
41762202378
41762202781
41762202214
41762202383
41762202894
41762202410
41762202859
41762202577
41762202437
41762202569
41762202708
41762202275
41762202350
41762202599
41762202835
41762202541
41762202532
41762202608
41762202488
41762202731
41762202975
41762202310
41762202357
41762202786
41762202933
41762202740
41762202591
41762202328
41762202542
41762202312
41762202789
41762202474
41762202702
41762202508
41762202642
41762202607
41762202696
41762202819
41762202795
41762202812
41762202449
41762202739
41762202743
41762202493
41762202566
41762202873
41762202875
41762202914
41762202663
41762202973
41762202612
41762202899
41762202216
41762202851
41762202632
41762202621
41762202676
41762202308
41762202745
41762202497
41762202570
41762202513
41762202525
41762202893
41762202821
41762202609
41762202806
41762202718
41762202531
41762202964
41762202537
41762202727
41762202648
41762202877
41762202638
41762202362
41762202564
41762202908
41762202480
41762202855
41762202519
41762202925
41762202535
41762202883
41762202769
41762202704
41762202506
41762202471
41762202898
41762202830
41762202903
41762202826
41762202923
41762202837
41762202190
41762202979
41762202906
41762202818
41762202900
41762202895
41762202432
41762202652
41762202831
41762202434
41762202847
41762202776
41762202977
41762202491
41762202596
41762202594
41762202742
41762202872
41762202972
41762202890
41762202681
41762202441
41762202744
41762202808
41762202611
41762202539
41762202665
41762202230
41762202765
41762202595
41762202686
41762202905
41762202678
41762202825
41762202494
41762202754
41762202966
41762202791
41762202699
41762202709
41762202721
41762202931
41762202711
41762202841
41762202915
41762202857
41762202939
41762202274
41762202540
41762202800
41762202617
41762202902
41762202656
41762202917
41762202723
41762202935
41762202865
41762202701
41762202813
41762202919
41762202969
41762202655
41762202993
41762202459
41762202720
41762202645
41762202876
41762202750
41762202880
41762202801
41762202771
41762202747
41762202995
41762202861
41762202838
41762202427
41762202503
41762202984
41762202892
41762202990
41762208018
41762208017
41762208008
41762208006
41762208007
41762208028
41762208003
41762208026
41762208011
41762208012
41762208021
41762208010
41762208002
41762208029
41762208016
41762208119
41762208122
41762208138
41762208243
41762208027
41762208095
41762208055
41762208067
41762208073
41762208069
41762208033
41762208097
41762208116
41762208089
41762208325
41762208241
41762208098
41762208156
41762208229
41762208057
41762208335
41762208231
41762208110
41762208051
41762208583
41762208096
41762208102
41762208336
41762208058
41762208212
41762208036
41762208076
41762208037
41762208041
41762208108
41762208164
41762208084
41762208173
41762208139
41762208100
41762208339
41762208162
41762208065
41762208115
41762208079
41762208046
41762208260
41762208078
41762208457
41762208304
41762208123
41762208474
41762208216
41762208261
41762208587
41762208228
41762208320
41762208592
41762208205
41762208689
41762208698
41762208423
41762208382
41762208150
41762208305
41762208200
41762208408
41762208128
41762208482
41762208386
41762208174
41762208268
41762208331
41762208380
41762208157
41762208211
41762208409
41762208134
41762208180
41762208165
41762208155
41762208308
41762208518
41762208148
41762208176
41762208245
41762208843
41762208313
41762208225
41762208233
41762208314
41762208343
41762208727
41762208395
41762208111
41762208188
41762208273
41762208351
41762208319
41762208551
41762208321
41762208696
41762208406
41762208292
41762208254
41762208312
41762208611
41762208699
41762208660
41762208442
41762208366
41762208370
41762208236
41762208191
41762208827
41762208641
41762208184
41762208206
41762208210
41762208364
41762208746
41762208485
41762208507
41762208159
41762208493
41762208303
41762208763
41762208280
41762208720
41762208796
41762208387
41762208221
41762208187
41762208170
41762208546
41762208186
41762208403
41762208779
41762208436
41762208418
41762208815
41762208213
41762208341
41762208404
41762208253
41762208849
41762208922
41762208996
41762208378
41762208934
41762208434
41762208911
41762208552
41762208306
41762208311
41762208622
41762208873
41762208803
41762208661
41762208508
41762208402
41762208438
41762208407
41762208106
41762208571
41762208190
41762208419
41762208935
41762208813
41762208277
41762208297
41762208466
41762208513
41762208398
41762208400
41762208299
41762208739
41762208751
41762208700
41762208287
41762208405
41762208506
41762208705
41762208784
41762208475
41762208274
41762208674
41762208844
41762208338
41762208544
41762208548
41762208775
41762208811
41762208399
41762208555
41762208582
41762208848
41762208480
41762208394
41762208207
41762208565
41762208373
41762208414
41762208954
41762208677
41762208878
41762208456
41762208376
41762208864
41762208618
41762208979
41762208887
41762208932
41762208429
41762208626
41762208441
41762208840
41762208656
41762208356
41762208703
41762208445
41762208560
41762208933
41762208324
41762208782
41762208899
41762208486
41762208828
41762208688
41762208825
41762208772
41762208958
41762208435
41762208619
41762208985
41762208993
41762208413
41762208750
41762208540
41762208650
41762208673
41762208561
41762208623
41762208991
41762208681
41762208726
41762208826
41762208852
41762208959
41762208982
41762208584
41762208624
41762208781
41762208857
41762208765
41762208502
41762208621
41762208747
41762208613
41762208652
41762208497
41762208942
41762208633
41762208767
41762208820
41762208951
41762208715
41762208731
41762208883
41762208499
41762208334
41762208821
41762208868
41762208877
41762208452
41762208791
41762208538
41762208938
41762208732
41762208537
41762208640
41762208872
41762208666
41762208525
41762208907
41762208504
41762208995
41762208761
41762208610
41762208520
41762208940
41762208984
41762208494
41762208723
41762208835
41762208946
41762208867
41762208710
41762208653
41762208586
41762208788
41762208553
41762208814
41762208668
41762208575
41762208667
41762208806
41762208865
41762208712
41762208992
41762208588
41762208986
41762208836
41762208912
41762208997
41762208880
41762208861
41762208914
41762208743
41762208869
41762208771
41762208962
41762208879
41762208829
41762208983
41762208884
41762208783
41762208905
41762208655
41762208684
41762208971
41762208980
41762208749
41762208510
41762208920
41762208972
41762207000
41762207014
41762207032
41762207009
41762207011
41762207016
41762207017
41762207010
41762207007
41762207184
41762207212
41762207066
41762207036
41762207073
41762207087
41762207078
41762207345
41762207031
41762207168
41762207115
41762207377
41762207056
41762207092
41762207105
41762207116
41762207048
41762207090
41762207072
41762207268
41762207270
41762207173
41762207274
41762207077
41762207221
41762207195
41762207170
41762207176
41762207067
41762207284
41762207271
41762207252
41762207058
41762207108
41762207152
41762207101
41762207245
41762207238
41762207083
41762207153
41762207218
41762207100
41762207336
41762207494
41762207099
41762207409
41762207520
41762207019
41762207322
41762207327
41762207603
41762207223
41762207146
41762207158
41762207139
41762207167
41762207169
41762207119
41762207200
41762207214
41762207610
41762207189
41762207102
41762207186
41762207340
41762207656
41762207165
41762207226
41762207133
41762207384
41762207122
41762207405
41762207360
41762207481
41762207244
41762207241
41762207573
41762207660
41762207678
41762207255
41762207414
41762207293
41762207288
41762207193
41762207150
41762207279
41762207339
41762207311
41762207445
41762207535
41762207242
41762207372
41762207531
41762207490
41762207130
41762207472
41762207373
41762207791
41762207431
41762207330
41762207629
41762207191
41762207811
41762207489
41762207305
41762207243
41762207220
41762207365
41762207303
41762207374
41762207543
41762207411
41762207536
41762207171
41762207318
41762207179
41762207671
41762207260
41762207700
41762207239
41762207969
41762207256
41762207323
41762207144
41762207519
41762207724
41762207404
41762207353
41762207264
41762207278
41762207310
41762207307
41762207104
41762207202
41762207586
41762207356
41762207525
41762207743
41762207622
41762207250
41762207437
41762207306
41762207342
41762207823
41762207438
41762207541
41762207687
41762207928
41762207397
41762207538
41762207455
41762207178
41762207630
41762207324
41762207971
41762207400
41762207217
41762207554
41762207649
41762207440
41762207484
41762207263
41762207804
41762207801
41762207741
41762207351
41762207730
41762207392
41762207464
41762207505
41762207731
41762207976
41762207363
41762207593
41762207575
41762207461
41762207624
41762207204
41762207843
41762207819
41762207459
41762207358
41762207352
41762207395
41762207470
41762207938
41762207771
41762207355
41762207800
41762207714
41762207772
41762207865
41762207518
41762207756
41762207661
41762207552
41762207422
41762207162
41762207751
41762207259
41762207551
41762207501
41762207797
41762207562
41762207362
41762207617
41762207762
41762207234
41762207652
41762207500
41762207680
41762207744
41762207763
41762207380
41762207715
41762207579
41762207571
41762207446
41762207557
41762207590
41762207670
41762207673
41762207820
41762207704
41762207643
41762207766
41762207723
41762207426
41762207833
41762207750
41762207556
41762207432
41762207595
41762207658
41762207277
41762207702
41762207413
41762207578
41762207511
41762207471
41762207369
41762207676
41762207936
41762207592
41762207439
41762207224
41762207659
41762207937
41762207964
41762207441
41762207946
41762207357
41762207954
41762207468
41762207667
41762207478
41762207725
41762207669
41762207984
41762207867
41762207580
41762207940
41762207973
41762207827
41762207641
41762207864
41762207987
41762207563
41762207475
41762207614
41762207795
41762207796
41762207722
41762207482
41762207694
41762207805
41762207502
41762207589
41762207733
41762207787
41762207738
41762207760
41762207779
41762207991
41762207474
41762207782
41762207712
41762207485
41762207806
41762207980
41762207686
41762207844
41762207965
41762207685
41762207808
41762207512
41762207754
41762207813
41762207651
41762207532
41762207691
41762207848
41762207990
41762207888
41762207847
41762207860
41762207802
41762207989
41762207540
41762207828
41762207900
41762207683
41762207959
41762207992
41762207783
41762207662
41762207720
41762207600
41762207932
41762207945
41762207907
41762207853
41762207934
41762207558
41762207759
41762207695
41762207855
41762207636
41762207726
41762207956
41762207674
41762207909
41762207788
41762207927
41762207966
41762207755
