41783225028
41783225022
41783225005
41783225011
41783225002
41783225010
41783225222
41783225060
41783225077
41783225040
41783225181
41783225090
41783225333
41783225234
41783225179
41783225252
41783225242
41783225100
41783225445
41783225303
41783225278
41783225414
41783225152
41783225666
41783225115
41783225291
41783225353
41783225449
41783225500
41783225299
41783225858
41783225382
41783225477
41783225665
41783225672
41783225400
41783225292
41783225545
41783225282
41783225577
41783225499
41783225980
41783225363
41783225558
41783225551
41783225415
41783225555
41783225509
41783225700
41783225564
41783225660
41783225757
41783225518
41783225939
41783225453
41783225623
41783225722
41783225833
41783225455
41783225644
41783225554
41783225910
41783225650
41783225616
41783225968
41783225747
41783225977
41783225725
41783225822
41783225959
41783225729
41783225909
41783224000
41783224017
41783224020
41783224014
41783224002
41783224058
41783224198
41783224035
41783224100
41783224201
41783224142
41783224205
41783224150
41783224363
41783224345
41783224144
41783224303
41783224099
41783224252
41783224425
41783224505
41783224454
41783224393
41783224199
41783224210
41783224312
41783224356
41783224200
41783224422
41783224242
41783224080
41783224747
41783224455
41783224322
41783224222
41783224197
41783224427
41783224592
41783224714
41783224398
41783224477
41783224822
41783224488
41783224479
41783224560
41783224438
41783224640
41783224929
41783224470
41783224225
41783224567
41783224767
41783224500
41783224847
41783224650
41783224343
41783224534
41783224471
41783224530
41783224955
41783224951
41783224676
41783224600
41783224466
41783224870
41783224646
41783224922
41783224619
41783224606
41783224885
41783224671
41783224647
41783224888
41783224877
41783224690
41783224864
41783224645
41783224900
41783224949
41783224777
41783224614
41783224858
41783226005
41783226030
41783226082
41783226162
41783226092
41783226088
41783226085
41783226150
41783226060
41783226070
41783226100
41783226151
41783226154
41783226666
41783226333
41783226206
41783226221
41783226466
41783226274
41783226090
41783226435
41783226186
41783226484
41783226444
41783226716
41783226417
41783226200
41783226962
41783226181
41783226141
41783226465
41783226138
41783226500
41783226562
41783226758
41783226677
41783226232
41783226949
41783226625
41783226700
41783226904
41783226908
41783226575
41783226740
41783226633
41783226888
41783226959
41783226921
41783226977
41783220000
41783220023
41783220006
41783220008
41783220018
41783220007
41783220022
41783220032
41783220027
41783220020
41783220038
41783220130
41783220092
41783220070
41783220310
41783220466
41783220232
41783220069
41783220240
41783220035
41783220090
41783220080
41783220042
41783220040
41783220102
41783220094
41783220082
41783220166
41783220260
41783220532
41783220170
41783220608
41783220224
41783220195
41783220408
41783220668
41783220220
41783220242
41783220313
41783220050
41783220120
41783220888
41783220809
41783220453
41783220525
41783220504
41783220492
41783220712
41783220326
41783220620
41783220980
41783220778
41783220905
41783220870
41783220700
41783220830
41783220555
41783220838
41783220950
41783220922
41783220848
41783220656
41783220964
41783220912
41783220784
41783220939
41783229000
41783229290
41783229040
41783229066
41783229122
41783229190
41783229050
41783229262
41783229049
41783229308
41783229044
41783229092
41783229899
41783229544
41783229454
41783229202
41783229292
41783229222
41783229390
41783229144
41783229373
41783229111
41783229995
41783229595
41783229500
41783229383
41783229414
41783229444
41783229191
41783229494
41783229890
41783229700
41783229889
41783229917
41783229737
41783229434
41783229900
41783229696
41783229777
41783229315
41783229940
41783229990
41783229858
41783229455
41783229755
41783229944
41783229797
41783229963
41783229979
41783229822
41783229829
41783229898
41783229555
41783229733
41783229836
41783229805
41783229911
41783223031
41783223009
41783223011
41783223010
41783223032
41783223040
41783223020
41783223130
41783223152
41783223131
41783223320
41783223200
41783223080
41783223223
41783223006
41783223099
41783223258
41783223072
41783223282
41783223172
41783223468
41783223288
41783223527
41783223487
41783223121
41783223221
41783223359
41783223230
41783223147
41783223732
41783223052
41783223391
41783223256
41783223366
41783223242
41783223344
41783223311
41783223499
41783223370
41783223460
41783223272
41783223264
41783223232
41783223367
41783223393
41783223066
41783223503
41783223182
41783223239
41783223379
41783223206
41783223323
41783223454
41783223636
41783223331
41783223424
41783223799
41783223600
41783223204
41783223520
41783223218
41783223108
41783223390
41783223361
41783223355
41783223397
41783223505
41783223310
41783223401
41783223950
41783223510
41783223303
41783223347
41783223434
41783223300
41783223656
41783223848
41783223262
41783223444
41783223332
41783223737
41783223517
41783223812
41783223745
41783223909
41783223377
41783223617
41783223857
41783223170
41783223404
41783223525
41783223838
41783223746
41783223880
41783223808
41783223553
41783223414
41783223667
41783223394
41783223508
41783223646
41783223939
41783223504
41783223421
41783223765
41783223635
41783223676
41783223319
41783223755
41783223558
41783223788
41783223738
41783223877
41783223770
41783223833
41783223858
41783221031
41783221030
41783221080
41783221090
41783221111
41783221044
41783221188
41783221062
41783221127
41783221100
41783221166
41783221300
41783221512
41783221500
41783221516
41783221378
41783221133
41783221275
41783221400
41783221614
41783221216
41783221697
41783221515
41783221178
41783221213
41783221611
41783221737
41783221212
41783221466
41783221340
41783221288
41783221779
41783221570
41783221882
41783221706
41783221919
41783221660
41783221968
41783221642
41783221950
41783221699
41783221997
41783222021
41783222040
41783222062
41783222140
41783222099
41783222038
41783222218
41783222267
41783222044
41783222090
41783222034
41783222121
41783222060
41783222111
41783222332
41783222322
41783222050
41783222231
41783222202
41783222298
41783222252
41783222055
41783222289
41783222296
41783222235
41783222304
41783222334
41783222209
41783222301
41783222210
41783222270
41783222201
41783222211
41783222226
41783222343
41783222325
41783222275
41783222274
41783222287
41783222177
41783222259
41783222282
41783222344
41783222323
41783222227
41783222324
41783222250
41783222200
41783222220
41783222330
41783222230
41783222254
41783222221
41783222190
41783222245
41783222303
41783222326
41783222249
41783222222
41783222260
41783222366
41783222359
41783222380
41783222373
41783222377
41783222444
41783222544
41783222664
41783222526
41783222529
41783222563
41783222616
41783222425
41783222677
41783222515
41783222454
41783222448
41783222688
41783222535
41783222440
41783222575
41783222600
41783222420
41783222500
41783222650
41783222442
41783222505
41783222556
41783222646
41783222636
41783222730
41783222716
41783222711
41783222721
41783222727
41783222787
41783222757
41783222777
41783222749
41783222737
41783222750
41783222748
41783222782
41783222765
41783222800
41783222799
41783222834
41783222829
41783222823
41783222826
41783222839
41783222818
41783222810
41783222882
41783222889
41783222874
41783222869
41783222888
41783222878
41783222899
41783222900
41783222959
41783222939
41783222949
41783222985
41783222921
41783222955
41783222980
41783222979
41783222999
41783222990
41783228000
41783228020
41783228024
41783228007
41783228040
41783228088
41783228232
41783228171
41783228080
41783228060
41783228222
41783228070
41783228157
41783228141
41783228188
41783228185
41783228209
41783228101
41783228553
41783228111
41783228212
41783228202
41783228263
41783228124
41783228166
41783228300
41783228336
41783228838
41783228089
41783228382
41783228369
41783228220
41783228686
41783228891
41783228288
41783228957
41783228611
41783228208
41783228505
41783228328
41783228820
41783228700
41783228888
41783228886
41783228586
41783228511
41783228801
41783228868
41783228770
41783228600
41783228882
41783228877
41783228510
41783228885
41783228848
41783228917
41783228899
41783228866
41783228818
41783228989
41783228919
41783228830
41783227000
41783227010
41783227007
41783227030
41783227017
41783227020
41783227064
41783227077
41783227115
41783227154
41783227283
41783227202
41783227182
41783227200
41783227081
41783227062
41783227374
41783227550
41783227272
41783227273
41783227170
41783227150
41783227275
41783227330
41783227231
41783227474
41783227271
41783227356
41783227944
41783227261
41783227879
41783227919
41783227464
41783227352
41783227282
41783227473
41783227878
41783227720
41783227494
41783227790
41783227488
41783227880
41783227535
41783227536
41783227201
41783227430
41783227632
41783227637
41783227774
41783227866
41783227836
41783227710
41783227898
41783227573
41783227500
41783227800
41783227920
41783227547
41783227981
41783227676
41783227882
41783227887
41783227972
