41766915050


41766910002
41766910005
41766910029
41766910001
41766910030
41766910031
41766910032
41766910007
41766910112
41766910051
41766910043
41766910042
41766910162
41766910159
41766910221
41766910224
41766910226
41766910063
41766910106
41766910118
41766910166
41766910061
41766910095
41766910037
41766910256
41766910231
41766910121
41766910102
41766910127
41766910132
41766910110
41766910050
41766910233
41766910186
41766910058
41766910232
41766910175
41766910388
41766910334
41766910146
41766910239
41766910439
41766910413
41766910047
41766910202
41766910223
41766910090
41766910189
41766910275
41766910177
41766910408
41766910211
41766910105
41766910157
41766910714
41766910508
41766910098
41766910083
41766910135
41766910073
41766910474
41766910111
41766910498
41766910547
41766910116
41766910179
41766910128
41766910201
41766910425
41766910194
41766910407
41766910129
41766910282
41766910228
41766910419
41766910104
41766910290
41766910409
41766910257
41766910581
41766910603
41766910628
41766910635
41766910511
41766910271
41766910494
41766910351
41766910078
41766910376
41766910234
41766910165
41766910303
41766910107
41766910206
41766910411
41766910386
41766910340
41766910393
41766910292
41766910779
41766910310
41766910144
41766910665
41766910185
41766910414
41766910321
41766910324
41766910332
41766910399
41766910265
41766910501
41766910329
41766910712
41766910650
41766910410
41766910317
41766910899
41766910198
41766910472
41766910761
41766910877
41766910426
41766910605
41766910726
41766910378
41766910766
41766910304
41766910825
41766910584
41766910875
41766910905
41766910395
41766910471
41766910299
41766910204
41766910473
41766910379
41766910342
41766910623
41766910444
41766910323
41766910467
41766910769
41766910694
41766910705
41766910392
41766910590
41766910587
41766910678
41766910750
41766910666
41766910553
41766910711
41766910629
41766910535
41766910415
41766910318
41766910887
41766910776
41766910350
41766910746
41766910335
41766910253
41766910736
41766910589
41766910689
41766910671
41766910442
41766910622
41766910625
41766910429
41766910533
41766910873
41766910717
41766910881
41766910536
41766910538
41766910497
41766910708
41766910657
41766910443
41766910798
41766910856
41766910586
41766910383
41766910549
41766910882
41766910418
41766910618
41766910888
41766910748
41766910647
41766910803
41766910784
41766910615
41766910279
41766910417
41766910396
41766910785
41766910900
41766910690
41766910846
41766910405
41766910823
41766910815
41766910813
41766910749
41766910857
41766910839
41766910519
41766910742
41766910702
41766910636
41766910805
41766910679
41766910834
41766910440
41766910723
41766910774
41766910475
41766910760
41766910644
41766910541
41766910874
41766910658
41766910909
41766910829
41766910517
41766910809
41766910325
41766910879
41766910725
41766910778
41766910709
41766910687
41766910612
41766910617
41766910568
41766910651
41766910718
41766910743
41766910820
41766910906
41766910898
41766910904
41766910794
41766910706
41766910907
41766910374
41766910845
41766910828
41766910889
41766910872
41766910699
41766910854
41766910842
41766910818
41766910758
41766910562
41766910524
41766910713
41766910908
41766910852
41766910819
41766910797
41766910759
41766910891
41766910817
41766910422
41766910715
41766910710
41766910880
41766910802
41766910835
41766910894
41766910890
41766910827
41766910624
41766910724
41766910663
41766910808
41766910929
41766910821
41766910756
41766910716
41766910886
41766910865
41766910895
41766910767
41766910860
41766910883
41766910753

41766913487
41766911019
41766911007
41766911070
41766911022
41766911018
41766911080
41766911071
41766911096
41766911120
41766911013
41766911008
41766911020
41766911220
41766911100
41766911105
41766911048
41766911055
41766911002
41766911151
41766911115
41766911154
41766911124
41766911139
41766911038
41766911267
41766911185
41766911078
41766911099
41766911208
41766911094
41766911016
41766911104
41766911037
41766911141
41766911311
41766911010
41766911006
41766911156
41766911316
41766911113
41766911095
41766911539
41766911031
41766911074
41766911072
41766911372
41766911169
41766911314
41766911098
41766911046
41766911181
41766911032
41766911172
41766911004
41766911102
41766911042
41766911390
41766911180
41766911219
41766911380
41766911289
41766911028
41766911128
41766911178
41766911109
41766911182
41766911041
41766911222
41766911190
41766911260
41766911233
41766911379
41766911142
41766911244
41766911088
41766911258
41766911179
41766911292
41766911015
41766911135
41766911130
41766911245
41766911332
41766911345
41766911269
41766911068
41766911246
41766911126
41766911079
41766911089
41766911657
41766911583
41766911204
41766911394
41766911392
41766911033
41766911160
41766911272
41766911405
41766911264
41766911240
41766911043
41766911449
41766911221
41766911077
41766911273
41766911367
41766911250
41766911364
41766911110
41766911170
41766911452
41766911187
41766911531
41766911174
41766911445
41766911087
41766911285
41766911322
41766911152
41766911477
41766911265
41766911280
41766911658
41766911161
41766911189
41766911360
41766911323
41766911373
41766911383
41766911416
41766911195
41766911481
41766911150
41766911485
41766911533
41766911215
41766911320
41766911296
41766911415
41766911092
41766911515
41766911209
41766911256
41766911234
41766911470
41766911294
41766911282
41766911198
41766911197
41766911471
41766911659
41766911573
41766911224
41766911297
41766911385
41766911474
41766911259
41766911611
41766911636
41766911649
41766911090
41766911369
41766911475
41766911490
41766911381
41766911443
41766911310
41766911125
41766911205
41766911412
41766911540
41766911225
41766911457
41766911286
41766911391
41766911356
41766911504
41766911175
41766911480
41766911361
41766911634
41766911502
41766911585
41766911638
41766911211
41766911317
41766911213
41766911524
41766911619
41766911454
41766911337
41766911343
41766911382
41766911346
41766911401
41766911171
41766911547
41766911218
41766911248
41766911589
41766911418
41766911652
41766911384
41766911572
41766911216
41766911549
41766911063
41766911312
41766911325
41766911413
41766911397
41766911424
41766911536
41766911465
41766911641
41766911217
41766911331
41766911522
41766911546
41766911491
41766911407
41766911435
41766911433
41766911599
41766911596
41766911627
41766911472
41766911674
41766911628
41766911399
41766911362
41766911366
41766911417
41766911571
41766911587
41766911523
41766911509
41766911434
41766911551
41766911639
41766911728
41766911460
41766911647
41766911279
41766911543
41766911513
41766911553
41766911567
41766911643
41766911624
41766911637
41766911623
41766911548
41766911550
41766911568
41766911560
41766911422
41766911468
41766911552



