41796685000
41796685010
41796685012
41796685002
41796685014
41796685001
41796685021
41796685008
41796685004
41796685020
41796685007
41796685024
41796685030
41796685015
41796685019
41796685009
41796685031
41796685005
41796685013
41796685025
41796685040
41796685102
41796685174
41796685187
41796685202
41796685120
41796685038
41796685034
41796685189
41796685072
41796685041
41796685126
41796685131
41796685063
41796685047
41796685059
41796685100
41796685209
41796685049
41796685140
41796685048
41796685181
41796685220
41796685235
41796685292
41796685250
41796685232
41796685052
41796685192
41796685163
41796685056
41796685094
41796685057
41796685075
41796685081
41796685055
41796685199
41796685060
41796685142
41796685177
41796685222
41796685132
41796685036
41796685225
41796685088
41796685070
41796685044
41796685212
41796685390
41796685079
41796685360
41796685341
41796685302
41796685110
41796685285
41796685312
41796685129
41796685175
41796685382
41796685116
41796685111
41796685065
41796685155
41796685169
41796685089
41796685213
41796685598
41796685247
41796685252
41796685244
41796685256
41796685114
41796685203
41796685261
41796685352
41796685159
41796685554
41796685288
41796685300
41796685422
41796685284
41796685090
41796685210
41796685113
41796685383
41796685324
41796685478
41796685228
41796685071
41796685176
41796685122
41796685581
41796685188
41796685133
41796685190
41796685518
41796685393
41796685418
41796685263
41796685310
41796685294
41796685277
41796685165
41796685484
41796685481
41796685416
41796685259
41796685208
41796685401
41796685206
41796685593
41796685438
41796685678
41796685194
41796685287
41796685661
41796685448
41796685229
41796685445
41796685082
41796685144
41796685319
41796685281
41796685392
41796685157
41796685211
41796685115
41796685629
41796685511
41796685068
41796685859
41796685191
41796685467
41796685143
41796685570
41796685173
41796685443
41796685551
41796685474
41796685490
41796685371
41796685328
41796685197
41796685217
41796685249
41796685136
41796685520
41796685580
41796685579
41796685874
41796685172
41796685747
41796685334
41796685354
41796685051
41796685231
41796685489
41796685323
41796685386
41796685307
41796685462
41796685732
41796685573
41796685790
41796685339
41796685566
41796685815
41796685649
41796685410
41796685204
41796685377
41796685355
41796685238
41796685304
41796685146
41796685267
41796685508
41796685417
41796685239
41796685375
41796685591
41796685544
41796685470
41796685479
41796685458
41796685435
41796685134
41796685219
41796685724
41796685557
41796685309
41796685108
41796685356
41796685398
41796685624
41796685343
41796685164
41796685262
41796685463
41796685243
41796685428
41796685765
41796685673
41796685634
41796685687
41796685903
41796685949
41796685841
41796685523
41796685652
41796685549
41796685722
41796685414
41796685577
41796685514
41796685350
41796685709
41796685672
41796685182
41796685530
41796685185
41796685562
41796685840
41796685767
41796685336
41796685240
41796685871
41796685421
41796685454
41796685322
41796685715
41796685080
41796685272
41796685578
41796685887
41796685547
41796685792
41796685430
41796685359
41796685338
41796685608
41796685625
41796685615
41796685710
41796685271
41796685507
41796685167
41796685869
41796685635
41796685825
41796685555
41796685950
41796685938
41796685515
41796685857
41796685809
41796685870
41796685453
41796685735
41796685533
41796685532
41796685248
41796685368
41796685476
41796685885
41796685166
41796685553
41796685411
41796685990
41796685811
41796685586
41796685265
41796685468
41796685719
41796685942
41796685541
41796685433
41796685637
41796685315
41796685488
41796685891
41796685405
41796685602
41796685787
41796685627
41796685721
41796685907
41796685348
41796685974
41796685568
41796685639
41796685927
41796685135
41796685342
41796685666
41796685510
41796685984
41796685347
41796685332
41796685739
41796685582
41796685782
41796685681
41796685374
41796685552
41796685804
41796685813
41796685996
41796685669
41796685753
41796685258
41796685491
41796685917
41796685245
41796685972
41796685682
41796685560
41796685644
41796685651
41796685953
41796685854
41796685702
41796685614
41796685154
41796685183
41796685700
41796685303
41796685845
41796685471
41796685367
41796685345
41796685633
41796685607
41796685290
41796685561
41796685764
41796685760
41796685626
41796685683
41796685759
41796685671
41796685588
41796685968
41796685881
41796685742
41796685920
41796685772
41796685465
41796685780
41796685883
41796685432
41796685771
41796685876
41796685370
41796685472
41796685981
41796685925
41796685686
41796685404
41796685450
41796685545
41796685982
41796685612
41796685632
41796685592
41796685707
41796685298
41796685921
41796685994
41796685961
41796685880
41796685611
41796685858
41796685680
41796685980
41796685851
41796685875
41796685797
41796685495
41796685746
41796685886
41796685503
41796685705
41796685420
41796685714
41796685750
41796685679
41796685505
41796685643
41796685712
41796685901
41796685835
41796685884
41796685978
41796685642
41796685931
41796685407
41796685829
41796685833
41796685708
41796685766
41796685947
41796685500
41796685483
41796685522
41796685818
41796685762
41796685828
41796685775
41796685509
41796685692
41796685506
41796685832
41796685939
41796685461
41796685751
41796685786
41796685973
41796685774
41796685480
41796685442
41796685937
41796685866
41796685977
41796685945
41796685915
41796685778
41796685878
41796685748
41796685587
41796685789
41796685912
41796685380
41796685986
41796685539
41796685944
41796685946
41796685839
41796685744
41796685647
41796685823
41796685475
41796685525
41796685389
41796685867
41796685606
41796685690
41796685441
41796685595
41796685853
41796685919
41796685659
41796685967
41796685749
41796685636
41796685618
41796685943
41796685496
41796685697
41796685824
41796685922
41796685701
41796685758
41796685923
41796685770
41796685745
41796685538
41796685788
41796685689
41796685908
41796685852
41796685926
41796685713
41796685909
41796685957
41796685991
41796685528
41796685820
41796685600
41796685868
41796685960
41796685550
41796685896
41796685631
41796685904
41796685693
41796685622
41796685936
41796685935
41796685929
41796685837
41796685993
41796685847
41796685779
41796685559
41796685698
41796685670
41796685987
41796685826
41796685865
41796685879
41796685860
41796685827
41796685855
41796685940
41796685983
41796685844
41796685985
41796685979
41796684015
41796684002
41796684020
41796684032
41796684016
41796684004
41796684022
41796684029
41796684024
41796684021
41796684008
41796684023
41796684176
41796684232
41796684058
41796684038
41796684034
41796684060
41796684062
41796684074
41796684119
41796684114
41796684135
41796684133
41796684165
41796684028
41796684203
41796684248
41796684065
41796684051
41796684080
41796684057
41796684083
41796684311
41796684326
41796684102
41796684050
41796684120
41796684152
41796684035
41796684186
41796684070
41796684076
41796684211
41796684053
41796684091
41796684071
41796684195
41796684160
41796684115
41796684041
41796684040
41796684144
41796684290
41796684299
41796684521
41796684173
41796684078
41796684132
41796684113
41796684139
41796684168
41796684313
41796684143
41796684215
41796684513
41796684372
41796684217
41796684172
41796684504
41796684250
41796684042
41796684043
41796684330
41796684196
41796684159
41796684259
41796684052
41796684141
41796684262
41796684336
41796684066
41796684131
41796684279
41796684252
41796684329
41796684184
41796684435
41796684117
41796684193
41796684111
41796684208
41796684209
41796684272
41796684304
41796684154
41796684238
41796684108
41796684150
41796684347
41796684381
41796684219
41796684218
41796684169
41796684048
41796684225
41796684265
41796684309
41796684202
41796684055
41796684546
41796684389
41796684097
41796684194
41796684174
41796684125
41796684059
41796684285
41796684177
41796684666
41796684498
41796684433
41796684266
41796684294
41796684199
41796684327
41796684180
41796684280
41796684206
41796684451
41796684367
41796684106
41796684030
41796684192
41796684458
41796684361
41796684640
41796684093
41796684170
41796684263
41796684086
41796684124
41796684352
41796684222
41796684204
41796684110
41796684181
41796684167
41796684350
41796684722
41796684385
41796684216
41796684264
41796684338
41796684235
41796684333
41796684267
41796684307
41796684331
41796684400
41796684246
41796684664
41796684363
41796684446
41796684632
41796684089
41796684241
41796684591
41796684447
41796684275
41796684081
41796684253
41796684283
41796684518
41796684855
41796684710
41796684407
41796684112
41796684301
41796684130
41796684480
41796684948
41796684334
41796684276
41796684376
41796684444
41796684537
41796684185
41796684428
41796684490
41796684373
41796684349
41796684342
41796684190
41796684128
41796684464
41796684531
41796684437
41796684391
41796684291
41796684255
41796684940
41796684590
41796684694
41796684103
41796684493
41796684460
41796684221
41796684095
41796684786
41796684136
41796684683
41796684770
41796684244
41796684297
41796684845
41796684443
41796684357
41796684406
41796684341
41796684388
41796684257
41796684535
41796684308
41796684561
41796684100
41796684747
41796684465
41796684548
41796684457
41796684452
41796684543
41796684512
41796684800
41796684440
41796684383
41796684724
41796684492
41796684371
41796684405
41796684156
41796684808
41796684261
41796684328
41796684865
41796684348
41796684441
41796684418
41796684852
41796684461
41796684720
41796684289
41796684146
41796684661
41796684743
41796684529
41796684403
41796684527
41796684453
41796684654
41796684637
41796684429
41796684286
41796684475
41796684523
41796684713
41796684401
41796684794
41796684242
41796684726
41796684672
41796684497
41796684703
41796684472
41796684245
41796684448
41796684685
41796684997
41796684829
41796684390
41796684511
41796684258
41796684369
41796684462
41796684501
41796684952
41796684688
41796684565
41796684394
41796684533
41796684337
41796684473
41796684322
41796684551
41796684899
41796684768
41796684718
41796684278
41796684576
41796684574
41796684514
41796684552
41796684226
41796684556
41796684384
41796684659
41796684524
41796684506
41796684306
41796684163
41796684580
41796684939
41796684481
41796684986
41796684507
41796684988
41796684183
41796684178
41796684477
41796684380
41796684483
41796684947
41796684805
41796684344
41796684198
41796684746
41796684587
41796684588
41796684901
41796684578
41796684828
41796684926
41796684662
41796684445
41796684358
41796684486
41796684741
41796684641
41796684849
41796684893
41796684508
41796684671
41796684884
41796684387
41796684520
41796684569
41796684646
41796684858
41796684963
41796684742
41796684719
41796684240
41796684784
41796684776
41796684626
41796684951
41796684499
41796684558
41796684955
41796684610
41796684702
41796684891
41796684598
41796684254
41796684634
41796684484
41796684715
41796684581
41796684790
41796684542
41796684575
41796684442
41796684617
41796684544
41796684689
41796684785
41796684631
41796684270
41796684628
41796684618
41796684459
41796684956
41796684731
41796684738
41796684602
41796684727
41796684436
41796684415
41796684923
41796684530
41796684888
41796684916
41796684271
41796684843
41796684924
41796684872
41796684635
41796684600
41796684439
41796684312
41796684983
41796684528
41796684929
41796684764
41796684967
41796684854
41796684627
41796684633
41796684274
41796684749
41796684909
41796684857
41796684981
41796684681
41796684836
41796684583
41796684651
41796684757
41796684476
41796684761
41796684658
41796684745
41796684980
41796684904
41796684585
41796684669
41796684848
41796684642
41796684609
41796684554
41796684488
41796684541
41796684426
41796684766
41796684557
41796684756
41796684559
41796684913
41796684582
41796684735
41796684298
41796684792
41796684762
41796684692
41796684873
41796684840
41796684883
41796684577
41796684754
41796684560
41796684538
41796684755
41796684977
41796684354
41796684732
41796684668
41796684778
41796684679
41796684555
41796684638
41796684946
41796684895
41796684877
41796684806
41796684705
41796684783
41796684886
41796684698
41796684621
41796684539
41796684930
41796684815
41796684673
41796684571
41796684987
41796684752
41796684830
41796684802
41796684846
41796684782
41796684853
41796684817
41796684678
41796684644
41796684985
41796684827
41796684978
41796684993
41796684589
41796684875
41796684908
41796684841
41796684915
41796684944
41796684903
41796684801
41796684595
41796684976
41796684881
41796684851
41796684596
41796684657
41796684624
41796684945
41796684942
41796684549
41796684850
41796684869
41796684665
41796684814
41796684958
41796684925
41796684973
41796684734
41796684921
41796684931
41796684995
41796684789
41796684709
41796684911
41796684962
41796684714
41796684670
41796684824
41796684723
41796684700
41796684740
41796684878
41796684979
41796684630
41796684772
41796684900
41796684943
41796684970
41796684799
41796684712
41796684871
41796684932
41796684649
41796684809
41796684890
41796684736
41796684928
41796684880
41796684959
41796684918
41796684550
41796684572
41796684818
41796684982
41796686024
41796686031
41796686007
41796686017
41796686015
41796686029
41796686021
41796686019
41796686018
41796686005
41796686012
41796686013
41796686020
41796686014
41796686026
41796686016
41796686022
41796686004
41796686006
41796686002
41796686072
41796686122
41796686041
41796686033
41796686065
41796686046
41796686042
41796686127
41796686142
41796686107
41796686164
41796686086
41796686188
41796686060
41796686134
41796686129
41796686286
41796686108
41796686080
41796686327
41796686190
41796686123
41796686299
41796686219
41796686228
41796686373
41796686246
41796686083
41796686049
41796686140
41796686079
41796686104
41796686117
41796686135
41796686070
41796686126
41796686058
41796686114
41796686069
41796686149
41796686039
41796686162
41796686106
41796686118
41796686306
41796686055
41796686035
41796686592
41796686064
41796686198
41796686181
41796686328
41796686253
41796686280
41796686279
41796686343
41796686326
41796686200
41796686145
41796686380
41796686052
41796686082
41796686210
41796686087
41796686143
41796686040
41796686023
41796686168
41796686090
41796686144
41796686523
41796686192
41796686276
41796686195
41796686184
41796686377
41796686091
41796686241
41796686176
41796686430
41796686056
41796686683
41796686120
41796686207
41796686224
41796686153
41796686431
41796686282
41796686359
41796686341
41796686155
41796686268
41796686351
41796686047
41796686157
41796686553
41796686061
41796686068
41796686178
41796686111
41796686116
41796686395
41796686139
41796686057
41796686158
41796686243
41796686275
41796686242
41796686770
41796686455
41796686291
41796686368
41796686182
41796686776
41796686059
41796686208
41796686444
41796686121
41796686148
41796686186
41796686333
41796686387
41796686334
41796686399
41796686307
41796686214
41796686369
41796686313
41796686205
41796686706
41796686820
41796686203
41796686325
41796686382
41796686586
41796686781
41796686439
41796686419
41796686251
41796686180
41796686388
41796686189
41796686132
41796686511
41796686565
41796686209
41796686547
41796686646
41796686146
41796686404
41796686256
41796686510
41796686363
41796686383
41796686257
41796686100
41796686239
41796686480
41796686666
41796686141
41796686414
41796686284
41796686317
41796686240
41796686615
41796686094
41796686278
41796686193
41796686661
41796686233
41796686315
41796686115
41796686433
41796686631
41796686281
41796686152
41796686947
41796686623
41796686329
41796686421
41796686408
41796686823
41796686593
41796686347
41796686412
41796686544
41796686693
41796686093
41796686226
41796686073
41796686371
41796686175
41796686225
41796686528
41796686194
41796686584
41796686360
41796686136
41796686322
41796686564
41796686249
41796686486
41796686643
41796686701
41796686411
41796686318
41796686283
41796686554
41796686037
41796686636
41796686381
41796686216
41796686561
41796686161
41796686386
41796686166
41796686465
41796686255
41796686460
41796686262
41796686818
41796686476
41796686491
41796686470
41796686620
41796686503
41796686457
41796686235
41796686304
41796686227
41796686909
41796686494
41796686167
41796686292
41796686410
41796686870
41796686699
41796686541
41796686287
41796686517
41796686358
41796686499
41796686558
41796686434
41796686147
41796686640
41796686692
41796686545
41796686390
41796686374
41796686772
41796686484
41796686979
41796686644
41796686807
41796686384
41796686603
41796686531
41796686973
41796686875
41796686429
41796686814
41796686965
41796686760
41796686232
41796686901
41796686905
41796686648
41796686687
41796686613
41796686294
41796686804
41796686314
41796686501
41796686361
41796686183
41796686340
41796686364
41796686324
41796686300
41796686259
41796686551
41796686348
41796686372
41796686834
41796686570
41796686803
41796686400
41796686735
41796686619
41796686367
41796686272
41796686575
41796686625
41796686474
41796686160
41796686976
41796686840
41796686427
41796686825
41796686642
41796686647
41796686589
41796686578
41796686170
41796686736
41796686448
41796686048
41796686854
41796686667
41796686602
41796686264
41796686533
41796686816
41796686450
41796686244
41796686520
41796686607
41796686492
41796686884
41796686447
41796686881
41796686468
41796686828
41796686969
41796686370
41796686446
41796686806
41796686686
41796686556
41796686604
41796686557
41796686764
41796686621
41796686844
41796686357
41796686697
41796686438
41796686426
41796686375
41796686526
41796686234
41796686801
41796686258
41796686490
41796686778
41796686335
41796686786
41796686981
41796686597
41796686479
41796686542
41796686891
41796686790
41796686473
41796686710
41796686703
41796686350
41796686250
41796686740
41796686728
41796686946
41796686910
41796686660
41796686743
41796686220
41796686853
41796686627
41796686915
41796686843
41796686878
41796686839
41796686767
41796686469
41796686353
41796686452
41796686271
41796686793
41796686536
41796686459
41796686930
41796686583
41796686888
41796686980
41796686456
41796686668
41796686471
41796686861
41796686950
41796686993
41796686574
41796686641
41796686651
41796686821
41796686753
41796686624
41796686485
41796686320
41796686600
41796686267
41796686871
41796686493
41796686295
41796686407
41796686524
41796686569
41796686654
41796686855
41796686702
41796686639
41796686872
41796686904
41796686756
41796686968
41796686939
41796686935
41796686680
41796686800
41796686311
41796686401
41796686832
41796686610
41796686972
41796686454
41796686618
41796686513
41796686727
41796686769
41796686518
41796686612
41796686633
41796686831
41796686614
41796686838
41796686787
41796686808
41796686777
41796686805
41796686530
41796686579
41796686669
41796686892
41796686897
41796686936
41796686550
41796686507
41796686464
41796686738
41796686851
41796686715
41796686791
41796686685
41796686676
41796686826
41796686873
41796686971
41796686630
41796686540
41796686869
41796686924
41796686849
41796686746
41796686673
41796686500
41796686440
41796686601
41796686417
41796686659
41796686927
41796686829
41796686514
41796686784
41796686907
41796686658
41796686606
41796686529
41796686986
41796686355
41796686732
41796686797
41796686483
41796686783
41796686617
41796686552
41796686916
41796686837
41796686677
41796686566
41796686984
41796686953
41796686880
41796686962
41796686985
41796686945
41796686879
41796686914
41796686608
41796686858
41796686882
41796686782
41796686902
41796686886
41796686802
41796686761
41796686852
41796686835
41796686475
41796686694
41796686688
41796686534
41796686742
41796686919
41796686652
41796686887
41796686925
41796686744
41796686922
41796686819
41796686955
41796686653
41796686560
41796686595
41796686847
41796686864
41796686733
41796686813
41796686792
41796686577
41796686951
41796686938
41796686865
41796686906
41796686868
41796686824
41796686580
41796686798
41796686741
41796686918
41796686991
41796686960
41796686883
41796686983
41796686928
41796686848
41796686867
41796686773
41796686747
41796686988
41796686841
41796686672
41796686908
41796686964
41796686893
41796686977
41796686762
41796686700
41796686896
41796686913
41796686900
41796686765
41796686794
41796686815
41796686952
41796686949
41796686859
41796686934
41796686866
41796686956
41796686874
41796686989
41796686987
41796686933
41796680000
41796680006
41796680030
41796680019
41796680005
41796680009
41796680015
41796680014
41796680008
41796680032
41796680004
41796680007
41796680001
41796680016
41796680017
41796680031
41796680027
41796680011
41796680029
41796680013
41796680026
41796680062
41796680099
41796680038
41796680059
41796680033
41796680051
41796680037
41796680048
41796680067
41796680071
41796680081
41796680087
41796680102
41796680095
41796680044
41796680083
41796680138
41796680060
41796680144
41796680056
41796680125
41796680039
41796680287
41796680089
41796680105
41796680111
41796680207
41796680224
41796680065
41796680209
41796680106
41796680336
41796680232
41796680107
41796680297
41796680034
41796680188
41796680314
41796680135
41796680132
41796680072
41796680124
41796680040
41796680052
41796680264
41796680045
41796680171
41796680074
41796680043
41796680129
41796680091
41796680049
41796680061
41796680057
41796680181
41796680076
41796680147
41796680088
41796680131
41796680053
41796680261
41796680085
41796680086
41796680117
41796680064
41796680220
41796680272
41796680177
41796680167
41796680281
41796680133
41796680244
41796680241
41796680337
41796680159
41796680078
41796680160
41796680343
41796680288
41796680077
41796680100
41796680303
41796680162
41796680098
41796680242
41796680157
41796680047
41796680291
41796680249
41796680139
41796680182
41796680211
41796680082
41796680245
41796680320
41796680306
41796680328
41796680108
41796680273
41796680184
41796680215
41796680302
41796680326
41796680319
41796680189
41796680145
41796680130
41796680127
41796680266
41796680222
41796680346
41796680068
41796680263
41796680063
41796680350
41796680341
41796680195
41796680069
41796680308
41796680205
41796680300
41796680285
41796680110
41796680148
41796680164
41796680260
41796680229
41796680214
41796680329
41796680298
41796680154
41796680349
41796680223
41796680330
41796680270
41796680248
41796680158
41796680340
41796680093
41796680170
41796680345
41796680312
41796680310
41796680141
41796680185
41796680190
41796680227
41796680180
41796680194
41796680225
41796680247
41796680317
41796680331
41796680283
41796680338
41796680235
41796680152
41796680176
41796680277
41796680161
41796680243
41796680284
41796680228
41796680309
41796680101
41796680233
41796680206
41796680292
41796680200
41796680179
41796680274
41796680212
41796680221
41796680259
41796680265
41796680282
41796680163
41796680262
41796680307
41796680311
41796680332
41796680322
41796680238
41796680315
41796680168
41796680301
41796680280
41796680198
41796680347
41796680366
41796680353
41796680368
41796680380
41796680362
41796680363
41796680364
41796680351
41796680355
41796680371
41796680376
41796680356
41796680365
41796680382
41796680357
41796680354
41796680375
41796680090
41796680359
41796680381
41796680370
41796680156
41796680395
41796680473
41796680557
41796680613
41796680387
41796680490
41796680507
41796680416
41796680393
41796680466
41796680427
41796680437
41796680475
41796680551
41796680405
41796680499
41796680468
41796680519
41796680409
41796680458
41796680440
41796680597
41796680450
41796680433
41796680424
41796680484
41796680496
41796680383
41796680385
41796680564
41796680505
41796680444
41796680501
41796680453
41796680671
41796680559
41796680460
41796680462
41796680469
41796680617
41796680455
41796680556
41796680570
41796680542
41796680472
41796680506
41796680545
41796680522
41796680606
41796680394
41796680428
41796680412
41796680549
41796680411
41796680406
41796680432
41796680514
41796680558
41796680574
41796680548
41796680524
41796680578
41796680439
41796680471
41796680477
41796680397
41796680573
41796680618
41796680407
41796680526
41796680420
41796680634
41796680535
41796680685
41796680398
41796680408
41796680635
41796680454
41796680630
41796680529
41796680487
41796680641
41796680602
41796680451
41796680413
41796680479
41796680410
41796680661
41796680579
41796680576
41796680445
41796680418
41796680654
41796680668
41796680568
41796680682
41796680650
41796680605
41796680510
41796680628
41796680583
41796680550
41796680653
41796680423
41796680488
41796680456
41796680391
41796680692
41796680503
41796680493
41796680553
41796680601
41796680474
41796680449
41796680516
41796680544
41796680624
41796680584
41796680504
41796680620
41796680461
41796680480
41796680691
41796680495
41796680612
41796680429
41796680647
41796680566
41796680616
41796680520
41796680625
41796680645
41796680523
41796680533
41796680642
41796680596
41796680675
41796680571
41796680512
41796680537
41796680485
41796680615
41796680446
41796680547
41796680562
41796680554
41796680447
41796680695
41796680399
41796680587
41796680521
41796680481
41796680508
41796680569
41796680666
41796680581
41796680611
41796680676
41796680598
41796680686
41796680619
41796680636
41796680662
41796680435
41796680609
41796680688
41796680430
41796680667
41796680536
41796680648
41796680627
41796680623
41796680689
41796680659
41796680674
41796680600
41796680592
41796680646
41796680498
41796680565
41796680677
41796680632
41796680513
41796680438
41796680656
41796680631
41796680586
41796680672
41796680555
41796680680
41796680575
41796680651
41796680580
41796680658
41796680670
41796680622
41796680687
41796680604
41796680607
41796680664
41796680705
41796680713
41796680731
41796680728
41796680718
41796680726
41796680709
41796680720
41796680714
41796680721
41796680717
41796680724
41796680702
41796680708
41796680715
41796680711
41796680723
41796680701
41796680703
41796680700
41796680706
41796680725
41796680712
41796680727
41796680730
41796680722
41796680749
41796680763
41796680751
41796680733
41796680752
41796680753
41796680762
41796680758
41796680735
41796680755
41796680739
41796680744
41796680743
41796680736
41796680756
41796680732
41796680742
41796680788
41796680772
41796680806
41796680774
41796680791
41796680822
41796680770
41796680785
41796680793
41796680811
41796680787
41796680779
41796680790
41796680775
41796680802
41796680801
41796680766
41796680777
41796680767
41796680771
41796680780
41796680792
41796680813
41796680798
41796680819
41796680769
41796680807
41796680818
41796680815
41796680817
41796680804
41796680768
41796680805
41796680784
41796680821
41796680803
41796680851
41796680837
41796680841
41796680828
41796680838
41796680831
41796680858
41796680866
41796680878
41796680825
41796680824
41796680845
41796680854
41796680840
41796680869
41796680877
41796680853
41796680848
41796680834
41796680830
41796680868
41796680873
41796680835
41796680880
41796680836
41796680864
41796680852
41796680826
41796680833
41796680879
41796680850
41796680865
41796680872
41796680860
41796680875
41796680881
41796680832
41796680886
41796680916
41796680915
41796680890
41796680885
41796680893
41796680901
41796680903
41796680927
41796680889
41796680919
41796680913
41796680897
41796680934
41796680891
41796680937
41796680911
41796680883
41796680909
41796680929
41796680914
41796680892
41796680912
41796680933
41796680920
41796680907
41796680895
41796680884
41796680900
41796680923
41796680922
41796680940
41796680921
41796680902
41796680925
41796680910
41796680918
41796680946
41796680963
41796680944
41796680971
41796680970
41796680950
41796680959
41796680947
41796680956
41796680952
41796680965
41796680972
41796680981
41796680995
41796680998
41796680980
41796680993
41796680986
41796680990
41796680973
41796680989
41796680979
41796680999
41796680987
41796680997
41796680983
41796680982
41796680988
41796689000
41796689005
41796689002
41796689020
41796689026
41796689031
41796689011
41796689004
41796689024
41796689007
41796689016
41796689003
41796689023
41796689019
41796689006
41796689017
41796689029
41796689015
41796689009
41796689027
41796689021
41796689012
41796689050
41796689058
41796689152
41796689169
41796689033
41796689051
41796689056
41796689083
41796689104
41796689022
41796689114
41796689099
41796689103
41796689122
41796689109
41796689117
41796689126
41796689165
41796689247
41796689053
41796689054
41796689090
41796689070
41796689052
41796689035
41796689038
41796689095
41796689096
41796689167
41796689049
41796689042
41796689184
41796689041
41796689124
41796689091
41796689078
41796689121
41796689034
41796689137
41796689113
41796689057
41796689130
41796689065
41796689081
41796689030
41796689073
41796689118
41796689107
41796689092
41796689076
41796689108
41796689145
41796689147
41796689341
41796689142
41796689055
41796689163
41796689168
41796689046
41796689249
41796689156
41796689226
41796689256
41796689262
41796689112
41796689067
41796689036
41796689261
41796689064
41796689134
41796689381
41796689144
41796689380
41796689183
41796689366
41796689158
41796689084
41796689161
41796689094
41796689179
41796689066
41796689532
41796689550
41796689322
41796689808
41796689098
41796689559
41796689232
41796689218
41796689574
41796689201
41796689221
41796689210
41796689515
41796689413
41796689281
41796689164
41796689155
41796689242
41796689357
41796689392
41796689060
41796689387
41796689301
41796689072
41796689269
41796689101
41796689270
41796689447
41796689278
41796689203
41796689293
41796689441
41796689431
41796689086
41796689594
41796689309
41796689504
41796689202
41796689080
41796689272
41796689187
41796689295
41796689162
41796689340
41796689306
41796689230
41796689138
41796689365
41796689237
41796689077
41796689374
41796689311
41796689292
41796689709
41796689225
41796689490
41796689170
41796689583
41796689197
41796689173
41796689417
41796689106
41796689246
41796689135
41796689191
41796689238
41796689352
41796689178
41796689206
41796689425
41796689367
41796689093
41796689386
41796689501
41796689302
41796689071
41796689079
41796689150
41796689335
41796689181
41796689368
41796689215
41796689298
41796689378
41796689200
41796689290
41796689428
41796689362
41796689193
41796689401
41796689359
41796689123
41796689585
41796689414
41796689648
41796689324
41796689415
41796689554
41796689412
41796689402
41796689397
41796689446
41796689315
41796689196
41796689495
41796689434
41796689855
41796689153
41796689507
41796689942
41796689252
41796689523
41796689220
41796689677
41796689510
41796689391
41796689204
41796689610
41796689522
41796689207
41796689582
41796689274
41796689307
41796689496
41796689521
41796689209
41796689746
41796689596
41796689400
41796689471
41796689350
41796689303
41796689421
41796689288
41796689154
41796689388
41796689443
41796689371
41796689339
41796689370
41796689473
41796689363
41796689578
41796689463
41796689148
41796689548
41796689403
41796689382
41796689563
41796689361
41796689373
41796689116
41796689119
41796689597
41796689770
41796689439
41796689243
41796689406
41796689437
41796689233
41796689186
41796689337
41796689430
41796689719
41796689273
41796689911
41796689276
41796689774
41796689482
41796689644
41796689283
41796689656
41796689279
41796689857
41796689539
41796689609
41796689396
41796689860
41796689236
41796689690
41796689743
41796689530
41796689562
41796689723
41796689905
41796689491
41796689777
41796689248
41796689623
41796689250
41796689687
41796689253
41796689513
41796689541
41796689555
41796689538
41796689584
41796689587
41796689751
41796689332
41796689711
41796689880
41796689831
41796689265
41796689666
41796689600
41796689520
41796689627
41796689654
41796689842
41796689704
41796689653
41796689460
41796689398
41796689572
41796689285
41796689239
41796689342
41796689794
41796689282
41796689549
41796689635
41796689769
41796689291
41796689617
41796689816
41796689660
41796689669
41796689464
41796689840
41796689673
41796689918
41796689636
41796689424
41796689606
41796689331
41796689598
41796689277
41796689618
41796689577
41796689647
41796689568
41796689297
41796689268
41796689837
41796689613
41796689724
41796689418
41796689347
41796689867
41796689649
41796689304
41796689349
41796689328
41796689972
41796689845
41796689579
41796689410
41796689830
41796689892
41796689814
41796689939
41796689758
41796689688
41796689271
41796689685
41796689895
41796689420
41796689338
41796689454
41796689528
41796689450
41796689588
41796689468
41796689484
41796689662
41796689836
41796689658
41796689811
41796689933
41796689788
41796689645
41796689404
41796689930
41796689661
41796689345
41796689354
41796689466
41796689626
41796689823
41796689379
41796689894
41796689948
41796689505
41796689377
41796689943
41796689591
41796689778
41796689947
41796689700
41796689651
41796689334
41796689481
41796689776
41796689854
41796689650
41796689369
41796689300
41796689887
41796689872
41796689628
41796689344
41796689611
41796689665
41796689903
41796689764
41796689838
41796689432
41796689589
41796689893
41796689825
41796689806
41796689917
41796689573
41796689733
41796689771
41796689824
41796689910
41796689695
41796689679
41796689779
41796689494
41796689744
41796689570
41796689372
41796689790
41796689383
41796689759
41796689817
41796689664
41796689729
41796689795
41796689219
41796689820
41796689742
41796689637
41796689785
41796689772
41796689740
41796689631
41796689834
41796689448
41796689761
41796689691
41796689763
41796689525
41796689571
41796689697
41796689915
41796689965
41796689953
41796689929
41796689716
41796689969
41796689865
41796689675
41796689506
41796689768
41796689787
41796689904
41796689812
41796689718
41796689844
41796689782
41796689791
41796689732
41796689725
41796689765
41796689863
41796689990
41796689899
41796689680
41796689815
41796689608
41796689900
41796689852
41796689762
41796689975
41796689542
41796689848
41796689881
41796689766
41796689462
41796689735
41796689913
41796689602
41796689851
41796689456
41796689818
41796689976
41796689734
41796689924
41796689784
41796689878
41796689909
41796689907
41796689919
41796689783
41796689832
41796689564
41796689897
41796689970
41796689459
41796689868
41796689896
41796689961
41796689927
41796689890
41796689891
41796689535
41796689516
41796689630
41796689619
41796689747
41796689968
41796689996
41796689871
41796689866
41796689841
41796689995
41796689518
41796689935
41796689914
41796689807
41796689862
41796689869
41796689826
41796689847
41796689566
41796689898
41796689601
41796689962
41796689526
41796689941
41796689885
41796689977
41796689932
41796689901
41796689849
41796689983
41796689536
41796689958
41796689916
41796689671
41796689553
41796689556
41796689923
41796689992
41796683000
41796683002
41796683029
41796683003
41796683027
41796683032
41796683030
41796683014
41796683021
41796683024
41796683007
41796683028
41796683022
41796683001
41796683008
41796683026
41796683016
41796683009
41796683070
41796683088
41796683129
41796683055
41796683031
41796683066
41796683147
41796683087
41796683180
41796683036
41796683042
41796683040
41796683074
41796683062
41796683130
41796683134
41796683038
41796683045
41796683145
41796683107
41796683381
41796683214
41796683109
41796683386
41796683271
41796683286
41796683197
41796683148
41796683046
41796683179
41796683164
41796683061
41796683220
41796683143
41796683461
41796683367
41796683304
41796683117
41796683235
41796683268
41796683316
41796683132
41796683056
41796683100
41796683285
41796683063
41796683044
41796683193
41796683097
41796683322
41796683078
41796683111
41796683319
41796683168
41796683118
41796683250
41796683053
41796683278
41796683241
41796683076
41796683426
41796683138
41796683037
41796683551
41796683224
41796683210
41796683048
41796683270
41796683388
41796683033
41796683114
41796683068
41796683282
41796683110
41796683257
41796683283
41796683115
41796683311
41796683253
41796683058
41796683099
41796683034
41796683146
41796683203
41796683339
41796683205
41796683157
41796683141
41796683289
41796683248
41796683133
41796683050
41796683105
41796683093
41796683182
41796683169
41796683144
41796683479
41796683165
41796683245
41796683646
41796683392
41796683323
41796683234
41796683178
41796683244
41796683758
41796683447
41796683334
41796683059
41796683368
41796683348
41796683370
41796683131
41796683300
41796683139
41796683123
41796683419
41796683279
41796683384
41796683303
41796683328
41796683127
41796683756
41796683161
41796683140
41796683981
41796683836
41796683209
41796683890
41796683846
41796683183
41796683119
41796683326
41796683122
41796683121
41796683596
41796683211
41796683260
41796683781
41796683202
41796683159
41796683535
41796683181
41796683039
41796683306
41796683485
41796683457
41796683411
41796683453
41796683249
41796683075
41796683410
41796683530
41796683186
41796683264
41796683984
41796683128
41796683377
41796683297
41796683771
41796683400
41796683379
41796683170
41796683240
41796683480
41796683094
41796683198
41796683982
41796683325
41796683288
41796683404
41796683501
41796683272
41796683446
41796683495
41796683243
41796683227
41796683277
41796683408
41796683345
41796683396
41796683347
41796683524
41796683373
41796683518
41796683232
41796683173
41796683743
41796683542
41796683344
41796683418
41796683595
41796683605
41796683103
41796683369
41796683380
41796683769
41796683247
41796683382
41796683242
41796683391
41796683217
41796683309
41796683080
41796683757
41796683511
41796683678
41796683553
41796683106
41796683324
41796683112
41796683911
41796683359
41796683200
41796683329
41796683831
41796683443
41796683357
41796683385
41796683206
41796683681
41796683166
41796683280
41796683828
41796683523
41796683302
41796683637
41796683327
41796683412
41796683430
41796683246
41796683390
41796683171
41796683658
41796683294
41796683556
41796683445
41796683433
41796683477
41796683845
41796683587
41796683571
41796683628
41796683557
41796683422
41796683704
41796683676
41796683275
41796683437
41796683555
41796683483
41796683226
41796683593
41796683677
41796683543
41796683308
41796683651
41796683401
41796683857
41796683413
41796683213
41796683332
41796683668
41796683291
41796683860
41796683559
41796683670
41796683567
41796683467
41796683519
41796683699
41796683199
41796683604
41796683263
41796683389
41796683613
41796683318
41796683560
41796683894
41796683705
41796683883
41796683486
41796683537
41796683239
41796683409
41796683948
41796683487
41796683293
41796683330
41796683703
41796683827
41796683387
41796683266
41796683747
41796683536
41796683434
41796683475
41796683562
41796683212
41796683228
41796683539
41796683533
41796683916
41796683552
41796683634
41796683190
41796683764
41796683167
41796683353
41796683509
41796683663
41796683585
41796683775
41796683698
41796683688
41796683500
41796683833
41796683622
41796683455
41796683281
41796683466
41796683655
41796683635
41796683690
41796683816
41796683972
41796683874
41796683801
41796683606
41796683602
41796683470
41796683619
41796683438
41796683724
41796683880
41796683858
41796683313
41796683891
41796683499
41796683538
41796683853
41796683927
41796683712
41796683448
41796683333
41796683694
41796683230
41796683976
41796683343
41796683675
41796683938
41796683558
41796683597
41796683897
41796683513
41796683722
41796683444
41796683491
41796683576
41796683494
41796683534
41796683659
41796683261
41796683295
41796683431
41796683638
41796683721
41796683624
41796683746
41796683950
41796683529
41796683284
41796683505
41796683786
41796683621
41796683574
41796683405
41796683350
41796683352
41796683821
41796683365
41796683636
41796683588
41796683427
41796683336
41796683730
41796683835
41796683632
41796683584
41796683741
41796683941
41796683525
41796683684
41796683502
41796683469
41796683844
41796683521
41796683971
41796683570
41796683763
41796683572
41796683616
41796683267
41796683667
41796683589
41796683856
41796683414
41796683620
41796683515
41796683671
41796683761
41796683944
41796683949
41796683930
41796683923
41796683609
41796683937
41796683788
41796683959
41796683765
41796683768
41796683424
41796683709
41796683608
41796683649
41796683935
41796683528
41796683852
41796683713
41796683503
41796683933
41796683566
41796683920
41796683900
41796683471
41796683296
41796683631
41796683363
41796683321
41796683432
41796683882
41796683829
41796683714
41796683708
41796683800
41796683904
41796683582
41796683813
41796683623
41796683910
41796683546
41796683647
41796683782
41796683740
41796683990
41796683868
41796683579
41796683887
41796683700
41796683736
41796683877
41796683795
41796683840
41796683884
41796683794
41796683791
41796683980
41796683716
41796683652
41796683815
41796683993
41796683849
41796683928
41796683805
41796683436
41796683925
41796683994
41796683919
41796683908
41796683701
41796683463
41796683797
41796683843
41796683804
41796683838
41796683573
41796683682
41796683600
41796683859
41796683918
41796683657
41796683739
41796683987
41796683784
41796683924
41796683564
41796683592
41796683822
41796683879
41796683818
41796683402
41796683661
41796683876
41796683755
41796683674
41796683878
41796683603
41796683967
41796683823
41796683780
41796683820
41796683896
41796683449
41796683847
41796683863
41796683549
41796683861
41796683776
41796683988
41796683662
41796683995
41796683951
41796683889
41796683742
41796683725
41796683975
41796683954
41796683892
41796683850
41796683968
41796681012
41796681006
41796681002
41796681029
41796681024
41796681008
41796681015
41796681003
41796681014
41796681028
41796681010
41796681016
41796681026
41796681020
41796681013
41796681032
41796681018
41796681005
41796681030
41796681009
41796681098
41796681116
41796681259
41796681087
41796681097
41796681031
41796681143
41796681109
41796681092
41796681185
41796681100
41796681124
41796681193
41796681289
41796681152
41796681096
41796681086
41796681266
41796681308
41796681051
41796681044
41796681200
41796681075
41796681144
41796681068
41796681050
41796681069
41796681119
41796681227
41796681036
41796681140
41796681145
41796681094
41796681250
41796681056
41796681275
41796681058
41796681198
41796681108
41796681329
41796681090
41796681330
41796681107
41796681102
41796681034
41796681022
41796681150
41796681163
41796681212
41796681059
41796681442
41796681234
41796681430
41796681292
41796681533
41796681054
41796681153
41796681061
41796681306
41796681475
41796681159
41796681084
41796681239
41796681230
41796681214
41796681155
41796681105
41796681130
41796681129
41796681678
41796681226
41796681169
41796681179
41796681074
41796681151
41796681281
41796681182
41796681393
41796681181
41796681485
41796681474
41796681049
41796681154
41796681434
41796681201
41796681258
41796681436
41796681205
41796681104
41796681064
41796681183
41796681156
41796681338
41796681238
41796681624
41796681146
41796681416
41796681346
41796681282
41796681314
41796681206
41796681070
41796681557
41796681189
41796681457
41796681482
41796681088
41796681112
41796681225
41796681141
41796681062
41796681343
41796681606
41796681303
41796681349
41796681103
41796681721
41796681271
41796681478
41796681274
41796681139
41796681335
41796681298
41796681217
41796681078
41796681414
41796681401
41796681515
41796681420
41796681336
41796681700
41796681079
41796681311
41796681203
41796681085
41796681367
41796681190
41796681191
41796681513
41796681450
41796681400
41796681128
41796681461
41796681317
41796681761
41796681253
41796681669
41796681459
41796681242
41796681484
41796681216
41796681164
41796681714
41796681510
41796681265
41796681379
41796681243
41796681048
41796681641
41796681080
41796681939
41796681291
41796681488
41796681166
41796681564
41796681235
41796681307
41796681229
41796681447
41796681363
41796681365
41796681595
41796681477
41796681093
41796681209
41796681625
41796681211
41796681560
41796681723
41796681470
41796681688
41796681331
41796681656
41796681963
41796681882
41796681433
41796681322
41796681221
41796681577
41796681120
41796681525
41796681290
41796681320
41796681827
41796681860
41796681383
41796681463
41796681110
41796681101
41796681357
41796681979
41796681833
41796681237
41796681223
41796681428
41796681158
41796681340
41796681615
41796681673
41796681381
41796681417
41796681518
41796681901
41796681332
41796681530
41796681584
41796681224
41796681342
41796681220
41796681148
41796681717
41796681231
41796681825
41796681269
41796681319
41796681591
41796681122
41796681462
41796681373
41796681111
41796681701
41796681902
41796681512
41796681099
41796681361
41796681251
41796681173
41796681499
41796681286
41796681369
41796681396
41796681744
41796681370
41796681283
41796681472
41796681936
41796681222
41796681418
41796681412
41796681573
41796681491
41796681826
41796681328
41796681249
41796681972
41796681486
41796681215
41796681228
41796681278
41796681654
41796681527
41796681296
41796681419
41796681803
41796681666
41796681410
41796681682
41796681273
41796681788
41796681660
41796681445
41796681528
41796681622
41796681115
41796681989
41796681425
41796681589
41796681468
41796681870
41796681161
41796681719
41796681177
41796681327
41796681325
41796681873
41796681909
41796681507
41796681452
41796681542
41796681863
41796681255
41796681138
41796681323
41796681598
41796681708
41796681867
41796681691
41796681548
41796681593
41796681709
41796681576
41796681627
41796681514
41796681341
41796681429
41796681704
41796681984
41796681774
41796681791
41796681288
41796681935
41796681767
41796681492
41796681460
41796681871
41796681842
41796681821
41796681509
41796681711
41796681599
41796681738
41796681836
41796681853
41796681374
41796681511
41796681903
41796681337
41796681563
41796681995
41796681385
41796681519
41796681957
41796681458
41796681444
41796681570
41796681690
41796681453
41796681287
41796681402
41796681725
41796681498
41796681326
41796681294
41796681905
41796681469
41796681368
41796681546
41796681300
41796681455
41796681658
41796681648
41796681720
41796681987
41796681544
41796681814
41796681481
41796681522
41796681834
41796681118
41796681779
41796681655
41796681551
41796681801
41796681611
41796681895
41796681605
41796681639
41796681766
41796681382
41796681579
41796681313
41796681727
41796681559
41796681500
41796681753
41796681816
41796681763
41796681387
41796681686
41796681541
41796681582
41796681464
41796681628
41796681674
41796681280
41796681409
41796681422
41796681497
41796681392
41796681568
41796681977
41796681545
41796681683
41796681555
41796681532
41796681426
41796681531
41796681768
41796681449
41796681699
41796681609
41796681892
41796681970
41796681372
41796681809
41796681566
41796681672
41796681866
41796681807
41796681651
41796681649
41796681703
41796681535
41796681662
41796681630
41796681898
41796681828
41796681986
41796681600
41796681580
41796681677
41796681653
41796681616
41796681894
41796681802
41796681822
41796681608
41796681751
41796681693
41796681133
41796681406
41796681838
41796681908
41796681479
41796681915
41796681562
41796681991
41796681588
41796681997
41796681603
41796681448
41796681812
41796681646
41796681652
41796681057
41796681553
41796681789
41796681877
41796681890
41796681581
41796681587
41796681540
41796681841
41796681623
41796681918
41796681872
41796681698
41796681715
41796681644
41796681869
41796681808
41796681665
41796681790
41796681969
41796681993
41796681712
41796681878
41796681645
41796681990
41796681465
41796681321
41796681687
41796681638
41796681854
41796681932
41796681149
41796681913
41796681710
41796681747
41796681601
41796681759
41796681707
41796681364
41796681781
41796681571
41796681728
41796681607
41796681888
41796681636
41796681811
41796681732
41796681777
41796681676
41796681749
41796681684
41796681906
41796681537
41796681586
41796681817
41796681938
41796681602
41796681956
41796681861
41796681131
41796681516
41796681726
41796681904
41796681843
41796681184
41796681786
41796681689
41796681489
41796681960
41796681868
41796681785
41796681837
41796681745
41796681617
41796681947
41796681664
41796681435
41796681885
41796681926
41796681921
41796681899
41796681856
41796681729
41796681696
41796681958
41796681942
41796681407
41796681852
41796681776
41796681883
41796681730
41796681787
41796681731
41796681640
41796681880
41796681893
41796681575
41796681295
41796681874
41796681735
41796681670
41796681829
41796681922
41796681839
41796681912
41796681919
41796681953
41796681962
41796681920
41796681981
41796681933
41796681884
41796681556
41796681667
41796681734
41796681980
41796681978
41796681850
41796681199
41796681975
41796681771
41796681846
41796681951
41796681864
41796681233
41796681668
41796681855
41796681968
41796681847
41796681840
41796681967
41796681889
41796681773
41796681810
41796681865
41796681955
41796681315
41796681835
41796681930
41796681900
41796681917
41796681858
41796681592
41796681952
41796681772
41796681127
41796681135
41796681403
41796681757
41796681988
41796682000
41796682007
41796682030
41796682014
41796682027
41796682025
41796682021
41796682028
41796682009
41796682012
41796682026
41796682010
41796682019
41796682002
41796682005
41796682013
41796682011
41796682006
41796682001
41796682017
41796682024
41796682018
41796682003
41796682053
41796682073
41796682124
41796682034
41796682041
41796682035
41796682033
41796682037
41796682044
41796682056
41796682075
41796682057
41796682095
41796682125
41796682122
41796682149
41796682159
41796682186
41796682143
41796682215
41796682040
41796682213
41796682240
41796682060
41796682052
41796682072
41796682043
41796682114
41796682141
41796682161
41796682036
41796682175
41796682042
41796682178
41796682284
41796682066
41796682045
41796682061
41796682085
41796682070
41796682157
41796682279
41796682135
41796682229
41796682211
41796682113
41796682112
41796682180
41796682495
41796682098
41796682155
41796682341
41796682038
41796682307
41796682082
41796682106
41796682334
41796682093
41796682244
41796682076
41796682188
41796682357
41796682232
41796682049
41796682058
41796682050
41796682156
41796682408
41796682133
41796682101
41796682219
41796682140
41796682227
41796682047
41796682084
41796682292
41796682136
41796682171
41796682104
41796682169
41796682202
41796682280
41796682207
41796682127
41796682409
41796682343
41796682318
41796682243
41796682425
41796682457
41796682126
41796682137
41796682069
41796682228
41796682103
41796682218
41796682162
41796682524
41796682477
41796682413
41796682374
41796682100
41796682471
41796682081
41796682238
41796682168
41796682109
41796682368
41796682301
41796682275
41796682120
41796682528
41796682333
41796682239
41796682205
41796682233
41796682077
41796682163
41796682344
41796682438
41796682059
41796682565
41796682584
41796682332
41796682181
41796682642
41796682433
41796682185
41796682179
41796682189
41796682376
41796682224
41796682420
41796682470
41796682226
41796682187
41796682200
41796682221
41796682447
41796682439
41796682302
41796682131
41796682678
41796682404
41796682586
41796682293
41796682119
41796682249
41796682358
41796682616
41796682570
41796682167
41796682394
41796682383
41796682392
41796682371
41796682531
41796682068
41796682336
41796682484
41796682110
41796682445
41796682299
41796682266
41796682337
41796682121
41796682273
41796682502
41796682134
41796682363
41796682632
41796682384
41796682184
41796682199
41796682380
41796682139
41796682366
41796682764
41796682658
41796682527
41796682795
41796682365
41796682328
41796682656
41796682356
41796682295
41796682386
41796682286
41796682478
41796682212
41796682130
41796682253
41796682132
41796682522
41796682263
41796682621
41796682254
41796682414
41796682206
41796682497
41796682203
41796682321
41796682609
41796682534
41796682418
41796682367
41796682107
41796682847
41796682460
41796682783
41796682958
41796682372
41796682573
41796682451
41796682743
41796682930
41796682150
41796682410
41796682539
41796682338
41796682690
41796682733
41796682819
41796682147
41796682330
41796682172
41796682298
41796682194
41796682957
41796682319
41796682452
41796682304
41796682142
41796682785
41796682481
41796682708
41796682544
41796682257
41796682689
41796682529
41796682265
41796682736
41796682801
41796682605
41796682888
41796682335
41796682431
41796682766
41796682498
41796682672
41796682714
41796682792
41796682395
41796682677
41796682703
41796682833
41796682399
41796682553
41796682718
41796682769
41796682459
41796682859
41796682611
41796682921
41796682417
41796682353
41796682509
41796682854
41796682400
41796682329
41796682579
41796682236
41796682572
41796682775
41796682476
41796682494
41796682303
41796682840
41796682759
41796682308
41796682856
41796682603
41796682640
41796682669
41796682554
41796682325
41796682533
41796682419
41796682517
41796682612
41796682464
41796682742
41796682774
41796682277
41796682545
41796682820
41796682281
41796682757
41796682644
41796682972
41796682680
41796682518
41796682437
41796682585
41796682430
41796682217
41796682542
41796682723
41796682388
41796682696
41796682536
41796682562
41796682317
41796682633
41796682590
41796682435
41796682970
41796682473
41796682770
41796682255
41796682628
41796682222
41796682777
41796682709
41796682821
41796682619
41796682662
41796682922
41796682720
41796682987
41796682726
41796682758
41796682442
41796682511
41796682389
41796682450
41796682991
41796682670
41796682569
41796682596
41796682401
41796682695
41796682828
41796682370
41796682815
41796682289
41796682687
41796682639
41796682466
41796682285
41796682436
41796682891
41796682948
41796682602
41796682479
41796682872
41796682700
41796682893
41796682973
41796682699
41796682351
41796682613
41796682446
41796682465
41796682541
41796682594
41796682830
41796682882
41796682869
41796682984
41796682354
41796682818
41796682505
41796682576
41796682799
41796682788
41796682730
41796682994
41796682567
41796682681
41796682231
41796682806
41796682793
41796682503
41796682339
41796682501
41796682653
41796682520
41796682480
41796682349
41796682645
41796682320
41796682780
41796682939
41796682486
41796682731
41796682510
41796682990
41796682858
41796682472
41796682331
41796682746
41796682624
41796682871
41796682673
41796682760
41796682559
41796682837
41796682508
41796682952
41796682748
41796682823
41796682705
41796682407
41796682899
41796682347
41796682995
41796682925
41796682482
41796682988
41796682485
41796682635
41796682953
41796682461
41796682834
41796682629
41796682604
41796682385
41796682861
41796682474
41796682429
41796682933
41796682852
41796682863
41796682977
41796682816
41796682907
41796682627
41796682811
41796682963
41796682827
41796682725
41796682768
41796682971
41796682937
41796682848
41796682926
41796682556
41796682668
41796682514
41796682617
41796682941
41796682734
41796682753
41796682916
41796682822
41796682782
41796682646
41796682676
41796682492
41796682566
41796682804
41796682885
41796682583
41796682738
41796682582
41796682587
41796682754
41796682724
41796682648
41796682778
41796682779
41796682797
41796682607
41796682606
41796682732
41796682454
41796682940
41796682526
41796682974
41796682928
41796682890
41796682870
41796682849
41796682523
41796682929
41796682967
41796682552
41796682945
41796682966
41796682698
41796682917
41796682938
41796682694
41796682649
41796682595
41796682915
41796682955
41796682962
41796682975
41796682886
41796682773
41796682920
41796682836
41796682634
41796682807
41796682812
41796682943
41796682475
41796682750
41796682682
41796682950
41796682838
41796682927
41796682956
41796682752
41796682737
41796682776
41796682968
41796682706
41796682946
41796682904
41796682719
41796682623
41796682851
41796682855
41796682525
41796682716
41796682992
41796682860
41796682918
41796682935
41796682747
41796682887
41796682949
41796682791
41796682954
41796682902
41796682865
41796682978
41796682965
41796682767
41796682906
41796682814
41796682960
41796682829
41796682839
41796682911
41796688009
41796688031
41796688008
41796688021
41796688026
41796688003
41796688015
41796688002
41796688018
41796688029
41796688028
41796688001
41796688010
41796688025
41796688011
41796688006
41796688013
41796688020
41796688016
41796688032
41796688019
41796688023
41796688128
41796688284
41796688223
41796688303
41796688066
41796688046
41796688055
41796688062
41796688065
41796688047
41796688082
41796688156
41796688173
41796688191
41796688252
41796688053
41796688318
41796688071
41796688100
41796688080
41796688364
41796688137
41796688111
41796688089
41796688151
41796688145
41796688119
41796688067
41796688045
41796688075
41796688054
41796688039
41796688282
41796688255
41796688064
41796688043
41796688142
41796688052
41796688109
41796688132
41796688187
41796688314
41796688077
41796688209
41796688044
41796688367
41796688206
41796688177
41796688201
41796688163
41796688095
41796688060
41796688218
41796688086
41796688088
41796688131
41796688110
41796688076
41796688079
41796688225
41796688369
41796688188
41796688256
41796688074
41796688090
41796688068
41796688357
41796688048
41796688144
41796688105
41796688164
41796688034
41796688085
41796688038
41796688181
41796688040
41796688197
41796688116
41796688155
41796688194
41796688244
41796688041
41796688184
41796688070
41796688107
41796688306
41796688311
41796688106
41796688158
41796688133
41796688220
41796688266
41796688061
41796688273
41796688522
41796688610
41796688134
41796688479
41796688429
41796688307
41796688120
41796688238
41796688166
41796688649
41796688108
41796688185
41796688140
41796688069
41796688149
41796688214
41796688226
41796688365
41796688399
41796688482
41796688251
41796688203
41796688176
41796688644
41796688513
41796688423
41796688304
41796688212
41796688122
41796688160
41796688569
41796688139
41796688167
41796688248
41796688379
41796688216
41796688148
41796688308
41796688403
41796688202
41796688073
41796688172
41796688537
41796688395
41796688679
41796688506
41796688461
41796688165
41796688333
41796688190
41796688407
41796688300
41796688774
41796688510
41796688180
41796688417
41796688337
41796688396
41796688349
41796688440
41796688277
41796688293
41796688301
41796688103
41796688331
41796688157
41796688312
41796688114
41796688483
41796688236
41796688707
41796688690
41796688546
41796688138
41796688227
41796688186
41796688125
41796688117
41796688281
41796688541
41796688059
41796688113
41796688261
41796688458
41796688387
41796688401
41796688096
41796688368
41796688499
41796688224
41796688352
41796688208
41796688366
41796688230
41796688474
41796688706
41796688183
41796688772
41796688346
41796688275
41796688146
41796688371
41796688389
41796688121
41796688445
41796688332
41796688575
41796688350
41796688802
41796688799
41796688467
41796688420
41796688611
41796688175
41796688762
41796688153
41796688442
41796688732
41796688485
41796688147
41796688374
41796688325
41796688566
41796688444
41796688568
41796688460
41796688970
41796688154
41796688603
41796688411
41796688388
41796688447
41796688168
41796688710
41796688590
41796688099
41796688285
41796688790
41796688560
41796688289
41796688260
41796688587
41796688609
41796688269
41796688321
41796688583
41796688771
41796688645
41796688257
41796688529
41796688279
41796688324
41796688826
41796688182
41796688665
41796688207
41796688427
41796688380
41796688430
41796688931
41796688466
41796688210
41796688274
41796688642
41796688414
41796688592
41796688294
41796688663
41796688824
41796688400
41796688124
41796688605
41796688586
41796688042
41796688329
41796688704
41796688517
41796688383
41796688554
41796688258
41796688327
41796688363
41796688228
41796688940
41796688433
41796688451
41796688340
41796688883
41796688302
41796688708
41796688555
41796688297
41796688464
41796688391
41796688741
41796688765
41796688174
41796688310
41796688520
41796688448
41796688229
41796688453
41796688723
41796688641
41796688557
41796688521
41796688718
41796688342
41796688431
41796688334
41796688278
41796688577
41796688136
41796688283
41796688851
41796688189
41796688792
41796688536
41796688345
41796688996
41796688247
41796688780
41796688528
41796688348
41796688620
41796688613
41796688752
41796688437
41796688524
41796688439
41796688362
41796688648
41796688432
41796688543
41796688296
41796688428
41796688734
41796688705
41796688919
41796688702
41796688674
41796688382
41796688958
41796688601
41796688556
41796688786
41796688508
41796688259
41796688669
41796688547
41796688725
41796688412
41796688757
41796688630
41796688538
41796688443
41796688767
41796688593
41796688584
41796688671
41796688392
41796688828
41796688409
41796688492
41796688539
41796688511
41796688585
41796688763
41796688336
41796688614
41796688237
41796688985
41796688849
41796688807
41796688354
41796688551
41796688960
41796688504
41796688832
41796688682
41796688565
41796688385
41796688487
41796688776
41796688661
41796688814
41796688709
41796688446
41796688624
41796688582
41796688750
41796688599
41796688728
41796688768
41796688552
41796688839
41796688753
41796688782
41796688980
41796688526
41796688898
41796688889
41796688736
41796688222
41796688784
41796688963
41796688650
41796688846
41796688878
41796688264
41796688615
41796688441
41796688860
41796688540
41796688535
41796688570
41796688299
41796688287
41796688360
41796688413
41796688640
41796688635
41796688422
41796688825
41796688328
41796688472
41796688689
41796688694
41796688571
41796688660
41796688783
41796688502
41796688844
41796688744
41796688607
41796688805
41796688880
41796688404
41796688619
41796688823
41796688761
41796688550
41796688933
41796688995
41796688457
41796688869
41796688841
41796688567
41796688295
41796688559
41796688777
41796688977
41796688628
41796688591
41796688595
41796688820
41796688722
41796688549
41796688819
41796688798
41796688833
41796688494
41796688945
41796688643
41796688450
41796688701
41796688858
41796688717
41796688629
41796688803
41796688930
41796688681
41796688678
41796688882
41796688548
41796688921
41796688888
41796688341
41796688746
41796688973
41796688416
41796688656
41796688760
41796688381
41796688793
41796688972
41796688749
41796688773
41796688651
41796688836
41796688397
41796688909
41796688622
41796688727
41796688633
41796688639
41796688791
41796688900
41796688913
41796688966
41796688355
41796688726
41796688523
41796688657
41796688872
41796688755
41796688685
41796688893
41796688859
41796688864
41796688781
41796688588
41796688675
41796688505
41796688915
41796688606
41796688925
41796688729
41796688740
41796688769
41796688808
41796688532
41796688886
41796688835
41796688887
41796688994
41796688787
41796688976
41796688917
41796688815
41796688861
41796688821
41796688947
41796688770
41796688899
41796688910
41796688838
41796688902
41796688873
41796688654
41796688686
41796688632
41796688699
41796688518
41796688794
41796688908
41796688604
41796688616
41796688897
41796688581
41796688923
41796688929
41796688975
41796688987
41796688989
41796688957
41796688831
41796688697
41796688928
41796688655
41796688680
41796688810
41796688984
41796688719
41796688662
41796688747
41796688868
41796688871
41796688924
41796688870
41796688943
41796688788
41796688959
41796688934
41796688742
41796688912
41796688658
41796688935
41796688979
41796688827
41796688876
41796688877
41796688927
41796688997
41796688967
41796688981
41796688811
41796688475
41796688891
41796688795
41796688809
41796688978
41796688816
41796688834
41796688937
41796688884
41796688857
41796688993
41796688962
41796688855
41796688904
41796688743
41796688969
41796688990
41796688907
41796688911
41796688918
41796687000
41796687008
41796687007
41796687010
41796687027
41796687005
41796687003
41796687026
41796687001
41796687019
41796687031
41796687030
41796687032
41796687002
41796687020
41796687011
41796687017
41796687015
41796687013
41796687012
41796687025
41796687021
41796687058
41796687040
41796687297
41796687147
41796687142
41796687091
41796687098
41796687243
41796687082
41796687048
41796687038
41796687339
41796687090
41796687077
41796687136
41796687041
41796687129
41796687158
41796687125
41796687149
41796687067
41796687220
41796687107
41796687302
41796687119
41796687045
41796687132
41796687203
41796687054
41796687282
41796687275
41796687239
41796687163
41796687051
41796687280
41796687160
41796687156
41796687201
41796687159
41796687035
41796687202
41796687181
41796687175
41796687332
41796687289
41796687113
41796687259
41796687064
41796687154
41796687248
41796687036
41796687183
41796687251
41796687314
41796687264
41796687056
41796687055
41796687093
41796687076
41796687153
41796687155
41796687102
41796687140
41796687128
41796687148
41796687207
41796687166
41796687034
41796687174
41796687217
41796687338
41796687305
41796687111
41796687288
41796687235
41796687151
41796687052
41796687200
41796687066
41796687187
41796687073
41796687083
41796687145
41796687085
41796687324
41796687177
41796687242
41796687278
41796687169
41796687232
41796687218
41796687081
41796687329
41796687274
41796687146
41796687222
41796687135
41796687343
41796687087
41796687344
41796687212
41796687190
41796687116
41796687131
41796687209
41796687061
41796687193
41796687168
41796687178
41796687184
41796687290
41796687350
41796687228
41796687261
41796687144
41796687337
41796687219
41796687170
41796687279
41796687211
41796687240
41796687205
41796687179
41796687141
41796687317
41796687301
41796687123
41796687230
41796687313
41796687252
41796687346
41796687330
41796687326
41796687229
41796687340
41796687161
41796687106
41796687112
41796687349
41796687186
41796687215
41796687185
41796687292
41796687342
41796687122
41796687053
41796687319
41796687134
41796687262
41796687265
41796687327
41796687249
41796687224
41796687176
41796687100
41796687294
41796687311
41796687271
41796687283
41796687276
41796687335
41796687072
41796687110
41796687221
41796687094
41796687227
41796687269
41796687254
41796687206
41796687162
41796687336
41796687152
41796687138
41796687347
41796687246
41796687223
41796687171
41796687245
41796687345
41796687286
41796687250
41796687309
41796687180
41796687216
41796687287
41796687321
41796687233
41796687197
41796687293
41796687281
41796687173
41796687204
41796687328
41796687260
41796687318
41796687334
41796687367
41796687351
41796687354
41796687370
41796687357
41796687378
41796687374
41796687375
41796687372
41796687356
41796687361
41796687376
41796687380
41796687366
41796687369
41796687371
41796687377
41796687373
41796687358
41796687360
41796687386
41796687436
41796687527
41796687405
41796687574
41796687443
41796687392
41796687557
41796687579
41796687431
41796687449
41796687424
41796687613
41796687624
41796687413
41796687409
41796687419
41796687459
41796687383
41796687487
41796687433
41796687454
41796687385
41796687582
41796687394
41796687389
41796687403
41796687450
41796687504
41796687387
41796687536
41796687427
41796687464
41796687554
41796687693
41796687412
41796687462
41796687490
41796687566
41796687421
41796687616
41796687395
41796687630
41796687485
41796687483
41796687446
41796687465
41796687548
41796687534
41796687404
41796687569
41796687415
41796687597
41796687558
41796687659
41796687615
41796687565
41796687685
41796687423
41796687589
41796687463
41796687644
41796687474
41796687655
41796687470
41796687614
41796687525
41796687406
41796687422
41796687600
41796687592
41796687476
41796687682
41796687591
41796687606
41796687586
41796687398
41796687439
41796687698
41796687503
41796687549
41796687507
41796687518
41796687627
41796687482
41796687572
41796687694
41796687428
41796687689
41796687416
41796687447
41796687429
41796687399
41796687594
41796687541
41796687448
41796687442
41796687632
41796687699
41796687452
41796687547
41796687636
41796687457
41796687617
41796687453
41796687499
41796687690
41796687603
41796687495
41796687692
41796687562
41796687605
41796687585
41796687555
41796687533
41796687437
41796687645
41796687530
41796687513
41796687467
41796687661
41796687628
41796687514
41796687550
41796687516
41796687430
41796687531
41796687545
41796687438
41796687583
41796687573
41796687668
41796687556
41796687634
41796687512
41796687666
41796687629
41796687570
41796687505
41796687540
41796687456
41796687493
41796687526
41796687584
41796687679
41796687642
41796687542
41796687626
41796687543
41796687544
41796687492
41796687552
41796687631
41796687697
41796687695
41796687508
41796687469
41796687683
41796687656
41796687458
41796687488
41796687691
41796687563
41796687473
41796687610
41796687535
41796687560
41796687519
41796687587
41796687669
41796687670
41796687599
41796687677
41796687520
41796687623
41796687588
41796687484
41796687657
41796687635
41796687650
41796687675
41796687580
41796687607
41796687674
41796687578
41796687546
41796687660
41796687567
41796687575
41796687706
41796687709
41796687725
41796687703
41796687702
41796687719
41796687724
41796687727
41796687710
41796687729
41796687707
41796687728
41796687743
41796687787
41796687770
41796687759
41796687765
41796687732
41796687748
41796687763
41796687766
41796687777
41796687789
41796687739
41796687776
41796687742
41796687752
41796687734
41796687731
41796687792
41796687788
41796687771
41796687790
41796687735
41796687736
41796687747
41796687744
41796687758
41796687774
41796687768
41796687751
41796687733
41796687740
41796687762
41796687755
41796687769
41796687738
41796687757
41796687782
41796687784
41796687785
41796687753
41796687756
41796687767
41796687786
41796687820
41796687815
41796687819
41796687842
41796687830
41796687804
41796687828
41796687794
41796687798
41796687831
41796687825
41796687878
41796687814
41796687821
41796687857
41796687837
41796687800
41796687873
41796687806
41796687843
41796687829
41796687871
41796687874
41796687802
41796687810
41796687807
41796687823
41796687812
41796687797
41796687809
41796687876
41796687855
41796687822
41796687861
41796687801
41796687805
41796687818
41796687803
41796687841
41796687808
41796687847
41796687863
41796687832
41796687833
41796687866
41796687882
41796687895
41796687904
41796687938
41796687879
41796687889
41796687893
41796687903
41796687902
41796687899
41796687916
41796687896
41796687886
41796687908
41796687917
41796687915
41796687922
41796687909
41796687880
41796687901
41796687906
41796687930
41796687931
41796687911
41796687910
41796687921
41796687935
41796687892
41796687933
41796687929
41796687888
41796687936
41796687939
41796687881
41796687883
41796687912
41796687887
41796687919
41796687923
41796687914
41796687934
41796687948
41796687964
41796687970
41796687971
41796687950
41796687954
41796687949
41796687945
41796687957
41796687946
41796687955
41796687963
41796687972
41796687952
41796687967
41796687943
41796687961
41796687975
41796687978
41796687985
41796687995
41796687980
41796687988
41796687976
41796687977
41796687982
41796687981
41796687983
41796687993
41796687990
41796687984
41796687987
41796687992
