41798185006
41798185012
41798185005
41798185003
41798185025
41798185029
41798185027
41798185030
41798185018
41798185013
41798185022
41798185020
41798185032
41798185023
41798185017
41798185031
41798185010
41798185014
41798185026
41798185035
41798185284
41798185040
41798185052
41798185056
41798185076
41798185086
41798185115
41798185137
41798185125
41798185153
41798185159
41798185179
41798185044
41798185101
41798185334
41798185033
41798185073
41798185156
41798185046
41798185196
41798185058
41798185043
41798185051
41798185233
41798185160
41798185072
41798185061
41798185050
41798185193
41798185098
41798185096
41798185113
41798185049
41798185261
41798185064
41798185082
41798185331
41798185108
41798185124
41798185095
41798185111
41798185178
41798185104
41798185322
41798185060
41798185186
41798185251
41798185216
41798185382
41798185119
41798185240
41798185090
41798185232
41798185241
41798185258
41798185290
41798185088
41798185037
41798185075
41798185287
41798185068
41798185404
41798185444
41798185340
41798185036
41798185423
41798185161
41798185042
41798185248
41798185144
41798185174
41798185231
41798185304
41798185112
41798185339
41798185067
41798185266
41798185163
41798185424
41798185097
41798185130
41798185362
41798185191
41798185465
41798185316
41798185440
41798185162
41798185436
41798185141
41798185169
41798185375
41798185483
41798185390
41798185513
41798185247
41798185079
41798185084
41798185236
41798185478
41798185360
41798185317
41798185356
41798185410
41798185310
41798185511
41798185473
41798185121
41798185171
41798185451
41798185080
41798185286
41798185308
41798185457
41798185136
41798185081
41798185305
41798185514
41798185373
41798185285
41798185071
41798185347
41798185430
41798185449
41798185132
41798185145
41798185323
41798185711
41798185681
41798185596
41798185294
41798185217
41798185299
41798185238
41798185055
41798185204
41798185176
41798185522
41798185077
41798185471
41798185062
41798185800
41798185273
41798185540
41798185352
41798185462
41798185293
41798185214
41798185792
41798185143
41798185395
41798185368
41798185517
41798185625
41798185426
41798185192
41798185470
41798185211
41798185469
41798185464
41798185591
41798185411
41798185808
41798185131
41798185263
41798185484
41798185475
41798185592
41798185645
41798185267
41798185129
41798185504
41798185337
41798185403
41798185975
41798185771
41798185168
41798185384
41798185118
41798185320
41798185871
41798185848
41798185355
41798185558
41798185888
41798185544
41798185559
41798185648
41798185127
41798185529
41798185254
41798185817
41798185099
41798185319
41798185528
41798185598
41798185085
41798185394
41798185458
41798185324
41798185306
41798185535
41798185543
41798185229
41798185385
41798185260
41798185606
41798185301
41798185128
41798185507
41798185363
41798185421
41798185824
41798185499
41798185184
41798185166
41798185545
41798185542
41798185655
41798185585
41798185532
41798185365
41798185477
41798185678
41798185343
41798185595
41798185415
41798185727
41798185468
41798185498
41798185618
41798185461
41798185508
41798185683
41798185664
41798185298
41798185972
41798185474
41798185505
41798185755
41798185575
41798185201
41798185237
41798185282
41798185563
41798185804
41798185429
41798185720
41798185277
41798185627
41798185601
41798185357
41798185851
41798185635
41798185541
41798185272
41798185555
41798185344
41798185846
41798185586
41798185338
41798185135
41798185428
41798185705
41798185560
41798185935
41798185538
41798185515
41798185709
41798185213
41798185933
41798185566
41798185350
41798185455
41798185795
41798185602
41798185463
41798185359
41798185576
41798185392
41798185841
41798185629
41798185607
41798185531
41798185242
41798185900
41798185815
41798185295
41798185487
41798185318
41798185408
41798185623
41798185644
41798185534
41798185432
41798185783
41798185374
41798185799
41798185647
41798185604
41798185694
41798185657
41798185189
41798185269
41798185831
41798185524
41798185665
41798185859
41798185700
41798185741
41798185297
41798185660
41798185510
41798185203
41798185597
41798185945
41798185912
41798185685
41798185443
41798185262
41798185518
41798185638
41798185328
41798185737
41798185659
41798185547
41798185379
41798185971
41798185811
41798185926
41798185723
41798185439
41798185845
41798185523
41798185622
41798185433
41798185527
41798185493
41798185218
41798185654
41798185614
41798185903
41798185610
41798185561
41798185314
41798185905
41798185916
41798185803
41798185434
41798185765
41798185730
41798185738
41798185742
41798185952
41798185381
41798185870
41798185906
41798185380
41798185402
41798185968
41798185315
41798185969
41798185978
41798185763
41798185628
41798185377
41798185452
41798185548
41798185519
41798185770
41798185856
41798185409
41798185732
41798185818
41798185751
41798185854
41798185861
41798185593
41798185774
41798185412
41798185914
41798185873
41798185864
41798185885
41798185843
41798185753
41798185918
41798185706
41798185588
41798185479
41798185348
41798185874
41798185399
41798185715
41798185230
41798185776
41798185567
41798185661
41798185915
41798185780
41798185939
41798185784
41798185710
41798185512
41798185920
41798185982
41798185760
41798185296
41798185361
41798185456
41798185921
41798185825
41798185813
41798185820
41798185828
41798185733
41798185847
41798185834
41798185422
41798185895
41798185879
41798185786
41798185565
41798185762
41798185713
41798185909
41798185612
41798185937
41798185632
41798185620
41798185617
41798185896
41798185807
41798185893
41798185990
41798185744
41798185372
41798185857
41798185938
41798185812
41798185525
41798185917
41798185966
41798185778
41798185955
41798185671
41798185957
41798185367
41798185837
41798185889
41798185466
41798185447
41798185797
41798185536
41798185530
41798185994
41798185794
41798185852
41798185930
41798185904
41798185333
41798185577
41798185781
41798185180
41798185948
41798185704
41798185984
41798185777
41798185863
41798185927
41798185537
41798185418
41798185806
41798185977
41798185954
41798185985
41798185748
41798185880
41798185924
41798185675
41798185986
41798185551
41798185877
41798185611
41798185679
41798185766
41798185754
41798185919
41798185830
41798185973
41798185419
41798185796
41798185943
41798185769
41798185941
41798185633
41798185630
41798185810
41798185855
41798185883
41798185987
41798185653
41798185476
41798185695
41798185967
41798185908
41798185958
41798185910
41798185947
41798185729
41798185822
41798185934
41798185963
41798185590
41798185819
41798185868
41798185626
41798185928
41798185995
41798185721
41798185728
41798185878
41798184016
41798184008
41798184027
41798184021
41798184005
41798184004
41798184014
41798184031
41798184017
41798184030
41798184002
41798184007
41798184013
41798184012
41798184003
41798184010
41798184025
41798184011
41798184006
41798184074
41798184129
41798184060
41798184309
41798184169
41798184102
41798184105
41798184139
41798184163
41798184050
41798184072
41798184053
41798184061
41798184086
41798184095
41798184088
41798184110
41798184107
41798184039
41798184048
41798184187
41798184059
41798184055
41798184094
41798184263
41798184204
41798184224
41798184269
41798184046
41798184189
41798184113
41798184035
41798184234
41798184067
41798184205
41798184215
41798184128
41798184248
41798184333
41798184042
41798184034
41798184168
41798184274
41798184104
41798184197
41798184143
41798184213
41798184134
41798184099
41798184268
41798184131
41798184251
41798184154
41798184115
41798184288
41798184194
41798184182
41798184180
41798184092
41798184151
41798184324
41798184098
41798184124
41798184185
41798184190
41798184114
41798184063
41798184119
41798184075
41798184089
41798184116
41798184267
41798184160
41798184260
41798184225
41798184316
41798184188
41798184220
41798184341
41798184291
41798184276
41798184082
41798184065
41798184202
41798184295
41798184073
41798184279
41798184183
41798184262
41798184147
41798184212
41798184132
41798184252
41798184203
41798184308
41798184290
41798184080
41798184142
41798184271
41798184103
41798184298
41798184229
41798184311
41798184336
41798184277
41798184200
41798184247
41798184181
41798184155
41798184209
41798184230
41798184117
41798184285
41798184244
41798184273
41798184280
41798184332
41798184172
41798184108
41798184300
41798184090
41798184342
41798184259
41798184319
41798184297
41798184350
41798184201
41798184257
41798184242
41798184232
41798184109
41798184287
41798184258
41798184157
41798184246
41798184326
41798184207
41798184241
41798184337
41798184335
41798184286
41798184033
41798184289
41798184293
41798184312
41798184317
41798184321
41798184254
41798184226
41798184307
41798184239
41798184070
41798184346
41798184347
41798184327
41798184238
41798184313
41798184340
41798184364
41798184362
41798184363
41798184356
41798184373
41798184371
41798184378
41798184358
41798184359
41798184365
41798184368
41798184360
41798184382
41798184377
41798184367
41798184380
41798184352
41798184488
41798184510
41798184398
41798184415
41798184430
41798184544
41798184421
41798184484
41798184597
41798184403
41798184406
41798184423
41798184432
41798184445
41798184399
41798184452
41798184458
41798184546
41798184486
41798184476
41798184420
41798184425
41798184570
41798184400
41798184439
41798184663
41798184383
41798184460
41798184440
41798184447
41798184463
41798184435
41798184392
41798184568
41798184410
41798184517
41798184627
41798184426
41798184506
41798184659
41798184558
41798184459
41798184634
41798184603
41798184394
41798184385
41798184565
41798184429
41798184555
41798184693
41798184545
41798184444
41798184564
41798184655
41798184699
41798184489
41798184543
41798184557
41798184434
41798184572
41798184478
41798184471
41798184485
41798184493
41798184495
41798184494
41798184669
41798184542
41798184497
41798184389
41798184528
41798184576
41798184645
41798184407
41798184402
41798184523
41798184409
41798184428
41798184608
41798184483
41798184387
41798184662
41798184401
41798184537
41798184500
41798184490
41798184668
41798184660
41798184622
41798184616
41798184674
41798184650
41798184503
41798184584
41798184436
41798184455
41798184448
41798184534
41798184509
41798184553
41798184694
41798184679
41798184681
41798184629
41798184567
41798184625
41798184673
41798184602
41798184677
41798184582
41798184665
41798184437
41798184508
41798184457
41798184502
41798184536
41798184563
41798184585
41798184649
41798184575
41798184472
41798184604
41798184419
41798184529
41798184574
41798184526
41798184577
41798184690
41798184688
41798184468
41798184617
41798184644
41798184480
41798184579
41798184404
41798184686
41798184449
41798184532
41798184670
41798184652
41798184464
41798184640
41798184550
41798184522
41798184680
41798184633
41798184612
41798184696
41798184481
41798184540
41798184637
41798184554
41798184598
41798184620
41798184479
41798184632
41798184653
41798184541
41798184683
41798184643
41798184636
41798184561
41798184470
41798184682
41798184588
41798184624
41798184587
41798184657
41798184586
41798184661
41798184614
41798184482
41798184511
41798184671
41798184692
41798184581
41798184647
41798184695
41798184592
41798184664
41798184703
41798184705
41798184708
41798184713
41798184723
41798184724
41798184717
41798184716
41798184709
41798184731
41798184719
41798184729
41798184726
41798184714
41798184759
41798184762
41798184746
41798184753
41798184749
41798184744
41798184757
41798184734
41798184758
41798184743
41798184738
41798184752
41798184747
41798184764
41798184775
41798184766
41798184809
41798184782
41798184767
41798184778
41798184811
41798184788
41798184819
41798184795
41798184774
41798184817
41798184820
41798184797
41798184801
41798184793
41798184784
41798184815
41798184810
41798184799
41798184806
41798184796
41798184791
41798184777
41798184808
41798184822
41798184816
41798184812
41798184847
41798184852
41798184856
41798184850
41798184843
41798184870
41798184880
41798184844
41798184833
41798184865
41798184840
41798184876
41798184834
41798184851
41798184858
41798184827
41798184829
41798184857
41798184877
41798184828
41798184832
41798184878
41798184853
41798184854
41798184873
41798184837
41798184839
41798184824
41798184855
41798184863
41798184859
41798184842
41798184879
41798184831
41798184826
41798184869
41798184846
41798184864
41798184867
41798184862
41798184861
41798184893
41798184947
41798184911
41798184921
41798184906
41798184944
41798184904
41798184951
41798184963
41798184903
41798184882
41798184919
41798184912
41798184890
41798184888
41798184924
41798184923
41798184945
41798184933
41798184905
41798184892
41798184953
41798184959
41798184883
41798184901
41798184902
41798184930
41798184928
41798184961
41798184886
41798184898
41798184918
41798184895
41798184929
41798184931
41798184908
41798184936
41798184950
41798184946
41798184891
41798184958
41798184909
41798184926
41798184960
41798184932
41798184910
41798184965
41798184925
41798184939
41798184955
41798184996
41798184986
41798184979
41798184998
41798184978
41798184984
41798184969
41798184995
41798184970
41798184997
41798184983
41798184982
41798184999
41798184991
41798184972
41798184987
41798184993
41798184980
41798184989
41798184994
41798186023
41798186011
41798186020
41798186005
41798186019
41798186016
41798186009
41798186021
41798186031
41798186027
41798186022
41798186014
41798186030
41798186001
41798186010
41798186012
41798186013
41798186024
41798186040
41798186115
41798186100
41798186063
41798186074
41798186127
41798186143
41798186039
41798186035
41798186061
41798186046
41798186062
41798186090
41798186123
41798186048
41798186059
41798186104
41798186057
41798186038
41798186052
41798186067
41798186193
41798186107
41798186053
41798186111
41798186106
41798186126
41798186101
41798186135
41798186250
41798186099
41798186037
41798186093
41798186201
41798186285
41798186122
41798186228
41798186323
41798186205
41798186117
41798186294
41798186217
41798186148
41798186322
41798186249
41798186060
41798186178
41798186050
41798186168
41798186128
41798186173
41798186118
41798186225
41798186054
41798186119
41798186191
41798186113
41798186224
41798186129
41798186167
41798186162
41798186214
41798186231
41798186177
41798186044
41798186144
41798186277
41798186317
41798186159
41798186304
41798186343
41798186226
41798186080
41798186184
41798186082
41798186149
41798186206
41798186125
41798186272
41798186253
41798186264
41798186240
41798186269
41798186268
41798186169
41798186337
41798186189
41798186197
41798186300
41798186346
41798186086
41798186097
41798186190
41798186220
41798186131
41798186243
41798186223
41798186136
41798186202
41798186219
41798186176
41798186089
41798186199
41798186332
41798186310
41798186338
41798186311
41798186152
41798186141
41798186302
41798186344
41798186349
41798186341
41798186181
41798186079
41798186156
41798186256
41798186318
41798186137
41798186257
41798186345
41798186328
41798186314
41798186203
41798186313
41798186171
41798186255
41798186244
41798186312
41798186218
41798186182
41798186251
41798186259
41798186151
41798186236
41798186216
41798186247
41798186305
41798186221
41798186188
41798186204
41798186348
41798186321
41798186241
41798186303
41798186327
41798186237
41798186333
41798186242
41798186222
41798186276
41798186266
41798186325
41798186263
41798186291
41798186316
41798186296
41798186339
41798186306
41798186283
41798186336
41798186280
41798186320
41798186329
41798186284
41798186335
41798186373
41798186358
41798186367
41798186374
41798186382
41798186356
41798186357
41798186365
41798186364
41798186363
41798186354
41798186366
41798186370
41798186351
41798186380
41798186379
41798186361
41798186355
41798186484
41798186395
41798186409
41798186416
41798186685
41798186690
41798186485
41798186520
41798186596
41798186440
41798186387
41798186384
41798186410
41798186514
41798186442
41798186446
41798186452
41798186388
41798186550
41798186488
41798186482
41798186507
41798186397
41798186444
41798186404
41798186518
41798186522
41798186420
41798186396
41798186566
41798186473
41798186598
41798186499
41798186569
41798186477
41798186450
41798186431
41798186415
41798186432
41798186560
41798186426
41798186567
41798186576
41798186436
41798186662
41798186528
41798186602
41798186399
41798186609
41798186575
41798186400
41798186487
41798186611
41798186463
41798186408
41798186451
41798186441
41798186665
41798186630
41798186443
41798186438
41798186476
41798186603
41798186604
41798186527
41798186621
41798186402
41798186629
41798186389
41798186619
41798186594
41798186411
41798186523
41798186643
41798186581
41798186599
41798186447
41798186519
41798186551
41798186481
41798186508
41798186530
41798186526
41798186437
41798186505
41798186593
41798186620
41798186591
41798186659
41798186521
41798186427
41798186546
41798186600
41798186553
41798186590
41798186512
41798186429
41798186498
41798186403
41798186668
41798186489
41798186679
41798186681
41798186663
41798186583
41798186541
41798186480
41798186667
41798186417
41798186577
41798186670
41798186636
41798186615
41798186672
41798186683
41798186524
41798186586
41798186461
41798186468
41798186552
41798186532
41798186545
41798186439
41798186608
41798186471
41798186595
41798186628
41798186474
41798186515
41798186516
41798186448
41798186692
41798186557
41798186696
41798186589
41798186618
41798186506
41798186637
41798186486
41798186639
41798186631
41798186654
41798186610
41798186671
41798186559
41798186697
41798186449
41798186689
41798186565
41798186648
41798186641
41798186529
41798186544
41798186466
41798186573
41798186542
41798186699
41798186601
41798186494
41798186666
41798186563
41798186693
41798186680
41798186588
41798186479
41798186472
41798186582
41798186677
41798186554
41798186511
41798186640
41798186664
41798186536
41798186558
41798186496
41798186606
41798186592
41798186504
41798186698
41798186627
41798186673
41798186645
41798186649
41798186650
41798186718
41798186731
41798186717
41798186715
41798186728
41798186725
41798186716
41798186701
41798186720
41798186708
41798186706
41798186703
41798186707
41798186727
41798186723
41798186719
41798186702
41798186722
41798186726
41798186704
41798186778
41798186783
41798186751
41798186757
41798186740
41798186793
41798186742
41798186743
41798186753
41798186766
41798186765
41798186804
41798186801
41798186760
41798186762
41798186787
41798186782
41798186795
41798186735
41798186759
41798186745
41798186763
41798186811
41798186806
41798186784
41798186788
41798186769
41798186732
41798186747
41798186749
41798186761
41798186750
41798186789
41798186754
41798186758
41798186800
41798186805
41798186786
41798186794
41798186776
41798186802
41798186780
41798186770
41798186810
41798186803
41798186797
41798186836
41798186881
41798186844
41798186828
41798186875
41798186840
41798186862
41798186876
41798186872
41798186886
41798186904
41798186903
41798186830
41798186845
41798186829
41798186842
41798186824
41798186848
41798186878
41798186866
41798186898
41798186849
41798186888
41798186858
41798186833
41798186855
41798186831
41798186867
41798186868
41798186821
41798186832
41798186852
41798186891
41798186871
41798186863
41798186837
41798186877
41798186846
41798186884
41798186889
41798186896
41798186897
41798186853
41798186861
41798186873
41798186869
41798186900
41798186902
41798186841
41798186901
41798186859
41798186982
41798186915
41798186955
41798186910
41798186922
41798186934
41798186929
41798186965
41798186996
41798186921
41798186917
41798186939
41798186941
41798186951
41798186970
41798186973
41798186928
41798186983
41798186998
41798186919
41798186913
41798186940
41798186979
41798186993
41798186986
41798186960
41798186962
41798186990
41798186935
41798186918
41798186908
41798186933
41798186974
41798186999
41798186942
41798186944
41798186916
41798186956
41798186945
41798186989
41798186947
41798186972
41798186975
41798186971
41798186943
41798186950
41798186932
41798186936
41798186952
41798186985
41798186925
41798186953
41798186959
41798186995
41798186976
41798186994
41798186991
41798180015
41798180004
41798180013
41798180010
41798180019
41798180007
41798180011
41798180016
41798180027
41798180022
41798180009
41798180028
41798180032
41798180014
41798180024
41798180002
41798180023
41798180020
41798180031
41798180021
41798180062
41798180065
41798180116
41798180188
41798180078
41798180104
41798180148
41798180040
41798180071
41798180076
41798180093
41798180052
41798180063
41798180118
41798180092
41798180058
41798180048
41798180059
41798180088
41798180164
41798180141
41798180044
41798180099
41798180055
41798180056
41798180049
41798180094
41798180191
41798180033
41798180084
41798180057
41798180228
41798180248
41798180089
41798180046
41798180106
41798180146
41798180279
41798180050
41798180080
41798180195
41798180170
41798180302
41798180190
41798180211
41798180136
41798180131
41798180269
41798180140
41798180091
41798180142
41798180250
41798180162
41798180260
41798180072
41798180070
41798180323
41798180160
41798180167
41798180144
41798180068
41798180203
41798180288
41798180047
41798180178
41798180060
41798180133
41798180127
41798180253
41798180110
41798180219
41798180128
41798180075
41798180222
41798180294
41798180064
41798180109
41798180226
41798180043
41798180108
41798180085
41798180115
41798180295
41798180299
41798180243
41798180289
41798180103
41798180114
41798180242
41798180319
41798180073
41798180066
41798180102
41798180113
41798180247
41798180214
41798180082
41798180107
41798180231
41798180267
41798180255
41798180137
41798180308
41798180061
41798180327
41798180101
41798180081
41798180304
41798180309
41798180173
41798180310
41798180276
41798180281
41798180150
41798180200
41798180282
41798180227
41798180324
41798180330
41798180139
41798180251
41798180206
41798180217
41798180343
41798180212
41798180176
41798180083
41798180277
41798180223
41798180053
41798180096
41798180090
41798180153
41798180151
41798180098
41798180284
41798180305
41798180179
41798180345
41798180350
41798180262
41798180152
41798180252
41798180329
41798180307
41798180296
41798180283
41798180300
41798180245
41798180257
41798180230
41798180290
41798180287
41798180186
41798180278
41798180095
41798180196
41798180314
41798180157
41798180339
41798180239
41798180337
41798180335
41798180326
41798180201
41798180301
41798180216
41798180316
41798180259
41798180313
41798180356
41798180358
41798180361
41798180367
41798180363
41798180370
41798180354
41798180359
41798180355
41798180364
41798180362
41798180357
41798180454
41798180581
41798180388
41798180396
41798180539
41798180404
41798180423
41798180449
41798180480
41798180393
41798180427
41798180540
41798180613
41798180472
41798180504
41798180541
41798180402
41798180390
41798180414
41798180442
41798180535
41798180470
41798180616
41798180447
41798180491
41798180400
41798180417
41798180511
41798180438
41798180578
41798180566
41798180600
41798180481
41798180387
41798180471
41798180464
41798180413
41798180597
41798180428
41798180399
41798180645
41798180461
41798180397
41798180459
41798180456
41798180474
41798180612
41798180435
41798180579
41798180482
41798180507
41798180517
41798180558
41798180508
41798180434
41798180532
41798180556
41798180564
41798180501
41798180440
41798180677
41798180544
41798180592
41798180473
41798180506
41798180500
41798180502
41798180410
41798180478
41798180487
41798180605
41798180674
41798180602
41798180445
41798180554
41798180609
41798180604
41798180562
41798180526
41798180622
41798180516
41798180569
41798180627
41798180536
41798180634
41798180561
41798180615
41798180669
41798180571
41798180586
41798180451
41798180489
41798180521
41798180660
41798180666
41798180606
41798180594
41798180620
41798180683
41798180632
41798180510
41798180610
41798180656
41798180657
41798180572
41798180524
41798180681
41798180642
41798180557
41798180505
41798180675
41798180651
41798180631
41798180580
41798180599
41798180670
41798180662
41798180574
41798180450
41798180512
41798180684
41798180671
41798180689
41798180667
41798180518
41798180639
41798180711
41798180703
41798180701
41798180716
41798180707
41798180710
41798180705
41798180708
41798180702
41798180749
41798180736
41798180740
41798180744
41798180737
41798180734
41798180743
41798180748
41798180760
41798180847
41798180792
41798180829
41798180828
41798180830
41798180771
41798180800
41798180824
41798180804
41798180776
41798180814
41798180770
41798180809
41798180801
41798180796
41798180818
41798180846
41798180837
41798180834
41798180775
41798180774
41798180808
41798180782
41798180785
41798180848
41798180843
41798180836
41798180820
41798180807
41798180835
41798180841
41798180853
41798180854
41798180872
41798180880
41798180882
41798180855
41798180909
41798180868
41798180861
41798180888
41798180899
41798180862
41798180894
41798180867
41798180902
41798180887
41798180863
41798180869
41798180911
41798180852
41798180881
41798180884
41798180876
41798180879
41798180890
41798180904
41798180889
41798180903
41798180897
41798180908
41798180892
41798180900
41798180907
41798180941
41798180919
41798180938
41798180966
41798180920
41798180918
41798180932
41798180922
41798180934
41798180921
41798180947
41798180965
41798180946
41798180930
41798180950
41798180939
41798180948
41798180968
41798180942
41798180959
41798180917
41798180961
41798180962
41798180963
41798180975
41798180970
41798180981
41798180984
41798180991
41798180976
41798180977
41798180999
41798180994
41798180990
41798180979
41798180978
41798180987
41798180998
41798189027
41798189026
41798189029
41798189009
41798189013
41798189019
41798189031
41798189001
41798189014
41798189007
41798189006
41798189016
41798189025
41798189023
41798189015
41798189030
41798189005
41798189042
41798189108
41798189080
41798189038
41798189187
41798189106
41798189212
41798189044
41798189034
41798189067
41798189311
41798189097
41798189092
41798189095
41798189101
41798189049
41798189130
41798189096
41798189037
41798189158
41798189169
41798189046
41798189185
41798189085
41798189065
41798189047
41798189084
41798189074
41798189136
41798189164
41798189273
41798189162
41798189195
41798189145
41798189299
41798189072
41798189194
41798189098
41798189197
41798189088
41798189089
41798189294
41798189198
41798189086
41798189221
41798189048
41798189219
41798189058
41798189113
41798189182
41798189246
41798189338
41798189041
41798189036
41798189232
41798189066
41798189167
41798189179
41798189168
41798189033
41798189100
41798189183
41798189119
41798189110
41798189082
41798189206
41798189078
41798189239
41798189115
41798189126
41798189230
41798189059
41798189256
41798189267
41798189040
41798189081
41798189163
41798189204
41798189289
41798189094
41798189285
41798189243
41798189240
41798189344
41798189071
41798189242
41798189203
41798189156
41798189166
41798189099
41798189247
41798189114
41798189263
41798189305
41798189062
41798189293
41798189199
41798189192
41798189208
41798189117
41798189325
41798189211
41798189103
41798189261
41798189104
41798189226
41798189137
41798189102
41798189265
41798189171
41798189275
41798189151
41798189262
41798189181
41798189251
41798189342
41798189255
41798189277
41798189147
41798189055
41798189317
41798189236
41798189307
41798189238
41798189174
41798189178
41798189290
41798189241
41798189278
41798189202
41798189229
41798189319
41798189286
41798189209
41798189205
41798189314
41798189233
41798189348
41798189180
41798189220
41798189155
41798189135
41798189075
41798189260
41798189335
41798189333
41798189303
41798189216
41798189196
41798189207
41798189253
41798189264
41798189270
41798189323
41798189200
41798189124
41798189269
41798189250
41798189266
41798189288
41798189257
41798189127
41798189282
41798189141
41798189214
41798189244
41798189330
41798189146
41798189334
41798189312
41798189279
41798189326
41798189309
41798189346
41798189340
41798189223
41798189327
41798189300
41798189304
41798189276
41798189215
41798189321
41798189349
41798189283
41798189328
41798189175
41798189254
41798189341
41798189301
41798189336
41798189318
41798189237
41798189350
41798189343
41798189310
41798189347
41798189324
41798189331
41798189367
41798189381
41798189355
41798189364
41798189379
41798189373
41798189353
41798189356
41798189368
41798189357
41798189371
41798189363
41798189354
41798189351
41798189370
41798189360
41798189377
41798189376
41798189375
41798189408
41798189476
41798189505
41798189389
41798189427
41798189599
41798189491
41798189383
41798189400
41798189497
41798189437
41798189557
41798189395
41798189486
41798189487
41798189603
41798189411
41798189412
41798189522
41798189401
41798189397
41798189550
41798189457
41798189422
41798189680
41798189610
41798189467
41798189384
41798189466
41798189512
41798189509
41798189530
41798189425
41798189552
41798189447
41798189409
41798189594
41798189547
41798189606
41798189423
41798189653
41798189404
41798189641
41798189570
41798189429
41798189392
41798189402
41798189388
41798189496
41798189399
41798189644
41798189458
41798189407
41798189426
41798189493
41798189501
41798189462
41798189469
41798189451
41798189500
41798189495
41798189482
41798189519
41798189525
41798189526
41798189617
41798189471
41798189612
41798189424
41798189479
41798189416
41798189489
41798189627
41798189517
41798189514
41798189658
41798189689
41798189468
41798189449
41798189442
41798189453
41798189472
41798189461
41798189569
41798189625
41798189398
41798189511
41798189551
41798189585
41798189418
41798189545
41798189613
41798189483
41798189435
41798189515
41798189455
41798189579
41798189508
41798189537
41798189652
41798189670
41798189642
41798189516
41798189556
41798189542
41798189584
41798189597
41798189691
41798189460
41798189592
41798189562
41798189588
41798189533
41798189555
41798189602
41798189565
41798189477
41798189546
41798189438
41798189421
41798189503
41798189629
41798189507
41798189448
41798189643
41798189488
41798189657
41798189697
41798189622
41798189686
41798189699
41798189674
41798189470
41798189593
41798189604
41798189590
41798189660
41798189581
41798189663
41798189554
41798189578
41798189669
41798189601
41798189568
41798189679
41798189543
41798189688
41798189616
41798189666
41798189671
41798189561
41798189431
41798189690
41798189541
41798189611
41798189626
41798189650
41798189609
41798189539
41798189637
41798189635
41798189583
41798189655
41798189673
41798189649
41798189620
41798189687
41798189693
41798189722
41798189705
41798189701
41798189719
41798189706
41798189714
41798189726
41798189700
41798189712
41798189703
41798189715
41798189711
41798189718
41798189702
41798189725
41798189704
41798189748
41798189749
41798189733
41798189751
41798189740
41798189743
41798189790
41798189731
41798189744
41798189734
41798189752
41798189778
41798189780
41798189774
41798189736
41798189737
41798189745
41798189741
41798189746
41798189784
41798189771
41798189789
41798189769
41798189747
41798189773
41798189787
41798189753
41798189750
41798189761
41798189768
41798189738
41798189767
41798189776
41798189786
41798189783
41798189758
41798189779
41798189788
41798189792
41798189793
41798189828
41798189809
41798189844
41798189831
41798189816
41798189840
41798189846
41798189815
41798189803
41798189796
41798189837
41798189791
41798189795
41798189813
41798189812
41798189811
41798189810
41798189802
41798189808
41798189819
41798189830
41798189823
41798189825
41798189826
41798189817
41798189848
41798189821
41798189843
41798189851
41798189835
41798189814
41798189883
41798189853
41798189908
41798189906
41798189894
41798189866
41798189882
41798189878
41798189856
41798189855
41798189860
41798189867
41798189861
41798189864
41798189887
41798189890
41798189869
41798189885
41798189900
41798189873
41798189905
41798189881
41798189872
41798189886
41798189874
41798189893
41798189876
41798189950
41798189966
41798189960
41798189963
41798189927
41798189936
41798189914
41798189953
41798189943
41798189935
41798189940
41798189949
41798189952
41798189959
41798189933
41798189941
41798189947
41798189925
41798189912
41798189956
41798189962
41798189954
41798189948
41798189928
41798189926
41798189917
41798189942
41798189915
41798189922
41798189958
41798189945
41798189919
41798189921
41798189965
41798189939
41798189944
41798189969
41798189976
41798189977
41798189997
41798189970
41798189975
41798189989
41798189983
41798189985
41798189979
41798189990
41798189973
41798189978
41798189984
41798189988
41798189998
41798189999
41798189986
41798189996
41798183003
41798183011
41798183001
41798183009
41798183015
41798183008
41798183004
41798183013
41798183007
41798183002
41798183026
41798183005
41798183025
41798183022
41798183020
41798183018
41798183030
41798183031
41798183024
41798183042
41798183124
41798183157
41798183035
41798183254
41798183071
41798183048
41798183055
41798183070
41798183064
41798183092
41798183112
41798183077
41798183038
41798183069
41798183076
41798183095
41798183060
41798183202
41798183175
41798183137
41798183093
41798183264
41798183167
41798183161
41798183249
41798183257
41798183054
41798183263
41798183037
41798183040
41798183036
41798183243
41798183199
41798183182
41798183227
41798183201
41798183184
41798183079
41798183074
41798183075
41798183067
41798183081
41798183219
41798183098
41798183206
41798183072
41798183050
41798183044
41798183155
41798183159
41798183033
41798183046
41798183106
41798183220
41798183125
41798183425
41798183089
41798183281
41798183117
41798183113
41798183225
41798183138
41798183128
41798183162
41798183163
41798183290
41798183082
41798183047
41798183209
41798183429
41798183524
41798183207
41798183210
41798183241
41798183091
41798183250
41798183105
41798183242
41798183216
41798183223
41798183286
41798183248
41798183314
41798183149
41798183211
41798183221
41798183087
41798183148
41798183115
41798183311
41798183613
41798183043
41798183394
41798183056
41798183103
41798183508
41798183052
41798183233
41798183226
41798183288
41798183385
41798183123
41798183118
41798183325
41798183645
41798183109
41798183342
41798183331
41798183260
41798183179
41798183144
41798183444
41798183078
41798183255
41798183326
41798183700
41798183174
41798183245
41798183116
41798183122
41798183310
41798183329
41798183306
41798183154
41798183350
41798183317
41798183432
41798183269
41798183231
41798183468
41798183276
41798183333
41798183442
41798183121
41798183423
41798183476
41798183714
41798183652
41798183208
41798183534
41798183697
41798183166
41798183111
41798183593
41798183302
41798183258
41798183272
41798183039
41798183521
41798183709
41798183496
41798183285
41798183236
41798183301
41798183292
41798183462
41798183826
41798183583
41798183615
41798183200
41798183520
41798183297
41798183275
41798183804
41798183724
41798183229
41798183512
41798183186
41798183262
41798183371
41798183139
41798183480
41798183539
41798183259
41798183337
41798183234
41798183471
41798183753
41798183160
41798183649
41798183136
41798183133
41798183204
41798183151
41798183456
41798183436
41798183191
41798183559
41798183267
41798183268
41798183470
41798183280
41798183475
41798183618
41798183355
41798183430
41798183784
41798183499
41798183239
41798183586
41798183323
41798183936
41798183457
41798183437
41798183883
41798183510
41798183427
41798183536
41798183633
41798183531
41798183375
41798183315
41798183374
41798183728
41798183455
41798183440
41798183478
41798183711
41798183631
41798183330
41798183514
41798183608
41798183287
41798183573
41798183304
41798183177
41798183293
41798183461
41798183237
41798183386
41798183152
41798183482
41798183452
41798183368
41798183389
41798183662
41798183601
41798183463
41798183630
41798183833
41798183558
41798183354
41798183312
41798183504
41798183926
41798183253
41798183530
41798183406
41798183318
41798183426
41798183851
41798183190
41798183902
41798183503
41798183699
41798183549
41798183928
41798183411
41798183338
41798183313
41798183880
41798183414
41798183517
41798183308
41798183881
41798183701
41798183222
41798183871
41798183732
41798183862
41798183983
41798183619
41798183749
41798183644
41798183812
41798183646
41798183747
41798183335
41798183577
41798183487
41798183684
41798183702
41798183715
41798183654
41798183388
41798183525
41798183279
41798183604
41798183307
41798183653
41798183379
41798183543
41798183673
41798183256
41798183806
41798183405
41798183592
41798183692
41798183855
41798183792
41798183447
41798183952
41798183458
41798183419
41798183376
41798183392
41798183898
41798183683
41798183240
41798183401
41798183827
41798183853
41798183538
41798183776
41798183321
41798183923
41798183897
41798183602
41798183217
41798183489
41798183542
41798183336
41798183984
41798183900
41798183580
41798183303
41798183681
41798183810
41798183546
41798183921
41798183474
41798183319
41798183603
41798183642
41798183623
41798183407
41798183677
41798183821
41798183527
41798183450
41798183687
41798183837
41798183424
41798183734
41798183991
41798183628
41798183731
41798183507
41798183472
41798183950
41798183675
41798183962
41798183384
41798183845
41798183383
41798183838
41798183672
41798183545
41798183690
41798183501
41798183322
41798183372
41798183834
41798183589
41798183755
41798183669
41798183740
41798183964
41798183968
41798183820
41798183879
41798183271
41798183320
41798183605
41798183493
41798183762
41798183500
41798183570
41798183951
41798183805
41798183781
41798183953
41798183574
41798183467
41798183813
41798183996
41798183858
41798183402
41798183566
41798183912
41798183564
41798183509
41798183680
41798183888
41798183660
41798183783
41798183617
41798183435
41798183689
41798183587
41798183492
41798183852
41798183739
41798183864
41798183847
41798183562
41798183637
41798183788
41798183727
41798183745
41798183643
41798183779
41798183841
41798183870
41798183910
41798183977
41798183708
41798183685
41798183347
41798183382
41798183590
41798183579
41798183803
41798183380
41798183775
41798183989
41798183491
41798183609
41798183743
41798183576
41798183332
41798183874
41798183611
41798183557
41798183694
41798183738
41798183560
41798183528
41798183988
41798183554
41798183686
41798183532
41798183616
41798183515
41798183937
41798183511
41798183916
41798183915
41798183759
41798183943
41798183567
41798183682
41798183914
41798183963
41798183774
41798183843
41798183544
41798183909
41798183941
41798183650
41798183612
41798183995
41798183982
41798183606
41798183869
41798183891
41798183875
41798183599
41798183818
41798183959
41798183705
41798183954
41798183825
41798183756
41798183856
41798183778
41798183965
41798183746
41798183777
41798183794
41798183829
41798183868
41798183949
41798183922
41798183882
41798183569
41798183840
41798183789
41798183627
41798183865
41798183793
41798183933
41798183648
41798183844
41798183822
41798183886
41798183688
41798183760
41798183796
41798183733
41798183960
41798183695
41798183693
41798183791
41798183906
41798183917
41798183835
41798183990
41798183925
41798183801
41798183748
41798183859
41798183969
41798183720
41798183944
41798183800
41798183994
41798183903
41798183811
41798183927
41798181000
41798181014
41798181024
41798181012
41798181028
41798181030
41798181008
41798181010
41798181005
41798181006
41798181019
41798181013
41798181025
41798181018
41798181017
41798181003
41798181007
41798181029
41798181026
41798181060
41798181156
41798181038
41798181044
41798181042
41798181100
41798181062
41798181058
41798181103
41798181099
41798181098
41798181112
41798181120
41798181172
41798181127
41798181137
41798181092
41798181153
41798181219
41798181170
41798181084
41798181136
41798181252
41798181340
41798181046
41798181221
41798181176
41798181255
41798181241
41798181065
41798181102
41798181294
41798181063
41798181034
41798181064
41798181101
41798181089
41798181056
41798181302
41798181158
41798181097
41798181191
41798181087
41798181174
41798181281
41798181122
41798181081
41798181061
41798181198
41798181083
41798181375
41798181245
41798181207
41798181055
41798181088
41798181154
41798181407
41798181253
41798181251
41798181190
41798181287
41798181239
41798181128
41798181113
41798181126
41798181111
41798181109
41798181411
41798181534
41798181236
41798181390
41798181104
41798181093
41798181073
41798181085
41798181250
41798181237
41798181114
41798181246
41798181116
41798181293
41798181614
41798181151
41798181244
41798181363
41798181218
41798181238
41798181430
41798181439
41798181067
41798181306
41798181342
41798181383
41798181243
41798181662
41798181474
41798181292
41798181168
41798181076
41798181166
41798181057
41798181224
41798181488
41798181201
41798181121
41798181203
41798181071
41798181117
41798181536
41798181054
41798181685
41798181510
41798181223
41798181147
41798181264
41798181075
41798181195
41798181405
41798181233
41798181159
41798181276
41798181523
41798181200
41798181391
41798181078
41798181495
41798181179
41798181584
41798181401
41798181582
41798181335
41798181314
41798181133
41798181231
41798181664
41798181132
41798181382
41798181492
41798181242
41798181150
41798181373
41798181039
41798181225
41798181344
41798181508
41798181587
41798181444
41798181731
41798181080
41798181433
41798181655
41798181518
41798181214
41798181385
41798181479
41798181762
41798181400
41798181716
41798181454
41798181406
41798181422
41798181578
41798181724
41798181761
41798181167
41798181138
41798181343
41798181216
41798181188
41798181455
41798181183
41798181074
41798181346
41798181091
41798181413
41798181416
41798181581
41798181653
41798181202
41798181592
41798181622
41798181511
41798181887
41798181496
41798181583
41798181531
41798181148
41798181939
41798181708
41798181298
41798181372
41798181365
41798181482
41798181161
41798181638
41798181226
41798181338
41798181424
41798181331
41798181418
41798181182
41798181502
41798181334
41798181131
41798181217
41798181234
41798181317
41798181915
41798181498
41798181469
41798181461
41798181475
41798181313
41798181521
41798181364
41798181781
41798181486
41798181359
41798181462
41798181801
41798181576
41798181693
41798181425
41798181775
41798181509
41798181635
41798181769
41798181895
41798181230
41798181446
41798181827
41798181477
41798181319
41798181438
41798181681
41798181755
41798181291
41798181526
41798181321
41798181650
41798181559
41798181558
41798181379
41798181272
41798181674
41798181328
41798181415
41798181805
41798181146
41798181426
41798181273
41798181573
41798181205
41798181695
41798181825
41798181323
41798181923
41798181896
41798181856
41798181551
41798181500
41798181616
41798181699
41798181922
41798181817
41798181452
41798181639
41798181946
41798181206
41798181711
41798181322
41798181248
41798181514
41798181546
41798181841
41798181790
41798181774
41798181952
41798181717
41798181725
41798181779
41798181399
41798181311
41798181756
41798181797
41798181713
41798181310
41798181557
41798181722
41798181680
41798181285
41798181962
41798181199
41798181885
41798181361
41798181750
41798181759
41798181846
41798181448
41798181634
41798181574
41798181402
41798181792
41798181776
41798181918
41798181554
41798181550
41798181240
41798181561
41798181397
41798181829
41798181568
41798181675
41798181970
41798181703
41798181265
41798181620
41798181463
41798181491
41798181823
41798181804
41798181621
41798181517
41798181729
41798181871
41798181627
41798181796
41798181673
41798181730
41798181358
41798181880
41798181864
41798181715
41798181483
41798181809
41798181884
41798181669
41798181941
41798181282
41798181567
41798181878
41798181723
41798181389
41798181986
41798181919
41798181766
41798181369
41798181367
41798181525
41798181826
41798181556
41798181778
41798181623
41798181663
41798181994
41798181450
41798181813
41798181821
41798181690
41798181697
41798181835
41798181964
41798181838
41798181515
41798181538
41798181877
41798181320
41798181767
41798181822
41798181353
41798181991
41798181682
41798181665
41798181926
41798181847
41798181858
41798181980
41798181308
41798181738
41798181727
41798181876
41798181565
41798181493
41798181704
41798181456
41798181905
41798181912
41798181874
41798181602
41798181392
41798181881
41798181443
41798181844
41798181795
41798181865
41798181852
41798181679
41798181890
41798181812
41798181931
41798181832
41798181854
41798181569
41798181819
41798181355
41798181862
41798181866
41798181963
41798181859
41798181528
41798181676
41798181417
41798181860
41798181579
41798181828
41798181684
41798181955
41798181434
41798181393
41798181833
41798181772
41798181780
41798181892
41798181973
41798181610
41798181987
41798181612
41798181577
41798181820
41798181959
41798181913
41798181609
41798181901
41798181848
41798181869
41798181947
41798181541
41798181740
41798181563
41798181867
41798181733
41798181992
41798181783
41798181938
41798181863
41798181907
41798181872
41798181472
41798181485
41798181543
41798181949
41798181920
41798181506
41798181886
41798181564
41798181990
41798181968
41798181842
41798181814
41798181696
41798181914
41798181909
41798181894
41798181739
41798181945
41798181900
41798181845
41798181637
41798181840
41798181702
41798181897
41798181995
41798181944
41798181953
41798181782
41798181930
41798181921
41798181851
41798181957
41798182000
41798182009
41798182013
41798182015
41798182014
41798182030
41798182008
41798182025
41798182026
41798182016
41798182011
41798182024
41798182003
41798182028
41798182007
41798182001
41798182005
41798182010
41798182019
41798182039
41798182037
41798182054
41798182040
41798182038
41798182048
41798182041
41798182033
41798182083
41798182085
41798182045
41798182063
41798182093
41798182066
41798182043
41798182074
41798182034
41798182042
41798182080
41798182097
41798182072
41798182073
41798182068
41798182244
41798182094
41798182199
41798182067
41798182446
41798182091
41798182077
41798182598
41798182298
41798182404
41798182411
41798182222
41798182403
41798182425
41798182757
41798182409
41798182535
41798182288
41798182439
41798182516
41798182420
41798182050
41798182441
41798182415
41798182958
41798182778
41798182090
41798182398
41798182519
41798182089
41798182704
41798182197
41798182912
41798182435
41798182977
41798182436
41798182195
41798182501
41798182750
41798182427
41798182987
41798182898
41798182522
41798182426
41798182988
41798182873
41798182513
41798182405
41798182722
41798182844
41798182515
41798182758
41798182811
41798182448
41798182874
41798182437
41798182746
41798182527
41798182523
41798182442
41798182747
41798182715
41798182548
41798182751
41798182807
41798182936
41798182595
41798182806
41798182761
41798182419
41798182626
41798182706
41798182399
41798182705
41798182981
41798182809
41798182449
41798182760
41798182733
41798182859
41798182764
41798182968
41798182928
41798182500
41798182742
41798182736
41798182908
41798182808
41798182920
41798182789
41798182525
41798182406
41798182724
41798182883
41798182788
41798182779
41798182296
41798182838
41798182770
41798182872
41798182698
41798182787
41798182932
41798182772
41798182996
41798182711
41798182790
41798182925
41798182533
41798182909
41798182856
41798182951
41798182498
41798182497
41798182805
41798182712
41798182499
41798182824
41798182801
41798182792
41798182959
41798182837
41798182729
41798182816
41798182877
41798182526
41798182984
41798182860
41798182941
41798182814
41798182955
41798182791
41798182900
41798182886
41798182865
41798182796
41798182864
41798182745
41798182776
41798182777
41798182839
41798182766
41798182927
41798182895
41798182847
41798182917
41798182905
41798182730
41798182949
41798182728
41798182735
41798182720
41798182812
41798182937
41798182910
41798182822
41798182763
41798182765
41798182952
41798182710
41798182800
41798182848
41798182966
41798182721
41798182947
41798182835
41798182695
41798182956
41798182933
41798182773
41798182868
41798182891
41798182867
41798182853
41798182888
41798182842
41798182960
41798182768
41798182852
41798182985
41798182810
41798182882
41798182862
41798182849
41798182845
41798182885
41798182989
41798182963
41798182823
41798182878
41798182948
41798182512
41798182969
41798182931
41798182831
41798182938
41798182997
41798182983
41798182539
41798182703
41798182953
41798182893
41798182919
41798182815
41798182696
41798182819
41798182702
41798182978
41798182913
41798182876
41798182939
41798182992
41798182707
41798182709
41798182717
41798182897
41798182829
41798182802
41798182950
41798182784
41798182965
41798182946
41798182870
41798182754
41798182921
41798182755
41798182836
41798182889
41798182954
41798182756
41798182825
41798182841
41798182914
41798182934
41798188004
41798188014
41798188028
41798188027
41798188003
41798188009
41798188031
41798188015
41798188030
41798188107
41798188228
41798188103
41798188078
41798188152
41798188043
41798188039
41798188055
41798188077
41798188036
41798188035
41798188065
41798188059
41798188079
41798188286
41798188203
41798188110
41798188102
41798188044
41798188070
41798188097
41798188119
41798188139
41798188156
41798188165
41798188163
41798188261
41798188197
41798188084
41798188179
41798188281
41798188056
41798188114
41798188087
41798188217
41798188091
41798188076
41798188063
41798188167
41798188249
41798188250
41798188140
41798188052
41798188295
41798188309
41798188115
41798188321
41798188325
41798188106
41798188200
41798188334
41798188233
41798188175
41798188238
41798188171
41798188168
41798188080
41798188048
41798188346
41798188042
41798188096
41798188112
41798188120
41798188117
41798188045
41798188053
41798188073
41798188206
41798188068
41798188074
41798188121
41798188064
41798188125
41798188242
41798188135
41798188157
41798188195
41798188141
41798188178
41798188144
41798188305
41798188136
41798188180
41798188164
41798188285
41798188210
41798188225
41798188176
41798188108
41798188312
41798188038
41798188066
41798188072
41798188265
41798188333
41798188094
41798188067
41798188082
41798188161
41798188271
41798188100
41798188146
41798188122
41798188137
41798188338
41798188085
41798188169
41798188046
41798188304
41798188297
41798188319
41798188283
41798188219
41798188202
41798188244
41798188126
41798188154
41798188143
41798188331
41798188198
41798188245
41798188280
41798188213
41798188153
41798188150
41798188188
41798188194
41798188255
41798188240
41798188234
41798188222
41798188274
41798188260
41798188339
41798188130
41798188134
41798188129
41798188109
41798188182
41798188293
41798188290
41798188302
41798188316
41798188215
41798188089
41798188170
41798188264
41798188205
41798188166
41798188162
41798188247
41798188057
41798188314
41798188174
41798188310
41798188131
41798188348
41798188275
41798188257
41798188270
41798188284
41798188050
41798188173
41798188256
41798188258
41798188276
41798188158
41798188183
41798188243
41798188324
41798188231
41798188241
41798188148
41798188192
41798188301
41798188347
41798188320
41798188201
41798188196
41798188259
41798188132
41798188208
41798188318
41798188328
41798188311
41798188128
41798188278
41798188224
41798188266
41798188322
41798188127
41798188282
41798188252
41798188298
41798188342
41798188343
41798188212
41798188341
41798188306
41798188317
41798188308
41798188315
41798188332
41798188218
41798188251
41798188262
41798188356
41798188372
41798188370
41798188355
41798188362
41798188367
41798188374
41798188371
41798188357
41798188352
41798188364
41798188363
41798188358
41798188378
41798188434
41798188458
41798188463
41798188461
41798188464
41798188660
41798188479
41798188386
41798188521
41798188443
41798188424
41798188474
41798188457
41798188569
41798188399
41798188416
41798188408
41798188419
41798188423
41798188556
41798188404
41798188389
41798188618
41798188383
41798188422
41798188466
41798188539
41798188406
41798188407
41798188414
41798188445
41798188417
41798188676
41798188451
41798188559
41798188456
41798188593
41798188600
41798188454
41798188542
41798188591
41798188460
41798188392
41798188580
41798188432
41798188387
41798188553
41798188603
41798188411
41798188533
41798188534
41798188435
41798188490
41798188592
41798188576
41798188468
41798188427
41798188489
41798188472
41798188476
41798188651
41798188549
41798188528
41798188572
41798188599
41798188586
41798188601
41798188396
41798188509
41798188390
41798188614
41798188400
41798188590
41798188541
41798188615
41798188685
41798188495
41798188688
41798188692
41798188661
41798188514
41798188554
41798188444
41798188519
41798188643
41798188525
41798188555
41798188486
41798188527
41798188513
41798188420
41798188529
41798188440
41798188441
41798188679
41798188653
41798188624
41798188609
41798188610
41798188425
41798188656
41798188598
41798188669
41798188650
41798188548
41798188500
41798188412
41798188582
41798188543
41798188493
41798188657
41798188606
41798188491
41798188620
41798188455
41798188649
41798188567
41798188611
41798188691
41798188485
41798188428
41798188536
41798188573
41798188616
41798188628
41798188551
41798188574
41798188658
41798188478
41798188545
41798188494
41798188612
41798188631
41798188564
41798188698
41798188523
41798188531
41798188689
41798188565
41798188607
41798188587
41798188487
41798188578
41798188686
41798188697
41798188629
41798188557
41798188583
41798188637
41798188579
41798188690
41798188430
41798188655
41798188589
41798188560
41798188575
41798188483
41798188566
41798188471
41798188630
41798188684
41798188648
41798188646
41798188681
41798188675
41798188627
41798188508
41798188619
41798188475
41798188678
41798188674
41798188673
41798188670
41798188581
41798188511
41798188642
41798188623
41798188719
41798188706
41798188710
41798188717
41798188713
41798188711
41798188712
41798188701
41798188702
41798188714
41798188700
41798188722
41798188703
41798188708
41798188721
41798188716
41798188720
41798188704
41798188730
41798188718
41798188725
41798188739
41798188757
41798188732
41798188748
41798188751
41798188765
41798188770
41798188791
41798188752
41798188744
41798188747
41798188756
41798188738
41798188736
41798188743
41798188789
41798188777
41798188790
41798188749
41798188758
41798188767
41798188750
41798188742
41798188785
41798188775
41798188772
41798188763
41798188753
41798188741
41798188731
41798188771
41798188783
41798188734
41798188773
41798188786
41798188788
41798188812
41798188846
41798188864
41798188860
41798188793
41798188802
41798188808
41798188833
41798188828
41798188815
41798188827
41798188839
41798188872
41798188816
41798188849
41798188855
41798188813
41798188857
41798188844
41798188801
41798188845
41798188862
41798188878
41798188835
41798188837
41798188822
41798188842
41798188810
41798188832
41798188800
41798188865
41798188871
41798188870
41798188818
41798188829
41798188852
41798188874
41798188869
41798188803
41798188866
41798188824
41798188830
41798188823
41798188831
41798188806
41798188847
41798188819
41798188820
41798188877
41798188856
41798188825
41798188838
41798188867
41798188836
41798188848
41798188868
41798188873
41798188858
41798188876
41798188910
41798188902
41798188941
41798188900
41798188880
41798188883
41798188896
41798188905
41798188926
41798188939
41798188879
41798188881
41798188913
41798188904
41798188887
41798188893
41798188888
41798188953
41798188906
41798188932
41798188930
41798188899
41798188927
41798188950
41798188948
41798188891
41798188918
41798188886
41798188923
41798188961
41798188938
41798188903
41798188916
41798188911
41798188965
41798188947
41798188940
41798188884
41798188925
41798188924
41798188944
41798188952
41798188960
41798188962
41798188917
41798188935
41798188974
41798188997
41798188976
41798188991
41798188966
41798188970
41798188985
41798188992
41798188995
41798188990
41798188981
41798188982
41798188980
41798188988
41798188993
41798188989
41798188987
41798187008
41798187002
41798187010
41798187018
41798187011
41798187014
41798187005
41798187023
41798187024
41798187015
41798187013
41798187030
41798187004
41798187003
41798187009
41798187012
41798187022
41798187016
41798187017
41798187007
41798187020
41798187071
41798187034
41798187042
41798187069
41798187076
41798187101
41798187039
41798187105
41798187129
41798187121
41798187190
41798187106
41798187165
41798187056
41798187174
41798187050
41798187301
41798187302
41798187205
41798187227
41798187347
41798187074
41798187256
41798187061
41798187135
41798187094
41798187038
41798187065
41798187060
41798187267
41798187067
41798187080
41798187066
41798187068
41798187341
41798187053
41798187229
41798187146
41798187083
41798187043
41798187171
41798187137
41798187158
41798187202
41798187159
41798187041
41798187089
41798187145
41798187201
41798187037
41798187113
41798187059
41798187650
41798187346
41798187088
41798187330
41798187151
41798187131
41798187368
41798187280
41798187434
41798187281
41798187222
41798187099
41798187212
41798187246
41798187175
41798187123
41798187528
41798187243
41798187164
41798187047
41798187177
41798187558
41798187420
41798187203
41798187179
41798187225
41798187386
41798187040
41798187064
41798187220
41798187424
41798187427
41798187260
41798187118
41798187093
41798187063
41798187304
41798187322
41798187139
41798187173
41798187035
41798187142
41798187178
41798187285
41798187143
41798187580
41798187144
41798187197
41798187403
41798187188
41798187084
41798187484
41798187211
41798187287
41798187547
41798187170
41798187678
41798187444
41798187337
41798187589
41798187298
41798187311
41798187182
41798187110
41798187566
41798187399
41798187242
41798187104
41798187231
41798187107
41798187508
41798187234
41798187452
41798187098
41798187614
41798187103
41798187115
41798187598
41798187351
41798187248
41798187360
41798187236
41798187470
41798187511
41798187423
41798187437
41798187186
41798187600
41798187305
41798187184
41798187343
41798187450
41798187775
41798187157
41798187952
41798187087
41798187379
41798187257
41798187518
41798187634
41798187461
41798187358
41798187185
41798187112
41798187195
41798187385
41798187085
41798187505
41798187578
41798187542
41798187271
41798187737
41798187883
41798187196
41798187133
41798187396
41798187499
41798187300
41798187629
41798187786
41798187148
41798187277
41798187289
41798187193
41798187551
41798187371
41798187284
41798187414
41798187520
41798187208
41798187543
41798187941
41798187200
41798187153
41798187593
41798187323
41798187608
41798187297
41798187639
41798187487
41798187207
41798187447
41798187259
41798187325
41798187532
41798187693
41798187440
41798187412
41798187465
41798187624
41798187276
41798187870
41798187265
41798187312
41798187156
41798187191
41798187258
41798187095
41798187438
41798187314
41798187483
41798187494
41798187626
41798187833
41798187744
41798187851
41798187116
41798187189
41798187345
41798187411
41798187448
41798187674
41798187176
41798187848
41798187489
41798187732
41798187705
41798187491
41798187194
41798187233
41798187335
41798187811
41798187344
41798187552
41798187240
41798187318
41798187685
41798187618
41798187506
41798187282
41798187290
41798187204
41798187905
41798187355
41798187569
41798187616
41798187293
41798187119
41798187647
41798187637
41798187581
41798187538
41798187726
41798187507
41798187577
41798187253
41798187711
41798187550
41798187686
41798187570
41798187523
41798187571
41798187604
41798187963
41798187684
41798187679
41798187479
41798187383
41798187909
41798187455
41798187488
41798187656
41798187723
41798187268
41798187815
41798187904
41798187601
41798187366
41798187709
41798187879
41798187908
41798187407
41798187306
41798187701
41798187646
41798187209
41798187310
41798187759
41798187766
41798187473
41798187226
41798187757
41798187652
41798187486
41798187813
41798187530
41798187838
41798187238
41798187746
41798187659
41798187620
41798187850
41798187563
41798187339
41798187730
41798187404
41798187515
41798187767
41798187249
41798187567
41798187777
41798187751
41798187836
41798187977
41798187780
41798187456
41798187357
41798187560
41798187544
41798187918
41798187633
41798187643
41798187704
41798187387
41798187591
41798187697
41798187929
41798187758
41798187288
41798187250
41798187805
41798187957
41798187740
41798187843
41798187640
41798187557
41798187795
41798187981
41798187874
41798187820
41798187599
41798187462
41798187787
41798187327
41798187842
41798187435
41798187710
41798187804
41798187940
41798187790
41798187700
41798187949
41798187773
41798187687
41798187677
41798187579
41798187409
41798187880
41798187702
41798187321
41798187861
41798187734
41798187490
41798187888
41798187715
41798187426
41798187635
41798187934
41798187644
41798187477
41798187627
41798187336
41798187378
41798187890
41798187756
41798187320
41798187478
41798187971
41798187421
41798187372
41798187745
41798187990
41798187882
41798187588
41798187502
41798187713
41798187519
41798187714
41798187809
41798187826
41798187582
41798187500
41798187965
41798187853
41798187719
41798187534
41798187540
41798187670
41798187663
41798187846
41798187984
41798187819
41798187832
41798187942
41798187472
41798187945
41798187969
41798187852
41798187694
41798187889
41798187733
41798187872
41798187316
41798187585
41798187822
41798187401
41798187596
41798187738
41798187900
41798187932
41798187689
41798187573
41798187334
41798187980
41798187762
41798187562
41798187653
41798187124
41798187636
41798187899
41798187834
41798187828
41798187720
41798187384
41798187792
41798187817
41798187901
41798187814
41798187958
41798187395
41798187482
41798187510
41798187449
41798187849
41798187913
41798187920
41798187800
41798187742
41798187855
41798187524
41798187831
41798187619
41798187617
41798187782
41798187875
41798187816
41798187894
41798187743
41798187594
41798187590
41798187907
41798187897
41798187769
41798187925
41798187859
41798187503
41798187914
41798187774
41798187873
41798187536
41798187788
41798187960
41798187864
41798187912
41798187592
41798187664
41798187791
41798187821
41798187954
41798187722
41798187935
41798187810
41798187985
41798187916
41798187609
41798187531
41798187808
41798187761
41798187771
41798187662
41798187938
41798187539
41798187436
41798187755
41798187649
41798187698
41798187657
41798187863
41798187991
41798187794
41798187731
41798187906
41798187668
41798187829
41798187651
41798187691
41798187924
41798187688
41798187765
41798187950
41798187854
41798187955
41798187896
41798187989
41798187992
41798187936
41798187862
41798187856
41798187887
41798187892
41798187959
41798187818
41798187962
41798187857
41798187871
41798187988
41798187869
41798187397
41798187460
41798187467
41798187968
