41764215000
41764215032
41764215005
41764215002
41764215026
41764215012
41764215014
41764215021
41764215016
41764215023
41764215004
41764215030
41764215025
41764215029
41764215008
41764215003
41764215019
41764215045
41764215049
41764215043
41764215051
41764215052
41764215046
41764215075
41764215144
41764215114
41764215059
41764215083
41764215061
41764215143
41764215086
41764215055
41764215182
41764215420
41764215186
41764215169
41764215050
41764215187
41764215065
41764215040
41764215044
41764215068
41764215053
41764215277
41764215232
41764215123
41764215078
41764215175
41764215056
41764215066
41764215100
41764215159
41764215120
41764215090
41764215178
41764215073
41764215125
41764215038
41764215168
41764215231
41764215081
41764215177
41764215149
41764215228
41764215151
41764215192
41764215212
41764215077
41764215586
41764215411
41764215054
41764215076
41764215105
41764215237
41764215181
41764215333
41764215085
41764215101
41764215080
41764215331
41764215108
41764215399
41764215262
41764215343
41764215359
41764215506
41764215048
41764215288
41764215295
41764215330
41764215444
41764215610
41764215448
41764215072
41764215389
41764215404
41764215230
41764215432
41764215490
41764215240
41764215353
41764215245
41764215111
41764215214
41764215518
41764215119
41764215126
41764215118
41764215756
41764215255
41764215521
41764215298
41764215446
41764215190
41764215156
41764215357
41764215102
41764215660
41764215375
41764215200
41764215621
41764215195
41764215171
41764215154
41764215468
41764215477
41764215127
41764215430
41764215131
41764215164
41764215697
41764215666
41764215291
41764215224
41764215511
41764215363
41764215199
41764215589
41764215767
41764215180
41764215661
41764215732
41764215273
41764215150
41764215098
41764215416
41764215223
41764215503
41764215362
41764215332
41764215963
41764215191
41764215201
41764215667
41764215256
41764215459
41764215655
41764215580
41764215292
41764215358
41764215336
41764215447
41764215422
41764215141
41764215217
41764215461
41764215486
41764215493
41764215505
41764215687
41764215967
41764215592
41764215494
41764215454
41764215282
41764215656
41764215855
41764215467
41764215603
41764215659
41764215250
41764215533
41764215350
41764215728
41764215522
41764215401
41764215557
41764215711
41764215738
41764215908
41764215551
41764215449
41764215315
41764215892
41764215821
41764215470
41764215650
41764215155
41764215556
41764215157
41764215370
41764215349
41764215588
41764215630
41764215405
41764215166
41764215852
41764215456
41764215857
41764215564
41764215534
41764215222
41764215529
41764215624
41764215328
41764215626
41764215483
41764215633
41764215242
41764215455
41764215203
41764215985
41764215722
41764215988
41764215657
41764215961
41764215638
41764215394
41764215317
41764215555
41764215421
41764215675
41764215261
41764215264
41764215544
41764215560
41764215445
41764215678
41764215460
41764215402
41764215355
41764215373
41764215541
41764215932
41764215265
41764215374
41764215878
41764215476
41764215290
41764215809
41764215784
41764215439
41764215321
41764215643
41764215547
41764215542
41764215775
41764215625
41764215759
41764215920
41764215591
41764215868
41764215567
41764215216
41764215684
41764215338
41764215753
41764215577
41764215611
41764215414
41764215413
41764215900
41764215604
41764215457
41764215875
41764215415
41764215707
41764215939
41764215552
41764215797
41764215979
41764215856
41764215574
41764215619
41764215945
41764215596
41764215472
41764215895
41764215880
41764215663
41764215830
41764215930
41764215689
41764215851
41764215896
41764215366
41764215407
41764215284
41764215862
41764215427
41764215299
41764215442
41764215844
41764215894
41764215585
41764215903
41764215785
41764215559
41764215951
41764215917
41764215417
41764215637
41764215823
41764215528
41764215950
41764215838
41764215670
41764215500
41764215911
41764215418
41764215696
41764215682
41764215761
41764215566
41764215599
41764215817
41764215709
41764215779
41764215616
41764215981
41764215879
41764215887
41764215810
41764215977
41764215558
41764215992
41764215677
41764215888
41764215757
41764215620
41764215883
41764215546
41764215871
41764215513
41764215996
41764215995
41764215530
41764215921
41764215710
41764215923
41764215927
41764215940
41764215989
41764215962
41764215969
41764215938
41764215983
41764215793
41764215730
41764215602
41764215924
41764215796
41764215813
41764215863
41764215919
41764215598
41764215426
41764215595
41764215578
41764215787
41764215957
41764215605
41764215752
41764215842
41764215926
41764215836
41764215581
41764215922
41764215515
41764215642
41764215954
41764215827
41764215909
41764215668
41764215980
41764215758
41764215848
41764215882
41764215966
41764215597
41764215901
41764215858
41764215304
41764215993
41764215549
41764215327
41764215653
41764215680
41764215735
41764215960
41764215766
41764215795
41764215889
41764215885
41764215886
41764215915
41764215831
41764215972
41764215984
41764215754
41764215815
41764214028
41764214021
41764214005
41764214014
41764214022
41764214013
41764214020
41764214024
41764214017
41764214004
41764214025
41764214026
41764214029
41764214010
41764214007
41764214012
41764214030
41764214088
41764214049
41764214262
41764214143
41764214039
41764214144
41764214127
41764214137
41764214041
41764214109
41764214040
41764214051
41764214113
41764214034
41764214038
41764214054
41764214089
41764214108
41764214257
41764214152
41764214157
41764214128
41764214117
41764214044
41764214204
41764214141
41764214153
41764214107
41764214118
41764214230
41764214344
41764214208
41764214106
41764214212
41764214085
41764214078
41764214042
41764214236
41764214305
41764214100
41764214126
41764214053
41764214033
41764214140
41764214055
41764214061
41764214280
41764214248
41764214043
41764214200
41764214099
41764214091
41764214131
41764214087
41764214080
41764214101
41764214092
41764214213
41764214058
41764214048
41764214098
41764214062
41764214250
41764214149
41764214222
41764214263
41764214082
41764214292
41764214217
41764214343
41764214066
41764214154
41764214312
41764214077
41764214347
41764214129
41764214121
41764214047
41764214096
41764214228
41764214115
41764214119
41764214171
41764214161
41764214133
41764214186
41764214245
41764214264
41764214316
41764214242
41764214123
41764214138
41764214192
41764214348
41764214139
41764214244
41764214224
41764214319
41764214281
41764214193
41764214184
41764214210
41764214237
41764214266
41764214182
41764214148
41764214336
41764214235
41764214233
41764214110
41764214227
41764214315
41764214334
41764214189
41764214187
41764214125
41764214277
41764214303
41764214339
41764214295
41764214215
41764214247
41764214191
41764214116
41764214231
41764214304
41764214285
41764214202
41764214307
41764214219
41764214241
41764214209
41764214311
41764214162
41764214310
41764214243
41764214326
41764214278
41764214279
41764214335
41764214327
41764214272
41764214293
41764214271
41764214286
41764214291
41764214323
41764214342
41764214232
41764214246
41764214329
41764214333
41764214331
41764214332
41764214372
41764214351
41764214354
41764214369
41764214352
41764214373
41764214361
41764214363
41764214355
41764214378
41764214375
41764214380
41764214379
41764214447
41764214522
41764214402
41764214470
41764214477
41764214556
41764214432
41764214403
41764214428
41764214531
41764214472
41764214409
41764214521
41764214412
41764214452
41764214394
41764214609
41764214468
41764214445
41764214500
41764214548
41764214443
41764214545
41764214496
41764214519
41764214442
41764214540
41764214436
41764214570
41764214504
41764214664
41764214439
41764214404
41764214605
41764214662
41764214401
41764214453
41764214651
41764214558
41764214490
41764214454
41764214665
41764214450
41764214489
41764214585
41764214625
41764214459
41764214473
41764214415
41764214551
41764214650
41764214458
41764214440
41764214418
41764214423
41764214683
41764214456
41764214563
41764214429
41764214687
41764214434
41764214499
41764214435
41764214606
41764214554
41764214392
41764214455
41764214681
41764214518
41764214599
41764214576
41764214516
41764214514
41764214696
41764214588
41764214406
41764214449
41764214491
41764214564
41764214485
41764214530
41764214411
41764214580
41764214471
41764214658
41764214557
41764214633
41764214623
41764214555
41764214690
41764214603
41764214528
41764214660
41764214405
41764214577
41764214643
41764214467
41764214620
41764214600
41764214578
41764214552
41764214444
41764214686
41764214448
41764214536
41764214615
41764214656
41764214466
41764214659
41764214527
41764214693
41764214568
41764214698
41764214694
41764214543
41764214462
41764214510
41764214480
41764214464
41764214508
41764214547
41764214612
41764214569
41764214669
41764214515
41764214636
41764214608
41764214533
41764214566
41764214565
41764214657
41764214647
41764214661
41764214484
41764214653
41764214595
41764214502
41764214604
41764214544
41764214427
41764214538
41764214666
41764214617
41764214549
41764214676
41764214591
41764214684
41764214727
41764214732
41764214714
41764214711
41764214712
41764214701
41764214717
41764214722
41764214706
41764214731
41764214730
41764214725
41764214768
41764214746
41764214814
41764214770
41764214742
41764214737
41764214776
41764214744
41764214771
41764214812
41764214803
41764214790
41764214755
41764214789
41764214751
41764214749
41764214780
41764214797
41764214799
41764214740
41764214818
41764214753
41764214763
41764214806
41764214754
41764214773
41764214743
41764214757
41764214813
41764214756
41764214811
41764214821
41764214786
41764214819
41764214800
41764214830
41764214877
41764214843
41764214881
41764214847
41764214848
41764214842
41764214870
41764214850
41764214836
41764214858
41764214878
41764214859
41764214838
41764214845
41764214857
41764214855
41764214832
41764214875
41764214831
41764214837
41764214864
41764214957
41764214915
41764214963
41764214900
41764214931
41764214950
41764214882
41764214929
41764214886
41764214968
41764214908
41764214890
41764214887
41764214932
41764214884
41764214948
41764214952
41764214949
41764214939
41764214913
41764214944
41764214946
41764214940
41764214945
41764214888
41764214919
41764214966
41764214920
41764214960
41764214989
41764214992
41764214997
41764214971
41764214973
41764214978
41764214988
41764214981
41764214995
41764214969
41764214994
41764216005
41764216020
41764216021
41764216015
41764216028
41764216009
41764216029
41764216016
41764216022
41764216023
41764216004
41764216003
41764216006
41764216019
41764216010
41764216007
41764216018
41764216024
41764216013
41764216011
41764216025
41764216129
41764216076
41764216063
41764216088
41764216054
41764216090
41764216136
41764216044
41764216200
41764216240
41764216232
41764216278
41764216128
41764216105
41764216075
41764216122
41764216110
41764216295
41764216204
41764216138
41764216035
41764216042
41764216057
41764216066
41764216201
41764216126
41764216141
41764216064
41764216119
41764216182
41764216187
41764216131
41764216414
41764216203
41764216045
41764216210
41764216151
41764216447
41764216645
41764216162
41764216068
41764216039
41764216164
41764216160
41764216488
41764216339
41764216104
41764216033
41764216038
41764216095
41764216233
41764216132
41764216140
41764216794
41764216340
41764216221
41764216171
41764216202
41764216246
41764216195
41764216168
41764216443
41764216040
41764216354
41764216331
41764216052
41764216486
41764216102
41764216061
41764216375
41764216177
41764216080
41764216206
41764216205
41764216277
41764216101
41764216058
41764216406
41764216569
41764216720
41764216247
41764216115
41764216263
41764216174
41764216091
41764216314
41764216549
41764216103
41764216245
41764216561
41764216392
41764216189
41764216780
41764216510
41764216669
41764216165
41764216582
41764216170
41764216070
41764216552
41764216125
41764216222
41764216186
41764216261
41764216181
41764216161
41764216909
41764216798
41764216113
41764216686
41764216166
41764216605
41764216154
41764216106
41764216524
41764216400
41764216169
41764216409
41764216650
41764216300
41764216224
41764216244
41764216227
41764216357
41764216509
41764216837
41764216819
41764216520
41764216925
41764216363
41764216410
41764216337
41764216226
41764216965
41764216448
41764216060
41764216364
41764216600
41764216279
41764216513
41764216335
41764216328
41764216586
41764216262
41764216194
41764216684
41764216324
41764216404
41764216371
41764216111
41764216446
41764216601
41764216253
41764216441
41764216312
41764216401
41764216368
41764216809
41764216738
41764216431
41764216852
41764216646
41764216428
41764216538
41764216144
41764216665
41764216718
41764216606
41764216310
41764216135
41764216574
41764216608
41764216225
41764216554
41764216603
41764216989
41764216654
41764216553
41764216818
41764216271
41764216466
41764216474
41764216597
41764216336
41764216544
41764216668
41764216824
41764216521
41764216411
41764216570
41764216306
41764216840
41764216677
41764216744
41764216968
41764216493
41764216463
41764216961
41764216632
41764216112
41764216376
41764216265
41764216434
41764216238
41764216616
41764216506
41764216163
41764216577
41764216639
41764216547
41764216564
41764216615
41764216360
41764216710
41764216782
41764216699
41764216952
41764216648
41764216954
41764216777
41764216649
41764216627
41764216996
41764216801
41764216301
41764216304
41764216590
41764216440
41764216470
41764216211
41764216327
41764216911
41764216450
41764216713
41764216966
41764216550
41764216556
41764216275
41764216595
41764216407
41764216655
41764216696
41764216629
41764216680
41764216526
41764216588
41764216599
41764216367
41764216663
41764216900
41764216284
41764216361
41764216452
41764216580
41764216313
41764216439
41764216776
41764216921
41764216317
41764216499
41764216688
41764216515
41764216644
41764216747
41764216822
41764216986
41764216860
41764216642
41764216711
41764216737
41764216892
41764216853
41764216775
41764216455
41764216535
41764216760
41764216620
41764216429
41764216695
41764216585
41764216369
41764216612
41764216774
41764216507
41764216491
41764216516
41764216838
41764216787
41764216793
41764216895
41764216566
41764216611
41764216786
41764216995
41764216791
41764216626
41764216765
41764216333
41764216687
41764216378
41764216303
41764216866
41764216707
41764216694
41764216885
41764216635
41764216727
41764216850
41764216867
41764216832
41764216541
41764216652
41764216882
41764216536
41764216922
41764216906
41764216661
41764216573
41764216731
41764216944
41764216749
41764216545
41764216576
41764216610
41764216881
41764216468
41764216848
41764216733
41764216940
41764216935
41764216887
41764216993
41764216914
41764216427
41764216705
41764216770
41764216729
41764216767
41764216816
41764216625
41764216530
41764216849
41764216609
41764216943
41764216901
41764216587
41764216799
41764216624
41764216975
41764216565
41764216929
41764216622
41764216741
41764216672
41764216876
41764216660
41764216979
41764216817
41764216862
41764216800
41764216679
41764216813
41764216947
41764216963
41764216825
41764216967
41764216969
41764216997
41764216990
41764216192
41764216857
41764216902
41764216964
41764216988
41764216453
41764216658
41764210000
41764210001
41764210028
41764210026
41764210030
41764210019
41764210002
41764210008
41764210014
41764210012
41764210015
41764210004
41764210009
41764210010
41764210031
41764210007
41764210022
41764210025
41764210017
41764210027
41764210006
41764210029
41764210032
41764210018
41764210003
41764210068
41764210044
41764210041
41764210071
41764210102
41764210083
41764210092
41764210122
41764210130
41764210118
41764210142
41764210170
41764210158
41764210075
41764210061
41764210090
41764210080
41764210108
41764210109
41764210119
41764210088
41764210134
41764210117
41764210070
41764210304
41764210082
41764210103
41764210310
41764210065
41764210053
41764210020
41764210184
41764210171
41764210214
41764210078
41764210039
41764210048
41764210105
41764210050
41764210042
41764210182
41764210168
41764210045
41764210107
41764210169
41764210104
41764210046
41764210114
41764210112
41764210259
41764210062
41764210151
41764210074
41764210189
41764210047
41764210153
41764210298
41764210093
41764210197
41764210043
41764210076
41764210033
41764210055
41764210201
41764210160
41764210129
41764210058
41764210176
41764210336
41764210110
41764210125
41764210147
41764210279
41764210180
41764210063
41764210431
41764210257
41764210038
41764210221
41764210238
41764210097
41764210222
41764210309
41764210051
41764210101
41764210315
41764210052
41764210069
41764210079
41764210100
41764210188
41764210059
41764210412
41764210165
41764210149
41764210312
41764210133
41764210285
41764210271
41764210301
41764210446
41764210219
41764210296
41764210087
41764210213
41764210404
41764210234
41764210208
41764210040
41764210202
41764210308
41764210281
41764210091
41764210106
41764210060
41764210422
41764210413
41764210344
41764210343
41764210303
41764210172
41764210264
41764210389
41764210275
41764210203
41764210132
41764210217
41764210187
41764210086
41764210099
41764210111
41764210351
41764210146
41764210127
41764210148
41764210150
41764210287
41764210141
41764210193
41764210049
41764210613
41764210244
41764210185
41764210305
41764210489
41764210355
41764210503
41764210518
41764210439
41764210715
41764210325
41764210358
41764210167
41764210200
41764210408
41764210274
41764210248
41764210292
41764210339
41764210123
41764210487
41764210441
41764210512
41764210469
41764210096
41764210507
41764210249
41764210322
41764210517
41764210425
41764210211
41764210204
41764210434
41764210311
41764210510
41764210220
41764210191
41764210077
41764210229
41764210256
41764210138
41764210390
41764210242
41764210223
41764210581
41764210662
41764210084
41764210331
41764210384
41764210290
41764210300
41764210192
41764210656
41764210066
41764210098
41764210373
41764210429
41764210449
41764210454
41764210435
41764210588
41764210574
41764210177
41764210778
41764210330
41764210460
41764210216
41764210786
41764210572
41764210534
41764210593
41764210260
41764210313
41764210882
41764210205
41764210438
41764210568
41764210326
41764210131
41764210369
41764210497
41764210370
41764210556
41764210291
41764210865
41764210473
41764210433
41764210362
41764210676
41764210607
41764210461
41764210864
41764210494
41764210379
41764210385
41764210399
41764210520
41764210622
41764210730
41764210307
41764210499
41764210811
41764210196
41764210511
41764210680
41764210770
41764210698
41764210393
41764210667
41764210634
41764210664
41764210427
41764210320
41764210714
41764210420
41764210272
41764210742
41764210306
41764210414
41764210401
41764210321
41764210329
41764210455
41764210618
41764210725
41764210626
41764210376
41764210780
41764210361
41764210230
41764210488
41764210644
41764210228
41764210702
41764210474
41764210501
41764210495
41764210144
41764210980
41764210916
41764210341
41764210491
41764210224
41764210266
41764210773
41764210600
41764210496
41764210485
41764210527
41764210604
41764210472
41764210387
41764210519
41764210695
41764210240
41764210822
41764210462
41764210327
41764210278
41764210398
41764210566
41764210905
41764210584
41764210418
41764210513
41764210839
41764210562
41764210159
41764210551
41764210403
41764210655
41764210535
41764210926
41764210729
41764210500
41764210255
41764210374
41764210337
41764210829
41764210548
41764210703
41764210752
41764210856
41764210830
41764210880
41764210447
41764210402
41764210478
41764210979
41764210199
41764210620
41764210783
41764210977
41764210671
41764210963
41764210409
41764210348
41764210426
41764210765
41764210799
41764210760
41764210847
41764210720
41764210333
41764210757
41764210939
41764210530
41764210328
41764210570
41764210504
41764210263
41764210616
41764210340
41764210395
41764210610
41764210498
41764210798
41764210471
41764210423
41764210920
41764210706
41764210506
41764210394
41764210975
41764210973
41764210324
41764210375
41764210515
41764210533
41764210930
41764210641
41764210683
41764210554
41764210750
41764210525
41764210226
41764210636
41764210678
41764210875
41764210608
41764210895
41764210334
41764210363
41764210529
41764210293
41764210585
41764210480
41764210443
41764210411
41764210250
41764210276
41764210451
41764210726
41764210721
41764210696
41764210832
41764210968
41764210492
41764210617
41764210796
41764210921
41764210904
41764210458
41764210396
41764210689
41764210858
41764210685
41764210812
41764210740
41764210723
41764210996
41764210615
41764210314
41764210759
41764210674
41764210807
41764210609
41764210874
41764210826
41764210944
41764210624
41764210692
41764210747
41764210850
41764210378
41764210792
41764210377
41764210643
41764210788
41764210522
41764210816
41764210386
41764210912
41764210587
41764210898
41764210744
41764210908
41764210705
41764210722
41764210713
41764210284
41764210596
41764210821
41764210591
41764210672
41764210544
41764210753
41764210364
41764210889
41764210416
41764210756
41764210813
41764210969
41764210922
41764210605
41764210612
41764210575
41764210981
41764210382
41764210910
41764210514
41764210716
41764210909
41764210639
41764210972
41764210645
41764210940
41764210653
41764210708
41764210691
41764210823
41764210818
41764210820
41764210878
41764210851
41764210483
41764210445
41764210935
41764210579
41764210855
41764210795
41764210599
41764210819
41764210632
41764210635
41764210549
41764210694
41764210642
41764210913
41764210809
41764210790
41764210986
41764210545
41764210897
41764210526
41764210509
41764210863
41764210774
41764210652
41764210995
41764210755
41764210923
41764210707
41764210932
41764210896
41764210871
41764210849
41764210693
41764210927
41764210731
41764210654
41764210840
41764210814
41764210983
41764210552
41764210484
41764210828
41764210785
41764210808
41764210803
41764210860
41764210782
41764210793
41764210857
41764210779
41764210546
41764210701
41764210952
41764210771
41764210994
41764210611
41764210669
41764210621
41764210918
41764210318
41764210567
41764210870
41764210861
41764210733
41764210990
41764210650
41764210711
41764210810
41764210903
41764210993
41764210902
41764210953
41764210837
41764210592
41764210853
41764210945
41764210712
41764210835
41764210791
41764210619
41764210946
41764210906
41764210718
41764210797
41764210893
41764210900
41764210964
41764210801
41764210933
41764210421
41764210954
41764210841
41764210866
41764210899
41764210991
41764210958
41764210768
41764210717
41764210800
41764210961
41764210862
41764210951
41764210982
41764210966
41764210824
41764210710
41764210649
41764210594
41764210558
41764210970
41764210892
41764210941
41764210776
41764210789
41764210806
41764210868
41764210929
41764219003
41764219006
41764219014
41764219012
41764219020
41764219011
41764219013
41764219001
41764219016
41764219032
41764219015
41764219031
41764219005
41764219133
41764219128
41764219106
41764219065
41764219066
41764219266
41764219313
41764219096
41764219098
41764219138
41764219163
41764219091
41764219327
41764219107
41764219077
41764219079
41764219177
41764219173
41764219110
41764219068
41764219042
41764219119
41764219053
41764219054
41764219201
41764219157
41764219101
41764219142
41764219120
41764219217
41764219111
41764219261
41764219050
41764219300
41764219295
41764219171
41764219323
41764219070
41764219051
41764219059
41764219055
41764219306
41764219190
41764219346
41764219041
41764219296
41764219112
41764219117
41764219229
41764219272
41764219033
41764219228
41764219097
41764219205
41764219125
41764219223
41764219083
41764219109
41764219178
41764219336
41764219197
41764219196
41764219191
41764219179
41764219192
41764219037
41764219199
41764219095
41764219202
41764219104
41764219204
41764219075
41764219131
41764219090
41764219255
41764219349
41764219332
41764219193
41764219337
41764219130
41764219166
41764219060
41764219129
41764219225
41764219220
41764219089
41764219230
41764219188
41764219312
41764219241
41764219242
41764219206
41764219158
41764219195
41764219262
41764219221
41764219299
41764219212
41764219207
41764219094
41764219325
41764219126
41764219189
41764219099
41764219216
41764219151
41764219288
41764219308
41764219249
41764219224
41764219164
41764219105
41764219122
41764219329
41764219073
41764219167
41764219152
41764219198
41764219292
41764219238
41764219159
41764219344
41764219310
41764219203
41764219280
41764219276
41764219273
41764219305
41764219320
41764219301
41764219258
41764219181
41764219334
41764219343
41764219322
41764219357
41764219355
41764219360
41764219378
41764219381
41764219354
41764219372
41764219364
41764219351
41764219625
41764219391
41764219609
41764219406
41764219389
41764219395
41764219400
41764219408
41764219387
41764219597
41764219514
41764219409
41764219390
41764219383
41764219396
41764219398
41764219401
41764219414
41764219611
41764219393
41764219427
41764219454
41764219388
41764219662
41764219527
41764219503
41764219547
41764219477
41764219444
41764219438
41764219635
41764219585
41764219442
41764219394
41764219518
41764219419
41764219546
41764219457
41764219515
41764219498
41764219446
41764219592
41764219508
41764219644
41764219616
41764219594
41764219664
41764219445
41764219455
41764219528
41764219512
41764219397
41764219493
41764219653
41764219448
41764219450
41764219464
41764219525
41764219678
41764219542
41764219558
41764219615
41764219694
41764219471
41764219465
41764219510
41764219559
41764219506
41764219575
41764219651
41764219661
41764219490
41764219492
41764219502
41764219692
41764219582
41764219595
41764219544
41764219621
41764219680
41764219696
41764219612
41764219639
41764219614
41764219689
41764219543
41764219632
41764219569
41764219620
41764219572
41764219697
41764219626
41764219596
41764219554
41764219599
41764219646
41764219522
41764219555
41764219699
41764219665
41764219630
41764219577
41764219659
41764219600
41764219580
41764219690
41764219557
41764219679
41764219688
41764219686
41764219605
41764219642
41764219619
41764219598
41764219691
41764219669
41764219552
41764219588
41764219602
41764219702
41764219711
41764219704
41764219721
41764219727
41764219725
41764219710
41764219706
41764219728
41764219729
41764219718
41764219716
41764219715
41764219724
41764219759
41764219733
41764219737
41764219769
41764219780
41764219787
41764219778
41764219822
41764219777
41764219781
41764219821
41764219797
41764219796
41764219772
41764219798
41764219790
41764219792
41764219809
41764219782
41764219789
41764219800
41764219770
41764219818
41764219810
41764219767
41764219799
41764219795
41764219788
41764219765
41764219776
41764219801
41764219771
41764219773
41764219766
41764219793
41764219808
41764219812
41764219779
41764219806
41764219837
41764219844
41764219824
41764219852
41764219836
41764219845
41764219870
41764219862
41764219877
41764219828
41764219838
41764219853
41764219855
41764219868
41764219871
41764219830
41764219833
41764219826
41764219840
41764219848
41764219873
41764219895
41764219884
41764219903
41764219931
41764219948
41764219888
41764219942
41764219917
41764219896
41764219902
41764219906
41764219933
41764219968
41764219934
41764219909
41764219950
41764219919
41764219957
41764219913
41764219891
41764219936
41764219885
41764219904
41764219882
41764219945
41764219955
41764219897
41764219905
41764219961
41764219960
41764219925
41764219941
41764219887
41764219911
41764219899
41764219938
41764219962
41764219929
41764219921
41764219908
41764219892
41764219898
41764219954
41764219930
41764219940
41764219901
41764219910
41764219893
41764219912
41764219951
41764219900
41764219952
41764219937
41764219920
41764219966
41764219987
41764219975
41764219991
41764219988
41764219983
41764219997
41764219986
41764219979
41764219973
41764219993
41764219985
41764219969
41764219974
41764219995
41764219971
41764219990
41764219977
41764219976
41764219996
41764219978
41764219992
41764219999
41764213008
41764213015
41764213004
41764213018
41764213009
41764213024
41764213030
41764213010
41764213003
41764213017
41764213014
41764213025
41764213006
41764213013
41764213023
41764213021
41764213005
41764213019
41764213011
41764213001
41764213052
41764213073
41764213066
41764213201
41764213221
41764213050
41764213107
41764213147
41764213043
41764213047
41764213113
41764213135
41764213115
41764213098
41764213123
41764213048
41764213124
41764213131
41764213046
41764213088
41764213141
41764213183
41764213082
41764213159
41764213054
41764213381
41764213272
41764213084
41764213112
41764213055
41764213306
41764213200
41764213097
41764213215
41764213033
41764213231
41764213056
41764213128
41764213034
41764213100
41764213547
41764213140
41764213076
41764213094
41764213071
41764213316
41764213051
41764213070
41764213238
41764213297
41764213321
41764213116
41764213044
41764213114
41764213175
41764213335
41764213081
41764213386
41764213365
41764213125
41764213145
41764213193
41764213063
41764213385
41764213180
41764213069
41764213040
41764213239
41764213106
41764213328
41764213336
41764213086
41764213208
41764213318
41764213108
41764213117
41764213432
41764213354
41764213333
41764213350
41764213446
41764213302
41764213348
41764213110
41764213227
41764213198
41764213404
41764213172
41764213430
41764213438
41764213420
41764213072
41764213210
41764213384
41764213372
41764213101
41764213121
41764213268
41764213091
41764213307
41764213344
41764213454
41764213971
41764213511
41764213400
41764213519
41764213918
41764213133
41764213320
41764213341
41764213398
41764213417
41764213282
41764213401
41764213526
41764213323
41764213510
41764213199
41764213224
41764213294
41764213281
41764213160
41764213578
41764213814
41764213497
41764213324
41764213242
41764213212
41764213207
41764213166
41764213232
41764213119
41764213716
41764213443
41764213359
41764213254
41764213536
41764213319
41764213486
41764213376
41764213358
41764213395
41764213377
41764213860
41764213260
41764213237
41764213317
41764213532
41764213080
41764213187
41764213351
41764213463
41764213138
41764213144
41764213954
41764213557
41764213190
41764213709
41764213170
41764213685
41764213134
41764213111
41764213798
41764213339
41764213595
41764213271
41764213726
41764213265
41764213373
41764213142
41764213414
41764213823
41764213315
41764213548
41764213388
41764213946
41764213226
41764213684
41764213640
41764213894
41764213550
41764213718
41764213487
41764213122
41764213277
41764213194
41764213403
41764213539
41764213301
41764213349
41764213456
41764213504
41764213300
41764213437
41764213496
41764213821
41764213460
41764213503
41764213211
41764213245
41764213501
41764213233
41764213462
41764213433
41764213734
41764213415
41764213263
41764213522
41764213161
41764213375
41764213397
41764213551
41764213672
41764213733
41764213707
41764213459
41764213890
41764213736
41764213389
41764213722
41764213649
41764213216
41764213988
41764213234
41764213513
41764213305
41764213369
41764213181
41764213236
41764213644
41764213830
41764213751
41764213770
41764213508
41764213555
41764213896
41764213601
41764213205
41764213560
41764213611
41764213312
41764213676
41764213288
41764213493
41764213355
41764213299
41764213153
41764213889
41764213535
41764213444
41764213356
41764213473
41764213723
41764213270
41764213565
41764213567
41764213916
41764213392
41764213334
41764213608
41764213258
41764213822
41764213266
41764213738
41764213638
41764213505
41764213363
41764213634
41764213448
41764213727
41764213421
41764213725
41764213607
41764213530
41764213924
41764213671
41764213740
41764213514
41764213515
41764213485
41764213434
41764213500
41764213521
41764213396
41764213699
41764213745
41764213663
41764213303
41764213327
41764213831
41764213474
41764213842
41764213933
41764213923
41764213406
41764213542
41764213538
41764213810
41764213214
41764213571
41764213480
41764213622
41764213566
41764213976
41764213993
41764213868
41764213797
41764213919
41764213714
41764213525
41764213499
41764213905
41764213848
41764213394
41764213553
41764213589
41764213737
41764213857
41764213884
41764213788
41764213618
41764213562
41764213697
41764213925
41764213820
41764213859
41764213502
41764213544
41764213666
41764213784
41764213413
41764213754
41764213537
41764213655
41764213402
41764213602
41764213587
41764213762
41764213582
41764213352
41764213944
41764213619
41764213627
41764213747
41764213992
41764213839
41764213850
41764213290
41764213552
41764213630
41764213767
41764213036
41764213248
41764213658
41764213990
41764213409
41764213641
41764213828
41764213872
41764213545
41764213765
41764213835
41764213696
41764213383
41764213903
41764213700
41764213959
41764213637
41764213865
41764213670
41764213877
41764213864
41764213702
41764213881
41764213898
41764213646
41764213556
41764213668
41764213694
41764213679
41764213915
41764213612
41764213937
41764213713
41764213569
41764213332
41764213721
41764213803
41764213771
41764213991
41764213632
41764213858
41764213588
41764213712
41764213705
41764213804
41764213939
41764213786
41764213600
41764213969
41764213759
41764213374
41764213887
41764213455
41764213744
41764213789
41764213775
41764213796
41764213813
41764213424
41764213577
41764213870
41764213888
41764213997
41764213802
41764213310
41764213783
41764213856
41764213962
41764213583
41764213966
41764213951
41764213970
41764213633
41764213940
41764213910
41764213806
41764213912
41764213938
41764213956
41764211000
41764211025
41764211002
41764211003
41764211010
41764211028
41764211015
41764211029
41764211026
41764211020
41764211011
41764211009
41764211006
41764211027
41764211022
41764211023
41764211032
41764211019
41764211004
41764211056
41764211039
41764211082
41764211080
41764211041
41764211295
41764211095
41764211105
41764211110
41764211111
41764211107
41764211138
41764211081
41764211057
41764211033
41764211060
41764211042
41764211129
41764211051
41764211062
41764211141
41764211205
41764211043
41764211225
41764211035
41764211278
41764211055
41764211320
41764211302
41764211137
41764211068
41764211093
41764211168
41764211555
41764211045
41764211073
41764211255
41764211297
41764211052
41764211415
41764211300
41764211149
41764211187
41764211401
41764211393
41764211408
41764211207
41764211445
41764211065
41764211208
41764211066
41764211037
41764211246
41764211162
41764211089
41764211038
41764211403
41764211307
41764211070
41764211612
41764211072
41764211322
41764211087
41764211332
41764211500
41764211096
41764211181
41764211210
41764211058
41764211063
41764211174
41764211092
41764211522
41764211097
41764211190
41764211059
41764211098
41764211064
41764211154
41764211276
41764211163
41764211100
41764211169
41764211243
41764211224
41764211084
41764211262
41764211176
41764211240
41764211102
41764211158
41764211291
41764211126
41764211118
41764211108
41764211061
41764211346
41764211529
41764211106
41764211165
41764211078
41764211179
41764211071
41764211069
41764211281
41764211470
41764211217
41764211112
41764211114
41764211485
41764211308
41764211413
41764211077
41764211196
41764211402
41764211260
41764211170
41764211325
41764211359
41764211199
41764211094
41764211398
41764211314
41764211083
41764211433
41764211209
41764211251
41764211565
41764211156
41764211468
41764211605
41764211195
41764211768
41764211234
41764211497
41764211343
41764211221
41764211132
41764211232
41764211466
41764211499
41764211327
41764211148
41764211264
41764211425
41764211254
41764211443
41764211085
41764211438
41764211109
41764211201
41764211305
41764211274
41764211125
41764211378
41764211159
41764211376
41764211409
41764211796
41764211183
41764211303
41764211189
41764211380
41764211427
41764211172
41764211304
41764211550
41764211075
41764211495
41764211783
41764211212
41764211700
41764211294
41764211627
41764211263
41764211122
41764211685
41764211373
41764211502
41764211553
41764211166
41764211616
41764211198
41764211306
41764211607
41764211286
41764211708
41764211277
41764211315
41764211451
41764211383
41764211229
41764211487
41764211464
41764211193
41764211520
41764211185
41764211360
41764211088
41764211101
41764211203
41764211213
41764211444
41764211516
41764211273
41764211543
41764211177
41764211175
41764211571
41764211951
41764211948
41764211440
41764211404
41764211916
41764211161
41764211390
41764211898
41764211570
41764211780
41764211518
41764211688
41764211144
41764211180
41764211831
41764211202
41764211241
41764211761
41764211358
41764211448
41764211247
41764211151
41764211620
41764211803
41764211881
41764211599
41764211453
41764211699
41764211957
41764211566
41764211252
41764211292
41764211862
41764211515
41764211503
41764211504
41764211164
41764211945
41764211557
41764211329
41764211474
41764211507
41764211395
41764211781
41764211526
41764211436
41764211836
41764211580
41764211152
41764211405
41764211321
41764211280
41764211606
41764211921
41764211524
41764211299
41764211663
41764211282
41764211354
41764211787
41764211431
41764211735
41764211995
41764211333
41764211340
41764211533
41764211458
41764211469
41764211530
41764211509
41764211588
41764211723
41764211206
41764211284
41764211410
41764211418
41764211338
41764211472
41764211568
41764211399
41764211235
41764211155
41764211382
41764211971
41764211972
41764211216
41764211153
41764211556
41764211298
41764211669
41764211575
41764211737
41764211827
41764211894
41764211288
41764211576
41764211505
41764211736
41764211776
41764211347
41764211337
41764211709
41764211441
41764211442
41764211465
41764211613
41764211231
41764211519
41764211875
41764211460
41764211484
41764211653
41764211525
41764211577
41764211560
41764211701
41764211660
41764211534
41764211705
41764211244
41764211778
41764211840
41764211668
41764211854
41764211954
41764211341
41764211334
41764211973
41764211342
41764211815
41764211961
41764211275
41764211914
41764211650
41764211157
41764211866
41764211810
41764211633
41764211755
41764211632
41764211369
41764211905
41764211381
41764211742
41764211989
41764211907
41764211704
41764211541
41764211424
41764211791
41764211711
41764211227
41764211779
41764211997
41764211887
41764211494
41764211420
41764211911
41764211683
41764211852
41764211800
41764211962
41764211964
41764211220
41764211843
41764211719
41764211878
41764211716
41764211678
41764211935
41764211849
41764211350
41764211838
41764211965
41764211664
41764211655
41764211600
41764211388
41764211882
41764211590
41764211400
41764211558
41764211492
41764211910
41764211764
41764211521
41764211289
41764211391
41764211816
41764211707
41764211411
41764211572
41764211589
41764211428
41764211659
41764211820
41764211919
41764211366
41764211696
41764211323
41764211535
41764211766
41764211665
41764211597
41764211903
41764211937
41764211939
41764211628
41764211618
41764211611
41764211670
41764211638
41764211863
41764211630
41764211435
41764211682
41764211355
41764211562
41764211336
41764211724
41764211899
41764211406
41764211990
41764211718
41764211552
41764211326
41764211394
41764211890
41764211994
41764211249
41764211715
41764211703
41764211722
41764211976
41764211491
41764211956
41764211754
41764211858
41764211603
41764211706
41764211637
41764211501
41764211977
41764211799
41764211993
41764211823
41764211417
41764211462
41764211950
41764211483
41764211710
41764211622
41764211826
41764211610
41764211686
41764211377
41764211331
41764211947
41764211387
41764211851
41764211639
41764211805
41764211884
41764211542
41764211412
41764211698
41764211489
41764211757
41764211623
41764211482
41764211821
41764211811
41764211762
41764211844
41764211729
41764211879
41764211904
41764211432
41764211912
41764211544
41764211891
41764211775
41764211514
41764211456
41764211880
41764211819
41764211985
41764211746
41764211788
41764211822
41764211958
41764211496
41764211574
41764211513
41764211806
41764211974
41764211828
41764211946
41764211901
41764211695
41764211933
41764211871
41764211793
41764211594
41764211992
41764211785
41764211896
41764211924
41764211996
41764211657
41764211656
41764211477
41764211512
41764211865
41764211842
41764211508
41764211906
41764211626
41764211802
41764211987
41764211673
41764211923
41764211713
41764211429
41764211841
41764211511
41764211506
41764211936
41764211934
41764211738
41764211644
41764211978
41764211554
41764211968
41764211980
41764211874
41764211702
41764211926
41764211991
41764211986
41764211592
41764211807
41764211531
41764211940
41764211886
41764211984
41764211981
41764211721
41764211690
41764211877
41764211941
41764211845
41764211733
41764211942
41764211790
41764211988
41764211801
41764211809
41764211758
41764211944
41764211949
41764211902
41764211763
41764211963
41764211969
41764211897
41764211952
41764211955
41764212000
41764212002
41764212021
41764212017
41764212007
41764212020
41764212031
41764212025
41764212010
41764212009
41764212016
41764212022
41764212024
41764212012
41764212003
41764212008
41764212006
41764212005
41764212001
41764212018
41764212110
41764212039
41764212088
41764212089
41764212103
41764212044
41764212119
41764212074
41764212132
41764212145
41764212116
41764212153
41764212226
41764212200
41764212207
41764212071
41764212233
41764212076
41764212035
41764212291
41764212102
41764212059
41764212330
41764212095
41764212040
41764212206
41764212104
41764212177
41764212082
41764212042
41764212106
41764212097
41764212309
41764212046
41764212038
41764212258
41764212058
41764212131
41764212105
41764212303
41764212150
41764212056
41764212276
41764212234
41764212236
41764212036
41764212108
41764212072
41764212216
41764212144
41764212323
41764212259
41764212181
41764212186
41764212065
41764212175
41764212252
41764212225
41764212227
41764212189
41764212182
41764212281
41764212283
41764212170
41764212275
41764212061
41764212060
41764212159
41764212096
41764212045
41764212120
41764212048
41764212085
41764212054
41764212344
41764212084
41764212217
41764212075
41764212267
41764212543
41764212136
41764212239
41764212157
41764212146
41764212151
41764212086
41764212274
41764212113
41764212134
41764212339
41764212242
41764212248
41764212208
41764212306
41764212139
41764212140
41764212149
41764212250
41764212290
41764212247
41764212098
41764212197
41764212345
41764212121
41764212109
41764212117
41764212416
41764212375
41764212228
41764212519
41764212161
41764212238
41764212266
41764212522
41764212142
41764212449
41764212263
41764212402
41764212310
41764212279
41764212184
41764212265
41764212826
41764212137
41764212555
41764212315
41764212432
41764212388
41764212627
41764212470
41764212600
41764212409
41764212163
41764212354
41764212255
41764212317
41764212063
41764212294
41764212308
41764212179
41764212576
41764212262
41764212811
41764212231
41764212090
41764212129
41764212461
41764212638
41764212191
41764212299
41764212466
41764212505
41764212313
41764212101
41764212393
41764212162
41764212603
41764212410
41764212420
41764212370
41764212548
41764212302
41764212165
41764212270
41764212413
41764212575
41764212174
41764212572
41764212180
41764212143
41764212141
41764212322
41764212613
41764212865
41764212221
41764212471
41764212166
41764212205
41764212557
41764212196
41764212135
41764212663
41764212435
41764212160
41764212503
41764212710
41764212790
41764212320
41764212685
41764212468
41764212156
41764212083
41764212654
41764212696
41764212328
41764212301
41764212732
41764212594
41764212652
41764212124
41764212757
41764212324
41764212081
41764212407
41764212694
41764212373
41764212434
41764212535
41764212707
41764212868
41764212261
41764212241
41764212111
41764212399
41764212958
41764212188
41764212662
41764212427
41764212529
41764212336
41764212203
41764212222
41764212604
41764212516
41764212457
41764212321
41764212673
41764212285
41764212553
41764212734
41764212585
41764212822
41764212417
41764212718
41764212608
41764212304
41764212484
41764212340
41764212235
41764212808
41764212592
41764212425
41764212329
41764212941
41764212212
41764212606
41764212610
41764212777
41764212556
41764212403
41764212100
41764212560
41764212441
41764212444
41764212635
41764212368
41764212512
41764212377
41764212602
41764212282
41764212893
41764212284
41764212796
41764212169
41764212325
41764212687
41764212201
41764212521
41764212607
41764212400
41764212224
41764212475
41764212926
41764212311
41764212671
41764212391
41764212712
41764212172
41764212192
41764212243
41764212976
41764212970
41764212918
41764212397
41764212382
41764212705
41764212341
41764212550
41764212527
41764212365
41764212577
41764212369
41764212726
41764212158
41764212257
41764212795
41764212508
41764212230
41764212446
41764212346
41764212741
41764212498
41764212580
41764212785
41764212806
41764212693
41764212924
41764212620
41764212333
41764212273
41764212406
41764212699
41764212891
41764212525
41764212566
41764212473
41764212510
41764212624
41764212904
41764212474
41764212665
41764212401
41764212581
41764212395
41764212880
41764212469
41764212851
41764212454
41764212595
41764212860
41764212558
41764212486
41764212674
41764212815
41764212691
41764212277
41764212300
41764212774
41764212396
41764212803
41764212564
41764212637
41764212491
41764212967
41764212349
41764212337
41764212714
41764212561
41764212447
41764212949
41764212442
41764212951
41764212667
41764212331
41764212630
41764212460
41764212907
41764212727
41764212870
41764212701
41764212155
41764212905
41764212362
41764212430
41764212617
41764212611
41764212549
41764212631
41764212616
41764212885
41764212540
41764212599
41764212749
41764212307
41764212775
41764212923
41764212644
41764212730
41764212997
41764212412
41764212722
41764212380
41764212421
41764212888
41764212723
41764212372
41764212704
41764212922
41764212591
41764212921
41764212677
41764212480
41764212830
41764212869
41764212866
41764212483
41764212827
41764212765
41764212405
41764212960
41764212689
41764212272
41764212629
41764212509
41764212819
41764212836
41764212713
41764212828
41764212728
41764212656
41764212171
41764212680
41764212944
41764212423
41764212873
41764212910
41764212626
41764212996
41764212515
41764212716
41764212894
41764212911
41764212605
41764212570
41764212985
41764212810
41764212800
41764212672
41764212812
41764212628
41764212807
41764212950
41764212984
41764212536
41764212568
41764212850
41764212717
41764212612
41764212488
41764212703
41764212909
41764212464
41764212618
41764212974
41764212513
41764212856
41764212520
41764212650
41764212666
41764212636
41764212890
41764212511
41764212818
41764212586
41764212767
41764212746
41764212772
41764212721
41764212633
41764212688
41764212913
41764212842
41764212724
41764212597
41764212825
41764212632
41764212609
41764212720
41764212788
41764212642
41764212854
41764212821
41764212769
41764212897
41764212920
41764212647
41764212887
41764212762
41764212490
41764212809
41764212948
41764212817
41764212883
41764212814
41764212764
41764212621
41764212953
41764212831
41764212554
41764212990
41764212695
41764212959
41764212544
41764212768
41764212837
41764212874
41764212792
41764212736
41764212845
41764212993
41764212989
41764212750
41764212858
41764212766
41764212899
41764212799
41764212675
41764212700
41764212841
41764212843
41764212853
41764212995
41764212752
41764212919
41764212900
41764212801
41764212912
41764212882
41764212855
41764212782
41764212908
41764212805
41764212930
41764212840
41764212980
41764212676
41764212898
41764218027
41764218017
41764218010
41764218015
41764218002
41764218023
41764218030
41764218006
41764218004
41764218014
41764218025
41764218016
41764218008
41764218021
41764218028
41764218005
41764218031
41764218009
41764218022
41764218068
41764218045
41764218077
41764218079
41764218199
41764218070
41764218056
41764218110
41764218081
41764218134
41764218097
41764218151
41764218286
41764218303
41764218050
41764218066
41764218040
41764218197
41764218087
41764218233
41764218271
41764218256
41764218060
41764218190
41764218267
41764218304
41764218155
41764218080
41764218062
41764218054
41764218082
41764218048
41764218037
41764218102
41764218129
41764218136
41764218284
41764218179
41764218126
41764218141
41764218242
41764218211
41764218154
41764218189
41764218323
41764218201
41764218055
41764218586
41764218351
41764218314
41764218113
41764218064
41764218046
41764218281
41764218125
41764218177
41764218300
41764218103
41764218224
41764218332
41764218229
41764218411
41764218073
41764218383
41764218486
41764218706
41764218085
41764218138
41764218115
41764218252
41764218100
41764218365
41764218144
41764218122
41764218041
41764218118
41764218361
41764218038
41764218208
41764218438
41764218473
41764218051
41764218627
41764218374
41764218589
41764218106
41764218234
41764218128
41764218133
41764218243
41764218474
41764218121
41764218306
41764218160
41764218463
41764218192
41764218355
41764218503
41764218069
41764218313
41764218599
41764218099
41764218225
41764218231
41764218518
41764218598
41764218428
41764218301
41764218353
41764218184
41764218058
41764218279
41764218446
41764218044
41764218163
41764218120
41764218530
41764218258
41764218181
41764218689
41764218660
41764218542
41764218168
41764218553
41764218381
41764218566
41764218456
41764218364
41764218741
41764218095
41764218195
41764218142
41764218226
41764218223
41764218354
41764218430
41764218350
41764218499
41764218386
41764218750
41764218382
41764218581
41764218312
41764218847
41764218460
41764218450
41764218307
41764218522
41764218744
41764218784
41764218781
41764218471
41764218352
41764218900
41764218269
41764218637
41764218338
41764218558
41764218185
41764218444
41764218200
41764218464
41764218315
41764218196
41764218448
41764218472
41764218137
41764218621
41764218823
41764218757
41764218119
41764218318
41764218222
41764218485
41764218149
41764218695
41764218722
41764218770
41764218892
41764218426
41764218452
41764218280
41764218161
41764218713
41764218387
41764218539
41764218422
41764218857
41764218733
41764218680
41764218608
41764218308
41764218600
41764218202
41764218346
41764218302
41764218268
41764218344
41764218785
41764218400
41764218407
41764218290
41764218170
41764218559
41764218370
41764218657
41764218807
41764218425
41764218228
41764218399
41764218244
41764218454
41764218264
41764218216
41764218515
41764218903
41764218337
41764218434
41764218375
41764218293
41764218406
41764218457
41764218616
41764218310
41764218687
41764218555
41764218786
41764218331
41764218533
41764218721
41764218505
41764218166
41764218905
41764218467
41764218591
41764218390
41764218861
41764218887
41764218708
41764218923
41764218360
41764218800
41764218545
41764218477
41764218255
41764218285
41764218953
41764218990
41764218305
41764218630
41764218488
41764218776
41764218367
41764218340
41764218866
41764218283
41764218552
41764218681
41764218343
41764218574
41764218282
41764218502
41764218778
41764218316
41764218321
41764218476
41764218371
41764218416
41764218490
41764218945
41764218817
41764218780
41764218640
41764218878
41764218408
41764218186
41764218906
41764218839
41764218394
41764218535
41764218260
41764218835
41764218611
41764218164
41764218606
41764218777
41764218414
41764218479
41764218497
41764218481
41764218771
41764218881
41764218661
41764218595
41764218662
41764218751
41764218808
41764218816
41764218441
41764218826
41764218677
41764218494
41764218975
41764218827
41764218790
41764218880
41764218818
41764218541
41764218918
41764218888
41764218848
41764218393
41764218560
41764218483
41764218565
41764218788
41764218902
41764218774
41764218978
41764218921
41764218938
41764218466
41764218946
41764218899
41764218580
41764218526
41764218562
41764218696
41764218625
41764218489
41764218384
41764218747
41764218703
41764218829
41764218470
41764218642
41764218868
41764218935
41764218707
41764218822
41764218860
41764218840
41764218884
41764218797
41764218683
41764218702
41764218964
41764218909
41764218974
41764218897
41764218607
41764218789
41764218856
41764218989
41764218844
41764218956
41764218960
41764218556
41764218929
41764218889
41764218666
41764218500
41764218792
41764218984
41764218812
41764218395
41764218875
41764218850
41764218922
41764218603
41764218748
41764218836
41764218723
41764218838
41764218865
41764218615
41764218719
41764218700
41764218886
41764218618
41764218557
41764218991
41764218979
41764218825
41764218890
41764218876
41764218602
41764218920
41764218877
41764218952
41764218563
41764218994
41764218853
41764218949
41764218951
41764218955
41764218912
41764218775
41764218985
41764218634
41764218815
41764218981
41764218704
41764218996
41764218711
41764218939
41764218820
41764218969
41764217001
41764217028
41764217030
41764217012
41764217006
41764217004
41764217002
41764217018
41764217011
41764217005
41764217019
41764217020
41764217013
41764217014
41764217031
41764217024
41764217022
41764217007
41764217032
41764217008
41764217023
41764217043
41764217066
41764217048
41764217088
41764217057
41764217188
41764217209
41764217081
41764217089
41764217040
41764217073
41764217116
41764217090
41764217343
41764217281
41764217205
41764217110
41764217131
41764217231
41764217213
41764217084
41764217144
41764217227
41764217038
41764217175
41764217280
41764217225
41764217094
41764217123
41764217085
41764217086
41764217274
41764217049
41764217233
41764217118
41764217071
41764217114
41764217078
41764217178
41764217104
41764217202
41764217254
41764217171
41764217113
41764217263
41764217160
41764217134
41764217099
41764217295
41764217211
41764217267
41764217279
41764217119
41764217070
41764217097
41764217062
41764217112
41764217064
41764217277
41764217095
41764217072
41764217333
41764217245
41764217262
41764217050
41764217082
41764217232
41764217260
41764217255
41764217272
41764217229
41764217220
41764217312
41764217093
41764217348
41764217121
41764217153
41764217273
41764217337
41764217069
41764217317
41764217338
41764217135
41764217292
41764217133
41764217150
41764217060
41764217091
41764217117
41764217208
41764217314
41764217212
41764217222
41764217285
41764217241
41764217275
41764217302
41764217334
41764217176
41764217074
41764217287
41764217196
41764217301
41764217305
41764217161
41764217315
41764217297
41764217347
41764217251
41764217075
41764217327
41764217340
41764217271
41764217080
41764217228
41764217299
41764217303
41764217278
41764217266
41764217221
41764217313
41764217311
41764217320
41764217367
41764217379
41764217352
41764217370
41764217373
41764217363
41764217360
41764217365
41764217351
41764217354
41764217371
41764217357
41764217366
41764217380
41764217454
41764217550
41764217625
41764217475
41764217541
41764217402
41764217399
41764217478
41764217398
41764217460
41764217434
41764217466
41764217474
41764217608
41764217568
41764217500
41764217573
41764217448
41764217577
41764217476
41764217414
41764217514
41764217421
41764217435
41764217530
41764217470
41764217396
41764217438
41764217644
41764217410
41764217444
41764217507
41764217516
41764217499
41764217647
41764217678
41764217667
41764217465
41764217506
41764217408
41764217480
41764217650
41764217596
41764217491
41764217521
41764217624
41764217584
41764217411
41764217688
41764217570
41764217668
41764217528
41764217551
41764217447
41764217664
41764217422
41764217672
41764217496
41764217621
41764217548
41764217561
41764217585
41764217655
41764217620
41764217669
41764217583
41764217654
41764217511
41764217455
41764217691
41764217510
41764217527
41764217690
41764217562
41764217565
41764217628
41764217611
41764217615
41764217602
41764217523
41764217686
41764217640
41764217567
41764217677
41764217472
41764217488
41764217576
41764217666
41764217617
41764217574
41764217631
41764217406
41764217673
41764217509
41764217578
41764217575
41764217660
41764217665
41764217552
41764217687
41764217676
41764217697
41764217680
41764217525
41764217598
41764217485
41764217559
41764217679
41764217683
41764217604
41764217579
41764217619
41764217630
41764217581
41764217671
41764217709
41764217718
41764217719
41764217730
41764217701
41764217702
41764217724
41764217720
41764217714
41764217729
41764217707
41764217725
41764217700
41764217717
41764217723
41764217713
41764217706
41764217722
41764217711
41764217721
41764217739
41764217753
41764217780
41764217737
41764217790
41764217774
41764217785
41764217787
41764217733
41764217777
41764217802
41764217789
41764217763
41764217740
41764217779
41764217758
41764217761
41764217804
41764217757
41764217760
41764217769
41764217764
41764217731
41764217738
41764217749
41764217778
41764217770
41764217744
41764217771
41764217813
41764217811
41764217741
41764217755
41764217786
41764217795
41764217783
41764217781
41764217800
41764217750
41764217799
41764217772
41764217791
41764217823
41764217861
41764217827
41764217838
41764217836
41764217816
41764217879
41764217860
41764217840
41764217829
41764217821
41764217839
41764217820
41764217833
41764217855
41764217844
41764217866
41764217877
41764217881
41764217817
41764217818
41764217848
41764217878
41764217846
41764217864
41764217869
41764217876
41764217938
41764217884
41764217920
41764217933
41764217967
41764217936
41764217890
41764217893
41764217907
41764217911
41764217945
41764217909
41764217949
41764217901
41764217913
41764217882
41764217947
41764217905
41764217886
41764217902
41764217929
41764217895
41764217908
41764217932
41764217940
41764217944
41764217915
41764217931
41764217955
41764217930
41764217957
41764217934
41764217966
41764217924
41764217956
41764217975
41764217984
41764217977
41764217988
41764217979
41764217989
41764217996
41764217976
41764217974
41764217995
41764217994
41764217987
41764217991
41764217990
41764217980
