41793345029
41793345008
41793345004
41793345023
41793345012
41793345028
41793345016
41793345010
41793345013
41793345001
41793345007
41793345011
41793345002
41793345032
41793345021
41793345027
41793345003
41793345030
41793345025
41793345031
41793345043
41793345078
41793345163
41793345175
41793345024
41793345214
41793345223
41793345186
41793345253
41793345049
41793345018
41793345254
41793345055
41793345356
41793345194
41793345060
41793345033
41793345040
41793345056
41793345141
41793345168
41793345170
41793345053
41793345068
41793345071
41793345138
41793345103
41793345161
41793345171
41793345274
41793345129
41793345048
41793345286
41793345070
41793345217
41793345443
41793345104
41793345069
41793345034
41793345039
41793345250
41793345102
41793345107
41793345225
41793345089
41793345157
41793345057
41793345249
41793345208
41793345101
41793345370
41793345073
41793345330
41793345126
41793345140
41793345079
41793345153
41793345220
41793345050
41793345152
41793345118
41793345464
41793345061
41793345156
41793345127
41793345187
41793345092
41793345130
41793345151
41793345123
41793345231
41793345072
41793345119
41793345238
41793345459
41793345112
41793345067
41793345090
41793345408
41793345063
41793345338
41793345085
41793345080
41793345202
41793345468
41793345207
41793345218
41793345332
41793345373
41793345409
41793345041
41793345243
41793345531
41793345310
41793345045
41793345259
41793345077
41793345289
41793345281
41793345203
41793345120
41793345342
41793345052
41793345339
41793345212
41793345264
41793345497
41793345248
41793345460
41793345487
41793345125
41793345327
41793345037
41793345388
41793345165
41793345174
41793345314
41793345287
41793345406
41793345694
41793345667
41793345389
41793345234
41793345302
41793345403
41793345447
41793345425
41793345210
41793345326
41793345062
41793345685
41793345359
41793345134
41793345113
41793345546
41793345271
41793345235
41793345132
41793345241
41793345484
41793345184
41793345270
41793345681
41793345346
41793345239
41793345480
41793345376
41793345390
41793345224
41793345494
41793345081
41793345432
41793345523
41793345284
41793345353
41793345462
41793345756
41793345361
41793345422
41793345477
41793345491
41793345164
41793345429
41793345091
41793345087
41793345560
41793345446
41793345391
41793345128
41793345179
41793345148
41793345727
41793345167
41793345293
41793345522
41793345303
41793345285
41793345438
41793345499
41793345283
41793345178
41793345211
41793345323
41793345144
41793345571
41793345054
41793345689
41793345145
41793345472
41793345368
41793345825
41793345407
41793345838
41793345577
41793345345
41793345336
41793345635
41793345465
41793345275
41793345257
41793345471
41793345426
41793345266
41793345412
41793345505
41793345305
41793345809
41793345423
41793345189
41793345583
41793345209
41793345502
41793345222
41793345732
41793345316
41793345448
41793345651
41793345328
41793345777
41793345216
41793345411
41793345306
41793345695
41793345100
41793345575
41793345131
41793345260
41793345562
41793345294
41793345887
41793345479
41793345337
41793345532
41793345431
41793345657
41793345979
41793345754
41793345396
41793345427
41793345268
41793345606
41793345671
41793345265
41793345817
41793345421
41793345173
41793345539
41793345188
41793345773
41793345344
41793345401
41793345398
41793345357
41793345745
41793345458
41793345166
41793345278
41793345957
41793345567
41793345599
41793345510
41793345604
41793345360
41793345634
41793345215
41793345454
41793345351
41793345349
41793345449
41793345410
41793345779
41793345377
41793345561
41793345451
41793345474
41793345915
41793345311
41793345470
41793345712
41793345331
41793345548
41793345456
41793345675
41793345630
41793345478
41793345318
41793345750
41793345366
41793345744
41793345688
41793345385
41793345752
41793345501
41793345684
41793345343
41793345269
41793345874
41793345544
41793345593
41793345890
41793345690
41793345609
41793345393
41793345434
41793345590
41793345322
41793345444
41793345631
41793345430
41793345453
41793345658
41793345743
41793345717
41793345623
41793345492
41793345644
41793345866
41793345663
41793345654
41793345596
41793345512
41793345362
41793345682
41793345673
41793345757
41793345309
41793345304
41793345379
41793345919
41793345372
41793345918
41793345221
41793345504
41793345433
41793345941
41793345334
41793345473
41793345614
41793345962
41793345633
41793345563
41793345530
41793345518
41793345558
41793345763
41793345296
41793345500
41793345315
41793345645
41793345607
41793345847
41793345746
41793345800
41793345527
41793345503
41793345511
41793345399
41793345627
41793345592
41793345841
41793345934
41793345647
41793345146
41793345415
41793345533
41793345819
41793345319
41793345860
41793345877
41793345237
41793345924
41793345605
41793345762
41793345572
41793345509
41793345588
41793345642
41793345290
41793345621
41793345897
41793345586
41793345702
41793345646
41793345659
41793345555
41793345437
41793345852
41793345381
41793345397
41793345159
41793345574
41793345975
41793345936
41793345888
41793345951
41793345848
41793345724
41793345469
41793345404
41793345463
41793345611
41793345937
41793345944
41793345699
41793345700
41793345534
41793345354
41793345495
41793345365
41793345247
41793345923
41793345849
41793345355
41793345865
41793345610
41793345625
41793345638
41793345807
41793345697
41793345341
41793345352
41793345554
41793345467
41793345641
41793345643
41793345997
41793345898
41793345566
41793345843
41793345620
41793345931
41793345637
41793345514
41793345416
41793345601
41793345649
41793345802
41793345618
41793345559
41793345650
41793345723
41793345963
41793345589
41793345737
41793345282
41793345796
41793345980
41793345900
41793345933
41793345748
41793345537
41793345591
41793345735
41793345946
41793345542
41793345749
41793345521
41793345428
41793345733
41793345540
41793345206
41793345721
41793345899
41793345653
41793345942
41793345718
41793345885
41793345766
41793345392
41793345439
41793345930
41793345932
41793345708
41793345679
41793345891
41793345655
41793345363
41793345799
41793345862
41793345901
41793345912
41793345485
41793345821
41793345299
41793345741
41793345759
41793345526
41793345820
41793345666
41793345678
41793345402
41793345729
41793345881
41793345939
41793345823
41793345507
41793345608
41793345812
41793345706
41793345889
41793345870
41793345778
41793345947
41793345691
41793345982
41793345834
41793345738
41793345626
41793345628
41793345833
41793345573
41793345913
41793345832
41793345850
41793345964
41793345776
41793345805
41793345977
41793345725
41793345677
41793345528
41793345612
41793345780
41793345813
41793345922
41793345405
41793345543
41793345831
41793345784
41793345656
41793345811
41793345579
41793345662
41793345707
41793345953
41793345767
41793345582
41793345816
41793345739
41793345798
41793345920
41793345814
41793345795
41793345869
41793345857
41793345867
41793345985
41793345835
41793345896
41793345950
41793345722
41793345856
41793345815
41793345791
41793345938
41793345726
41793345996
41793345864
41793345839
41793345639
41793345837
41793345925
41793345670
41793345797
41793345801
41793345954
41793345842
41793345945
41793345701
41793345909
41793345956
41793345935
41793345961
41793345990
41793345876
41793345871
41793345886
41793345787
41793345783
41793345904
41793345788
41793345790
41793345822
41793345948
41793345989
41793345974
41793345880
41793345916
41793345917
41793345978
41793344000
41793344004
41793344016
41793344010
41793344020
41793344026
41793344027
41793344009
41793344023
41793344029
41793344018
41793344002
41793344006
41793344005
41793344025
41793344001
41793344014
41793344021
41793344011
41793344024
41793344032
41793344019
41793344141
41793344142
41793344168
41793344061
41793344042
41793344039
41793344059
41793344066
41793344090
41793344107
41793344119
41793344128
41793344120
41793344127
41793344137
41793344156
41793344164
41793344179
41793344210
41793344075
41793344181
41793344050
41793344278
41793344053
41793344074
41793344044
41793344143
41793344104
41793344045
41793344184
41793344038
41793344078
41793344153
41793344136
41793344043
41793344249
41793344035
41793344041
41793344068
41793344215
41793344048
41793344086
41793344151
41793344052
41793344079
41793344133
41793344046
41793344067
41793344051
41793344155
41793344343
41793344232
41793344227
41793344190
41793344165
41793344370
41793344328
41793344040
41793344225
41793344069
41793344303
41793344243
41793344146
41793344057
41793344290
41793344345
41793344138
41793344203
41793344065
41793344280
41793344327
41793344185
41793344219
41793344062
41793344242
41793344269
41793344251
41793344054
41793344163
41793344130
41793344125
41793344113
41793344287
41793344132
41793344157
41793344262
41793344070
41793344562
41793344201
41793344162
41793344176
41793344281
41793344579
41793344241
41793344207
41793344202
41793344325
41793344284
41793344111
41793344081
41793344336
41793344134
41793344036
41793344319
41793344382
41793344254
41793344149
41793344273
41793344093
41793344296
41793344434
41793344101
41793344228
41793344255
41793344589
41793344391
41793344264
41793344121
41793344238
41793344462
41793344144
41793344150
41793344292
41793344117
41793344108
41793344271
41793344754
41793344257
41793344109
41793344333
41793344479
41793344105
41793344486
41793344764
41793344422
41793344135
41793344300
41793344049
41793344253
41793344365
41793344392
41793344240
41793344381
41793344362
41793344561
41793344445
41793344311
41793344217
41793344344
41793344102
41793344703
41793344124
41793344291
41793344055
41793344432
41793344118
41793344206
41793344350
41793344607
41793344364
41793344502
41793344359
41793344316
41793344355
41793344123
41793344480
41793344208
41793344546
41793344268
41793344233
41793344200
41793344459
41793344935
41793344440
41793344250
41793344337
41793344354
41793344310
41793344171
41793344247
41793344216
41793344349
41793344221
41793344642
41793344374
41793344380
41793344294
41793344410
41793344704
41793344063
41793344904
41793344438
41793344447
41793344581
41793344166
41793344230
41793344306
41793344548
41793344487
41793344529
41793344592
41793344901
41793344320
41793344317
41793344489
41793344559
41793344340
41793344183
41793344565
41793344449
41793344384
41793344259
41793344730
41793344159
41793344446
41793344334
41793344309
41793344266
41793344160
41793344750
41793344453
41793344234
41793344435
41793344454
41793344276
41793344636
41793344467
41793344490
41793344857
41793344332
41793344145
41793344512
41793344678
41793344469
41793344826
41793344289
41793344452
41793344657
41793344483
41793344214
41793344571
41793344508
41793344519
41793344806
41793344416
41793344114
41793344318
41793344312
41793344154
41793344638
41793344547
41793344192
41793344670
41793344371
41793344351
41793344235
41793344758
41793344122
41793344245
41793344177
41793344313
41793344450
41793344535
41793344499
41793344616
41793344396
41793344267
41793344401
41793344299
41793344174
41793344633
41793344798
41793344584
41793344352
41793344375
41793344474
41793344585
41793344180
41793344404
41793344600
41793344270
41793344464
41793344457
41793344211
41793344554
41793344322
41793344288
41793344662
41793344852
41793344805
41793344624
41793344231
41793344346
41793344430
41793344918
41793344593
41793344353
41793344981
41793344540
41793344604
41793344675
41793344549
41793344244
41793344588
41793344413
41793344602
41793344878
41793344645
41793344527
41793344686
41793344236
41793344478
41793344733
41793344293
41793344524
41793344689
41793344372
41793344369
41793344807
41793344794
41793344285
41793344752
41793344553
41793344360
41793344433
41793344315
41793344472
41793344439
41793344341
41793344695
41793344560
41793344466
41793344575
41793344960
41793344619
41793344841
41793344822
41793344283
41793344484
41793344734
41793344778
41793344517
41793344684
41793344647
41793344813
41793344721
41793344275
41793344567
41793344212
41793344485
41793344845
41793344409
41793344261
41793344814
41793344420
41793344759
41793344641
41793344572
41793344363
41793344576
41793344718
41793344425
41793344220
41793344774
41793344824
41793344458
41793344859
41793344679
41793344735
41793344492
41793344543
41793344863
41793344745
41793344660
41793344710
41793344605
41793344784
41793344990
41793344740
41793344711
41793344314
41793344652
41793344456
41793344544
41793344737
41793344741
41793344488
41793344496
41793344888
41793344455
41793344862
41793344335
41793344614
41793344868
41793344848
41793344620
41793344394
41793344924
41793344305
41793344402
41793344504
41793344532
41793344770
41793344491
41793344842
41793344379
41793344169
41793344900
41793344742
41793344301
41793344307
41793344917
41793344736
41793344338
41793344514
41793344763
41793344767
41793344893
41793344872
41793344577
41793344873
41793344909
41793344815
41793344786
41793344771
41793344563
41793344473
41793344613
41793344838
41793344993
41793344723
41793344610
41793344766
41793344506
41793344768
41793344983
41793344971
41793344631
41793344677
41793344809
41793344431
41793344658
41793344632
41793344587
41793344883
41793344427
41793344683
41793344716
41793344828
41793344746
41793344655
41793344817
41793344882
41793344617
41793344783
41793344755
41793344706
41793344671
41793344965
41793344830
41793344865
41793344921
41793344753
41793344849
41793344702
41793344996
41793344988
41793344994
41793344907
41793344692
41793344839
41793344387
41793344896
41793344938
41793344715
41793344818
41793344669
41793344403
41793344522
41793344913
41793344625
41793344640
41793344728
41793344819
41793344482
41793344531
41793344744
41793344534
41793344877
41793344411
41793344634
41793344594
41793344583
41793344966
41793344748
41793344659
41793344978
41793344811
41793344756
41793344922
41793344676
41793344825
41793344426
41793344820
41793344827
41793344991
41793344693
41793344881
41793344911
41793344947
41793344712
41793344525
41793344595
41793344931
41793344557
41793344448
41793344580
41793344725
41793344757
41793344646
41793344542
41793344867
41793344701
41793344950
41793344694
41793344858
41793344932
41793344886
41793344428
41793344787
41793344776
41793344919
41793344976
41793344847
41793344761
41793344823
41793344709
41793344668
41793344564
41793344984
41793344566
41793344943
41793344792
41793344940
41793344975
41793344992
41793344666
41793344836
41793344769
41793344808
41793344959
41793344608
41793344597
41793344892
41793344846
41793344894
41793344951
41793344944
41793344930
41793344957
41793344832
41793344739
41793344955
41793344876
41793344906
41793344934
41793344902
41793344905
41793344688
41793344773
41793344765
41793344945
41793344747
41793344775
41793344513
41793344903
41793344977
41793344980
41793344954
41793344661
41793344995
41793344979
41793344942
41793344925
41793344713
41793344682
41793344989
41793344928
41793344910
41793344831
41793344762
41793344958
41793344829
41793344729
41793344946
41793344850
41793344926
41793344843
41793344884
41793344889
41793344952
41793346000
41793346014
41793346001
41793346015
41793346012
41793346020
41793346030
41793346028
41793346018
41793346007
41793346009
41793346023
41793346027
41793346010
41793346004
41793346022
41793346032
41793346077
41793346126
41793346040
41793346054
41793346208
41793346197
41793346074
41793346116
41793346248
41793346058
41793346039
41793346047
41793346267
41793346070
41793346183
41793346057
41793346108
41793346115
41793346068
41793346226
41793346158
41793346137
41793346177
41793346148
41793346046
41793346218
41793346121
41793346091
41793346081
41793346123
41793346231
41793346045
41793346055
41793346160
41793346286
41793346129
41793346330
41793346281
41793346104
41793346073
41793346120
41793346151
41793346273
41793346136
41793346107
41793346235
41793346219
41793346188
41793346034
41793346037
41793346049
41793346122
41793346182
41793346175
41793346064
41793346063
41793346072
41793346152
41793346098
41793346035
41793346275
41793346305
41793346185
41793346114
41793346249
41793346090
41793346211
41793346225
41793346316
41793346306
41793346214
41793346143
41793346086
41793346041
41793346290
41793346033
41793346242
41793346264
41793346048
41793346335
41793346128
41793346082
41793346124
41793346056
41793346131
41793346168
41793346154
41793346109
41793346224
41793346251
41793346075
41793346203
41793346187
41793346146
41793346293
41793346241
41793346268
41793346171
41793346191
41793346101
41793346222
41793346221
41793346113
41793346255
41793346130
41793346240
41793346265
41793346276
41793346144
41793346257
41793346051
41793346310
41793346147
41793346253
41793346172
41793346200
41793346314
41793346138
41793346180
41793346287
41793346342
41793346167
41793346284
41793346272
41793346228
41793346277
41793346159
41793346227
41793346329
41793346270
41793346196
41793346233
41793346341
41793346325
41793346155
41793346292
41793346250
41793346266
41793346223
41793346318
41793346280
41793346313
41793346258
41793346323
41793346308
41793346300
41793346157
41793346246
41793346254
41793346252
41793346243
41793346304
41793346201
41793346169
41793346112
41793346256
41793346060
41793346212
41793346309
41793346087
41793346327
41793346294
41793346337
41793346100
41793346076
41793346230
41793346259
41793346178
41793346215
41793346299
41793346207
41793346181
41793346336
41793346174
41793346307
41793346345
41793346319
41793346349
41793346184
41793346303
41793346234
41793346334
41793346291
41793346209
41793346298
41793346350
41793346193
41793346315
41793346247
41793346179
41793346244
41793346279
41793346202
41793346367
41793346351
41793346358
41793346373
41793346369
41793346361
41793346364
41793346378
41793346352
41793346377
41793346381
41793346356
41793346372
41793346368
41793346374
41793346362
41793346380
41793346396
41793346412
41793346387
41793346402
41793346390
41793346432
41793346439
41793346509
41793346420
41793346428
41793346455
41793346472
41793346476
41793346462
41793346482
41793346431
41793346571
41793346500
41793346385
41793346399
41793346383
41793346511
41793346566
41793346411
41793346401
41793346421
41793346416
41793346447
41793346573
41793346418
41793346673
41793346536
41793346605
41793346388
41793346646
41793346406
41793346386
41793346433
41793346496
41793346551
41793346687
41793346697
41793346537
41793346499
41793346408
41793346693
41793346450
41793346394
41793346666
41793346638
41793346427
41793346426
41793346442
41793346461
41793346453
41793346538
41793346434
41793346626
41793346503
41793346460
41793346430
41793346477
41793346485
41793346493
41793346609
41793346575
41793346487
41793346505
41793346467
41793346415
41793346561
41793346592
41793346393
41793346459
41793346556
41793346502
41793346407
41793346602
41793346619
41793346438
41793346532
41793346600
41793346560
41793346549
41793346417
41793346550
41793346398
41793346686
41793346604
41793346516
41793346435
41793346606
41793346498
41793346404
41793346582
41793346639
41793346654
41793346577
41793346643
41793346463
41793346479
41793346568
41793346469
41793346589
41793346494
41793346610
41793346508
41793346518
41793346527
41793346617
41793346409
41793346569
41793346445
41793346552
41793346629
41793346531
41793346675
41793346395
41793346574
41793346688
41793346423
41793346616
41793346648
41793346488
41793346644
41793346588
41793346670
41793346545
41793346441
41793346535
41793346636
41793346540
41793346634
41793346685
41793346506
41793346661
41793346692
41793346585
41793346699
41793346631
41793346603
41793346583
41793346539
41793346576
41793346484
41793346559
41793346627
41793346612
41793346660
41793346597
41793346623
41793346533
41793346621
41793346618
41793346562
41793346544
41793346570
41793346615
41793346557
41793346546
41793346682
41793346471
41793346584
41793346668
41793346424
41793346481
41793346663
41793346653
41793346657
41793346473
41793346669
41793346640
41793346698
41793346564
41793346608
41793346534
41793346491
41793346696
41793346526
41793346690
41793346497
41793346581
41793346620
41793346645
41793346671
41793346679
41793346512
41793346681
41793346664
41793346591
41793346656
41793346520
41793346614
41793346628
41793346507
41793346593
41793346689
41793346649
41793346719
41793346708
41793346705
41793346701
41793346727
41793346706
41793346709
41793346733
41793346731
41793346712
41793346721
41793346707
41793346729
41793346711
41793346703
41793346722
41793346700
41793346726
41793346748
41793346763
41793346762
41793346739
41793346753
41793346754
41793346734
41793346770
41793346768
41793346777
41793346764
41793346776
41793346757
41793346769
41793346746
41793346783
41793346752
41793346781
41793346782
41793346778
41793346791
41793346747
41793346792
41793346742
41793346767
41793346751
41793346741
41793346788
41793346784
41793346775
41793346789
41793346773
41793346740
41793346749
41793346759
41793346793
41793346755
41793346771
41793346816
41793346814
41793346855
41793346809
41793346801
41793346810
41793346867
41793346843
41793346872
41793346830
41793346798
41793346868
41793346802
41793346818
41793346852
41793346875
41793346844
41793346863
41793346803
41793346859
41793346799
41793346813
41793346815
41793346827
41793346820
41793346838
41793346879
41793346825
41793346794
41793346849
41793346806
41793346829
41793346835
41793346860
41793346832
41793346839
41793346804
41793346812
41793346811
41793346876
41793346848
41793346845
41793346851
41793346874
41793346840
41793346805
41793346842
41793346866
41793346800
41793346831
41793346807
41793346826
41793346846
41793346862
41793346870
41793346824
41793346856
41793346878
41793346873
41793346834
41793346871
41793346861
41793346850
41793346895
41793346889
41793346925
41793346921
41793346938
41793346929
41793346891
41793346910
41793346919
41793346948
41793346931
41793346907
41793346928
41793346916
41793346951
41793346909
41793346952
41793346959
41793346920
41793346899
41793346943
41793346888
41793346884
41793346890
41793346960
41793346886
41793346897
41793346913
41793346946
41793346893
41793346911
41793346961
41793346915
41793346917
41793346937
41793346941
41793346903
41793346904
41793346914
41793346932
41793346947
41793346901
41793346936
41793346957
41793346896
41793346966
41793346945
41793346934
41793346942
41793346944
41793346905
41793346949
41793346974
41793346990
41793346992
41793346976
41793346985
41793346991
41793346973
41793346988
41793346995
41793346994
41793346968
41793346971
41793346996
41793346970
41793346982
41793346978
41793346983
41793346975
41793346989
41793346977
41793340000
41793340028
41793340027
41793340006
41793340004
41793340029
41793340018
41793340013
41793340009
41793340002
41793340026
41793340032
41793340030
41793340017
41793340005
41793340015
41793340025
41793340011
41793340003
41793340020
41793340001
41793340016
41793340010
41793340031
41793340070
41793340066
41793340092
41793340082
41793340169
41793340170
41793340195
41793340237
41793340055
41793340054
41793340085
41793340037
41793340179
41793340048
41793340093
41793340106
41793340043
41793340105
41793340251
41793340074
41793340154
41793340185
41793340123
41793340109
41793340128
41793340262
41793340041
41793340079
41793340184
41793340155
41793340034
41793340165
41793340167
41793340076
41793340180
41793340102
41793340049
41793340094
41793340423
41793340331
41793340202
41793340133
41793340067
41793340126
41793340255
41793340087
41793340304
41793340033
41793340072
41793340071
41793340141
41793340239
41793340077
41793340224
41793340257
41793340261
41793340118
41793340125
41793340203
41793340192
41793340329
41793340287
41793340035
41793340069
41793340242
41793340218
41793340088
41793340051
41793340058
41793340212
41793340112
41793340405
41793340115
41793340086
41793340204
41793340268
41793340332
41793340136
41793340231
41793340176
41793340129
41793340451
41793340226
41793340042
41793340064
41793340036
41793340457
41793340090
41793340479
41793340467
41793340482
41793340148
41793340147
41793340313
41793340062
41793340103
41793340061
41793340594
41793340146
41793340122
41793340081
41793340100
41793340249
41793340150
41793340083
41793340114
41793340116
41793340337
41793340432
41793340181
41793340078
41793340139
41793340384
41793340555
41793340512
41793340520
41793340230
41793340542
41793340372
41793340220
41793340107
41793340346
41793340157
41793340252
41793340084
41793340177
41793340201
41793340232
41793340428
41793340117
41793340763
41793340151
41793340402
41793340845
41793340227
41793340348
41793340080
41793340089
41793340554
41793340110
41793340569
41793340409
41793340551
41793340214
41793340219
41793340445
41793340361
41793340130
41793340619
41793340463
41793340825
41793340225
41793340334
41793340462
41793340045
41793340046
41793340175
41793340306
41793340412
41793340276
41793340453
41793340210
41793340159
41793340143
41793340466
41793340199
41793340693
41793340233
41793340559
41793340641
41793340565
41793340391
41793340494
41793340765
41793340311
41793340101
41793340860
41793340137
41793340247
41793340934
41793340200
41793340161
41793340470
41793340869
41793340458
41793340099
41793340236
41793340144
41793340347
41793340121
41793340604
41793340290
41793340605
41793340145
41793340544
41793340454
41793340543
41793340493
41793340580
41793340901
41793340804
41793340135
41793340223
41793340241
41793340186
41793340812
41793340366
41793340355
41793340582
41793340293
41793340553
41793340719
41793340726
41793340264
41793340664
41793340514
41793340526
41793340408
41793340286
41793340411
41793340166
41793340209
41793340590
41793340410
41793340322
41793340749
41793340288
41793340407
41793340507
41793340308
41793340563
41793340753
41793340267
41793340259
41793340341
41793340839
41793340104
41793340595
41793340335
41793340393
41793340908
41793340152
41793340300
41793340725
41793340418
41793340340
41793340277
41793340820
41793340437
41793340670
41793340592
41793340246
41793340325
41793340388
41793340762
41793340501
41793340742
41793340244
41793340140
41793340875
41793340844
41793340377
41793340380
41793340363
41793340205
41793340172
41793340271
41793340851
41793340938
41793340446
41793340240
41793340439
41793340429
41793340294
41793340316
41793340531
41793340280
41793340415
41793340975
41793340886
41793340561
41793340474
41793340312
41793340367
41793340772
41793340818
41793340253
41793340850
41793340194
41793340426
41793340260
41793340505
41793340638
41793340723
41793340430
41793340307
41793340481
41793340521
41793340459
41793340540
41793340537
41793340464
41793340759
41793340659
41793340392
41793340797
41793340438
41793340444
41793340162
41793340452
41793340258
41793340436
41793340887
41793340813
41793340283
41793340656
41793340424
41793340572
41793340397
41793340266
41793340338
41793340552
41793340968
41793340509
41793340790
41793340878
41793340651
41793340420
41793340699
41793340362
41793340692
41793340371
41793340695
41793340284
41793340625
41793340591
41793340942
41793340539
41793340471
41793340663
41793340588
41793340972
41793340215
41793340475
41793340715
41793340480
41793340589
41793340243
41793340550
41793340254
41793340827
41793340485
41793340987
41793340650
41793340504
41793340599
41793340538
41793340235
41793340921
41793340627
41793340613
41793340785
41793340885
41793340327
41793340487
41793340700
41793340990
41793340786
41793340450
41793340923
41793340488
41793340660
41793340455
41793340985
41793340622
41793340506
41793340323
41793340607
41793340558
41793340831
41793340568
41793340606
41793340476
41793340517
41793340600
41793340449
41793340940
41793340496
41793340617
41793340879
41793340868
41793340398
41793340498
41793340578
41793340570
41793340644
41793340665
41793340382
41793340634
41793340603
41793340892
41793340477
41793340730
41793340802
41793340440
41793340796
41793340976
41793340635
41793340736
41793340566
41793340815
41793340541
41793340863
41793340472
41793340682
41793340513
41793340840
41793340962
41793340729
41793340881
41793340837
41793340801
41793340414
41793340676
41793340532
41793340743
41793340529
41793340966
41793340518
41793340653
41793340448
41793340602
41793340465
41793340691
41793340389
41793340871
41793340573
41793340870
41793340705
41793340576
41793340683
41793340898
41793340872
41793340574
41793340497
41793340889
41793340732
41793340687
41793340527
41793340720
41793340647
41793340969
41793340375
41793340913
41793340468
41793340686
41793340548
41793340581
41793340904
41793340911
41793340610
41793340643
41793340824
41793340630
41793340442
41793340585
41793340773
41793340525
41793340460
41793340689
41793340672
41793340706
41793340768
41793340794
41793340784
41793340441
41793340811
41793340787
41793340903
41793340608
41793340855
41793340667
41793340799
41793340684
41793340645
41793340882
41793340609
41793340767
41793340876
41793340777
41793340994
41793340833
41793340958
41793340932
41793340741
41793340925
41793340690
41793340910
41793340988
41793340939
41793340949
41793340936
41793340523
41793340631
41793340953
41793340996
41793340628
41793340724
41793340519
41793340783
41793340688
41793340737
41793340756
41793340880
41793340963
41793340677
41793340924
41793340351
41793340900
41793340961
41793340832
41793340764
41793340916
41793340616
41793340658
41793340931
41793340893
41793340456
41793340822
41793340674
41793340951
41793340791
41793340760
41793340808
41793340819
41793340673
41793340980
41793340646
41793340866
41793340926
41793340861
41793340967
41793340694
41793340734
41793340905
41793340807
41793340738
41793340806
41793340906
41793340624
41793340842
41793340848
41793340943
41793340986
41793340800
41793340803
41793340826
41793340632
41793340954
41793340974
41793340991
41793340864
41793340902
41793340774
41793340920
41793340979
41793340952
41793340671
41793340922
41793340838
41793340912
41793340937
41793340735
41793340744
41793340993
41793340862
41793340710
41793340955
41793340956
41793340857
41793340769
41793340810
41793340859
41793340971
41793340865
41793340919
41793349007
41793349003
41793349030
41793349022
41793349012
41793349016
41793349005
41793349008
41793349028
41793349015
41793349021
41793349019
41793349029
41793349032
41793349009
41793349011
41793349020
41793349010
41793349014
41793349018
41793349025
41793349169
41793349189
41793349193
41793349047
41793349061
41793349054
41793349077
41793349076
41793349090
41793349104
41793349109
41793349140
41793349162
41793349152
41793349108
41793349242
41793349059
41793349138
41793349083
41793349327
41793349305
41793349055
41793349150
41793349184
41793349036
41793349183
41793349049
41793349053
41793349252
41793349037
41793349085
41793349232
41793349106
41793349062
41793349095
41793349060
41793349072
41793349094
41793349092
41793349107
41793349190
41793349132
41793349067
41793349287
41793349089
41793349145
41793349229
41793349135
41793349606
41793349213
41793349147
41793349124
41793349233
41793349215
41793349034
41793349074
41793349033
41793349050
41793349099
41793349201
41793349329
41793349114
41793349130
41793349316
41793349205
41793349282
41793349056
41793349058
41793349149
41793349243
41793349182
41793349080
41793349522
41793349082
41793349171
41793349195
41793349294
41793349170
41793349221
41793349267
41793349210
41793349093
41793349087
41793349333
41793349247
41793349273
41793349371
41793349527
41793349489
41793349526
41793349185
41793349128
41793349172
41793349523
41793349473
41793349390
41793349324
41793349068
41793349628
41793349301
41793349116
41793349084
41793349275
41793349141
41793349580
41793349266
41793349456
41793349134
41793349633
41793349363
41793349122
41793349186
41793349102
41793349298
41793349223
41793349245
41793349063
41793349499
41793349444
41793349271
41793349144
41793349244
41793349395
41793349452
41793349490
41793349209
41793349321
41793349214
41793349323
41793349176
41793349269
41793349352
41793349206
41793349225
41793349504
41793349345
41793349708
41793349202
41793349159
41793349498
41793349279
41793349745
41793349634
41793349357
41793349239
41793349701
41793349376
41793349710
41793349374
41793349704
41793349153
41793349986
41793349482
41793349123
41793349143
41793349472
41793349796
41793349283
41793349911
41793349404
41793349263
41793349069
41793349332
41793349398
41793349642
41793349817
41793349339
41793349453
41793349412
41793349981
41793349630
41793349086
41793349840
41793349411
41793349652
41793349728
41793349330
41793349540
41793349457
41793349458
41793349514
41793349910
41793349212
41793349228
41793349284
41793349716
41793349531
41793349237
41793349208
41793349958
41793349268
41793349566
41793349907
41793349669
41793349415
41793349227
41793349480
41793349274
41793349532
41793349405
41793349439
41793349249
41793349251
41793349354
41793349442
41793349550
41793349509
41793349302
41793349131
41793349427
41793349470
41793349334
41793349906
41793349637
41793349476
41793349544
41793349985
41793349543
41793349447
41793349410
41793349714
41793349255
41793349262
41793349478
41793349646
41793349401
41793349289
41793349583
41793349312
41793349776
41793349643
41793349814
41793349381
41793349668
41793349344
41793349663
41793349293
41793349564
41793349833
41793349445
41793349471
41793349626
41793349968
41793349553
41793349433
41793349264
41793349463
41793349408
41793349385
41793349413
41793349387
41793349518
41793349440
41793349276
41793349343
41793349524
41793349979
41793349467
41793349434
41793349261
41793349557
41793349295
41793349845
41793349417
41793349631
41793349613
41793349686
41793349648
41793349944
41793349596
41793349597
41793349777
41793349882
41793349582
41793349166
41793349869
41793349551
41793349450
41793349912
41793349422
41793349431
41793349474
41793349407
41793349555
41793349375
41793349361
41793349503
41793349739
41793349487
41793349396
41793349601
41793349507
41793349575
41793349577
41793349559
41793349609
41793349844
41793349126
41793349336
41793349755
41793349658
41793349966
41793349477
41793349437
41793349779
41793349926
41793349623
41793349342
41793349901
41793349823
41793349857
41793349496
41793349425
41793349495
41793349887
41793349872
41793349428
41793349325
41793349502
41793349655
41793349326
41793349963
41793349675
41793349880
41793349943
41793349539
41793349639
41793349692
41793349599
41793349933
41793349592
41793349936
41793349718
41793349822
41793349665
41793349574
41793349388
41793349789
41793349654
41793349318
41793349919
41793349588
41793349775
41793349420
41793349772
41793349429
41793349970
41793349934
41793349641
41793349617
41793349168
41793349493
41793349731
41793349368
41793349930
41793349972
41793349874
41793349824
41793349688
41793349762
41793349461
41793349778
41793349765
41793349893
41793349737
41793349988
41793349894
41793349931
41793349702
41793349571
41793349667
41793349884
41793349851
41793349921
41793349976
41793349545
41793349717
41793349859
41793349441
41793349795
41793349826
41793349868
41793349666
41793349573
41793349847
41793349377
41793349234
41793349800
41793349854
41793349241
41793349707
41793349848
41793349830
41793349709
41793349542
41793349468
41793349990
41793349562
41793349727
41793349627
41793349455
41793349678
41793349732
41793349711
41793349828
41793349622
41793349738
41793349591
41793349849
41793349855
41793349829
41793349941
41793349605
41793349839
41793349991
41793349721
41793349954
41793349736
41793349987
41793349885
41793349962
41793349693
41793349900
41793349763
41793349803
41793349831
41793349740
41793349454
41793349774
41793349684
41793349790
41793349897
41793349842
41793349960
41793349735
41793349918
41793349913
41793349760
41793349807
41793349808
41793349961
41793349603
41793349402
41793349994
41793349703
41793349860
41793349792
41793349996
41793349989
41793349809
41793349888
41793349883
41793349506
41793349660
41793349813
41793349858
41793349785
41793349811
41793349671
41793349973
41793349982
41793349673
41793349935
41793349818
41793349766
41793349576
41793349916
41793349751
41793349952
41793349783
41793349838
41793349983
41793349870
41793349534
41793349661
41793349965
41793349984
41793349724
41793349917
41793349607
41793349769
41793349770
41793349846
41793349909
41793349782
41793349953
41793349959
41793349867
41793349863
41793349423
41793349957
41793349873
41793349865
41793349835
41793349946
41793349915
41793349876
41793349923
41793349969
41793349978
41793349841
41793349977
41793349771
41793349992
41793349927
41793349843
41793349837
41793349864
41793349787
41793349852
41793343000
41793343030
41793343032
41793343031
41793343015
41793343025
41793343006
41793343005
41793343026
41793343024
41793343004
41793343020
41793343010
41793343016
41793343027
41793343028
41793343014
41793343007
41793343019
41793343012
41793343021
41793343093
41793343111
41793343114
41793343058
41793343056
41793343061
41793343053
41793343104
41793343107
41793343068
41793343106
41793343136
41793343137
41793343149
41793343245
41793343050
41793343103
41793343115
41793343109
41793343172
41793343182
41793343155
41793343063
41793343034
41793343033
41793343052
41793343047
41793343040
41793343038
41793343186
41793343153
41793343067
41793343071
41793343095
41793343086
41793343297
41793343091
41793343100
41793343045
41793343160
41793343113
41793343150
41793343122
41793343147
41793343249
41793343188
41793343110
41793343035
41793343116
41793343343
41793343088
41793343220
41793343274
41793343373
41793343039
41793343072
41793343079
41793343048
41793343055
41793343118
41793343064
41793343089
41793343043
41793343119
41793343325
41793343214
41793343285
41793343134
41793343253
41793343436
41793343192
41793343200
41793343143
41793343078
41793343081
41793343108
41793343497
41793343131
41793343303
41793343140
41793343212
41793343185
41793343316
41793343105
41793343289
41793343142
41793343125
41793343171
41793343213
41793343552
41793343315
41793343233
41793343284
41793343226
41793343407
41793343101
41793343433
41793343465
41793343493
41793343211
41793343378
41793343414
41793343130
41793343206
41793343083
41793343066
41793343196
41793343404
41793343637
41793343451
41793343090
41793343448
41793343082
41793343260
41793343087
41793343162
41793343070
41793343758
41793343462
41793343190
41793343401
41793343123
41793343385
41793343383
41793343416
41793343281
41793343120
41793343599
41793343477
41793343299
41793343294
41793343506
41793343254
41793343128
41793343481
41793343263
41793343444
41793343084
41793343569
41793343288
41793343167
41793343300
41793343085
41793343157
41793343338
41793343175
41793343577
41793343540
41793343318
41793343446
41793343371
41793343358
41793343441
41793343584
41793343588
41793343179
41793343241
41793343503
41793343205
41793343759
41793343405
41793343231
41793343269
41793343666
41793343348
41793343224
41793343435
41793343236
41793343262
41793343730
41793343488
41793343165
41793343832
41793343392
41793343362
41793343324
41793343449
41793343754
41793343255
41793343311
41793343464
41793343176
41793343193
41793343238
41793343265
41793343276
41793343156
41793343376
41793343174
41793343201
41793343180
41793343145
41793343244
41793343389
41793343545
41793343314
41793343292
41793343331
41793343239
41793343537
41793343386
41793343218
41793343286
41793343608
41793343161
41793343346
41793343173
41793343227
41793343466
41793343413
41793343313
41793343356
41793343353
41793343880
41793343377
41793343847
41793343548
41793343365
41793343076
41793343543
41793343475
41793343611
41793343230
41793343547
41793343232
41793343610
41793343678
41793343278
41793343815
41793343554
41793343272
41793343644
41793343623
41793343474
41793343751
41793343424
41793343339
41793343327
41793343865
41793343425
41793343409
41793343619
41793343712
41793343606
41793343454
41793343457
41793343379
41793343532
41793343790
41793343203
41793343341
41793343243
41793343909
41793343330
41793343344
41793343420
41793343653
41793343706
41793343357
41793343194
41793343422
41793343321
41793343372
41793343282
41793343591
41793343786
41793343702
41793343579
41793343662
41793343693
41793343225
41793343458
41793343950
41793343558
41793343860
41793343393
41793343797
41793343279
41793343823
41793343491
41793343347
41793343509
41793343468
41793343191
41793343676
41793343277
41793343440
41793343887
41793343526
41793343517
41793343360
41793343858
41793343361
41793343556
41793343355
41793343267
41793343428
41793343431
41793343538
41793343698
41793343646
41793343701
41793343603
41793343783
41793343520
41793343696
41793343531
41793343459
41793343266
41793343627
41793343366
41793343700
41793343570
41793343375
41793343510
41793343942
41793343498
41793343485
41793343514
41793343816
41793343476
41793343697
41793343721
41793343915
41793343811
41793343848
41793343426
41793343684
41793343529
41793343631
41793343443
41793343215
41793343450
41793343482
41793343312
41793343333
41793343578
41793343367
41793343859
41793343912
41793343248
41793343568
41793343536
41793343632
41793343562
41793343301
41793343523
41793343470
41793343480
41793343675
41793343719
41793343419
41793343643
41793343273
41793343612
41793343681
41793343690
41793343618
41793343667
41793343495
41793343891
41793343530
41793343489
41793343455
41793343329
41793343445
41793343919
41793343469
41793343604
41793343326
41793343183
41793343785
41793343743
41793343961
41793343487
41793343878
41793343680
41793343561
41793343317
41793343411
41793343781
41793343657
41793343453
41793343335
41793343737
41793343715
41793343648
41793343677
41793343585
41793343732
41793343876
41793343733
41793343753
41793343434
41793343710
41793343516
41793343456
41793343560
41793343686
41793343504
41793343669
41793343763
41793343581
41793343780
41793343640
41793343593
41793343813
41793343711
41793343729
41793343533
41793343828
41793343649
41793343935
41793343403
41793343856
41793343502
41793343223
41793343452
41793343771
41793343812
41793343966
41793343869
41793343663
41793343479
41793343447
41793343625
41793343836
41793343963
41793343924
41793343868
41793343566
41793343895
41793343336
41793343522
41793343629
41793343901
41793343613
41793343349
41793343511
41793343534
41793343978
41793343784
41793343655
41793343615
41793343660
41793343925
41793343527
41793343735
41793343831
41793343898
41793343834
41793343752
41793343589
41793343826
41793343893
41793343691
41793343867
41793343651
41793343726
41793343664
41793343877
41793343768
41793343642
41793343779
41793343596
41793343574
41793343463
41793343724
41793343991
41793343650
41793343857
41793343634
41793343553
41793343957
41793343844
41793343460
41793343749
41793343927
41793343872
41793343709
41793343261
41793343609
41793343713
41793343920
41793343473
41793343750
41793343776
41793343772
41793343817
41793343972
41793343774
41793343586
41793343744
41793343889
41793343851
41793343886
41793343500
41793343630
41793343932
41793343661
41793343756
41793343903
41793343917
41793343883
41793343977
41793343557
41793343770
41793343962
41793343934
41793343922
41793343992
41793343933
41793343839
41793343429
41793343802
41793343871
41793343762
41793343304
41793343969
41793343965
41793343866
41793343854
41793343747
41793343583
41793343760
41793343484
41793343787
41793343837
41793343936
41793343911
41793343979
41793343906
41793343838
41793343764
41793343926
41793343843
41793343809
41793343607
41793343658
41793343689
41793343741
41793343907
41793343981
41793343845
41793343722
41793343806
41793343892
41793343948
41793343985
41793343807
41793343853
41793343953
41793343918
41793343976
41793343861
41793343400
41793343937
41793343928
41793343855
41793343614
41793343717
41793343582
41793343884
41793343996
41793343841
41793343695
41793343943
41793343971
41793343777
41793343946
41793343803
41793343990
41793343905
41793343682
41793343941
41793343975
41793343782
41793343982
41793343955
41793343551
41793343703
41793343862
41793343879
41793343885
41793343875
41793343947
41793343997
41793343430
41793343833
41793343916
41793343984
41793343899
41793343913
41793343494
41793343938
41793343939
41793343694
41793343778
41793343993
41793343980
41793343546
41793343921
41793343846
41793343900
41793343714
41793343742
41793343994
41793343539
41793343595
41793343688
41793343863
41793343902
41793341000
41793341005
41793341012
41793341007
41793341011
41793341024
41793341014
41793341017
41793341010
41793341026
41793341032
41793341028
41793341029
41793341019
41793341018
41793341006
41793341030
41793341031
41793341020
41793341008
41793341013
41793341004
41793341033
41793341075
41793341122
41793341037
41793341101
41793341039
41793341140
41793341040
41793341054
41793341042
41793341060
41793341183
41793341159
41793341189
41793341114
41793341061
41793341193
41793341121
41793341163
41793341248
41793341232
41793341184
41793341142
41793341043
41793341196
41793341097
41793341179
41793341069
41793341109
41793341173
41793341146
41793341098
41793341102
41793341080
41793341285
41793341074
41793341205
41793341254
41793341169
41793341096
41793341082
41793341135
41793341070
41793341287
41793341255
41793341084
41793341107
41793341235
41793341345
41793341129
41793341063
41793341077
41793341085
41793341035
41793341046
41793341130
41793341324
41793341113
41793341124
41793341044
41793341115
41793341120
41793341268
41793341038
41793341058
41793341257
41793341241
41793341318
41793341310
41793341240
41793341289
41793341127
41793341212
41793341132
41793341071
41793341244
41793341048
41793341141
41793341108
41793341204
41793341231
41793341160
41793341057
41793341206
41793341186
41793341138
41793341277
41793341110
41793341136
41793341072
41793341194
41793341062
41793341174
41793341270
41793341306
41793341156
41793341281
41793341252
41793341230
41793341081
41793341191
41793341278
41793341250
41793341209
41793341153
41793341197
41793341123
41793341158
41793341152
41793341177
41793341246
41793341202
41793341302
41793341239
41793341111
41793341275
41793341172
41793341297
41793341150
41793341224
41793341157
41793341168
41793341118
41793341247
41793341222
41793341067
41793341256
41793341162
41793341317
41793341300
41793341116
41793341309
41793341286
41793341311
41793341308
41793341299
41793341227
41793341294
41793341279
41793341188
41793341265
41793341144
41793341319
41793341238
41793341337
41793341327
41793341126
41793341291
41793341263
41793341234
41793341321
41793341253
41793341251
41793341332
41793341176
41793341314
41793341210
41793341249
41793341214
41793341236
41793341259
41793341192
41793341262
41793341315
41793341155
41793341208
41793341215
41793341295
41793341216
41793341329
41793341350
41793341348
41793341313
41793341264
41793341325
41793341211
41793341326
41793341207
41793341223
41793341203
41793341217
41793341334
41793341292
41793341330
41793341225
41793341226
41793341322
41793341339
41793341284
41793341320
41793341331
41793341343
41793341333
41793341304
41793341342
41793341360
41793341353
41793341375
41793341373
41793341378
41793341371
41793341351
41793341357
41793341367
41793341369
41793341368
41793341355
41793341358
41793341372
41793341370
41793341381
41793341374
41793341379
41793341508
41793341430
41793341449
41793341386
41793341395
41793341528
41793341413
41793341385
41793341507
41793341457
41793341535
41793341638
41793341442
41793341400
41793341460
41793341568
41793341436
41793341450
41793341472
41793341421
41793341474
41793341462
41793341494
41793341506
41793341608
41793341633
41793341454
41793341546
41793341478
41793341445
41793341384
41793341681
41793341673
41793341383
41793341585
41793341527
41793341655
41793341630
41793341389
41793341651
41793341556
41793341588
41793341428
41793341616
41793341636
41793341677
41793341497
41793341408
41793341511
41793341579
41793341594
41793341415
41793341680
41793341403
41793341414
41793341412
41793341458
41793341411
41793341420
41793341500
41793341515
41793341446
41793341631
41793341648
41793341485
41793341553
41793341425
41793341562
41793341435
41793341516
41793341580
41793341525
41793341600
41793341390
41793341567
41793341569
41793341416
41793341623
41793341509
41793341418
41793341558
41793341688
41793341628
41793341464
41793341427
41793341602
41793341487
41793341658
41793341488
41793341694
41793341504
41793341419
41793341514
41793341456
41793341505
41793341625
41793341523
41793341570
41793341407
41793341481
41793341618
41793341565
41793341607
41793341650
41793341406
41793341496
41793341519
41793341653
41793341502
41793341465
41793341459
41793341522
41793341443
41793341441
41793341453
41793341451
41793341455
41793341424
41793341473
41793341606
41793341512
41793341461
41793341401
41793341578
41793341573
41793341621
41793341667
41793341601
41793341447
41793341387
41793341480
41793341539
41793341503
41793341521
41793341665
41793341563
41793341644
41793341530
41793341682
41793341661
41793341676
41793341581
41793341674
41793341668
41793341483
41793341490
41793341470
41793341471
41793341394
41793341619
41793341545
41793341643
41793341586
41793341482
41793341517
41793341550
41793341489
41793341627
41793341596
41793341679
41793341691
41793341468
41793341597
41793341695
41793341699
41793341611
41793341678
41793341663
41793341634
41793341584
41793341566
41793341561
41793341572
41793341576
41793341666
41793341615
41793341647
41793341499
41793341533
41793341672
41793341559
41793341652
41793341664
41793341587
41793341595
41793341532
41793341656
41793341654
41793341690
41793341543
41793341540
41793341689
41793341613
41793341603
41793341551
41793341683
41793341592
41793341642
41793341686
41793341700
41793341705
41793341715
41793341726
41793341721
41793341713
41793341712
41793341724
41793341708
41793341704
41793341722
41793341711
41793341703
41793341730
41793341720
41793341729
41793341725
41793341723
41793341733
41793341719
41793341787
41793341759
41793341772
41793341740
41793341743
41793341756
41793341752
41793341757
41793341777
41793341791
41793341776
41793341734
41793341736
41793341745
41793341773
41793341738
41793341753
41793341809
41793341775
41793341819
41793341806
41793341804
41793341766
41793341796
41793341778
41793341784
41793341795
41793341742
41793341812
41793341744
41793341747
41793341769
41793341797
41793341807
41793341790
41793341751
41793341739
41793341774
41793341805
41793341763
41793341750
41793341770
41793341817
41793341814
41793341798
41793341818
41793341825
41793341830
41793341878
41793341847
41793341842
41793341870
41793341882
41793341826
41793341833
41793341839
41793341846
41793341877
41793341881
41793341873
41793341886
41793341844
41793341880
41793341821
41793341834
41793341829
41793341837
41793341903
41793341876
41793341906
41793341824
41793341887
41793341828
41793341853
41793341868
41793341855
41793341899
41793341827
41793341831
41793341875
41793341820
41793341823
41793341867
41793341884
41793341891
41793341901
41793341854
41793341852
41793341857
41793341888
41793341904
41793341900
41793341860
41793341889
41793341892
41793341856
41793341902
41793341848
41793341866
41793341893
41793341986
41793341913
41793341919
41793341927
41793341929
41793341907
41793341926
41793341935
41793341959
41793341971
41793341914
41793341990
41793341953
41793341962
41793341980
41793341952
41793341988
41793341922
41793341961
41793341977
41793341964
41793341934
41793341987
41793341974
41793341981
41793341911
41793341912
41793341916
41793341949
41793341938
41793341942
41793341908
41793341910
41793341941
41793341979
41793341958
41793341967
41793341973
41793341915
41793341963
41793341933
41793341993
41793341968
41793341950
41793341978
41793341994
41793341954
41793341984
41793341944
41793341966
41793341955
41793342000
41793342032
41793342005
41793342003
41793342002
41793342028
41793342010
41793342031
41793342011
41793342020
41793342026
41793342022
41793342009
41793342033
41793342021
41793342007
41793342019
41793342017
41793342006
41793342029
41793342025
41793342040
41793342111
41793342136
41793342027
41793342087
41793342062
41793342063
41793342038
41793342145
41793342114
41793342115
41793342169
41793342123
41793342100
41793342109
41793342168
41793342079
41793342058
41793342216
41793342281
41793342055
41793342137
41793342036
41793342233
41793342061
41793342050
41793342280
41793342101
41793342112
41793342052
41793342035
41793342103
41793342039
41793342119
41793342133
41793342043
41793342151
41793342259
41793342044
41793342075
41793342199
41793342093
41793342264
41793342053
41793342086
41793342082
41793342389
41793342138
41793342228
41793342432
41793342339
41793342045
41793342302
41793342134
41793342077
41793342121
41793342330
41793342046
41793342047
41793342434
41793342156
41793342064
41793342065
41793342181
41793342049
41793342515
41793342292
41793342372
41793342191
41793342252
41793342076
41793342364
41793342208
41793342175
41793342182
41793342220
41793342056
41793342494
41793342068
41793342230
41793342239
41793342341
41793342244
41793342051
41793342367
41793342343
41793342189
41793342067
41793342192
41793342235
41793342057
41793342383
41793342812
41793342172
41793342144
41793342129
41793342222
41793342089
41793342303
41793342314
41793342066
41793342155
41793342680
41793342166
41793342125
41793342110
41793342794
41793342219
41793342174
41793342353
41793342368
41793342091
41793342328
41793342277
41793342211
41793342284
41793342355
41793342160
41793342153
41793342200
41793342225
41793342171
41793342471
41793342130
41793342258
41793342206
41793342381
41793342581
41793342266
41793342118
41793342291
41793342531
41793342406
41793342336
41793342217
41793342212
41793342287
41793342018
41793342346
41793342345
41793342437
41793342070
41793342164
41793342141
41793342529
41793342356
41793342098
41793342116
41793342320
41793342590
41793342357
41793342179
41793342048
41793342250
41793342576
41793342679
41793342412
41793342571
41793342421
41793342316
41793342458
41793342152
41793342744
41793342180
41793342088
41793342317
41793342210
41793342283
41793342511
41793342246
41793342124
41793342260
41793342272
41793342290
41793342562
41793342352
41793342384
41793342359
41793342559
41793342395
41793342589
41793342818
41793342147
41793342572
41793342568
41793342633
41793342327
41793342724
41793342207
41793342778
41793342655
41793342773
41793342256
41793342729
41793342162
41793342344
41793342154
41793342491
41793342279
41793342466
41793342204
41793342503
41793342196
41793342249
41793342814
41793342223
41793342472
41793342394
41793342467
41793342440
41793342883
41793342072
41793342286
41793342443
41793342642
41793342685
41793342904
41793342323
41793342148
41793342436
41793342278
41793342469
41793342446
41793342085
41793342932
41793342295
41793342439
41793342288
41793342276
41793342795
41793342628
41793342674
41793342758
41793342625
41793342433
41793342190
41793342718
41793342304
41793342652
41793342297
41793342382
41793342407
41793342448
41793342580
41793342496
41793342311
41793342631
41793342478
41793342908
41793342555
41793342692
41793342332
41793342251
41793342444
41793342715
41793342255
41793342241
41793342385
41793342090
41793342566
41793342971
41793342847
41793342874
41793342484
41793342312
41793342488
41793342215
41793342686
41793342945
41793342214
41793342677
41793342851
41793342574
41793342481
41793342661
41793342425
41793342378
41793342333
41793342844
41793342695
41793342763
41793342607
41793342201
41793342553
41793342299
41793342806
41793342902
41793342570
41793342613
41793342310
41793342429
41793342132
41793342796
41793342708
41793342452
41793342480
41793342841
41793342751
41793342492
41793342634
41793342461
41793342402
41793342938
41793342238
41793342450
41793342789
41793342871
41793342516
41793342940
41793342536
41793342567
41793342753
41793342404
41793342862
41793342400
41793342565
41793342608
41793342188
41793342783
41793342965
41793342468
41793342702
41793342538
41793342877
41793342936
41793342865
41793342703
41793342379
41793342483
41793342727
41793342507
41793342526
41793342659
41793342632
41793342306
41793342173
41793342459
41793342234
41793342504
41793342663
41793342493
41793342959
41793342766
41793342619
41793342722
41793342759
41793342987
41793342988
41793342331
41793342612
41793342876
41793342646
41793342854
41793342593
41793342447
41793342822
41793342592
41793342451
41793342606
41793342809
41793342460
41793342393
41793342506
41793342743
41793342424
41793342610
41793342573
41793342486
41793342997
41793342921
41793342699
41793342386
41793342544
41793342694
41793342301
41793342800
41793342350
41793342855
41793342535
41793342949
41793342901
41793342373
41793342872
41793342943
41793342858
41793342522
41793342831
41793342882
41793342418
41793342696
41793342926
41793342518
41793342767
41793342621
41793342881
41793342416
41793342681
41793342556
41793342499
41793342645
41793342473
41793342495
41793342626
41793342888
41793342554
41793342520
41793342690
41793342701
41793342828
41793342725
41793342411
41793342968
41793342377
41793342289
41793342976
41793342819
41793342274
41793342853
41793342490
41793342656
41793342442
41793342746
41793342885
41793342903
41793342813
41793342500
41793342616
41793342552
41793342445
41793342629
41793342787
41793342728
41793342869
41793342922
41793342941
41793342803
41793342644
41793342582
41793342900
41793342678
41793342615
41793342704
41793342756
41793342713
41793342826
41793342898
41793342463
41793342989
41793342672
41793342422
41793342676
41793342993
41793342835
41793342946
41793342780
41793342823
41793342710
41793342594
41793342524
41793342510
41793342519
41793342784
41793342906
41793342832
41793342485
41793342897
41793342939
41793342873
41793342770
41793342990
41793342441
41793342913
41793342933
41793342808
41793342866
41793342894
41793342489
41793342545
41793342905
41793342636
41793342923
41793342508
41793342533
41793342600
41793342335
41793342548
41793342712
41793342951
41793342845
41793342837
41793342649
41793342550
41793342762
41793342924
41793342564
41793342864
41793342563
41793342688
41793342995
41793342497
41793342551
41793342660
41793342771
41793342953
41793342687
41793342623
41793342979
41793342598
41793342942
41793342534
41793342741
41793342928
41793342944
41793342641
41793342840
41793342846
41793342586
41793342934
41793342929
41793342617
41793342977
41793342639
41793342811
41793342960
41793342627
41793342785
41793342698
41793342842
41793342650
41793342984
41793342927
41793342909
41793342740
41793342974
41793342624
41793342779
41793342705
41793342893
41793342827
41793342750
41793342653
41793342937
41793342867
41793342815
41793342870
41793342798
41793342986
41793342775
41793342935
41793342836
41793342958
41793342863
41793342821
41793342925
41793342859
41793342915
41793342892
41793342964
41793342403
41793342501
41793342528
41793342914
41793342967
41793342738
41793342982
41793342742
41793342963
41793342969
41793342764
41793342670
41793342978
41793342848
41793348007
41793348009
41793348018
41793348002
41793348006
41793348011
41793348016
41793348003
41793348020
41793348030
41793348005
41793348029
41793348021
41793348022
41793348025
41793348026
41793348033
41793348034
41793348039
41793348047
41793348129
41793348132
41793348196
41793348065
41793348069
41793348208
41793348111
41793348360
41793348044
41793348264
41793348125
41793348079
41793348045
41793348040
41793348127
41793348061
41793348084
41793348158
41793348028
41793348186
41793348133
41793348270
41793348037
41793348225
41793348090
41793348142
41793348174
41793348128
41793348050
41793348178
41793348218
41793348145
41793348256
41793348066
41793348070
41793348083
41793348325
41793348064
41793348054
41793348346
41793348159
41793348063
41793348071
41793348059
41793348241
41793348042
41793348062
41793348110
41793348155
41793348108
41793348249
41793348166
41793348078
41793348293
41793348038
41793348230
41793348080
41793348265
41793348099
41793348153
41793348093
41793348076
41793348077
41793348272
41793348136
41793348232
41793348046
41793348286
41793348147
41793348534
41793348139
41793348188
41793348182
41793348175
41793348349
41793348233
41793348112
41793348134
41793348171
41793348214
41793348358
41793348146
41793348260
41793348172
41793348075
41793348105
41793348168
41793348067
41793348131
41793348307
41793348345
41793348800
41793348453
41793348347
41793348319
41793348406
41793348244
41793348387
41793348398
41793348229
41793348204
41793348224
41793348122
41793348144
41793348291
41793348060
41793348557
41793348170
41793348217
41793348165
41793348094
41793348543
41793348154
41793348242
41793348283
41793348257
41793348539
41793348231
41793348036
41793348119
41793348221
41793348275
41793348245
41793348389
41793348309
41793348553
41793348236
41793348189
41793348200
41793348290
41793348140
41793348504
41793348222
41793348586
41793348481
41793348603
41793348301
41793348526
41793348373
41793348294
41793348338
41793348458
41793348668
41793348925
41793348297
41793348143
41793348538
41793348318
41793348343
41793348201
41793348549
41793348363
41793348057
41793348269
41793348311
41793348179
41793348157
41793348383
41793348381
41793348288
41793348339
41793348315
41793348280
41793348505
41793348141
41793348524
41793348253
41793348446
41793348335
41793348130
41793348673
41793348433
41793348444
41793348376
41793348395
41793348367
41793348694
41793348163
41793348268
41793348240
41793348520
41793348461
41793348510
41793348460
41793348489
41793348223
41793348107
41793348216
41793348211
41793348670
41793348251
41793348254
41793348191
41793348658
41793348352
41793348357
41793348176
41793348317
41793348621
41793348314
41793348299
41793348369
41793348583
41793348282
41793348411
41793348073
41793348364
41793348472
41793348284
41793348473
41793348333
41793348421
41793348259
41793348329
41793348180
41793348371
41793348641
41793348213
41793348310
41793348700
41793348753
41793348523
41793348327
41793348027
41793348252
41793348271
41793348403
41793348661
41793348508
41793348611
41793348733
41793348493
41793348177
41793348491
41793348247
41793348518
41793348424
41793348942
41793348235
41793348852
41793348126
41793348086
41793348711
41793348300
41793348248
41793348737
41793348535
41793348469
41793348687
41793348579
41793348604
41793348183
41793348452
41793348867
41793348485
41793348498
41793348427
41793348255
41793348975
41793348684
41793348830
41793348207
41793348379
41793348709
41793348677
41793348788
41793348380
41793348296
41793348605
41793348494
41793348525
41793348342
41793348205
41793348941
41793348629
41793348625
41793348757
41793348250
41793348457
41793348866
41793348484
41793348926
41793348815
41793348474
41793348944
41793348303
41793348724
41793348355
41793348384
41793348547
41793348686
41793348463
41793348861
41793348813
41793348588
41793348602
41793348561
41793348761
41793348758
41793348769
41793348678
41793348273
41793348226
41793348618
41793348765
41793348665
41793348368
41793348726
41793348548
41793348443
41793348305
41793348287
41793348551
41793348889
41793348445
41793348336
41793348607
41793348632
41793348492
41793348797
41793348778
41793348952
41793348555
41793348842
41793348597
41793348951
41793348655
41793348651
41793348417
41793348635
41793348487
41793348558
41793348414
41793348423
41793348426
41793348775
41793348631
41793348502
41793348500
41793348312
41793348388
41793348308
41793348227
41793348804
41793348595
41793348228
41793348640
41793348710
41793348467
41793348462
41793348321
41793348675
41793348755
41793348399
41793348777
41793348442
41793348689
41793348695
41793348957
41793348729
41793348585
41793348701
41793348818
41793348911
41793348215
41793348796
41793348455
41793348289
41793348770
41793348835
41793348693
41793348763
41793348466
41793348994
41793348680
41793348292
41793348616
41793348725
41793348890
41793348744
41793348836
41793348837
41793348883
41793348416
41793348845
41793348927
41793348914
41793348898
41793348610
41793348425
41793348812
41793348238
41793348871
41793348390
41793348574
41793348354
41793348560
41793348682
41793348740
41793348904
41793348514
41793348634
41793348239
41793348712
41793348483
41793348918
41793348934
41793348593
41793348947
41793348540
41793348697
41793348791
41793348722
41793348776
41793348628
41793348905
41793348465
41793348571
41793348764
41793348699
41793348490
41793348969
41793348997
41793348933
41793348854
41793348615
41793348851
41793348814
41793348639
41793348660
41793348690
41793348533
41793348683
41793348612
41793348829
41793348617
41793348570
41793348434
41793348822
41793348827
41793348773
41793348517
41793348774
41793348451
41793348843
41793348450
41793348440
41793348512
41793348893
41793348664
41793348715
41793348768
41793348894
41793348971
41793348790
41793348353
41793348428
41793348530
41793348798
41793348497
41793348888
41793348372
41793348622
41793348747
41793348584
41793348340
41793348667
41793348940
41793348582
41793348982
41793348858
41793348721
41793348860
41793348928
41793348961
41793348762
41793348594
41793348613
41793348987
41793348781
41793348646
41793348986
41793348862
41793348745
41793348984
41793348884
41793348751
41793348964
41793348875
41793348599
41793348627
41793348746
41793348901
41793348930
41793348855
41793348841
41793348978
41793348676
41793348929
41793348706
41793348980
41793348832
41793348931
41793348736
41793348713
41793348956
41793348742
41793348989
41793348949
41793348630
41793348915
41793348637
41793348807
41793348924
41793348783
41793348970
41793348464
41793348734
41793348756
41793348731
41793348968
41793348948
41793348932
41793348865
41793348959
41793348838
41793348916
41793348859
41793348960
41793348828
41793348936
41793348833
41793348819
41793348979
41793348973
41793348887
41793348981
41793348920
41793348966
41793348779
41793348990
41793347026
41793347023
41793347029
41793347022
41793347014
41793347011
41793347010
41793347028
41793347032
41793347003
41793347001
41793347015
41793347016
41793347002
41793347019
41793347012
41793347007
41793347021
41793347025
41793347020
41793347017
41793347030
41793347042
41793347041
41793347086
41793347083
41793347059
41793347039
41793347108
41793347122
41793347137
41793347040
41793347131
41793347134
41793347098
41793347213
41793347173
41793347113
41793347282
41793347210
41793347200
41793347298
41793347207
41793347254
41793347080
41793347117
41793347035
41793347308
41793347036
41793347338
41793347301
41793347267
41793347071
41793347374
41793347055
41793347060
41793347110
41793347047
41793347146
41793347129
41793347085
41793347043
41793347087
41793347218
41793347189
41793347123
41793347166
41793347152
41793347255
41793347315
41793347048
41793347304
41793347414
41793347319
41793347192
41793347307
41793347081
41793347159
41793347078
41793347333
41793347474
41793347156
41793347111
41793347138
41793347103
41793347157
41793347096
41793347503
41793347038
41793347074
41793347046
41793347187
41793347072
41793347062
41793347069
41793347144
41793347339
41793347075
41793347822
41793347469
41793347242
41793347093
41793347217
41793347135
41793347045
41793347112
41793347289
41793347654
41793347285
41793347006
41793347424
41793347313
41793347216
41793347124
41793347302
41793347245
41793347262
41793347092
41793347547
41793347167
41793347073
41793347330
41793347051
41793347197
41793347331
41793347228
41793347049
41793347268
41793347855
41793347105
41793347634
41793347252
41793347076
41793347205
41793347070
41793347153
41793347593
41793347158
41793347148
41793347341
41793347370
41793347350
41793347475
41793347316
41793347227
41793347360
41793347640
41793347823
41793347355
41793347052
41793347248
41793347091
41793347590
41793347150
41793347244
41793347588
41793347317
41793347277
41793347225
41793347323
41793347247
41793347266
41793347237
41793347493
41793347359
41793347344
41793347206
41793347234
41793347680
41793347378
41793347494
41793347067
41793347220
41793347395
41793347128
41793347691
41793347429
41793347506
41793347209
41793347170
41793347219
41793347960
41793347233
41793347334
41793347363
41793347214
41793347537
41793347275
41793347324
41793347284
41793347346
41793347163
41793347184
41793347390
41793347145
41793347050
41793347879
41793347185
41793347154
41793347358
41793347280
41793347487
41793347375
41793347457
41793347287
41793347162
41793347681
41793347648
41793347230
41793347292
41793347376
41793347224
41793347269
41793347546
41793347780
41793347607
41793347443
41793347388
41793347488
41793347617
41793347283
41793347504
41793347241
41793347191
41793347253
41793347530
41793347121
41793347454
41793347246
41793347591
41793347791
41793347261
41793347513
41793347082
41793347305
41793347859
41793347231
41793347604
41793347555
41793347576
41793347312
41793347630
41793347335
41793347712
41793347240
41793347303
41793347649
41793347115
41793347799
41793347168
41793347125
41793347290
41793347471
41793347687
41793347478
41793347711
41793347579
41793347894
41793347499
41793347318
41793347768
41793347325
41793347306
41793347250
41793347911
41793347249
41793347710
41793347946
41793347377
41793347720
41793347188
41793347194
41793347667
41793347542
41793347258
41793347854
41793347211
41793347789
41793347100
41793347460
41793347403
41793347688
41793347229
41793347528
41793347477
41793347660
41793347531
41793347773
41793347174
41793347352
41793347851
41793347996
41793347668
41793347737
41793347632
41793347709
41793347094
41793347140
41793347880
41793347878
41793347512
41793347679
41793347708
41793347182
41793347356
41793347354
41793347963
41793347559
41793347345
41793347425
41793347853
41793347597
41793347627
41793347626
41793347362
41793347481
41793347533
41793347329
41793347918
41793347279
41793347955
41793347598
41793347705
41793347740
41793347357
41793347618
41793347715
41793347586
41793347380
41793347624
41793347916
41793347836
41793347641
41793347655
41793347721
41793347347
41793347311
41793347543
41793347663
41793347812
41793347525
41793347521
41793347778
41793347689
41793347610
41793347479
41793347788
41793347922
41793347747
41793347585
41793347169
41793347297
41793347771
41793347656
41793347746
41793347557
41793347369
41793347411
41793347606
41793347889
41793347470
41793347336
41793347563
41793347907
41793347441
41793347706
41793347850
41793347703
41793347397
41793347464
41793347568
41793347876
41793347763
41793347954
41793347310
41793347383
41793347550
41793347659
41793347600
41793347952
41793347700
41793347322
41793347444
41793347638
41793347343
41793347793
41793347564
41793347556
41793347342
41793347594
41793347658
41793347729
41793347562
41793347410
41793347749
41793347989
41793347673
41793347744
41793347628
41793347587
41793347808
41793347381
41793347401
41793347707
41793347657
41793347786
41793347540
41793347796
41793347536
41793347265
41793347672
41793347592
41793347861
41793347912
41793347235
41793347762
41793347958
41793347803
41793347466
41793347969
41793347549
41793347867
41793347921
41793347759
41793347637
41793347674
41793347738
41793347984
41793347620
41793347862
41793347972
41793347765
41793347222
41793347431
41793347643
41793347574
41793347583
41793347716
41793347644
41793347884
41793347813
41793347389
41793347646
41793347476
41793347782
41793347925
41793347608
41793347956
41793347766
41793347783
41793347962
41793347857
41793347386
41793347903
41793347896
41793347833
41793347932
41793347621
41793347980
41793347501
41793347718
41793347450
41793347545
41793347554
41793347970
41793347775
41793347981
41793347841
41793347965
41793347877
41793347274
41793347920
41793347940
41793347792
41793347882
41793347420
41793347834
41793347993
41793347976
41793347670
41793347739
41793347910
41793347974
41793347629
41793347758
41793347664
41793347830
41793347507
41793347858
41793347847
41793347924
41793347849
41793347926
41793347914
41793347770
41793347695
41793347578
41793347719
41793347505
41793347941
41793347919
41793347639
41793347856
41793347923
41793347484
41793347518
41793347992
41793347676
41793347293
41793347541
41793347806
41793347905
41793347609
41793347811
41793347767
41793347986
41793347978
41793347760
41793347779
41793347818
41793347561
41793347959
41793347979
41793347938
41793347652
41793347934
41793347939
41793347538
41793347772
41793347865
41793347831
41793347473
41793347871
41793347817
41793347805
41793347733
41793347581
41793347873
41793347949
41793347913
41793347908
41793347794
41793347682
41793347902
41793347888
41793347982
41793347567
41793347622
41793347671
41793347725
41793347801
41793347977
41793347722
41793347777
41793347814
41793347844
41793347821
41793347985
41793347642
41793347731
41793347866
41793347915
41793347864
41793347860
41793347852
41793347825
41793347961
41793347730
41793347937
41793347953
41793347669
41793347863
41793347870
41793347887
41793347874
41793347945
