41762015007
41762015029
41762015030
41762015024
41762015012
41762015032
41762015006
41762015014
41762015001
41762015065
41762015140
41762015051
41762015008
41762015035
41762015073
41762015175
41762015206
41762015049
41762015040
41762015062
41762015074
41762015124
41762015278
41762015120
41762015002
41762015112
41762015060
41762015059
41762015164
41762015069
41762015135
41762015125
41762015201
41762015077
41762015123
41762015184
41762015066
41762015068
41762015054
41762015417
41762015355
41762015043
41762015161
41762015114
41762015072
41762015197
41762015084
41762015378
41762015311
41762015183
41762015496
41762015151
41762015373
41762015090
41762015100
41762015366
41762015103
41762015365
41762015212
41762015168
41762015333
41762015092
41762015392
41762015026
41762015391
41762015337
41762015313
41762015282
41762015218
41762015220
41762015377
41762015222
41762015509
41762015163
41762015443
41762015380
41762015251
41762015147
41762015309
41762015121
41762015267
41762015232
41762015134
41762015169
41762015118
41762015898
41762015410
41762015371
41762015690
41762015436
41762015191
41762015433
41762015507
41762015678
41762015722
41762015370
41762015620
41762015510
41762015170
41762015526
41762015530
41762015280
41762015104
41762015217
41762015527
41762015493
41762015181
41762015323
41762015198
41762015486
41762015858
41762015585
41762015996
41762015491
41762015241
41762015363
41762015404
41762015533
41762015317
41762015600
41762015143
41762015235
41762015435
41762015711
41762015531
41762015171
41762015445
41762015584
41762015441
41762015342
41762015791
41762015254
41762015456
41762015523
41762015925
41762015199
41762015553
41762015545
41762015602
41762015798
41762015374
41762015955
41762015200
41762015498
41762015258
41762015107
41762015387
41762015840
41762015664
41762015364
41762015670
41762015671
41762015557
41762015360
41762015324
41762015938
41762015506
41762015126
41762015642
41762015677
41762015252
41762015437
41762015929
41762015385
41762015865
41762015286
41762015188
41762015208
41762015614
41762015459
41762015628
41762015847
41762015641
41762015569
41762015196
41762015951
41762015525
41762015432
41762015593
41762015442
41762015535
41762015457
41762015807
41762015834
41762015763
41762015848
41762015568
41762015234
41762015594
41762015424
41762015148
41762015454
41762015549
41762015776
41762015339
41762015853
41762015064
41762015414
41762015386
41762015190
41762015811
41762015425
41762015813
41762015740
41762015890
41762015555
41762015823
41762015862
41762015660
41762015625
41762015787
41762015619
41762015566
41762015250
41762015400
41762015233
41762015800
41762015762
41762015712
41762015768
41762015928
41762015461
41762015960
41762015476
41762015643
41762015676
41762015543
41762015605
41762015587
41762015866
41762015680
41762015737
41762015899
41762015685
41762015752
41762015658
41762015485
41762015733
41762015695
41762015779
41762015340
41762015418
41762015668
41762015499
41762015501
41762015923
41762015900
41762015901
41762015727
41762015962
41762015213
41762015949
41762015349
41762015829
41762015920
41762015841
41762015799
41762015623
41762015633
41762015822
41762015849
41762015717
41762015873
41762015975
41762015343
41762015352
41762015550
41762015754
41762015897
41762015889
41762015615
41762015598
41762015896
41762015801
41762015755
41762015987
41762015842
41762015812
41762015916
41762015589
41762015648
41762015707
41762015967
41762015902
41762015942
41762015874
41762015797
41762015969
41762015453
41762015970
41762015748
41762015988
41762015965
41762015910
41762015895
41762015921
41762015832
41762015924
41762015638
41762015749
41762015833
41762015666
41762015940
41762015918
41762015912
41762015994
41762015750
41762015966
41762015836
41762015872
41762015567
41762015415
41762015934
41762015886
41762015583
41762015438
41762015939
41762015572
41762014032
41762014025
41762014013
41762014012
41762014016
41762014010
41762014018
41762014011
41762014031
41762014001
41762014004
41762014028
41762014020
41762014021
41762014017
41762014092
41762014148
41762014085
41762014188
41762014203
41762014070
41762014272
41762014033
41762014041
41762014094
41762014081
41762014129
41762014091
41762014082
41762014121
41762014201
41762014131
41762014161
41762014090
41762014412
41762014047
41762014069
41762014062
41762014111
41762014115
41762014326
41762014113
41762014198
41762014119
41762014154
41762014122
41762014605
41762014485
41762014114
41762014087
41762014063
41762014074
41762014180
41762014045
41762014144
41762014065
41762014209
41762014044
41762014250
41762014240
41762014096
41762014116
41762014185
41762014143
41762014425
41762014453
41762014248
41762014246
41762014424
41762014230
41762014043
41762014614
41762014218
41762014550
41762014501
41762014500
41762014320
41762014172
41762014429
41762014196
41762014052
41762014342
41762014577
41762014479
41762014139
41762014304
41762014408
41762014438
41762014537
41762014626
41762014266
41762014197
41762014048
41762014738
41762014807
41762014349
41762014123
41762014118
41762014255
41762014321
41762014413
41762014443
41762014297
41762014450
41762014107
41762014155
41762014078
41762014464
41762014141
41762014415
41762014278
41762014490
41762014171
41762014347
41762014587
41762014478
41762014452
41762014282
41762014888
41762014275
41762014977
41762014787
41762014476
41762014233
41762014400
41762014441
41762014610
41762014678
41762014311
41762014280
41762014646
41762014572
41762014236
41762014687
41762014286
41762014991
41762014348
41762014842
41762014844
41762014651
41762014473
41762014258
41762014417
41762014395
41762014574
41762014264
41762014629
41762014352
41762014747
41762014570
41762014745
41762014214
41762014224
41762014322
41762014982
41762014445
41762014809
41762014431
41762014362
41762014300
41762014908
41762014189
41762014315
41762014589
41762014222
41762014539
41762014796
41762014797
41762014601
41762014340
41762014290
41762014768
41762014567
41762014330
41762014996
41762014520
41762014603
41762014785
41762014691
41762014239
41762014961
41762014732
41762014565
41762014548
41762014717
41762014299
41762014658
41762014663
41762014273
41762014656
41762014865
41762014436
41762014507
41762014465
41762014891
41762014609
41762014402
41762014899
41762014376
41762014604
41762014245
41762014985
41762014488
41762014319
41762014764
41762014850
41762014714
41762014686
41762014868
41762014740
41762014662
41762014545
41762014454
41762014354
41762014883
41762014430
41762014596
41762014774
41762014327
41762014890
41762014341
41762014889
41762014741
41762014388
41762014783
41762014772
41762014540
41762014496
41762014361
41762014151
41762014560
41762014298
41762014620
41762014713
41762014625
41762014887
41762014466
41762014660
41762014818
41762014841
41762014749
41762014585
41762014680
41762014950
41762014562
41762014579
41762014535
41762014380
41762014849
41762014650
41762014346
41762014524
41762014690
41762014813
41762014931
41762014647
41762014812
41762014840
41762014542
41762014857
41762014541
41762014523
41762014951
41762014876
41762014866
41762014800
41762014946
41762014901
41762014880
41762014778
41762014911
41762014265
41762014756
41762014875
41762014784
41762014919
41762014949
41762014736
41762014444
41762014546
41762014828
41762014976
41762014790
41762014553
41762014792
41762014900
41762014995
41762014583
41762014805
41762014957
41762014634
41762014867
41762014709
41762014847
41762014972
41762014970
41762014971
41762016017
41762016003
41762016031
41762016011
41762016032
41762016026
41762016019
41762016021
41762016018
41762016014
41762016022
41762016009
41762016050
41762016100
41762016149
41762016150
41762016096
41762016263
41762016049
41762016037
41762016034
41762016144
41762016089
41762016103
41762016042
41762016291
41762016114
41762016063
41762016115
41762016076
41762016195
41762016095
41762016143
41762016109
41762016105
41762016038
41762016059
41762016133
41762016070
41762016091
41762016271
41762016336
41762016191
41762016092
41762016243
41762016058
41762016180
41762016084
41762016234
41762016090
41762016277
41762016123
41762016147
41762016110
41762016282
41762016240
41762016397
41762016223
41762016390
41762016068
41762016125
41762016124
41762016284
41762016204
41762016335
41762016303
41762016052
41762016206
41762016166
41762016369
41762016298
41762016118
41762016628
41762016169
41762016130
41762016493
41762016228
41762016379
41762016504
41762016346
41762016553
41762016662
41762016250
41762016171
41762016416
41762016066
41762016419
41762016365
41762016433
41762016280
41762016145
41762016569
41762016113
41762016283
41762016138
41762016248
41762016415
41762016427
41762016301
41762016447
41762016238
41762016424
41762016341
41762016325
41762016508
41762016131
41762016331
41762016107
41762016214
41762016242
41762016509
41762016461
41762016040
41762016267
41762016482
41762016376
41762016460
41762016371
41762016436
41762016220
41762016160
41762016696
41762016584
41762016256
41762016646
41762016434
41762016526
41762016449
41762016986
41762016418
41762016476
41762016792
41762016168
41762016516
41762016633
41762016843
41762016488
41762016965
41762016592
41762016260
41762016660
41762016466
41762016421
41762016567
41762016236
41762016363
41762016654
41762016454
41762016574
41762016912
41762016082
41762016208
41762016591
41762016296
41762016426
41762016046
41762016304
41762016313
41762016566
41762016323
41762016630
41762016380
41762016773
41762016322
41762016344
41762016432
41762016356
41762016878
41762016757
41762016473
41762016290
41762016772
41762016514
41762016954
41762016453
41762016747
41762016381
41762016647
41762016973
41762016328
41762016061
41762016774
41762016395
41762016741
41762016915
41762016925
41762016503
41762016691
41762016309
41762016926
41762016701
41762016645
41762016154
41762016685
41762016744
41762016619
41762016841
41762016578
41762016758
41762016870
41762016585
41762016673
41762016543
41762016521
41762016600
41762016819
41762016810
41762016535
41762016906
41762016507
41762016604
41762016575
41762016587
41762016905
41762016881
41762016439
41762016761
41762016724
41762016883
41762016601
41762016374
41762016933
41762016545
41762016563
41762016635
41762016763
41762016935
41762016778
41762016617
41762016777
41762016413
41762016650
41762016990
41762016663
41762016759
41762016706
41762016270
41762016995
41762016715
41762016722
41762016401
41762016554
41762016957
41762016565
41762016674
41762016809
41762016857
41762016702
41762016606
41762016464
41762016960
41762016536
41762016446
41762016527
41762016814
41762016785
41762016589
41762016573
41762016550
41762016655
41762016274
41762016590
41762016541
41762016770
41762016863
41762016931
41762016880
41762016721
41762016532
41762016726
41762016648
41762016595
41762016787
41762016796
41762016892
41762016799
41762016686
41762016988
41762016894
41762016820
41762016866
41762016962
41762016602
41762016811
41762016769
41762016832
41762016927
41762016898
41762016776
41762016687
41762016755
41762016707
41762016571
41762016855
41762016821
41762016882
41762016992
41762016896
41762016989
41762016950
41762016801
41762016963
41762016980
41762016780
41762016833
41762016959
41762016289
41762016411
41762016666
41762016919
41762010012
41762010018
41762010032
41762010011
41762010010
41762010027
41762010001
41762010002
41762010024
41762010038
41762010044
41762010063
41762010153
41762010159
41762010231
41762010043
41762010288
41762010158
41762010149
41762010144
41762010046
41762010052
41762010041
41762010243
41762010122
41762010081
41762010199
41762010053
41762010068
41762010156
41762010134
41762010102
41762010119
41762010142
41762010118
41762010076
41762010227
41762010067
41762010100
41762010211
41762010051
41762010292
41762010061
41762010285
41762010078
41762010262
41762010089
41762010203
41762010450
41762010073
41762010066
41762010164
41762010094
41762010131
41762010380
41762010358
41762010187
41762010225
41762010279
41762010098
41762010114
41762010179
41762010309
41762010433
41762010127
41762010286
41762010253
41762010258
41762010246
41762010392
41762010337
41762010277
41762010248
41762010251
41762010075
41762010230
41762010218
41762010259
41762010507
41762010361
41762010493
41762010224
41762010393
41762010268
41762010291
41762010176
41762010276
41762010572
41762010205
41762010564
41762010320
41762010396
41762010099
41762010496
41762010234
41762010355
41762010441
41762010124
41762010255
41762010170
41762010267
41762010117
41762010169
41762010115
41762010305
41762010574
41762010217
41762010384
41762010221
41762010805
41762010325
41762010410
41762010508
41762010604
41762010381
41762010136
41762010150
41762010375
41762010112
41762010174
41762010315
41762010475
41762010567
41762010086
41762010229
41762010632
41762010261
41762010481
41762010424
41762010172
41762010699
41762010957
41762010544
41762010418
41762010568
41762010314
41762010403
41762010472
41762010540
41762010415
41762010215
41762010501
41762010791
41762010204
41762010644
41762010178
41762010471
41762010371
41762010414
41762010160
41762010795
41762010916
41762010383
41762010538
41762010915
41762010589
41762010490
41762010499
41762010304
41762010611
41762010310
41762010535
41762010802
41762010531
41762010838
41762010239
41762010437
41762010348
41762010640
41762010166
41762010788
41762010263
41762010827
41762010593
41762010339
41762010837
41762010467
41762010650
41762010326
41762010289
41762010707
41762010420
41762010374
41762010904
41762010484
41762010740
41762010905
41762010575
41762010808
41762010621
41762010546
41762010280
41762010452
41762010848
41762010968
41762010459
41762010688
41762010710
41762010301
41762010252
41762010368
41762010638
41762010726
41762010344
41762010460
41762010833
41762010689
41762010874
41762010469
41762010299
41762010867
41762010635
41762010815
41762010637
41762010516
41762010602
41762010785
41762010354
41762010829
41762010652
41762010807
41762010857
41762010642
41762010840
41762010504
41762010588
41762010804
41762010346
41762010792
41762010839
41762010563
41762010778
41762010878
41762010592
41762010872
41762010654
41762010498
41762010921
41762010982
41762010732
41762010789
41762010350
41762010678
41762010759
41762010772
41762010622
41762010363
41762010492
41762010411
41762010913
41762010996
41762010610
41762010817
41762010313
41762010649
41762010917
41762010728
41762010476
41762010762
41762010706
41762010695
41762010675
41762010373
41762010734
41762010541
41762010421
41762010549
41762010522
41762010721
41762010332
41762010725
41762010946
41762010454
41762010413
41762010821
41762010595
41762010519
41762010844
41762010196
41762010316
41762010624
41762010669
41762010663
41762010636
41762010370
41762010780
41762010620
41762010906
41762010608
41762010962
41762010738
41762010806
41762010897
41762010812
41762010851
41762010976
41762010750
41762010627
41762010953
41762010506
41762010723
41762010708
41762010616
41762010664
41762010824
41762010656
41762010843
41762010966
41762010896
41762010914
41762010845
41762010859
41762010672
41762010949
41762010931
41762010965
41762010680
41762010747
41762010631
41762010899
41762010820
41762010891
41762010570
41762010947
41762010729
41762010775
41762010985
41762010596
41762010955
41762010927
41762010724
41762010960
41762010940
41762010920
41762010551
41762010836
41762010972
41762010852
41762010797
41762010944
41762010986
41762010562
41762010702
41762010855
41762010767
41762010988
41762010579
41762010926
41762010943
41762010655
41762010961
41762010936
41762019000
41762019001
41762019014
41762019006
41762019015
41762019028
41762019018
41762019002
41762019030
41762019013
41762019044
41762019113
41762019093
41762019130
41762019036
41762019078
41762019056
41762019085
41762019117
41762019243
41762019122
41762019073
41762019151
41762019058
41762019068
41762019046
41762019185
41762019281
41762019111
41762019160
41762019101
41762019094
41762019059
41762019297
41762019194
41762019082
41762019150
41762019070
41762019097
41762019095
41762019340
41762019053
41762019045
41762019338
41762019204
41762019075
41762019065
41762019116
41762019241
41762019129
41762019103
41762019195
41762019282
41762019055
41762019114
41762019328
41762019210
41762019285
41762019180
41762019087
41762019149
41762019061
41762019054
41762019320
41762019278
41762019120
41762019271
41762019348
41762019050
41762019138
41762019289
41762019218
41762019172
41762019165
41762019141
41762019295
41762019302
41762019201
41762019249
41762019208
41762019264
41762019196
41762019139
41762019105
41762019134
41762019173
41762019203
41762019192
41762019222
41762019229
41762019209
41762019332
41762019337
41762019163
41762019274
41762019306
41762019275
41762019235
41762019263
41762019324
41762019089
41762019296
41762019317
41762019189
41762019198
41762019303
41762019342
41762019335
41762019290
41762019284
41762019339
41762019260
41762019353
41762019354
41762019370
41762019373
41762019380
41762019365
41762019355
41762019399
41762019513
41762019392
41762019563
41762019407
41762019387
41762019415
41762019385
41762019542
41762019417
41762019509
41762019391
41762019409
41762019437
41762019383
41762019496
41762019444
41762019403
41762019451
41762019427
41762019491
41762019543
41762019431
41762019396
41762019538
41762019494
41762019516
41762019435
41762019554
41762019414
41762019579
41762019581
41762019420
41762019692
41762019388
41762019424
41762019405
41762019640
41762019501
41762019384
41762019555
41762019488
41762019539
41762019433
41762019484
41762019627
41762019602
41762019508
41762019533
41762019439
41762019550
41762019459
41762019582
41762019454
41762019531
41762019503
41762019510
41762019612
41762019628
41762019659
41762019648
41762019504
41762019470
41762019594
41762019606
41762019661
41762019698
41762019535
41762019534
41762019395
41762019596
41762019600
41762019506
41762019604
41762019653
41762019616
41762019580
41762019448
41762019646
41762019666
41762019644
41762019559
41762019601
41762019693
41762019605
41762019696
41762019668
41762019695
41762019597
41762019705
41762019722
41762019713
41762019761
41762019738
41762019752
41762019745
41762019743
41762019703
41762019715
41762019702
41762019747
41762019727
41762019751
41762019725
41762019711
41762019760
41762019802
41762019794
41762019797
41762019822
41762019799
41762019793
41762019792
41762019823
41762019804
41762019811
41762019824
41762019782
41762019847
41762019764
41762019839
41762019829
41762019790
41762019837
41762019816
41762019897
41762019870
41762019903
41762019892
41762019882
41762019911
41762019860
41762019902
41762019861
41762019857
41762019898
41762019874
41762019884
41762019904
41762019910
41762019890
41762019905
41762019893
41762019875
41762019952
41762019935
41762019927
41762019916
41762019928
41762019954
41762019918
41762019919
41762019948
41762019965
41762019980
41762019933
41762019986
41762019936
41762019978
41762019998
41762019967
41762019981
41762019917
41762019969
41762019913
41762019955
41762019991
41762019912
41762019964
41762019921
41762019943
41762019942
41762019934
41762019989
41762019988
41762019990
41762019970
41762013000
41762013007
41762013001
41762013006
41762013011
41762013017
41762013026
41762013010
41762013032
41762013003
41762013030
41762013022
41762013015
41762013008
41762013004
41762013002
41762013016
41762013009
41762013031
41762013046
41762013065
41762013199
41762013262
41762013076
41762013113
41762013028
41762013221
41762013132
41762013312
41762013369
41762013060
41762013038
41762013126
41762013068
41762013090
41762013041
41762013051
41762013138
41762013088
41762013052
41762013054
41762013204
41762013202
41762013087
41762013130
41762013337
41762013354
41762013159
41762013164
41762013161
41762013400
41762013210
41762013042
41762013311
41762013129
41762013062
41762013373
41762013195
41762013383
41762013160
41762013247
41762013330
41762013269
41762013460
41762013229
41762013402
41762013694
41762013036
41762013256
41762013211
41762013107
41762013101
41762013171
41762013095
41762013226
41762013149
41762013050
41762013320
41762013137
41762013135
41762013474
41762013455
41762013327
41762013430
41762013295
41762013341
41762013234
41762013133
41762013475
41762013186
41762013141
41762013512
41762013408
41762013223
41762013353
41762013181
41762013386
41762013785
41762013236
41762013466
41762013392
41762013660
41762013338
41762013272
41762013194
41762013176
41762013189
41762013613
41762013270
41762013514
41762013225
41762013388
41762013654
41762013387
41762013110
41762013156
41762013185
41762013196
41762013237
41762013431
41762013377
41762013534
41762013173
41762013367
41762013155
41762013266
41762013500
41762013175
41762013098
41762013531
41762013309
41762013672
41762013504
41762013742
41762013275
41762013831
41762013190
41762013476
41762013958
41762013414
41762013533
41762013344
41762013314
41762013346
41762013322
41762013828
41762013361
41762013859
41762013410
41762013259
41762013453
41762013085
41762013702
41762013552
41762013214
41762013812
41762013443
41762013537
41762013645
41762013555
41762013917
41762013061
41762013524
41762013630
41762013662
41762013545
41762013844
41762013390
41762013768
41762013424
41762013913
41762013544
41762013560
41762013540
41762013333
41762013124
41762013820
41762013527
41762013378
41762013878
41762013380
41762013675
41762013315
41762013651
41762013701
41762013610
41762013684
41762013606
41762013522
41762013703
41762013692
41762013626
41762013516
41762013358
41762013200
41762013915
41762013239
41762013405
41762013623
41762013539
41762013804
41762013892
41762013784
41762013594
41762013739
41762013489
41762013704
41762013668
41762013914
41762013559
41762013546
41762013260
41762013442
41762013772
41762013722
41762013996
41762013650
41762013886
41762013841
41762013838
41762013737
41762013345
41762013869
41762013635
41762013598
41762013469
41762013736
41762013765
41762013394
41762013235
41762013795
41762013734
41762013384
41762013510
41762013507
41762013525
41762013695
41762013908
41762013879
41762013846
41762013288
41762013976
41762013515
41762013821
41762013553
41762013253
41762013633
41762013721
41762013413
41762013411
41762013317
41762013757
41762013901
41762013839
41762013961
41762013647
41762013936
41762013590
41762013741
41762013655
41762013782
41762013827
41762013980
41762013481
41762013565
41762013829
41762013918
41762013912
41762013800
41762013807
41762013720
41762013799
41762013585
41762013861
41762013939
41762013964
41762013969
41762013843
41762013438
41762013535
41762013873
41762013506
41762013979
41762013848
41762013957
41762013710
41762013883
41762013946
41762013934
41762013909
41762013835
41762013983
41762013563
41762013834
41762013984
41762013787
41762013880
41762013823
41762013745
41762013674
41762013990
41762013977
41762013845
41762013860
41762013718
41762013687
41762013970
41762013632
41762013910
41762013866
41762013858
41762013689
41762013822
41762013696
41762011003
41762011014
41762011005
41762011023
41762011028
41762011010
41762011027
41762011016
41762011024
41762011009
41762011001
41762011004
41762011029
41762011015
41762011026
41762011002
41762011020
41762011006
41762011013
41762011031
41762011083
41762011184
41762011040
41762011131
41762011038
41762011120
41762011190
41762011143
41762011047
41762011052
41762011056
41762011063
41762011177
41762011067
41762011044
41762011105
41762011104
41762011142
41762011189
41762011076
41762011103
41762011156
41762011146
41762011043
41762011037
41762011352
41762011232
41762011279
41762011084
41762011257
41762011283
41762011068
41762011101
41762011172
41762011135
41762011062
41762011539
41762011075
41762011140
41762011182
41762011199
41762011099
41762011400
41762011089
41762011086
41762011141
41762011382
41762011088
41762011149
41762011080
41762011082
41762011085
41762011251
41762011224
41762011109
41762011235
41762011229
41762011596
41762011428
41762011171
41762011487
41762011174
41762011277
41762011374
41762011108
41762011263
41762011208
41762011287
41762011186
41762011295
41762011587
41762011072
41762011551
41762011335
41762011138
41762011351
41762011356
41762011435
41762011069
41762011106
41762011144
41762011216
41762011461
41762011176
41762011152
41762011245
41762011324
41762011161
41762011136
41762011334
41762011168
41762011261
41762011211
41762011456
41762011384
41762011650
41762011470
41762011448
41762011167
41762011397
41762011280
41762011159
41762011204
41762011262
41762011347
41762011421
41762011515
41762011087
41762011646
41762011550
41762011292
41762011153
41762011452
41762011547
41762011355
41762011318
41762011198
41762011228
41762011339
41762011164
41762011254
41762011288
41762011252
41762011806
41762011709
41762011233
41762011327
41762011736
41762011414
41762011826
41762011552
41762011434
41762011234
41762011195
41762011432
41762011436
41762011560
41762011285
41762011231
41762011553
41762011363
41762011148
41762011723
41762011281
41762011372
41762011719
41762011708
41762011238
41762011797
41762011358
41762011457
41762011415
41762011230
41762011466
41762011424
41762011677
41762011460
41762011557
41762011418
41762011444
41762011378
41762011597
41762011365
41762011175
41762011395
41762011722
41762011191
41762011522
41762011584
41762011978
41762011337
41762011422
41762011110
41762011899
41762011322
41762011752
41762011188
41762011576
41762011799
41762011665
41762011203
41762011686
41762011693
41762011834
41762011500
41762011701
41762011349
41762011443
41762011450
41762011495
41762011558
41762011895
41762011294
41762011710
41762011390
41762011317
41762011741
41762011476
41762011534
41762011267
41762011531
41762011480
41762011492
41762011409
41762011605
41762011590
41762011333
41762011800
41762011660
41762011615
41762011781
41762011830
41762011625
41762011307
41762011331
41762011699
41762011811
41762011855
41762011860
41762011893
41762011376
41762011260
41762011237
41762011672
41762011721
41762011983
41762011308
41762011543
41762011502
41762011455
41762011717
41762011383
41762011472
41762011812
41762011911
41762011601
41762011809
41762011858
41762011503
41762011447
41762011917
41762011525
41762011510
41762011467
41762011808
41762011264
41762011430
41762011408
41762011918
41762011573
41762011458
41762011392
41762011962
41762011667
41762011405
41762011393
41762011268
41762011463
41762011851
41762011810
41762011804
41762011850
41762011883
41762011738
41762011892
41762011770
41762011645
41762011685
41762011690
41762011994
41762011935
41762011370
41762011556
41762011591
41762011505
41762011972
41762011813
41762011733
41762011845
41762011890
41762011532
41762011622
41762011417
41762011942
41762011773
41762011963
41762011947
41762011716
41762011868
41762011606
41762011969
41762011662
41762011844
41762011517
41762011599
41762011750
41762011767
41762011524
41762011894
41762011944
41762011729
41762011747
41762011856
41762011580
41762011910
41762011766
41762011670
41762011869
41762011864
41762011968
41762011700
41762011754
41762011951
41762011913
41762011760
41762011609
41762011497
41762011872
41762011416
41762011846
41762011704
41762011713
41762011794
41762011888
41762011613
41762011854
41762011940
41762011530
41762011546
41762011991
41762011886
41762011900
41762011803
41762011440
41762011564
41762011946
41762011561
41762011404
41762011820
41762011986
41762011617
41762011898
41762011486
41762011964
41762011863
41762011979
41762011839
41762011787
41762011990
41762011997
41762011877
41762011696
41762011454
41762011692
41762011985
41762011982
41762011987
41762011916
41762011976
41762011870
41762011796
41762011921
41762011949
41762011824
41762011805
41762011950
41762012000
41762012012
41762012021
41762012020
41762012003
41762012005
41762012009
41762012027
41762012032
41762012004
41762012002
41762012013
41762012015
41762012008
41762012007
41762012011
41762012016
41762012022
41762012023
41762012104
41762012042
41762012041
41762012039
41762012044
41762012122
41762012091
41762012028
41762012043
41762012096
41762012059
41762012303
41762012125
41762012126
41762012088
41762012201
41762012192
41762012191
41762012286
41762012114
41762012236
41762012243
41762012067
41762012240
41762012128
41762012310
41762012535
41762012390
41762012090
41762012112
41762012120
41762012063
41762012093
41762012046
41762012037
41762012533
41762012047
41762012137
41762012254
41762012180
41762012169
41762012245
41762012036
41762012166
41762012094
41762012200
41762012083
41762012214
41762012085
41762012195
41762012105
41762012101
41762012116
41762012156
41762012080
41762012182
41762012289
41762012130
41762012368
41762012118
41762012215
41762012224
41762012321
41762012230
41762012266
41762012196
41762012181
41762012142
41762012621
41762012260
41762012360
41762012100
41762012070
41762012072
41762012253
41762012132
41762012202
41762012337
41762012348
41762012514
41762012206
41762012213
41762012274
41762012161
41762012084
41762012172
41762012540
41762012057
41762012160
41762012380
41762012511
41762012329
41762012402
41762012507
41762012183
41762012323
41762012350
41762012233
41762012351
41762012134
41762012642
41762012517
41762012431
41762012232
41762012220
41762012424
41762012127
41762012205
41762012605
41762012141
41762012282
41762012273
41762012159
41762012293
41762012305
41762012225
41762012270
41762012364
41762012263
41762012268
41762012148
41762012459
41762012483
41762012706
41762012745
41762012375
41762012990
41762012825
41762012888
41762012866
41762012655
41762012423
41762012445
41762012302
41762012280
41762012453
41762012234
41762012992
41762012455
41762012131
41762012353
41762012440
41762012554
41762012446
41762012149
41762012367
41762012493
41762012721
41762012089
41762012685
41762012703
41762012768
41762012855
41762012326
41762012882
41762012297
41762012524
41762012500
41762012541
41762012635
41762012465
41762012513
41762012857
41762012714
41762012404
41762012598
41762012443
41762012330
41762012484
41762012409
41762012285
41762012689
41762012474
41762012558
41762012729
41762012313
41762012702
41762012372
41762012838
41762012510
41762012334
41762012399
41762012204
41762012381
41762012560
41762012641
41762012733
41762012833
41762012586
41762012336
41762012508
41762012584
41762012559
41762012576
41762012491
41762012711
41762012695
41762012210
41762012792
41762012506
41762012579
41762012324
41762012595
41762012902
41762012549
41762012231
41762012665
41762012774
41762012749
41762012697
41762012292
41762012434
41762012916
41762012403
41762012980
41762012677
41762012728
41762012911
41762012988
41762012556
41762012568
41762012690
41762012646
41762012979
41762012488
41762012719
41762012791
41762012482
41762012542
41762012717
41762012342
41762012899
41762012652
41762012582
41762012826
41762012767
41762012658
41762012814
41762012974
41762012314
41762012968
41762012600
41762012299
41762012923
41762012922
41762012727
41762012928
41762012699
41762012732
41762012829
41762012776
41762012915
41762012765
41762012867
41762012892
41762012788
41762012616
41762012660
41762012384
41762012935
41762012978
41762012666
41762012779
41762012850
41762012441
41762012897
41762012786
41762012921
41762012939
41762012860
41762012750
41762012599
41762012747
41762012656
41762012628
41762012956
41762012692
41762012878
41762012704
41762012778
41762012815
41762012410
41762012373
41762012880
41762012934
41762012982
41762012742
41762012898
41762012668
41762012828
41762012985
41762012873
41762012961
41762012804
41762012808
41762012943
41762012940
41762012966
41762012631
41762012991
41762012408
41762012709
41762012910
41762012797
41762012908
41762012800
41762012810
41762012863
41762012993
41762018016
41762018013
41762018024
41762018001
41762018005
41762018002
41762018020
41762018022
41762018019
41762018027
41762018028
41762018021
41762018030
41762018015
41762018089
41762018036
41762018077
41762018048
41762018068
41762018051
41762018132
41762018033
41762018161
41762018058
41762018168
41762018214
41762018063
41762018180
41762018221
41762018181
41762018130
41762018139
41762018064
41762018204
41762018114
41762018206
41762018085
41762018183
41762018083
41762018086
41762018293
41762018159
41762018227
41762018052
41762018300
41762018290
41762018234
41762018223
41762018125
41762018122
41762018095
41762018348
41762018282
41762018292
41762018158
41762018070
41762018087
41762018119
41762018076
41762018170
41762018078
41762018285
41762018230
41762018274
41762018242
41762018100
41762018118
41762018185
41762018271
41762018334
41762018173
41762018142
41762018303
41762018104
41762018201
41762018301
41762018291
41762018151
41762018164
41762018337
41762018295
41762018299
41762018134
41762018092
41762018165
41762018347
41762018330
41762018266
41762018326
41762018262
41762018108
41762018343
41762018166
41762018229
41762018215
41762018316
41762018329
41762018319
41762018218
41762018188
41762018245
41762018325
41762018322
41762018324
41762018313
41762018243
41762018281
41762018275
41762018304
41762018333
41762018288
41762018253
41762018280
41762018179
41762018349
41762018378
41762018377
41762018375
41762018359
41762018382
41762018366
41762018455
41762018394
41762018447
41762018395
41762018389
41762018410
41762018517
41762018450
41762018588
41762018433
41762018525
41762018431
41762018409
41762018457
41762018400
41762018488
41762018623
41762018682
41762018449
41762018406
41762018574
41762018392
41762018440
41762018575
41762018532
41762018520
41762018486
41762018408
41762018540
41762018391
41762018468
41762018456
41762018473
41762018554
41762018557
41762018396
41762018425
41762018401
41762018387
41762018438
41762018506
41762018534
41762018513
41762018528
41762018499
41762018584
41762018489
41762018593
41762018676
41762018598
41762018695
41762018501
41762018566
41762018606
41762018697
41762018466
41762018544
41762018412
41762018680
41762018654
41762018603
41762018611
41762018545
41762018618
41762018633
41762018567
41762018658
41762018564
41762018595
41762018604
41762018609
41762018643
41762018660
41762018677
41762018616
41762018527
41762018558
41762018555
41762018622
41762018597
41762018692
41762018687
41762018651
41762018700
41762018707
41762018725
41762018709
41762018726
41762018716
41762018719
41762018775
41762018760
41762018737
41762018791
41762018785
41762018787
41762018740
41762018733
41762018784
41762018776
41762018778
41762018779
41762018777
41762018747
41762018755
41762018774
41762018746
41762018788
41762018780
41762018789
41762018835
41762018805
41762018817
41762018844
41762018803
41762018827
41762018832
41762018798
41762018804
41762018852
41762018816
41762018830
41762018809
41762018828
41762018850
41762018810
41762018814
41762018848
41762018815
41762018825
41762018833
41762018843
41762018829
41762018888
41762018854
41762018884
41762018911
41762018869
41762018868
41762018875
41762018887
41762018857
41762018871
41762018874
41762018898
41762018853
41762018864
41762018892
41762018865
41762018893
41762018895
41762018903
41762018953
41762018930
41762018913
41762018912
41762018922
41762018957
41762018955
41762018918
41762018960
41762018927
41762018936
41762018921
41762018969
41762018966
41762018977
41762018989
41762018981
41762018973
41762018998
41762018979
41762018994
41762018982
41762018980
41762017016
41762017020
41762017011
41762017026
41762017018
41762017028
41762017013
41762017021
41762017023
41762017072
41762017014
41762017254
41762017034
41762017064
41762017092
41762017228
41762017057
41762017052
41762017282
41762017083
41762017059
41762017110
41762017060
41762017067
41762017119
41762017192
41762017138
41762017190
41762017256
41762017080
41762017043
41762017099
41762017135
41762017176
41762017154
41762017127
41762017198
41762017152
41762017114
41762017112
41762017050
41762017076
41762017038
41762017330
41762017130
41762017037
41762017194
41762017334
41762017090
41762017329
41762017113
41762017145
41762017498
41762017178
41762017188
41762017587
41762017232
41762017101
41762017347
41762017129
41762017452
41762017478
41762017260
41762017206
41762017376
41762017098
41762017089
41762017174
41762017371
41762017077
41762017273
41762017267
41762017272
41762017627
41762017455
41762017140
41762017107
41762017185
41762017166
41762017287
41762017517
41762017068
41762017426
41762017091
41762017340
41762017170
41762017351
41762017446
41762017411
41762017435
41762017420
41762017312
41762017600
41762017241
41762017688
41762017607
41762017284
41762017211
41762017651
41762017465
41762017675
41762017325
41762017250
41762017177
41762017326
41762017227
41762017714
41762017739
41762017556
41762017367
41762017078
41762017324
41762017193
41762017571
41762017763
41762017808
41762017252
41762017364
41762017171
41762017936
41762017909
41762017126
41762017223
41762017350
41762017545
41762017369
41762017923
41762017327
41762017397
41762017799
41762017423
41762017637
41762017918
41762017585
41762017222
41762017722
41762017503
41762017207
41762017535
41762017179
41762017374
41762017134
41762017424
41762017410
41762017322
41762017531
41762017726
41762017349
41762017441
41762017788
41762017580
41762017740
41762017247
41762017290
41762017547
41762017292
41762017596
41762017676
41762017969
41762017579
41762017278
41762017897
41762017262
41762017649
41762017882
41762017488
41762017719
41762017463
41762017927
41762017658
41762017485
41762017354
41762017558
41762017448
41762017404
41762017125
41762017712
41762017525
41762017743
41762017428
41762017664
41762017097
41762017444
41762017274
41762017888
41762017989
41762017984
41762017634
41762017418
41762017954
41762017378
41762017365
41762017270
41762017789
41762017427
41762017527
41762017801
41762017847
41762017990
41762017506
41762017735
41762017711
41762017790
41762017774
41762017505
41762017245
41762017507
41762017791
41762017466
41762017601
41762017682
41762017755
41762017692
41762017822
41762017650
41762017513
41762017603
41762017181
41762017683
41762017793
41762017800
41762017786
41762017504
41762017796
41762017605
41762017573
41762017258
41762017449
41762017839
41762017854
41762017648
41762017328
41762017835
41762017890
41762017834
41762017635
41762017809
41762017970
41762017532
41762017937
41762017772
41762017333
41762017742
41762017362
41762017845
41762017963
41762017691
41762017518
41762017447
41762017948
41762017920
41762017663
41762017632
41762017985
41762017741
41762017844
41762017407
41762017777
41762017612
41762017811
41762017840
41762017965
41762017815
41762017846
41762017830
41762017935
41762017907
41762017913
41762017901
41762017611
41762017550
41762017978
41762017781
41762017655
41762017760
41762017613
41762017828
41762017971
41762017776
41762017900
41762017887
41762017824
41762017831
41762017848
41762017977
41762017953
41762017838
41762017925
41762017871
41762017842
41762017988
41762017729
41762017802
41762017803
