41799505006
41799505008
41799505001
41799505011
41799505024
41799505032
41799505010
41799505028
41799505021
41799505002
41799505030
41799505019
41799505027
41799505031
41799505042
41799505091
41799505051
41799505088
41799505072
41799505041
41799505050
41799505060
41799505046
41799505083
41799505180
41799505285
41799505133
41799505114
41799505094
41799505099
41799505249
41799505191
41799505080
41799505071
41799505065
41799505048
41799505166
41799505084
41799505167
41799505172
41799505257
41799505100
41799505176
41799505317
41799505154
41799505242
41799505261
41799505174
41799505081
41799505215
41799505212
41799505197
41799505039
41799505156
41799505181
41799505061
41799505169
41799505044
41799505090
41799505117
41799505320
41799505126
41799505103
41799505311
41799505168
41799505188
41799505076
41799505307
41799505235
41799505161
41799505163
41799505152
41799505229
41799505148
41799505258
41799505034
41799505297
41799505203
41799505058
41799505123
41799505120
41799505192
41799505260
41799505196
41799505082
41799505195
41799505116
41799505216
41799505110
41799505102
41799505177
41799505250
41799505183
41799505291
41799505155
41799505292
41799505121
41799505143
41799505182
41799505345
41799505264
41799505075
41799505326
41799505124
41799505190
41799505299
41799505302
41799505125
41799505338
41799505243
41799505170
41799505146
41799505274
41799505070
41799505241
41799505078
41799505132
41799505150
41799505330
41799505062
41799505282
41799505329
41799505245
41799505340
41799505198
41799505283
41799505319
41799505270
41799505095
41799505236
41799505263
41799505134
41799505213
41799505290
41799505273
41799505225
41799505324
41799505147
41799505221
41799505332
41799505111
41799505276
41799505315
41799505309
41799505343
41799505322
41799505265
41799505333
41799505298
41799505279
41799505231
41799505305
41799505304
41799505280
41799505313
41799505373
41799505352
41799505354
41799505367
41799505355
41799505364
41799505356
41799505369
41799505383
41799505532
41799505412
41799505476
41799505411
41799505521
41799505420
41799505418
41799505409
41799505442
41799505530
41799505389
41799505645
41799505540
41799505470
41799505596
41799505496
41799505503
41799505396
41799505484
41799505485
41799505541
41799505463
41799505517
41799505679
41799505456
41799505451
41799505388
41799505391
41799505534
41799505403
41799505400
41799505415
41799505465
41799505405
41799505622
41799505538
41799505555
41799505414
41799505510
41799505386
41799505522
41799505504
41799505432
41799505394
41799505565
41799505497
41799505542
41799505393
41799505631
41799505588
41799505410
41799505458
41799505499
41799505401
41799505637
41799505653
41799505563
41799505459
41799505502
41799505448
41799505550
41799505650
41799505613
41799505469
41799505583
41799505524
41799505557
41799505493
41799505663
41799505592
41799505516
41799505477
41799505564
41799505594
41799505616
41799505528
41799505529
41799505471
41799505647
41799505575
41799505612
41799505506
41799505690
41799505691
41799505519
41799505492
41799505661
41799505444
41799505630
41799505652
41799505654
41799505695
41799505498
41799505686
41799505554
41799505549
41799505443
41799505569
41799505527
41799505570
41799505581
41799505455
41799505677
41799505574
41799505544
41799505671
41799505526
41799505518
41799505560
41799505605
41799505698
41799505573
41799505655
41799505578
41799505626
41799505450
41799505562
41799505621
41799505692
41799505696
41799505627
41799505672
41799505533
41799505682
41799505659
41799505664
41799505559
41799505706
41799505724
41799505710
41799505725
41799505716
41799505731
41799505713
41799505717
41799505732
41799505708
41799505727
41799505737
41799505797
41799505755
41799505759
41799505771
41799505749
41799505815
41799505802
41799505736
41799505773
41799505758
41799505779
41799505804
41799505813
41799505750
41799505739
41799505744
41799505791
41799505738
41799505790
41799505809
41799505770
41799505808
41799505786
41799505803
41799505734
41799505766
41799505746
41799505763
41799505819
41799505800
41799505778
41799505761
41799505785
41799505805
41799505754
41799505753
41799505801
41799505767
41799505787
41799505842
41799505853
41799505884
41799505851
41799505821
41799505852
41799505876
41799505890
41799505820
41799505848
41799505875
41799505865
41799505840
41799505878
41799505881
41799505833
41799505830
41799505891
41799505822
41799505850
41799505868
41799505837
41799505829
41799505899
41799505857
41799505903
41799505900
41799505896
41799505844
41799505886
41799505873
41799505883
41799505894
41799505906
41799505939
41799505942
41799505974
41799505919
41799505956
41799505992
41799505916
41799505965
41799505910
41799505934
41799505962
41799505966
41799505954
41799505999
41799505932
41799505984
41799505907
41799505971
41799505945
41799505953
41799505991
41799505951
41799505983
41799505938
41799505988
41799505972
41799505990
41799505982
41799505944
41799505929
41799505941
41799505930
41799505975
41799505955
41799505970
41799505960
41799505947
41799505976
41799505977
41799505950
41799505964
41799505986
41799505948
41799505989
41799504000
41799504018
41799504017
41799504006
41799504024
41799504023
41799504027
41799504001
41799504008
41799504031
41799504020
41799504002
41799504010
41799504013
41799504004
41799504019
41799504005
41799504055
41799504138
41799504039
41799504062
41799504066
41799504129
41799504145
41799504156
41799504249
41799504235
41799504052
41799504037
41799504069
41799504080
41799504076
41799504101
41799504313
41799504171
41799504035
41799504263
41799504053
41799504114
41799504036
41799504280
41799504118
41799504034
41799504079
41799504134
41799504063
41799504292
41799504284
41799504131
41799504178
41799504160
41799504163
41799504154
41799504041
41799504172
41799504195
41799504082
41799504288
41799504097
41799504095
41799504227
41799504030
41799504363
41799504152
41799504142
41799504186
41799504086
41799504064
41799504224
41799504223
41799504295
41799504237
41799504278
41799504161
41799504124
41799504424
41799504422
41799504183
41799504441
41799504644
41799504230
41799504415
41799504401
41799504403
41799504397
41799504607
41799504157
41799504159
41799504240
41799504185
41799504272
41799504217
41799504193
41799504180
41799504300
41799504451
41799504625
41799504264
41799504231
41799504282
41799504602
41799504502
41799504297
41799504188
41799504648
41799504169
41799504576
41799504331
41799504354
41799504179
41799504136
41799504679
41799504298
41799504276
41799504500
41799504332
41799504555
41799504204
41799504250
41799504243
41799504190
41799504174
41799504309
41799504730
41799504271
41799504465
41799504158
41799504687
41799504686
41799504433
41799504629
41799504324
41799504213
41799504251
41799504423
41799504495
41799504436
41799504444
41799504733
41799504925
41799504281
41799504693
41799504437
41799504609
41799504719
41799504470
41799504287
41799504815
41799504445
41799504532
41799504990
41799504306
41799504741
41799504593
41799504218
41799504824
41799504140
41799504833
41799504454
41799504247
41799504776
41799504708
41799504310
41799504620
41799504427
41799504473
41799504694
41799504505
41799504226
41799504632
41799504439
41799504744
41799504334
41799504541
41799504535
41799504294
41799504182
41799504918
41799504232
41799504760
41799504869
41799504638
41799504305
41799504591
41799504255
41799504410
41799504384
41799504456
41799504545
41799504497
41799504534
41799504252
41799504865
41799504490
41799504841
41799504878
41799504881
41799504772
41799504635
41799504599
41799504850
41799504509
41799504349
41799504645
41799504496
41799504546
41799504209
41799504498
41799504366
41799504493
41799504920
41799504229
41799504514
41799504501
41799504811
41799504421
41799504527
41799504353
41799504765
41799504932
41799504513
41799504987
41799504724
41799504721
41799504665
41799504971
41799504875
41799504544
41799504603
41799504575
41799504690
41799504847
41799504953
41799504584
41799504880
41799504653
41799504698
41799504731
41799504820
41799504393
41799504273
41799504808
41799504408
41799504916
41799504494
41799504952
41799504830
41799504381
41799504979
41799504689
41799504248
41799504516
41799504879
41799504430
41799504746
41799504704
41799504969
41799504734
41799504566
41799504688
41799504947
41799504852
41799504675
41799504477
41799504803
41799504589
41799504664
41799504677
41799504800
41799504778
41799504563
41799504740
41799504828
41799504981
41799504691
41799504986
41799504581
41799504984
41799504834
41799504701
41799504634
41799504640
41799504723
41799504729
41799504618
41799504777
41799504787
41799504813
41799504889
41799504518
41799504641
41799504511
41799504624
41799504647
41799504418
41799504748
41799504552
41799504489
41799504944
41799504713
41799504738
41799504488
41799504692
41799504837
41799504669
41799504458
41799504674
41799504802
41799504914
41799504781
41799504890
41799504959
41799504475
41799504710
41799504860
41799504650
41799504617
41799504995
41799504883
41799504681
41799504904
41799504789
41799504549
41799504630
41799504832
41799504897
41799504991
41799504910
41799504810
41799504928
41799504937
41799504622
41799504854
41799504905
41799504715
41799504945
41799504963
41799504938
41799504844
41799504697
41799504949
41799504985
41799504720
41799504941
41799504755
41799504663
41799504774
41799504930
41799504993
41799504757
41799504946
41799504886
41799504973
41799506000
41799506006
41799506007
41799506009
41799506030
41799506026
41799506011
41799506005
41799506025
41799506018
41799506008
41799506017
41799506031
41799506001
41799506003
41799506016
41799506021
41799506029
41799506055
41799506088
41799506063
41799506038
41799506121
41799506068
41799506102
41799506080
41799506120
41799506100
41799506049
41799506163
41799506058
41799506116
41799506069
41799506208
41799506062
41799506064
41799506098
41799506092
41799506047
41799506071
41799506159
41799506213
41799506091
41799506127
41799506037
41799506036
41799506059
41799506099
41799506119
41799506273
41799506096
41799506070
41799506056
41799506117
41799506128
41799506083
41799506156
41799506139
41799506165
41799506214
41799506077
41799506232
41799506066
41799506082
41799506131
41799506106
41799506146
41799506132
41799506412
41799506318
41799506040
41799506176
41799506375
41799506115
41799506279
41799506383
41799506513
41799506129
41799506084
41799506364
41799506211
41799506140
41799506381
41799506174
41799506254
41799506230
41799506225
41799506182
41799506295
41799506170
41799506108
41799506111
41799506277
41799506449
41799506260
41799506137
41799506429
41799506105
41799506171
41799506529
41799506440
41799506475
41799506164
41799506124
41799506200
41799506258
41799506060
41799506353
41799506523
41799506150
41799506553
41799506151
41799506261
41799506210
41799506422
41799506645
41799506190
41799506221
41799506543
41799506275
41799506198
41799506421
41799506660
41799506606
41799506518
41799506398
41799506699
41799506764
41799506298
41799506629
41799506372
41799506203
41799506415
41799506385
41799506183
41799506282
41799506570
41799506434
41799506484
41799506154
41799506496
41799506552
41799506248
41799506397
41799506665
41799506448
41799506264
41799506867
41799506297
41799506122
41799506237
41799506961
41799506677
41799506334
41799506168
41799506358
41799506446
41799506175
41799506444
41799506233
41799506235
41799506101
41799506736
41799506367
41799506575
41799506253
41799506399
41799506319
41799506984
41799506695
41799506515
41799506470
41799506521
41799506849
41799506402
41799506462
41799506378
41799506445
41799506195
41799506611
41799506286
41799506259
41799506377
41799506341
41799506722
41799506450
41799506549
41799506418
41799506511
41799506514
41799506596
41799506138
41799506823
41799506283
41799506301
41799506314
41799506326
41799506420
41799506306
41799506628
41799506229
41799506504
41799506336
41799506522
41799506627
41799506500
41799506680
41799506172
41799506775
41799506884
41799506407
41799506792
41799506971
41799506517
41799506774
41799506768
41799506330
41799506537
41799506605
41799506368
41799506193
41799506302
41799506313
41799506714
41799506904
41799506644
41799506857
41799506903
41799506585
41799506272
41799506494
41799506411
41799506576
41799506727
41799506337
41799506607
41799506324
41799506408
41799506784
41799506427
41799506655
41799506751
41799506609
41799506687
41799506772
41799506795
41799506935
41799506743
41799506733
41799506545
41799506802
41799506958
41799506893
41799506350
41799506794
41799506739
41799506351
41799506852
41799506997
41799506626
41799506910
41799506846
41799506805
41799506929
41799506649
41799506980
41799506856
41799506348
41799506734
41799506426
41799506855
41799506781
41799506783
41799506618
41799506730
41799506510
41799506590
41799506410
41799506564
41799506944
41799506750
41799506738
41799506701
41799506902
41799506919
41799506954
41799506831
41799506872
41799506985
41799506905
41799506404
41799506979
41799506667
41799506808
41799506978
41799506922
41799506683
41799506481
41799506776
41799506681
41799506728
41799506777
41799506996
41799506943
41799506563
41799506482
41799506528
41799506993
41799506952
41799506885
41799506833
41799506982
41799506650
41799506793
41799506948
41799506818
41799506759
41799506897
41799506898
41799506951
41799506942
41799506718
41799506858
41799506946
41799506886
41799506981
41799506754
41799506679
41799506819
41799506555
41799506692
41799506769
41799506899
41799506684
41799506940
41799506821
41799506312
41799506844
41799506835
41799506355
41799506362
41799506631
41799506409
41799500000
41799500014
41799500022
41799500009
41799500028
41799500072
41799500220
41799500029
41799500102
41799500032
41799500084
41799500255
41799500079
41799500021
41799500162
41799500171
41799500120
41799500087
41799500111
41799500110
41799500263
41799500042
41799500213
41799500285
41799500078
41799500037
41799500167
41799500016
41799500465
41799500115
41799500050
41799500005
41799500132
41799500181
41799500204
41799500406
41799500332
41799500186
41799500026
41799500293
41799500278
41799500206
41799500519
41799500602
41799500099
41799500399
41799500266
41799500190
41799500093
41799500090
41799500065
41799500185
41799500689
41799500157
41799500010
41799500616
41799500056
41799500169
41799500307
41799500170
41799500305
41799500131
41799500252
41799500187
41799500701
41799500241
41799500214
41799500149
41799500505
41799500118
41799500299
41799500292
41799500036
41799500738
41799500135
41799500745
41799500184
41799500668
41799500580
41799500247
41799500082
41799500199
41799500664
41799500384
41799500803
41799500605
41799500559
41799500134
41799500231
41799500320
41799500152
41799500381
41799500284
41799500261
41799500049
41799500464
41799500215
41799500534
41799500641
41799500271
41799500309
41799500116
41799500164
41799500274
41799500249
41799500180
41799500739
41799500250
41799500260
41799500201
41799500238
41799500188
41799500513
41799500281
41799500918
41799500337
41799500234
41799500460
41799500547
41799500808
41799500059
41799500136
41799500595
41799500168
41799500814
41799500720
41799500601
41799500275
41799500787
41799500355
41799500297
41799500311
41799500776
41799500409
41799500448
41799500401
41799500061
41799500269
41799500511
41799500007
41799500189
41799500417
41799500289
41799500623
41799500350
41799500813
41799500254
41799500113
41799500063
41799500821
41799500622
41799500290
41799500321
41799500757
41799500025
41799500295
41799500344
41799500827
41799500459
41799500047
41799500571
41799500455
41799500226
41799500303
41799500066
41799500347
41799500829
41799500178
41799500711
41799500101
41799500619
41799500759
41799500809
41799500702
41799500497
41799500477
41799500610
41799500354
41799500322
41799500378
41799500567
41799500721
41799500747
41799500211
41799500620
41799500369
41799500444
41799500296
41799500109
41799500449
41799500127
41799500496
41799500480
41799500445
41799500565
41799500209
41799500708
41799500041
41799500542
41799500558
41799500173
41799500564
41799500312
41799500807
41799500545
41799500447
41799500935
41799500060
41799500404
41799500304
41799500710
41799500657
41799500095
41799500212
41799500342
41799500706
41799500468
41799500137
41799500960
41799500754
41799500963
41799500158
41799500330
41799500430
41799500707
41799500557
41799500236
41799500431
41799500133
41799500733
41799500679
41799500847
41799500504
41799500858
41799500222
41799500518
41799500636
41799500370
41799500183
41799500611
41799500512
41799500383
41799500478
41799500130
41799500794
41799500382
41799500731
41799500737
41799500291
41799500151
41799500590
41799500502
41799500783
41799500368
41799500077
41799500647
41799500240
41799500658
41799500904
41799500570
41799500556
41799500194
41799500552
41799500100
41799500840
41799500849
41799500515
41799500425
41799500712
41799500921
41799500429
41799500492
41799500780
41799500705
41799500501
41799500826
41799500081
41799500892
41799500499
41799500579
41799500433
41799500351
41799500517
41799500577
41799500335
41799500714
41799500924
41799500367
41799500795
41799500887
41799500495
41799500640
41799500377
41799500176
41799500264
41799500341
41799500713
41799500230
41799500104
41799500645
41799500863
41799500352
41799500740
41799500719
41799500855
41799500665
41799500522
41799500882
41799500500
41799500353
41799500770
41799500670
41799500253
41799500508
41799500805
41799500688
41799500438
41799500644
41799500481
41799500928
41799500541
41799500233
41799500957
41799500922
41799500336
41799500575
41799500842
41799500633
41799500843
41799500771
41799500709
41799500017
41799500329
41799500717
41799500637
41799500536
41799500418
41799500469
41799500119
41799500182
41799500681
41799500141
41799500301
41799500912
41799500510
41799500692
41799500819
41799500486
41799500699
41799500846
41799500202
41799500482
41799500862
41799500881
41799500523
41799500553
41799500613
41799500834
41799500207
41799500268
41799500687
41799500560
41799500631
41799500945
41799500866
41799500943
41799500588
41799500977
41799500715
41799500816
41799500655
41799500427
41799500652
41799500659
41799500432
41799500392
41799500388
41799500895
41799500852
41799500994
41799500950
41799500749
41799500911
41799500972
41799500728
41799500319
41799500554
41799500830
41799500630
41799500784
41799500463
41799500599
41799500618
41799500971
41799500661
41799500642
41799500441
41799500408
41799500594
41799500995
41799500621
41799500235
41799500648
41799500990
41799500453
41799500823
41799500883
41799500777
41799500939
41799500729
41799500901
41799500632
41799500769
41799500806
41799500676
41799500865
41799500704
41799500981
41799500789
41799500875
41799500992
41799500898
41799500566
41799500716
41799500938
41799500838
41799500871
41799500684
41799500964
41799500908
41799500592
41799500237
41799500845
41799500527
41799500997
41799500695
41799500549
41799500889
41799500608
41799500993
41799500732
41799500980
41799500913
41799500836
41799500778
41799500820
41799500735
41799500572
41799500864
41799500373
41799500962
41799500986
41799500802
41799500961
41799500933
41799500910
41799500857
41799500744
41799500923
41799500380
41799500085
41799500782
41799500978
41799500884
41799500880
41799500952
41799500779
41799500796
41799500094
41799500890
41799500861
41799500533
41799500400
41799500691
41799500982
41799500685
41799500984
41799500905
41799509014
41799509026
41799509000
41799509019
41799509021
41799509030
41799509011
41799509001
41799509023
41799509028
41799509066
41799509063
41799509093
41799509006
41799509080
41799509196
41799509005
41799509051
41799509017
41799509075
41799509010
41799509061
41799509009
41799509059
41799509203
41799509103
41799509025
41799509071
41799509048
41799509045
41799509261
41799509294
41799509225
41799509201
41799509299
41799509101
41799509369
41799509542
41799509144
41799509273
41799509500
41799509041
41799509304
41799509599
41799509079
41799509441
41799509178
41799509437
41799509517
41799509205
41799509185
41799509692
41799509722
41799509167
41799509272
41799509351
41799509113
41799509089
41799509374
41799509212
41799509164
41799509177
41799509870
41799509700
41799509096
41799509309
41799509468
41799509363
41799509843
41799509161
41799509190
41799509097
41799509699
41799509415
41799509575
41799509640
41799509661
41799509171
41799509336
41799509037
41799509259
41799509306
41799509124
41799509137
41799509074
41799509618
41799509210
41799509092
41799509523
41799509834
41799509880
41799509528
41799509184
41799509115
41799509168
41799509397
41799509642
41799509119
41799509372
41799509453
41799509152
41799509775
41799509218
41799509749
41799509527
41799509480
41799509284
41799509391
41799509621
41799509214
41799509490
41799509920
41799509767
41799509378
41799509342
41799509192
41799509370
41799509673
41799509461
41799509220
41799509042
41799509333
41799509187
41799509291
41799509297
41799509433
41799509128
41799509850
41799509384
41799509316
41799509116
41799509289
41799509055
41799509242
41799509323
41799509234
41799509862
41799509141
41799509730
41799509035
41799509262
41799509379
41799509293
41799509910
41799509199
41799509060
41799509939
41799509226
41799509421
41799509570
41799509686
41799509718
41799509479
41799509258
41799509047
41799509399
41799509496
41799509868
41799509491
41799509726
41799509544
41799509381
41799509159
41799509322
41799509912
41799509246
41799509239
41799509597
41799509711
41799509413
41799509434
41799509522
41799509422
41799509485
41799509614
41799509770
41799509202
41799509598
41799509519
41799509568
41799509174
41799509255
41799509090
41799509204
41799509310
41799509728
41799509285
41799509455
41799509864
41799509296
41799509057
41799509428
41799509114
41799509841
41799509106
41799509424
41799509736
41799509622
41799509737
41799509617
41799509525
41799509032
41799509915
41799509305
41799509594
41799509338
41799509532
41799509778
41799509653
41799509538
41799509386
41799509406
41799509111
41799509039
41799509508
41799509805
41799509909
41799509627
41799509456
41799509449
41799509675
41799509498
41799509249
41799509531
41799509890
41799509860
41799509552
41799509277
41799509313
41799509679
41799509630
41799509446
41799509911
41799509471
41799509665
41799509657
41799509179
41799509140
41799509320
41799509426
41799509022
41799509445
41799509367
41799509565
41799509462
41799509385
41799509764
41799509634
41799509899
41799509784
41799509325
41799509253
41799509863
41799509230
41799509861
41799509466
41799509904
41799509311
41799509581
41799509188
41799509549
41799509346
41799509510
41799509563
41799509624
41799509590
41799509690
41799509906
41799509459
41799509175
41799509916
41799509330
41799509539
41799509886
41799509416
41799509543
41799509652
41799509746
41799509677
41799509978
41799509281
41799509780
41799509779
41799509606
41799509208
41799509572
41799509562
41799509650
41799509189
41799509557
41799509577
41799509905
41799509892
41799509763
41799509596
41799509579
41799509918
41799509601
41799509486
41799509551
41799509682
41799509745
41799509300
41799509578
41799509648
41799509758
41799509933
41799509511
41799509585
41799509956
41799509807
41799509591
41799509812
41799509371
41799509866
41799509334
41799509680
41799509685
41799509738
41799509945
41799509643
41799509209
41799509774
41799509896
41799509725
41799509848
41799509971
41799509760
41799509823
41799509884
41799509674
41799509484
41799509697
41799509608
41799509793
41799509902
41799509953
41799509782
41799509796
41799509666
41799509660
41799509811
41799509776
41799509521
41799509556
41799509589
41799509750
41799509773
41799509394
41799509837
41799509356
41799509348
41799509693
41799509908
41799509871
41799509573
41799509816
41799509966
41799509977
41799509983
41799509569
41799509376
41799509989
41799509754
41799509091
41799509984
41799509980
41799509925
41799509567
41799509651
41799509900
41799509765
41799509881
41799509938
41799509734
41799509961
41799509838
41799509885
41799509740
41799509768
41799509808
41799509794
41799509969
41799509560
41799509702
41799509849
41799509688
41799509972
41799509914
41799509932
41799509788
41799509828
41799509990
41799509742
41799509781
41799509595
41799509526
41799509859
41799509895
41799509505
41799509944
41799509988
41799509930
41799509659
41799509800
41799509867
41799509883
41799509818
41799509928
41799509822
41799509766
41799509855
41799509943
41799509963
41799509533
41799509833
41799509927
41799503013
41799503004
41799503012
41799503002
41799503010
41799503028
41799503025
41799503005
41799503027
41799503003
41799503022
41799503015
41799503103
41799503105
41799503310
41799503041
41799503179
41799503067
41799503104
41799503130
41799503106
41799503040
41799503037
41799503065
41799503195
41799503124
41799503150
41799503090
41799503069
41799503050
41799503120
41799503059
41799503101
41799503079
41799503155
41799503161
41799503188
41799503162
41799503300
41799503202
41799503107
41799503301
41799503253
41799503207
41799503098
41799503054
41799503144
41799503052
41799503081
41799503217
41799503148
41799503070
41799503158
41799503165
41799503153
41799503189
41799503208
41799503198
41799503156
41799503200
41799503100
41799503109
41799503134
41799503089
41799503076
41799503060
41799503085
41799503036
41799503210
41799503342
41799503230
41799503164
41799503169
41799503078
41799503159
41799503142
41799503236
41799503248
41799503182
41799503345
41799503099
41799503279
41799503138
41799503126
41799503123
41799503280
41799503088
41799503309
41799503204
41799503269
41799503254
41799503139
41799503282
41799503191
41799503121
41799503168
41799503255
41799503305
41799503127
41799503324
41799503129
41799503291
41799503077
41799503258
41799503149
41799503223
41799503237
41799503316
41799503307
41799503214
41799503229
41799503259
41799503108
41799503170
41799503175
41799503145
41799503245
41799503194
41799503213
41799503240
41799503133
41799503338
41799503320
41799503235
41799503174
41799503185
41799503268
41799503311
41799503193
41799503304
41799503328
41799503220
41799503306
41799503218
41799503323
41799503330
41799503238
41799503293
41799503286
41799503333
41799503284
41799503348
41799503357
41799503374
41799503363
41799503353
41799503375
41799503424
41799503557
41799503400
41799503423
41799503452
41799503453
41799503526
41799503417
41799503512
41799503482
41799503474
41799503499
41799503485
41799503525
41799503460
41799503585
41799503461
41799503450
41799503651
41799503403
41799503501
41799503462
41799503384
41799503464
41799503673
41799503390
41799503535
41799503443
41799503618
41799503649
41799503576
41799503604
41799503419
41799503515
41799503429
41799503544
41799503553
41799503471
41799503542
41799503436
41799503510
41799503552
41799503561
41799503615
41799503579
41799503655
41799503448
41799503629
41799503676
41799503670
41799503457
41799503566
41799503546
41799503549
41799503478
41799503568
41799503635
41799503541
41799503514
41799503699
41799503622
41799503594
41799503447
41799503527
41799503633
41799503678
41799503540
41799503439
41799503691
41799503626
41799503508
41799503583
41799503690
41799503517
41799503623
41799503592
41799503562
41799503590
41799503608
41799503477
41799503696
41799503455
41799503587
41799503661
41799503532
41799503472
41799503675
41799503638
41799503577
41799503662
41799503640
41799503653
41799503621
41799503639
41799503538
41799503446
41799503602
41799503581
41799503522
41799503507
41799503567
41799503686
41799503533
41799503650
41799503586
41799503695
41799503554
41799503657
41799503491
41799503598
41799503509
41799503648
41799503663
41799503685
41799503606
41799503563
41799503644
41799503698
41799503641
41799503658
41799503660
41799503688
41799503689
41799503702
41799503707
41799503713
41799503730
41799503728
41799503714
41799503723
41799503709
41799503704
41799503720
41799503715
41799503700
41799503722
41799503701
41799503705
41799503726
41799503755
41799503789
41799503731
41799503747
41799503773
41799503766
41799503733
41799503740
41799503775
41799503736
41799503745
41799503752
41799503741
41799503767
41799503770
41799503765
41799503763
41799503734
41799503761
41799503738
41799503772
41799503785
41799503750
41799503759
41799503850
41799503860
41799503795
41799503817
41799503824
41799503794
41799503814
41799503815
41799503826
41799503864
41799503801
41799503798
41799503852
41799503803
41799503873
41799503812
41799503797
41799503820
41799503808
41799503816
41799503843
41799503807
41799503842
41799503875
41799503866
41799503874
41799503883
41799503890
41799503937
41799503882
41799503886
41799503894
41799503895
41799503899
41799503888
41799503933
41799503934
41799503953
41799503925
41799503884
41799503911
41799503956
41799503915
41799503919
41799503909
41799503917
41799503957
41799503963
41799503922
41799503879
41799503941
41799503900
41799503965
41799503908
41799503945
41799503935
41799503916
41799503944
41799503987
41799503967
41799503985
41799503979
41799503982
41799503975
41799503986
41799503984
41799503990
41799503968
41799503972
41799503973
41799503999
41799503994
41799503997
41799503989
41799501000
41799501003
41799501028
41799501018
41799501009
41799501022
41799501031
41799501021
41799501023
41799501027
41799501026
41799501006
41799501017
41799501020
41799501025
41799501030
41799501010
41799501032
41799501004
41799501013
41799501015
41799501029
41799501024
41799501094
41799501107
41799501116
41799501136
41799501042
41799501050
41799501049
41799501057
41799501051
41799501088
41799501216
41799501043
41799501048
41799501155
41799501061
41799501084
41799501187
41799501055
41799501149
41799501058
41799501044
41799501163
41799501182
41799501165
41799501060
41799501064
41799501069
41799501089
41799501092
41799501077
41799501152
41799501284
41799501095
41799501331
41799501141
41799501133
41799501072
41799501059
41799501117
41799501126
41799501039
41799501076
41799501036
41799501185
41799501130
41799501045
41799501079
41799501151
41799501068
41799501109
41799501196
41799501085
41799501168
41799501067
41799501242
41799501054
41799501258
41799501103
41799501241
41799501255
41799501124
41799501034
41799501139
41799501334
41799501115
41799501193
41799501075
41799501342
41799501326
41799501108
41799501247
41799501111
41799501179
41799501166
41799501226
41799501097
41799501164
41799501074
41799501135
41799501296
41799501147
41799501308
41799501183
41799501325
41799501167
41799501297
41799501205
41799501206
41799501261
41799501350
41799501322
41799501298
41799501290
41799501280
41799501158
41799501299
41799501260
41799501220
41799501291
41799501140
41799501314
41799501235
41799501287
41799501327
41799501201
41799501303
41799501207
41799501245
41799501286
41799501237
41799501305
41799501276
41799501268
41799501238
41799501270
41799501348
41799501277
41799501292
41799501273
41799501087
41799501148
41799501210
41799501159
41799501251
41799501324
41799501339
41799501271
41799501234
41799501279
41799501246
41799501120
41799501294
41799501315
41799501282
41799501236
41799501329
41799501202
41799501307
41799501320
41799501222
41799501259
41799501311
41799501351
41799501377
41799501358
41799501365
41799501373
41799501368
41799501382
41799501366
41799501363
41799501370
41799501362
41799501380
41799501379
41799501374
41799501378
41799501361
41799501360
41799501381
41799501367
41799501570
41799501549
41799501420
41799501439
41799501398
41799501389
41799501401
41799501395
41799501402
41799501406
41799501422
41799501443
41799501461
41799501475
41799501385
41799501391
41799501428
41799501447
41799501418
41799501562
41799501449
41799501488
41799501605
41799501542
41799501433
41799501397
41799501404
41799501653
41799501544
41799501515
41799501658
41799501463
41799501455
41799501444
41799501383
41799501453
41799501460
41799501459
41799501408
41799501557
41799501388
41799501508
41799501646
41799501432
41799501479
41799501471
41799501454
41799501510
41799501627
41799501494
41799501547
41799501699
41799501540
41799501545
41799501603
41799501551
41799501556
41799501472
41799501435
41799501441
41799501567
41799501393
41799501431
41799501440
41799501534
41799501502
41799501574
41799501644
41799501680
41799501489
41799501509
41799501670
41799501506
41799501481
41799501504
41799501606
41799501410
41799501390
41799501629
41799501673
41799501486
41799501503
41799501467
41799501553
41799501669
41799501652
41799501520
41799501423
41799501530
41799501394
41799501555
41799501517
41799501592
41799501462
41799501464
41799501575
41799501565
41799501613
41799501387
41799501417
41799501688
41799501643
41799501584
41799501505
41799501403
41799501647
41799501602
41799501470
41799501690
41799501492
41799501527
41799501528
41799501415
41799501664
41799501539
41799501499
41799501511
41799501437
41799501633
41799501543
41799501691
41799501626
41799501698
41799501416
41799501660
41799501675
41799501448
41799501638
41799501677
41799501582
41799501692
41799501493
41799501585
41799501682
41799501621
41799501552
41799501628
41799501684
41799501593
41799501696
41799501535
41799501632
41799501693
41799501522
41799501678
41799501686
41799501568
41799501525
41799501452
41799501657
41799501578
41799501587
41799501730
41799501708
41799501710
41799501705
41799501712
41799501702
41799501703
41799501704
41799501724
41799501721
41799501723
41799501735
41799501787
41799501757
41799501769
41799501759
41799501789
41799501765
41799501738
41799501762
41799501741
41799501732
41799501754
41799501775
41799501745
41799501782
41799501777
41799501749
41799501755
41799501756
41799501753
41799501802
41799501835
41799501793
41799501797
41799501815
41799501824
41799501820
41799501851
41799501810
41799501808
41799501828
41799501798
41799501809
41799501823
41799501830
41799501795
41799501848
41799501799
41799501818
41799501821
41799501836
41799501800
41799501843
41799501844
41799501859
41799501903
41799501887
41799501892
41799501905
41799501882
41799501883
41799501877
41799501858
41799501872
41799501878
41799501874
41799501904
41799501876
41799501866
41799501863
41799501862
41799501871
41799501886
41799501906
41799501900
41799501885
41799501880
41799501898
41799501869
41799501884
41799501888
41799501909
41799501899
41799501925
41799501914
41799501935
41799501974
41799501920
41799501937
41799501962
41799501986
41799501922
41799501929
41799501963
41799501928
41799501970
41799501927
41799501945
41799501915
41799501933
41799501940
41799501958
41799501966
41799501989
41799501994
41799501993
41799501943
41799501999
41799501960
41799501956
41799501951
41799501955
41799501991
41799501982
41799501934
41799501995
41799501998
41799501984
41799501968
41799501959
41799501988
41799502000
41799502016
41799502024
41799502029
41799502010
41799502025
41799502028
41799502030
41799502015
41799502031
41799502023
41799502026
41799502019
41799502006
41799502003
41799502008
41799502032
41799502014
41799502007
41799502027
41799502021
41799502013
41799502038
41799502065
41799502106
41799502183
41799502050
41799502101
41799502048
41799502148
41799502045
41799502222
41799502200
41799502070
41799502152
41799502119
41799502269
41799502135
41799502300
41799502073
41799502340
41799502302
41799502034
41799502074
41799502263
41799502082
41799502103
41799502155
41799502239
41799502261
41799502262
41799502062
41799502162
41799502243
41799502211
41799502017
41799502075
41799502414
41799502054
41799502226
41799502059
41799502167
41799502275
41799502080
41799502368
41799502153
41799502067
41799502505
41799502342
41799502111
41799502325
41799502105
41799502051
41799502240
41799502377
41799502151
41799502077
41799502049
41799502191
41799502060
41799502072
41799502268
41799502210
41799502233
41799502291
41799502277
41799502157
41799502412
41799502113
41799502125
41799502156
41799502133
41799502052
41799502409
41799502102
41799502084
41799502140
41799502251
41799502260
41799502298
41799502163
41799502250
41799502280
41799502296
41799502177
41799502095
41799502266
41799502330
41799502565
41799502203
41799502147
41799502270
41799502190
41799502130
41799502185
41799502132
41799502306
41799502283
41799502423
41799502613
41799502524
41799502580
41799502112
41799502410
41799502221
41799502288
41799502297
41799502209
41799502055
41799502173
41799502448
41799502115
41799502307
41799502382
41799502556
41799502319
41799502267
41799502215
41799502289
41799502322
41799502089
41799502630
41799502403
41799502449
41799502254
41799502069
41799502182
41799502394
41799502160
41799502092
41799502495
41799502293
41799502227
41799502241
41799502223
41799502687
41799502606
41799502476
41799502195
41799502660
41799502419
41799502376
41799502438
41799502175
41799502388
41799502426
41799502857
41799502601
41799502623
41799502521
41799502471
41799502188
41799502232
41799502669
41799502507
41799502312
41799502292
41799502581
41799502358
41799502866
41799502214
41799502390
41799502520
41799502281
41799502431
41799502295
41799502450
41799502508
41799502305
41799502231
41799502361
41799502671
41799502116
41799502708
41799502369
41799502534
41799502294
41799502733
41799502679
41799502732
41799502654
41799502562
41799502466
41799502356
41799502335
41799502479
41799502500
41799502427
41799502397
41799502481
41799502897
41799502743
41799502611
41799502677
41799502590
41799502343
41799502351
41799502532
41799502779
41799502490
41799502753
41799502523
41799502324
41799502326
41799502098
41799502574
41799502282
41799502287
41799502255
41799502407
41799502670
41799502620
41799502454
41799502425
41799502650
41799502689
41799502757
41799502514
41799502401
41799502735
41799502531
41799502694
41799502683
41799502329
41799502908
41799502201
41799502246
41799502824
41799502703
41799502206
41799502855
41799502773
41799502764
41799502477
41799502404
41799502526
41799502367
41799502600
41799502816
41799502453
41799502880
41799502445
41799502682
41799502599
41799502787
41799502905
41799502389
41799502432
41799502770
41799502684
41799502575
41799502790
41799502485
41799502465
41799502972
41799502459
41799502907
41799502761
41799502452
41799502628
41799502379
41799502872
41799502923
41799502704
41799502542
41799502661
41799502619
41799502864
41799502700
41799502644
41799502484
41799502579
41799502934
41799502879
41799502482
41799502499
41799502793
41799502592
41799502789
41799502953
41799502470
41799502767
41799502602
41799502818
41799502720
41799502724
41799502829
41799502752
41799502638
41799502717
41799502366
41799502525
41799502910
41799502721
41799502987
41799502781
41799502831
41799502527
41799502442
41799502674
41799502856
41799502810
41799502842
41799502692
41799502807
41799502640
41799502564
41799502940
41799502805
41799502868
41799502716
41799502885
41799502739
41799502867
41799502709
41799502970
41799502691
41799502494
41799502904
41799502607
41799502939
41799502746
41799502928
41799502995
41799502949
41799502645
41799502652
41799502695
41799502614
41799502610
41799502952
41799502701
41799502541
41799502769
41799502729
41799502839
41799502806
41799502627
41799502800
41799502759
41799502861
41799502912
41799502784
41799502778
41799502821
41799502884
41799502768
41799502693
41799502853
41799502736
41799502913
41799502776
41799502811
41799502852
41799502819
41799502840
41799502755
41799502517
41799502847
41799502813
41799502874
41799502945
41799502621
41799502727
41799502763
41799502860
41799502969
41799502915
41799502958
41799502997
41799502835
41799502797
41799502977
41799502888
41799502982
41799502980
41799502775
41799502975
41799502870
41799502803
41799502960
41799502925
41799502984
41799502983
41799502985
41799502993
41799502798
41799502801
41799502951
41799502990
41799502965
41799502846
41799502836
41799502418
41799502942
41799502968
41799502902
41799502944
41799502986
41799502554
41799502989
41799502961
41799502713
41799502964
41799502714
41799508000
41799508032
41799508030
41799508002
41799508019
41799508011
41799508003
41799508028
41799508008
41799508029
41799508004
41799508021
41799508018
41799508020
41799508001
41799508026
41799508006
41799508005
41799508035
41799508041
41799508055
41799508027
41799508138
41799508161
41799508068
41799508063
41799508066
41799508077
41799508191
41799508065
41799508080
41799508183
41799508209
41799508139
41799508165
41799508274
41799508105
41799508249
41799508103
41799508184
41799508061
41799508134
41799508150
41799508153
41799508084
41799508135
41799508038
41799508381
41799508058
41799508160
41799508219
41799508255
41799508100
41799508262
41799508040
41799508144
41799508471
41799508212
41799508087
41799508270
41799508110
41799508236
41799508072
41799508043
41799508197
41799508075
41799508311
41799508117
41799508268
41799508176
41799508323
41799508192
41799508131
41799508091
41799508124
41799508240
41799508108
41799508157
41799508269
41799508267
41799508290
41799508333
41799508127
41799508278
41799508258
41799508415
41799508207
41799508099
41799508300
41799508410
41799508213
41799508155
41799508541
41799508433
41799508293
41799508140
41799508175
41799508208
41799508079
41799508519
41799508137
41799508287
41799508252
41799508306
41799508253
41799508347
41799508549
41799508414
41799508447
41799508573
41799508168
41799508250
41799508085
41799508265
41799508143
41799508194
41799508744
41799508722
41799508409
41799508767
41799508170
41799508297
41799508416
41799508810
41799508398
41799508753
41799508097
41799508189
41799508285
41799508391
41799508221
41799508154
41799508611
41799508455
41799508190
41799508413
41799508610
41799508211
41799508844
41799508766
41799508294
41799508529
41799508342
41799508506
41799508605
41799508307
41799508811
41799508693
41799508283
41799508234
41799508435
41799508128
41799508807
41799508899
41799508205
41799508355
41799508886
41799508494
41799508349
41799508441
41799508702
41799508500
41799508228
41799508588
41799508728
41799508334
41799508866
41799508551
41799508509
41799508324
41799508459
41799508169
41799508458
41799508667
41799508437
41799508910
41799508396
41799508540
41799508821
41799508806
41799508466
41799508235
41799508402
41799508568
41799508580
41799508637
41799508231
41799508804
41799508528
41799508480
41799508473
41799508535
41799508223
41799508571
41799508626
41799508380
41799508505
41799508559
41799508751
41799508344
41799508245
41799508708
41799508354
41799508461
41799508793
41799508357
41799508717
41799508572
41799508476
41799508404
41799508782
41799508515
41799508309
41799508961
41799508545
41799508291
41799508238
41799508716
41799508273
41799508387
41799508825
41799508691
41799508761
41799508555
41799508600
41799508303
41799508976
41799508525
41799508871
41799508652
41799508570
41799508537
41799508501
41799508486
41799508562
41799508668
41799508714
41799508632
41799508614
41799508553
41799508401
41799508443
41799508430
41799508359
41799508431
41799508883
41799508557
41799508523
41799508348
41799508700
41799508530
41799508496
41799508199
41799508565
41799508548
41799508690
41799508239
41799508464
41799508442
41799508698
41799508727
41799508550
41799508863
41799508649
41799508542
41799508604
41799508504
41799508685
41799508477
41799508251
41799508972
41799508590
41799508730
41799508279
41799508805
41799508857
41799508742
41799508281
41799508919
41799508874
41799508418
41799508781
41799508367
41799508619
41799508816
41799508981
41799508878
41799508934
41799508979
41799508889
41799508517
41799508837
41799508657
41799508651
41799508574
41799508560
41799508697
41799508855
41799508797
41799508615
41799508770
41799508869
41799508849
41799508313
41799508503
41799508882
41799508479
41799508896
41799508616
41799508663
41799508665
41799508606
41799508809
41799508725
41799508578
41799508422
41799508636
41799508936
41799508624
41799508575
41799508740
41799508885
41799508643
41799508859
41799508909
41799508792
41799508862
41799508829
41799508607
41799508332
41799508924
41799508970
41799508739
41799508777
41799508988
41799508957
41799508831
41799508713
41799508417
41799508701
41799508750
41799508893
41799508959
41799508973
41799508841
41799508904
41799508880
41799508870
41799508780
41799508721
41799508683
41799508852
41799508850
41799508891
41799508963
41799508847
41799508898
41799508890
41799508818
41799508747
41799508895
41799508838
41799508680
41799508833
41799508812
41799508774
41799508820
41799508854
41799508975
41799508996
41799508955
41799508894
41799508911
41799508908
41799508655
41799508965
41799508951
41799508964
41799508923
41799508800
41799508933
41799508977
41799508946
41799508879
41799508695
41799508888
41799508968
41799507000
41799507032
41799507022
41799507009
41799507003
41799507030
41799507025
41799507010
41799507006
41799507019
41799507012
41799507020
41799507076
41799507097
41799507113
41799507079
41799507080
41799507250
41799507139
41799507064
41799507070
41799507089
41799507232
41799507123
41799507066
41799507184
41799507050
41799507101
41799507056
41799507082
41799507255
41799507269
41799507321
41799507154
41799507040
41799507144
41799507203
41799507043
41799507140
41799507068
41799507034
41799507100
41799507166
41799507327
41799507039
41799507067
41799507061
41799507202
41799507195
41799507095
41799507077
41799507083
41799507226
41799507151
41799507145
41799507239
41799507342
41799507284
41799507165
41799507191
41799507059
41799507058
41799507051
41799507158
41799507091
41799507259
41799507057
41799507121
41799507141
41799507261
41799507088
41799507149
41799507152
41799507111
41799507301
41799507138
41799507253
41799507262
41799507170
41799507099
41799507278
41799507252
41799507242
41799507087
41799507172
41799507302
41799507274
41799507207
41799507285
41799507198
41799507229
41799507146
41799507212
41799507178
41799507222
41799507078
41799507196
41799507297
41799507185
41799507168
41799507307
41799507157
41799507322
41799507299
41799507303
41799507183
41799507265
41799507193
41799507181
41799507081
41799507219
41799507290
41799507244
41799507251
41799507311
41799507316
41799507260
41799507294
41799507277
41799507291
41799507282
41799507329
41799507341
41799507292
41799507313
41799507314
41799507103
41799507163
41799507335
41799507167
41799507245
41799507304
41799507286
41799507345
41799507382
41799507372
41799507371
41799507368
41799507377
41799507360
41799507376
41799507354
41799507363
41799507370
41799507448
41799507471
41799507635
41799507493
41799507389
41799507686
41799507410
41799507411
41799507417
41799507426
41799507450
41799507699
41799507383
41799507685
41799507479
41799507405
41799507394
41799507436
41799507473
41799507491
41799507637
41799507633
41799507673
41799507415
41799507690
41799507480
41799507501
41799507643
41799507414
41799507463
41799507431
41799507566
41799507452
41799507423
41799507385
41799507392
41799507425
41799507404
41799507505
41799507526
41799507539
41799507489
41799507574
41799507585
41799507412
41799507621
41799507422
41799507387
41799507458
41799507599
41799507679
41799507674
41799507429
41799507532
41799507446
41799507408
41799507577
41799507562
41799507440
41799507546
41799507554
41799507678
41799507558
41799507604
41799507544
41799507472
41799507520
41799507578
41799507557
41799507478
41799507636
41799507509
41799507698
41799507525
41799507470
41799507630
41799507689
41799507413
41799507564
41799507550
41799507613
41799507597
41799507537
41799507695
41799507449
41799507569
41799507590
41799507638
41799507561
41799507598
41799507582
41799507591
41799507608
41799507697
41799507593
41799507696
41799507656
41799507596
41799507687
41799507556
41799507627
41799507631
41799507559
41799507652
41799507670
41799507595
41799507579
41799507484
41799507628
41799507487
41799507659
41799507615
41799507683
41799507640
41799507486
41799507602
41799507694
41799507600
41799507646
41799507667
41799507651
41799507681
41799507680
41799507496
41799507542
41799507716
41799507701
41799507717
41799507725
41799507713
41799507705
41799507714
41799507730
41799507712
41799507719
41799507722
41799507782
41799507780
41799507785
41799507748
41799507754
41799507770
41799507746
41799507740
41799507750
41799507744
41799507758
41799507733
41799507769
41799507776
41799507775
41799507732
41799507788
41799507793
41799507767
41799507737
41799507763
41799507777
41799507779
41799507792
41799507778
41799507797
41799507820
41799507824
41799507808
41799507803
41799507812
41799507829
41799507825
41799507807
41799507804
41799507794
41799507802
41799507843
41799507809
41799507800
41799507795
41799507816
41799507818
41799507845
41799507806
41799507814
41799507836
41799507857
41799507906
41799507902
41799507909
41799507899
41799507905
41799507898
41799507890
41799507886
41799507885
41799507894
41799507854
41799507889
41799507866
41799507874
41799507887
41799507904
41799507869
41799507888
41799507892
41799507907
41799507895
41799507891
41799507927
41799507931
41799507938
41799507919
41799507969
41799507936
41799507944
41799507929
41799507958
41799507914
41799507950
41799507922
41799507935
41799507949
41799507921
41799507963
41799507918
41799507912
41799507915
41799507933
41799507961
41799507986
41799507974
41799507976
41799507982
41799507979
41799507987
41799507985
41799507990
41799507992
41799507988
41799507994
