41764825029
41764825001
41764825015
41764825028
41764825031
41764825033
41764825151
41764825069
41764825164
41764825312
41764825333
41764825034
41764825068
41764825071
41764825137
41764825285
41764825039
41764825178
41764825161
41764825070
41764825153
41764825507
41764825225
41764825162
41764825123
41764825182
41764825626
41764825319
41764825126
41764825175
41764825180
41764825198
41764825150
41764825190
41764825206
41764825320
41764825242
41764825129
41764825579
41764825211
41764825253
41764825443
41764825138
41764825272
41764825199
41764825539
41764825322
41764825709
41764825350
41764825146
41764825648
41764825134
41764825328
41764825353
41764825540
41764825052
41764825663
41764825145
41764825560
41764825599
41764825580
41764825542
41764825254
41764825715
41764825177
41764825694
41764825518
41764825515
41764825981
41764825192
41764825547
41764825358
41764825325
41764825521
41764825393
41764825652
41764825324
41764825294
41764825680
41764825779
41764825834
41764825769
41764825252
41764825520
41764825545
41764825972
41764825794
41764825583
41764825780
41764825756
41764825798
41764825901
41764825774
41764825679
41764825846
41764825444
41764825502
41764825581
41764825604
41764825659
41764825414
41764825513
41764825537
41764825784
41764825657
41764825904
41764825655
41764825382
41764825420
41764825216
41764825623
41764825585
41764825732
41764825125
41764825454
41764825853
41764825848
41764825584
41764825722
41764825656
41764825577
41764825653
41764825841
41764825699
41764825985
41764825690
41764825797
41764825908
41764825620
41764825608
41764825922
41764825889
41764825644
41764825790
41764825888
41764825636
41764825885
41764825956
41764825685
41764825717
41764825538
41764825730
41764825622
41764825776
41764825924
41764825787
41764825856
41764825842
41764825933
41764825611
41764825642
41764825509
41764825824
41764825955
41764825869
41764825726
41764825819
41764825526
41764825979
41764825802
41764825909
41764825818
41764825997
41764825870
41764825910
41764825649
41764825691
41764825852
41764825412
41764825847
41764825708
41764825929
41764825959
41764825891
41764825963
41764825887
41764825750
41764825973
41764825829
41764824000
41764824004
41764824006
41764824022
41764824025
41764824020
41764824033
41764824003
41764824032
41764824001
41764824009
41764824010
41764824031
41764824048
41764824037
41764824043
41764824095
41764824236
41764824306
41764824046
41764824052
41764824049
41764824038
41764824055
41764824067
41764824088
41764824158
41764824161
41764824154
41764824153
41764824203
41764824056
41764824111
41764824104
41764824316
41764824337
41764824083
41764824060
41764824081
41764824044
41764824036
41764824074
41764824101
41764824071
41764824063
41764824058
41764824170
41764824075
41764824149
41764824151
41764824187
41764824189
41764824181
41764824121
41764824176
41764824188
41764824363
41764824041
41764824035
41764824208
41764824288
41764824114
41764824059
41764824142
41764824082
41764824373
41764824398
41764824266
41764824512
41764824462
41764824204
41764824132
41764824563
41764824085
41764824409
41764824045
41764824224
41764824065
41764824253
41764824243
41764824380
41764824601
41764824172
41764824217
41764824408
41764824070
41764824241
41764824402
41764824097
41764824225
41764824277
41764824094
41764824454
41764824077
41764824141
41764824500
41764824602
41764824108
41764824084
41764824233
41764824194
41764824311
41764824231
41764824353
41764824333
41764824417
41764824312
41764824651
41764824334
41764824122
41764824120
41764824131
41764824163
41764824415
41764824220
41764824587
41764824701
41764824259
41764824548
41764824305
41764824318
41764824339
41764824128
41764824268
41764824486
41764824578
41764824577
41764824549
41764824296
41764824391
41764824594
41764824291
41764824202
41764824404
41764824763
41764824517
41764824814
41764824211
41764824485
41764824773
41764824531
41764824714
41764824313
41764824870
41764824420
41764824171
41764824183
41764824338
41764824784
41764824381
41764824930
41764824552
41764824469
41764824470
41764824553
41764824832
41764824659
41764824445
41764824365
41764824410
41764824182
41764824490
41764824670
41764824369
41764824620
41764824467
41764824642
41764824260
41764824421
41764824228
41764824622
41764824379
41764824247
41764824522
41764824758
41764824723
41764824495
41764824412
41764824579
41764824267
41764824731
41764824343
41764824757
41764824456
41764824560
41764824452
41764824881
41764824473
41764824884
41764824661
41764824487
41764824980
41764824388
41764824325
41764824430
41764824733
41764824251
41764824455
41764824728
41764824540
41764824465
41764824917
41764824407
41764824207
41764824321
41764824676
41764824605
41764824665
41764824401
41764824979
41764824604
41764824703
41764824755
41764824740
41764824666
41764824741
41764824590
41764824637
41764824780
41764824246
41764824694
41764824482
41764824926
41764824377
41764824672
41764824342
41764824385
41764824682
41764824515
41764824913
41764824416
41764824534
41764824828
41764824600
41764824529
41764824571
41764824781
41764824807
41764824498
41764824840
41764824609
41764824492
41764824918
41764824561
41764824574
41764824451
41764824891
41764824993
41764824959
41764824489
41764824794
41764824477
41764824754
41764824270
41764824747
41764824280
41764824854
41764824655
41764824933
41764824494
41764824778
41764824393
41764824836
41764824916
41764824535
41764824810
41764824597
41764824588
41764824972
41764824746
41764824617
41764824912
41764824841
41764824556
41764824806
41764824575
41764824692
41764824844
41764824797
41764824539
41764824833
41764824335
41764824613
41764824910
41764824545
41764824641
41764824772
41764824883
41764824658
41764824475
41764824687
41764824649
41764824855
41764824686
41764824546
41764824690
41764824453
41764824812
41764824568
41764824354
41764824793
41764824520
41764824748
41764824544
41764824850
41764824727
41764824775
41764824803
41764824875
41764824845
41764824852
41764824873
41764824984
41764824898
41764824991
41764824889
41764824444
41764824903
41764824863
41764824831
41764824440
41764824585
41764824941
41764824880
41764824811
41764824766
41764824837
41764824593
41764824710
41764824876
41764824975
41764824965
41764824982
41764824936
41764824713
41764824681
41764824911
41764824611
41764824977
41764824648
41764824764
41764824872
41764824662
41764824885
41764824900
41764824791
41764824817
41764824864
41764824890
41764826000
41764826030
41764826015
41764826020
41764826008
41764826024
41764826028
41764826016
41764826103
41764826120
41764826111
41764826117
41764826171
41764826059
41764826061
41764826107
41764826191
41764826369
41764826070
41764826154
41764826023
41764826252
41764826246
41764826116
41764826118
41764826193
41764826064
41764826312
41764826113
41764826221
41764826215
41764826080
41764826217
41764826188
41764826134
41764826133
41764826044
41764826403
41764826077
41764826316
41764826075
41764826238
41764826108
41764826145
41764826262
41764826042
41764826345
41764826185
41764826162
41764826187
41764826260
41764826130
41764826245
41764826431
41764826432
41764826666
41764826321
41764826263
41764826399
41764826569
41764826247
41764826420
41764826406
41764826121
41764826155
41764826220
41764826435
41764826338
41764826315
41764826440
41764826675
41764826446
41764826296
41764826646
41764826095
41764826346
41764826855
41764826599
41764826633
41764826129
41764826641
41764826055
41764826213
41764826160
41764826101
41764826214
41764826611
41764826335
41764826253
41764826459
41764826486
41764826084
41764826453
41764826333
41764826404
41764826311
41764826520
41764826731
41764826864
41764826240
41764826660
41764826754
41764826136
41764826555
41764826156
41764826856
41764826567
41764826650
41764826423
41764826200
41764826168
41764826407
41764826526
41764826717
41764826762
41764826282
41764826280
41764826304
41764826560
41764826143
41764826350
41764826452
41764826515
41764826624
41764826601
41764826336
41764826100
41764826412
41764826480
41764826707
41764826460
41764826959
41764826688
41764826550
41764826850
41764826179
41764826721
41764826922
41764826356
41764826325
41764826805
41764826494
41764826122
41764826562
41764826800
41764826610
41764826283
41764826603
41764826457
41764826773
41764826669
41764826606
41764826912
41764826743
41764826284
41764826867
41764826966
41764826932
41764826500
41764826450
41764826645
41764826368
41764826261
41764826518
41764826699
41764826487
41764826602
41764826501
41764826210
41764826678
41764826510
41764826781
41764826952
41764826228
41764826525
41764826588
41764826592
41764826813
41764826339
41764826770
41764826558
41764826655
41764826563
41764826810
41764826714
41764826653
41764826561
41764826218
41764826505
41764826288
41764826629
41764826331
41764826747
41764826886
41764826910
41764826892
41764826640
41764826970
41764826642
41764826979
41764826652
41764826711
41764826948
41764826568
41764826691
41764826607
41764826506
41764826950
41764826491
41764826836
41764826690
41764826768
41764826889
41764826887
41764826700
41764826820
41764826751
41764826511
41764826865
41764826444
41764826689
41764826258
41764826796
41764826960
41764826593
41764826993
41764826789
41764826941
41764826740
41764826798
41764826888
41764826755
41764826997
41764826994
41764826992
41764826767
41764826935
41764826975
41764826977
41764826466
41764826623
41764826522
41764826559
41764820002
41764820006
41764820011
41764820014
41764820019
41764820013
41764820028
41764820024
41764820005
41764820009
41764820022
41764820033
41764820010
41764820021
41764820008
41764820018
41764820031
41764820012
41764820231
41764820039
41764820044
41764820047
41764820082
41764820083
41764820106
41764820133
41764820135
41764820332
41764820166
41764820204
41764820216
41764820262
41764820043
41764820066
41764820041
41764820051
41764820115
41764820172
41764820161
41764820065
41764820173
41764820045
41764820153
41764820138
41764820073
41764820215
41764820258
41764820126
41764820092
41764820110
41764820155
41764820069
41764820068
41764820142
41764820042
41764820093
41764820189
41764820050
41764820179
41764820054
41764820164
41764820217
41764820168
41764820174
41764820607
41764820282
41764820226
41764820281
41764820130
41764820076
41764820303
41764820128
41764820086
41764820328
41764820078
41764820114
41764820089
41764820214
41764820124
41764820072
41764820035
41764820048
41764820188
41764820370
41764820046
41764820075
41764820136
41764820286
41764820120
41764820177
41764820127
41764820116
41764820147
41764820141
41764820379
41764820238
41764820438
41764820620
41764820405
41764820156
41764820316
41764820163
41764820269
41764820334
41764820176
41764820417
41764820100
41764820159
41764820280
41764820107
41764820192
41764820526
41764820308
41764820175
41764820053
41764820150
41764820708
41764820567
41764820252
41764820205
41764820410
41764820478
41764820330
41764820271
41764820707
41764820191
41764820109
41764820134
41764820118
41764820185
41764820358
41764820421
41764820509
41764820206
41764820210
41764820183
41764820095
41764820197
41764820230
41764820500
41764820260
41764820108
41764820327
41764820157
41764820209
41764820373
41764820535
41764820302
41764820484
41764820319
41764820689
41764820139
41764820399
41764820411
41764820667
41764820385
41764820220
41764820348
41764820244
41764820469
41764820187
41764820287
41764820609
41764820178
41764820240
41764820329
41764820504
41764820311
41764820434
41764820624
41764820336
41764820195
41764820513
41764820671
41764820554
41764820475
41764820966
41764820650
41764820845
41764820529
41764820457
41764820290
41764820292
41764820318
41764820227
41764820119
41764820397
41764820398
41764820807
41764820564
41764820158
41764820622
41764820102
41764820570
41764820681
41764820600
41764820229
41764820261
41764820831
41764820598
41764820862
41764820452
41764820705
41764820414
41764820606
41764820419
41764820337
41764820769
41764820731
41764820616
41764820460
41764820415
41764820809
41764820767
41764820181
41764820320
41764820429
41764820190
41764820201
41764820950
41764820706
41764820887
41764820975
41764820480
41764820306
41764820196
41764820101
41764820578
41764820144
41764820245
41764820255
41764820580
41764820277
41764820374
41764820489
41764820359
41764820732
41764820325
41764820865
41764820581
41764820424
41764820331
41764820955
41764820310
41764820520
41764820974
41764820440
41764820618
41764820534
41764820232
41764820413
41764820363
41764820603
41764820453
41764820428
41764820587
41764820608
41764820610
41764820299
41764820738
41764820718
41764820257
41764820760
41764820365
41764820544
41764820324
41764820416
41764820407
41764820223
41764820423
41764820487
41764820477
41764820712
41764820604
41764820402
41764820409
41764820467
41764820725
41764820219
41764820408
41764820994
41764820468
41764820857
41764820378
41764820476
41764820243
41764820710
41764820225
41764820757
41764820523
41764820569
41764820945
41764820661
41764820551
41764820711
41764820864
41764820669
41764820367
41764820700
41764820684
41764820531
41764820430
41764820796
41764820524
41764820677
41764820790
41764820826
41764820886
41764820406
41764820599
41764820473
41764820676
41764820540
41764820536
41764820443
41764820621
41764820521
41764820482
41764820366
41764820878
41764820726
41764820493
41764820543
41764820740
41764820333
41764820958
41764820942
41764820323
41764820275
41764820497
41764820645
41764820499
41764820778
41764820511
41764820505
41764820832
41764820431
41764820800
41764820488
41764820259
41764820590
41764820956
41764820542
41764820611
41764820785
41764820699
41764820375
41764820890
41764820619
41764820813
41764820640
41764820623
41764820617
41764820642
41764820663
41764820881
41764820801
41764820848
41764820464
41764820888
41764820519
41764820685
41764820939
41764820986
41764820555
41764820528
41764820980
41764820716
41764820556
41764820714
41764820797
41764820750
41764820930
41764820506
41764820627
41764820539
41764820442
41764820648
41764820615
41764820612
41764820656
41764820850
41764820709
41764820827
41764820783
41764820823
41764820915
41764820766
41764820702
41764820982
41764820804
41764820792
41764820595
41764820387
41764820552
41764820629
41764820698
41764820868
41764820502
41764820948
41764820459
41764820819
41764820984
41764820877
41764820720
41764820902
41764820756
41764820628
41764820946
41764820582
41764820896
41764820838
41764820805
41764820997
41764820811
41764820810
41764820908
41764820695
41764820843
41764820770
41764820910
41764820525
41764820959
41764820693
41764820779
41764820941
41764820889
41764820602
41764820909
41764820530
41764820936
41764820715
41764820722
41764820978
41764820841
41764820596
41764820762
41764820969
41764820772
41764820979
41764820794
41764820802
41764820568
41764820924
41764820721
41764820727
41764820688
41764820815
41764820577
41764820963
41764820996
41764820899
41764820876
41764820885
41764820665
41764820925
41764820803
41764820906
41764829000
41764829004
41764829030
41764829024
41764829027
41764829031
41764829009
41764829016
41764829107
41764829188
41764829055
41764829070
41764829155
41764829111
41764829202
41764829057
41764829104
41764829159
41764829369
41764829050
41764829069
41764829100
41764829121
41764829058
41764829097
41764829222
41764829040
41764829090
41764829076
41764829099
41764829141
41764829322
41764829234
41764829190
41764829228
41764829134
41764829114
41764829310
41764829338
41764829144
41764829401
41764829145
41764829146
41764829056
41764829244
41764829119
41764829154
41764829187
41764829402
41764829191
41764829164
41764829662
41764829325
41764829211
41764829235
41764829299
41764829313
41764829403
41764829430
41764829416
41764829184
41764829397
41764829442
41764829074
41764829705
41764829167
41764829388
41764829265
41764829118
41764829298
41764829297
41764829466
41764829158
41764829374
41764829212
41764829431
41764829409
41764829414
41764829203
41764829440
41764829411
41764829884
41764829312
41764829208
41764829433
41764829135
41764829227
41764829112
41764829443
41764829476
41764829109
41764829120
41764829707
41764829324
41764829856
41764829365
41764829464
41764829439
41764829473
41764829195
41764829674
41764829481
41764829480
41764829461
41764829465
41764829225
41764829179
41764829419
41764829677
41764829797
41764829727
41764829487
41764829495
41764829940
41764829181
41764829474
41764829494
41764829613
41764829882
41764829295
41764829353
41764829923
41764829927
41764829404
41764829757
41764829499
41764829744
41764829676
41764829673
41764829724
41764829625
41764829993
41764829425
41764829406
41764829747
41764829939
41764829660
41764829453
41764829881
41764829880
41764829452
41764829796
41764829723
41764829671
41764829776
41764829865
41764829742
41764829989
41764829739
41764829748
41764829728
41764829792
41764829779
41764829872
41764823000
41764823014
41764823001
41764823019
41764823032
41764823002
41764823012
41764823003
41764823027
41764823010
41764823016
41764823005
41764823008
41764823004
41764823033
41764823052
41764823092
41764823105
41764823030
41764823141
41764823029
41764823034
41764823056
41764823071
41764823125
41764823122
41764823110
41764823075
41764823160
41764823111
41764823193
41764823188
41764823233
41764823215
41764823066
41764823185
41764823104
41764823223
41764823065
41764823186
41764823038
41764823170
41764823091
41764823037
41764823059
41764823130
41764823283
41764823373
41764823132
41764823399
41764823067
41764823454
41764823047
41764823077
41764823355
41764823123
41764823055
41764823171
41764823161
41764823068
41764823270
41764823057
41764823048
41764823392
41764823150
41764823333
41764823039
41764823220
41764823295
41764823264
41764823109
41764823074
41764823049
41764823353
41764823255
41764823157
41764823368
41764823205
41764823338
41764823364
41764823522
41764823140
41764823187
41764823436
41764823362
41764823360
41764823164
41764823390
41764823313
41764823310
41764823101
41764823545
41764823245
41764823513
41764823260
41764823296
41764823499
41764823292
41764823465
41764823227
41764823571
41764823118
41764823266
41764823357
41764823274
41764823265
41764823183
41764823311
41764823151
41764823321
41764823336
41764823102
41764823434
41764823602
41764823474
41764823236
41764823981
41764823108
41764823433
41764823986
41764823225
41764823142
41764823910
41764823422
41764823287
41764823103
41764823063
41764823605
41764823247
41764823331
41764823900
41764823173
41764823081
41764823535
41764823497
41764823358
41764823393
41764823976
41764823391
41764823322
41764823300
41764823221
41764823491
41764823747
41764823467
41764823285
41764823380
41764823626
41764823418
41764823808
41764823865
41764823750
41764823121
41764823665
41764823582
41764823325
41764823518
41764823532
41764823414
41764823560
41764823694
41764823396
41764823304
41764823320
41764823486
41764823253
41764823302
41764823528
41764823933
41764823677
41764823700
41764823540
41764823409
41764823536
41764823711
41764823917
41764823267
41764823520
41764823770
41764823168
41764823752
41764823332
41764823272
41764823608
41764823686
41764823156
41764823214
41764823541
41764823651
41764823836
41764823424
41764823640
41764823599
41764823534
41764823997
41764823435
41764823761
41764823833
41764823734
41764823563
41764823639
41764823690
41764823713
41764823666
41764823964
41764823725
41764823479
41764823831
41764823337
41764823191
41764823840
41764823282
41764823347
41764823544
41764823995
41764823604
41764823613
41764823774
41764823737
41764823158
41764823673
41764823762
41764823301
41764823844
41764823275
41764823323
41764823455
41764823475
41764823500
41764823648
41764823346
41764823555
41764823679
41764823886
41764823825
41764823530
41764823866
41764823623
41764823720
41764823598
41764823977
41764823527
41764823445
41764823787
41764823583
41764823947
41764823797
41764823882
41764823881
41764823580
41764823372
41764823653
41764823632
41764823949
41764823716
41764823377
41764823554
41764823880
41764823659
41764823929
41764823777
41764823628
41764823502
41764823548
41764823508
41764823366
41764823568
41764823755
41764823291
41764823703
41764823293
41764823870
41764823985
41764823511
41764823503
41764823975
41764823687
41764823590
41764823553
41764823805
41764823451
41764823915
41764823763
41764823940
41764823630
41764823611
41764823603
41764823661
41764823757
41764823930
41764823904
41764823585
41764823901
41764823889
41764823978
41764823775
41764823759
41764823854
41764823794
41764823909
41764823516
41764823760
41764823938
41764823556
41764823799
41764823403
41764823839
41764823484
41764823779
41764823654
41764823696
41764823867
41764823834
41764823969
41764823515
41764823932
41764823733
41764823893
41764823743
41764823697
41764823941
41764823894
41764823959
41764823942
41764823974
41764823646
41764823517
41764823935
41764823559
41764823827
41764823872
41764823766
41764823829
41764823903
41764823635
41764823633
41764823675
41764823899
41764823895
41764823650
41764823717
41764823934
41764823905
41764823692
41764823966
41764823818
41764823876
41764823984
41764823790
41764823908
41764823992
41764823699
41764823884
41764823922
41764821003
41764821025
41764821032
41764821002
41764821015
41764821024
41764821027
41764821001
41764821008
41764821007
41764821012
41764821029
41764821026
41764821011
41764821020
41764821005
41764821018
41764821016
41764821013
41764821017
41764821009
41764821039
41764821063
41764821021
41764821068
41764821083
41764821095
41764821028
41764821082
41764821091
41764821201
41764821217
41764821142
41764821238
41764821197
41764821266
41764821286
41764821334
41764821088
41764821033
41764821087
41764821067
41764821096
41764821065
41764821301
41764821047
41764821110
41764821155
41764821185
41764821041
41764821213
41764821040
41764821056
41764821060
41764821211
41764821331
41764821073
41764821191
41764821058
41764821053
41764821442
41764821109
41764821249
41764821171
41764821190
41764821371
41764821120
41764821156
41764821521
41764821267
41764821050
41764821084
41764821103
41764821382
41764821343
41764821204
41764821241
41764821416
41764821200
41764821620
41764821516
41764821137
41764821500
41764821085
41764821255
41764821353
41764821121
41764821354
41764821038
41764821216
41764821093
41764821240
41764821508
41764821071
41764821206
41764821609
41764821419
41764821135
41764821281
41764821176
41764821760
41764821557
41764821303
41764821218
41764821843
41764821443
41764821430
41764821309
41764821434
41764821288
41764821162
41764821313
41764821400
41764821108
41764821790
41764821101
41764821362
41764821258
41764821306
41764821375
41764821754
41764821395
41764821646
41764821622
41764821144
41764821186
41764821126
41764821277
41764821131
41764821076
41764821152
41764821317
41764821399
41764821209
41764821759
41764821165
41764821077
41764821536
41764821315
41764821166
41764821454
41764821123
41764821132
41764821314
41764821511
41764821145
41764821189
41764821154
41764821702
41764821615
41764821307
41764821404
41764821807
41764821228
41764821597
41764821591
41764821323
41764821414
41764821086
41764821611
41764821182
41764821694
41764821472
41764821355
41764821130
41764821746
41764821297
41764821230
41764821339
41764821518
41764821220
41764821384
41764821627
41764821506
41764821350
41764821738
41764821290
41764821608
41764821560
41764821708
41764821771
41764821928
41764821663
41764821526
41764821950
41764821243
41764821499
41764821681
41764821225
41764821711
41764821212
41764821159
41764821327
41764821248
41764821539
41764821264
41764821922
41764821692
41764821473
41764821221
41764821305
41764821528
41764821424
41764821793
41764821401
41764821364
41764821257
41764821545
41764821219
41764821949
41764821205
41764821861
41764821512
41764821376
41764821628
41764821234
41764821637
41764821842
41764821196
41764821632
41764821392
41764821432
41764821558
41764821601
41764821388
41764821700
41764821413
41764821899
41764821409
41764821422
41764821616
41764821415
41764821967
41764821245
41764821979
41764821757
41764821482
41764821943
41764821903
41764821657
41764821689
41764821834
41764821744
41764821551
41764821310
41764821913
41764821722
41764821488
41764821263
41764821720
41764821644
41764821423
41764821373
41764821411
41764821555
41764821441
41764821233
41764821983
41764821326
41764821283
41764821809
41764821570
41764821916
41764821890
41764821763
41764821693
41764821374
41764821607
41764821673
41764821780
41764821425
41764821716
41764821784
41764821559
41764821407
41764821215
41764821709
41764821672
41764821875
41764821630
41764821495
41764821883
41764821755
41764821532
41764821438
41764821656
41764821909
41764821187
41764821801
41764821676
41764821743
41764821459
41764821957
41764821379
41764821751
41764821828
41764821820
41764821623
41764821447
41764821965
41764821613
41764821476
41764821878
41764821935
41764821435
41764821766
41764821869
41764821509
41764821550
41764821774
41764821304
41764821347
41764821592
41764821867
41764821503
41764821617
41764821803
41764821969
41764821951
41764821574
41764821385
41764821538
41764821686
41764821810
41764821276
41764821804
41764821386
41764821453
41764821501
41764821370
41764821429
41764821360
41764821600
41764821701
41764821478
41764821603
41764821753
41764821821
41764821902
41764821721
41764821712
41764821862
41764821770
41764821724
41764821695
41764821805
41764821964
41764821977
41764821706
41764821747
41764821544
41764821707
41764821561
41764821739
41764821710
41764821369
41764821917
41764821513
41764821991
41764821585
41764821962
41764821602
41764821905
41764821756
41764821207
41764821684
41764821688
41764821665
41764821786
41764821919
41764821643
41764821982
41764821492
41764821958
41764821918
41764821420
41764821294
41764821980
41764821299
41764821788
41764821841
41764821994
41764821577
41764821989
41764821971
41764821815
41764821892
41764821798
41764821703
41764821352
41764821946
41764821750
41764821682
41764821715
41764821683
41764821961
41764821906
41764821908
41764821537
41764821553
41764821981
41764821826
41764821876
41764821830
41764821773
41764821992
41764821377
41764821762
41764821800
41764821740
41764821956
41764821973
41764821945
41764821723
41764821594
41764821802
41764821985
41764821851
41764821920
41764821914
41764821717
41764821529
41764821993
41764821564
41764821888
41764821926
41764821886
41764821718
41764821831
41764821893
41764821911
41764821968
41764822000
41764822002
41764822011
41764822001
41764822003
41764822007
41764822020
41764822024
41764822005
41764822028
41764822016
41764822009
41764822014
41764822008
41764822018
41764822030
41764822012
41764822098
41764822036
41764822037
41764822063
41764822121
41764822087
41764822114
41764822117
41764822193
41764822197
41764822171
41764822041
41764822181
41764822093
41764822207
41764822084
41764822049
41764822070
41764822196
41764822156
41764822035
41764822079
41764822190
41764822138
41764822047
41764822057
41764822266
41764822164
41764822192
41764822214
41764822126
41764822235
41764822370
41764822232
41764822094
41764822362
41764822210
41764822127
41764822233
41764822288
41764822422
41764822069
41764822490
41764822274
41764822326
41764822333
41764822290
41764822162
41764822080
41764822302
41764822045
41764822255
41764822160
41764822168
41764822202
41764822115
41764822579
41764822188
41764822089
41764822107
41764822116
41764822112
41764822308
41764822120
41764822312
41764822284
41764822398
41764822372
41764822044
41764822316
41764822571
41764822217
41764822223
41764822204
41764822064
41764822203
41764822499
41764822201
41764822099
41764822104
41764822342
41764822096
41764822840
41764822140
41764822532
41764822426
41764822311
41764822307
41764822604
41764822139
41764822273
41764822238
41764822102
41764822386
41764822085
41764822186
41764822465
41764822382
41764822143
41764822811
41764822806
41764822442
41764822318
41764822488
41764822066
41764822278
41764822122
41764822150
41764822101
41764822330
41764822421
41764822410
41764822459
41764822344
41764822325
41764822264
41764822306
41764822310
41764822285
41764822243
41764822503
41764822565
41764822276
41764822118
41764822353
41764822131
41764822100
41764822721
41764822309
41764822241
41764822675
41764822825
41764822209
41764822267
41764822250
41764822525
41764822147
41764822884
41764822397
41764822323
41764822402
41764822071
41764822478
41764822404
41764822707
41764822314
41764822365
41764822543
41764822152
41764822177
41764822873
41764822170
41764822941
41764822606
41764822194
41764822945
41764822403
41764822110
41764822696
41764822376
41764822187
41764822205
41764822494
41764822141
41764822874
41764822269
41764822336
41764822374
41764822262
41764822537
41764822828
41764822557
41764822550
41764822500
41764822148
41764822332
41764822291
41764822206
41764822335
41764822591
41764822609
41764822920
41764822507
41764822434
41764822572
41764822412
41764822321
41764822320
41764822324
41764822327
41764822234
41764822345
41764822464
41764822482
41764822388
41764822174
41764822627
41764822556
41764822805
41764822782
41764822967
41764822911
41764822407
41764822705
41764822777
41764822433
41764822738
41764822258
41764822208
41764822581
41764822367
41764822172
41764822387
41764822876
41764822297
41764822289
41764822903
41764822991
41764822356
41764822491
41764822504
41764822418
41764822423
41764822763
41764822914
41764822724
41764822270
41764822161
41764822371
41764822712
41764822296
41764822567
41764822460
41764822212
41764822533
41764822468
41764822378
41764822662
41764822384
41764822739
41764822536
41764822383
41764822708
41764822882
41764822103
41764822588
41764822969
41764822430
41764822261
41764822689
41764822523
41764822747
41764822286
41764822778
41764822632
41764822635
41764822180
41764822558
41764822892
41764822281
41764822516
41764822088
41764822725
41764822612
41764822676
41764822441
41764822648
41764822780
41764822771
41764822815
41764822891
41764822729
41764822628
41764822847
41764822510
41764822340
41764822393
41764822305
41764822607
41764822399
41764822642
41764822646
41764822732
41764822655
41764822277
41764822864
41764822907
41764822835
41764822799
41764822772
41764822916
41764822948
41764822774
41764822492
41764822590
41764822427
41764822534
41764822445
41764822483
41764822657
41764822448
41764822949
41764822757
41764822528
41764822726
41764822809
41764822501
41764822396
41764822855
41764822626
41764822764
41764822406
41764822699
41764822730
41764822637
41764822583
41764822566
41764822416
41764822818
41764822760
41764822808
41764822786
41764822785
41764822511
41764822677
41764822484
41764822817
41764822844
41764822928
41764822918
41764822869
41764822742
41764822618
41764822957
41764822841
41764822751
41764822755
41764822765
41764822823
41764822977
41764822737
41764822513
41764822535
41764822540
41764822910
41764822544
41764822972
41764822506
41764822880
41764822898
41764822656
41764822444
41764822670
41764822900
41764822509
41764822995
41764822688
41764822886
41764822531
41764822827
41764822629
41764822547
41764822775
41764822980
41764822595
41764822922
41764822812
41764822515
41764822644
41764822666
41764822944
41764822976
41764822947
41764822909
41764822702
41764822953
41764822741
41764822960
41764822695
41764822610
41764822709
41764822996
41764822700
41764822781
41764822988
41764822919
41764822596
41764822897
41764822560
41764822549
41764822843
41764822672
41764822746
41764822929
41764822762
41764822722
41764822917
41764822601
41764822710
41764822753
41764822719
41764822754
41764822832
41764822770
41764822846
41764822979
41764822830
41764822800
41764822820
41764822908
41764822779
41764822804
41764822877
41764822888
41764822954
41764822901
41764822870
41764822927
41764822968
41764822950
41764822921
41764822940
41764822993
41764822795
41764822850
41764822865
41764828009
41764828027
41764828012
41764828018
41764828020
41764828022
41764828007
41764828028
41764828008
41764828050
41764828223
41764828104
41764828112
41764828111
41764828187
41764828219
41764828211
41764828059
41764828081
41764828063
41764828236
41764828102
41764828051
41764828228
41764828152
41764828153
41764828053
41764828065
41764828061
41764828118
41764828162
41764828139
41764828207
41764828060
41764828232
41764828288
41764828287
41764828142
41764828088
41764828120
41764828083
41764828410
41764828082
41764828243
41764828457
41764828247
41764828078
41764828275
41764828224
41764828117
41764828164
41764828131
41764828126
41764828161
41764828148
41764828201
41764828242
41764828235
41764828296
41764828273
41764828411
41764828230
41764828186
41764828190
41764828099
41764828304
41764828188
41764828202
41764828272
41764828422
41764828249
41764828353
41764828157
41764828140
41764828116
41764828316
41764828206
41764828317
41764828395
41764828283
41764828208
41764828306
41764828192
41764828447
41764828441
41764828475
41764828085
41764828132
41764828121
41764828412
41764828119
41764828380
41764828485
41764828575
41764828421
41764828589
41764828429
41764828289
41764828278
41764828181
41764828630
41764828284
41764828183
41764828483
41764828517
41764828691
41764828399
41764828234
41764828439
41764828671
41764828527
41764828128
41764828293
41764828660
41764828558
41764828768
41764828408
41764828398
41764828294
41764828124
41764828173
41764828668
41764828404
41764828562
41764828184
41764828721
41764828627
41764828449
41764828836
41764828402
41764828295
41764828490
41764828424
41764828559
41764828440
41764828518
41764828730
41764828677
41764828464
41764828221
41764828752
41764828328
41764828759
41764828747
41764828684
41764828588
41764828902
41764828417
41764828595
41764828799
41764828867
41764828486
41764828900
41764828414
41764828470
41764828419
41764828773
41764828297
41764828505
41764828246
41764828472
41764828953
41764828740
41764828584
41764828352
41764828606
41764828474
41764828244
41764828911
41764828822
41764828848
41764828703
41764828903
41764828524
41764828533
41764828857
41764828685
41764828576
41764828222
41764828723
41764828765
41764828615
41764828654
41764828605
41764828261
41764828766
41764828843
41764828831
41764828792
41764828700
41764828930
41764828547
41764828708
41764828801
41764828571
41764828401
41764828964
41764828530
41764828952
41764828538
41764828906
41764828676
41764828166
41764828806
41764828734
41764828200
41764828849
41764828979
41764828347
41764828508
41764828790
41764828980
41764828276
41764828938
41764828405
41764828750
41764828733
41764828597
41764828948
41764828885
41764828611
41764828957
41764828732
41764828985
41764828824
41764828851
41764828416
41764828991
41764828587
41764828908
41764828881
41764828680
41764828763
41764828710
41764828922
41764828600
41764828868
41764828901
41764828614
41764828814
41764828383
41764828897
41764828983
41764828690
41764828642
41764828782
41764828400
41764828886
41764828884
41764828892
41764828820
41764828644
41764828494
41764828840
41764828838
41764828819
41764828758
41764828619
41764828874
41764828762
41764828923
41764828967
41764828860
41764828889
41764828944
41764828681
41764828837
41764828729
41764828882
41764828724
41764828960
41764828805
41764828815
41764828566
41764828748
41764828909
41764828772
41764828767
41764828776
41764828989
41764828920
41764827005
41764827009
41764827011
41764827007
41764827020
41764827017
41764827025
41764827027
41764827022
41764827032
41764827113
41764827056
41764827046
41764827050
41764827200
41764827101
41764827127
41764827132
41764827274
41764827082
41764827080
41764827038
41764827052
41764827091
41764827130
41764827107
41764827053
41764827111
41764827105
41764827185
41764827172
41764827071
41764827183
41764827075
41764827077
41764827100
41764827045
41764827118
41764827174
41764827104
41764827181
41764827205
41764827273
41764827207
41764827180
41764827206
41764827117
41764827065
41764827179
41764827125
41764827088
41764827098
41764827083
41764827280
41764827143
41764827250
41764827178
41764827164
41764827090
41764827245
41764827215
41764827212
41764827070
41764827197
41764827191
41764827334
41764827242
41764827223
41764827278
41764827251
41764827086
41764827168
41764827316
41764827078
41764827279
41764827286
41764827217
41764827225
41764827097
41764827332
41764827126
41764827129
41764827145
41764827220
41764827288
41764827310
41764827336
41764827269
41764827297
41764827167
41764827267
41764827348
41764827340
41764827284
41764827302
41764827261
41764827239
41764827305
41764827299
41764827350
41764827277
41764827342
41764827377
41764827375
41764827371
41764827353
41764827373
41764827357
41764827384
41764827401
41764827411
41764827415
41764827473
41764827580
41764827403
41764827412
41764827462
41764827487
41764827535
41764827499
41764827536
41764827685
41764827693
41764827572
41764827630
41764827483
41764827431
41764827636
41764827468
41764827437
41764827417
41764827522
41764827509
41764827513
41764827494
41764827484
41764827548
41764827613
41764827637
41764827464
41764827625
41764827496
41764827564
41764827455
41764827667
41764827500
41764827686
41764827631
41764827659
41764827544
41764827677
41764827569
41764827542
41764827652
41764827638
41764827471
41764827434
41764827419
41764827676
41764827597
41764827555
41764827531
41764827584
41764827670
41764827481
41764827581
41764827550
41764827621
41764827678
41764827505
41764827674
41764827574
41764827680
41764827650
41764827600
41764827474
41764827641
41764827582
41764827639
41764827490
41764827553
41764827699
41764827588
41764827596
41764827656
41764827721
41764827750
41764827744
41764827743
41764827760
41764827711
41764827759
41764827718
41764827758
41764827755
41764827700
41764827706
41764827754
41764827720
41764827749
41764827723
41764827722
41764827765
41764827762
41764827800
41764827781
41764827779
41764827783
41764827804
41764827786
41764827789
41764827773
41764827772
41764827780
41764827814
41764827794
41764827821
41764827788
41764827880
41764827831
41764827833
41764827837
41764827870
41764827871
41764827838
41764827874
41764827878
41764827834
41764827873
41764827863
41764827900
41764827907
41764827920
41764827909
41764827888
41764827895
41764827911
41764827901
41764827931
41764827948
41764827889
41764827883
41764827938
41764827894
41764827930
41764827940
41764827954
41764827921
41764827890
41764827939
41764827941
41764827887
41764827978
41764827995
41764827992
41764827997
41764827971
41764827976
41764827989
41764827999
