41798345000
41798345011
41798345007
41798345013
41798345027
41798345030
41798345032
41798345018
41798345003
41798345025
41798345019
41798345024
41798345028
41798345015
41798345107
41798345141
41798345012
41798345033
41798345110
41798345065
41798345128
41798345100
41798345053
41798345121
41798345147
41798345111
41798345138
41798345038
41798345177
41798345140
41798345086
41798345223
41798345211
41798345221
41798345099
41798345045
41798345169
41798345049
41798345265
41798345064
41798345051
41798345449
41798345152
41798345145
41798345132
41798345073
41798345205
41798345075
41798345076
41798345338
41798345155
41798345191
41798345077
41798345127
41798345036
41798345108
41798345052
41798345056
41798345048
41798345463
41798345072
41798345082
41798345207
41798345162
41798345164
41798345186
41798345136
41798345150
41798345204
41798345039
41798345280
41798345175
41798345037
41798345349
41798345071
41798345225
41798345092
41798345360
41798345256
41798345249
41798345144
41798345103
41798345290
41798345515
41798345346
41798345208
41798345313
41798345148
41798345244
41798345253
41798345034
41798345282
41798345083
41798345089
41798345243
41798345433
41798345115
41798345201
41798345457
41798345401
41798345157
41798345159
41798345354
41798345361
41798345527
41798345580
41798345167
41798345482
41798345102
41798345087
41798345430
41798345305
41798345267
41798345236
41798345206
41798345181
41798345226
41798345202
41798345909
41798345264
41798345477
41798345484
41798345163
41798345133
41798345519
41798345696
41798345464
41798345106
41798345441
41798345422
41798345239
41798345187
41798345259
41798345303
41798345277
41798345235
41798345289
41798345453
41798345322
41798345436
41798345443
41798345642
41798345408
41798345047
41798345228
41798345258
41798345643
41798345173
41798345288
41798345176
41798345269
41798345418
41798345337
41798345524
41798345751
41798345504
41798345555
41798345329
41798345335
41798345146
41798345481
41798345332
41798345833
41798345439
41798345234
41798345143
41798345215
41798345117
41798345387
41798345525
41798345506
41798345114
41798345369
41798345068
41798345411
41798345285
41798345229
41798345123
41798345090
41798345523
41798345613
41798345180
41798345432
41798345510
41798345362
41798345468
41798345300
41798345563
41798345729
41798345350
41798345651
41798345693
41798345283
41798345683
41798345474
41798345658
41798345614
41798345660
41798345666
41798345192
41798345393
41798345251
41798345758
41798345573
41798345380
41798345403
41798345647
41798345255
41798345715
41798345330
41798345755
41798345747
41798345492
41798345284
41798345529
41798345376
41798345571
41798345310
41798345904
41798345725
41798345530
41798345550
41798345490
41798345275
41798345618
41798345707
41798345421
41798345561
41798345344
41798345616
41798345738
41798345742
41798345526
41798345950
41798345778
41798345845
41798345473
41798345194
41798345377
41798345299
41798345465
41798345498
41798345351
41798345509
41798345667
41798345842
41798345566
41798345609
41798345434
41798345727
41798345713
41798345875
41798345352
41798345306
41798345317
41798345471
41798345069
41798345262
41798345674
41798345587
41798345435
41798345535
41798345497
41798345777
41798345763
41798345819
41798345505
41798345607
41798345554
41798345588
41798345657
41798345582
41798345746
41798345447
41798345404
41798345445
41798345203
41798345367
41798345544
41798345511
41798345633
41798345828
41798345854
41798345906
41798345700
41798345963
41798345980
41798345268
41798345578
41798345641
41798345785
41798345599
41798345803
41798345685
41798345698
41798345600
41798345516
41798345832
41798345581
41798345659
41798345562
41798345671
41798345731
41798345543
41798345384
41798345495
41798345649
41798345776
41798345444
41798345654
41798345710
41798345564
41798345547
41798345619
41798345291
41798345675
41798345709
41798345615
41798345592
41798345590
41798345531
41798345901
41798345720
41798345548
41798345855
41798345771
41798345718
41798345682
41798345737
41798345912
41798345426
41798345870
41798345826
41798345665
41798345788
41798345724
41798345752
41798345838
41798345699
41798345486
41798345769
41798345605
41798345556
41798345161
41798345947
41798345907
41798345736
41798345970
41798345491
41798345652
41798345488
41798345483
41798345859
41798345629
41798345512
41798345960
41798345636
41798345679
41798345415
41798345596
41798345673
41798345849
41798345546
41798345739
41798345861
41798345830
41798345783
41798345884
41798345728
41798345708
41798345586
41798345862
41798345704
41798345508
41798345692
41798345973
41798345885
41798345853
41798345688
41798345898
41798345880
41798345533
41798345974
41798345695
41798345608
41798345892
41798345598
41798345589
41798345638
41798345743
41798345834
41798345839
41798345843
41798345577
41798345992
41798345951
41798345940
41798345791
41798345939
41798345813
41798345681
41798345646
41798345678
41798345850
41798345886
41798345513
41798345926
41798345730
41798345971
41798345706
41798345997
41798345823
41798345900
41798345786
41798345848
41798345795
41798345968
41798345540
41798345719
41798345768
41798345748
41798345961
41798345982
41798345937
41798345787
41798345400
41798345680
41798345930
41798345793
41798345174
41798345792
41798345663
41798345978
41798345894
41798345395
41798345772
41798344008
41798344002
41798344003
41798344029
41798344023
41798344004
41798344018
41798344014
41798344048
41798344125
41798344208
41798344065
41798344070
41798344056
41798344061
41798344104
41798344152
41798344050
41798344046
41798344150
41798344101
41798344113
41798344115
41798344120
41798344133
41798344058
41798344128
41798344138
41798344155
41798344193
41798344206
41798344060
41798344083
41798344214
41798344047
41798344116
41798344059
41798344243
41798344071
41798344114
41798344187
41798344145
41798344283
41798344054
41798344179
41798344110
41798344235
41798344143
41798344276
41798344080
41798344089
41798344053
41798344063
41798344250
41798344245
41798344232
41798344084
41798344139
41798344091
41798344154
41798344097
41798344134
41798344347
41798344180
41798344311
41798344129
41798344316
41798344111
41798344230
41798344090
41798344165
41798344151
41798344252
41798344086
41798344081
41798344203
41798344213
41798344171
41798344281
41798344075
41798344099
41798344117
41798344306
41798344164
41798344244
41798344334
41798344183
41798344131
41798344275
41798344323
41798344263
41798344288
41798344253
41798344248
41798344289
41798344338
41798344215
41798344342
41798344127
41798344336
41798344231
41798344190
41798344261
41798344238
41798344166
41798344122
41798344335
41798344170
41798344282
41798344107
41798344209
41798344098
41798344102
41798344340
41798344269
41798344200
41798344224
41798344220
41798344313
41798344087
41798344108
41798344303
41798344176
41798344258
41798344168
41798344247
41798344210
41798344163
41798344223
41798344326
41798344147
41798344272
41798344278
41798344217
41798344333
41798344202
41798344118
41798344181
41798344067
41798344186
41798344228
41798344174
41798344328
41798344284
41798344219
41798344268
41798344286
41798344280
41798344312
41798344332
41798344353
41798344368
41798344369
41798344354
41798344352
41798344361
41798344382
41798344373
41798344381
41798344357
41798344359
41798344371
41798344380
41798344405
41798344401
41798344394
41798344432
41798344475
41798344491
41798344477
41798344400
41798344483
41798344428
41798344480
41798344461
41798344479
41798344433
41798344407
41798344518
41798344412
41798344551
41798344653
41798344451
41798344463
41798344446
41798344426
41798344490
41798344449
41798344462
41798344489
41798344421
41798344419
41798344492
41798344529
41798344688
41798344517
41798344390
41798344633
41798344418
41798344403
41798344399
41798344458
41798344631
41798344514
41798344530
41798344603
41798344510
41798344507
41798344404
41798344410
41798344389
41798344434
41798344690
41798344452
41798344388
41798344435
41798344598
41798344590
41798344627
41798344464
41798344524
41798344572
41798344534
41798344630
41798344487
41798344569
41798344593
41798344570
41798344592
41798344600
41798344499
41798344459
41798344443
41798344599
41798344652
41798344654
41798344601
41798344527
41798344536
41798344520
41798344500
41798344523
41798344504
41798344467
41798344634
41798344447
41798344558
41798344430
41798344579
41798344448
41798344589
41798344515
41798344505
41798344699
41798344661
41798344564
41798344664
41798344554
41798344624
41798344647
41798344636
41798344655
41798344560
41798344460
41798344583
41798344588
41798344557
41798344535
41798344466
41798344643
41798344670
41798344632
41798344610
41798344533
41798344691
41798344650
41798344644
41798344660
41798344667
41798344621
41798344472
41798344609
41798344628
41798344509
41798344612
41798344494
41798344672
41798344605
41798344651
41798344595
41798344682
41798344696
41798344585
41798344657
41798344540
41798344473
41798344687
41798344513
41798344668
41798344616
41798344666
41798344611
41798344552
41798344695
41798344676
41798344658
41798344639
41798344686
41798344625
41798344635
41798344549
41798344671
41798344637
41798344674
41798344648
41798344705
41798344700
41798344710
41798344727
41798344725
41798344722
41798344719
41798344717
41798344723
41798344701
41798344708
41798344730
41798344728
41798344729
41798344721
41798344712
41798344716
41798344734
41798344772
41798344765
41798344791
41798344735
41798344751
41798344770
41798344790
41798344756
41798344764
41798344763
41798344787
41798344752
41798344740
41798344732
41798344776
41798344784
41798344760
41798344739
41798344733
41798344788
41798344757
41798344759
41798344758
41798344753
41798344755
41798344738
41798344773
41798344750
41798344768
41798344775
41798344800
41798344820
41798344801
41798344805
41798344839
41798344834
41798344796
41798344824
41798344877
41798344876
41798344804
41798344821
41798344813
41798344842
41798344874
41798344847
41798344812
41798344841
41798344814
41798344822
41798344819
41798344797
41798344830
41798344832
41798344843
41798344826
41798344840
41798344831
41798344865
41798344823
41798344827
41798344867
41798344866
41798344851
41798344815
41798344837
41798344854
41798344862
41798344958
41798344912
41798344910
41798344950
41798344883
41798344899
41798344939
41798344951
41798344884
41798344898
41798344890
41798344940
41798344908
41798344941
41798344959
41798344887
41798344906
41798344927
41798344909
41798344948
41798344889
41798344905
41798344956
41798344880
41798344934
41798344935
41798344892
41798344962
41798344891
41798344918
41798344947
41798344931
41798344936
41798344955
41798344913
41798344945
41798344897
41798344983
41798344988
41798344982
41798344984
41798344993
41798344999
41798344995
41798344987
41798344974
41798344990
41798344986
41798344994
41798346011
41798346026
41798346018
41798346014
41798346022
41798346029
41798346004
41798346009
41798346006
41798346021
41798346017
41798346015
41798346005
41798346030
41798346012
41798346023
41798346027
41798346032
41798346206
41798346040
41798346049
41798346103
41798346112
41798346120
41798346074
41798346081
41798346093
41798346079
41798346179
41798346042
41798346154
41798346105
41798346217
41798346106
41798346312
41798346196
41798346339
41798346045
41798346063
41798346076
41798346035
41798346110
41798346216
41798346129
41798346125
41798346396
41798346225
41798346038
41798346051
41798346254
41798346091
41798346220
41798346104
41798346133
41798346071
41798346288
41798346048
41798346116
41798346147
41798346039
41798346033
41798346075
41798346190
41798346059
41798346279
41798346117
41798346094
41798346135
41798346315
41798346057
41798346121
41798346374
41798346127
41798346362
41798346245
41798346046
41798346438
41798346157
41798346073
41798346113
41798346373
41798346343
41798346170
41798346077
41798346195
41798346078
41798346419
41798346182
41798346050
41798346200
41798346085
41798346037
41798346238
41798346410
41798346098
41798346096
41798346426
41798346191
41798346270
41798346321
41798346277
41798346168
41798346155
41798346210
41798346126
41798346398
41798346086
41798346370
41798346340
41798346166
41798346230
41798346428
41798346441
41798346243
41798346389
41798346128
41798346240
41798346434
41798346123
41798346180
41798346796
41798346280
41798346365
41798346185
41798346239
41798346272
41798346416
41798346479
41798346143
41798346130
41798346399
41798346244
41798346115
41798346097
41798346151
41798346364
41798346233
41798346167
41798346331
41798346144
41798346258
41798346454
41798346134
41798346124
41798346199
41798346394
41798346481
41798346493
41798346228
41798346219
41798346568
41798346785
41798346486
41798346970
41798346697
41798346256
41798346194
41798346316
41798346308
41798346813
41798346395
41798346350
41798346491
41798346285
41798346962
41798346447
41798346393
41798346499
41798346043
41798346484
41798346776
41798346406
41798346424
41798346476
41798346052
41798346449
41798346411
41798346490
41798346183
41798346929
41798346198
41798346437
41798346558
41798346598
41798346303
41798346877
41798346237
41798346295
41798346498
41798346248
41798346371
41798346253
41798346460
41798346483
41798346323
41798346296
41798346273
41798346872
41798346705
41798346338
41798346176
41798346257
41798346500
41798346595
41798346902
41798346907
41798346997
41798346255
41798346843
41798346892
41798346754
41798346402
41798346865
41798346317
41798346881
41798346722
41798346701
41798346425
41798346951
41798346461
41798346968
41798346291
41798346569
41798346867
41798346982
41798346463
41798346465
41798346856
41798346302
41798346799
41798346913
41798346967
41798346900
41798346866
41798346710
41798346249
41798346986
41798346556
41798346287
41798346408
41798346451
41798346729
41798346989
41798346757
41798346594
41798346731
41798346782
41798346329
41798346920
41798346375
41798346761
41798346768
41798346770
41798346289
41798346978
41798346724
41798346858
41798346713
41798346764
41798346773
41798346884
41798346917
41798346734
41798346966
41798346811
41798346838
41798346882
41798346446
41798346938
41798346414
41798346916
41798346859
41798346904
41798346778
41798346946
41798346960
41798346377
41798346990
41798346482
41798346975
41798346991
41798346948
41798346712
41798346959
41798346924
41798346875
41798346472
41798346934
41798346894
41798346846
41798346961
41798346815
41798346874
41798346981
41798346717
41798346965
41798346992
41798346383
41798346936
41798346928
41798346926
41798346823
41798346987
41798346887
41798346985
41798346932
41798346883
41798346890
41798346700
41798346912
41798346747
41798346834
41798346909
41798346971
41798346666
41798346901
41798346919
41798346903
41798346923
41798346744
41798346947
41798346818
41798346927
41798346994
41798346931
41798346963
41798346983
41798346974
41798346935
41798346972
41798340000
41798340022
41798340018
41798340024
41798340066
41798340062
41798340042
41798340020
41798340138
41798340203
41798340084
41798340040
41798340072
41798340135
41798340095
41798340134
41798340065
41798340177
41798340188
41798340261
41798340070
41798340226
41798340303
41798340061
41798340039
41798340329
41798340055
41798340086
41798340087
41798340234
41798340229
41798340117
41798340204
41798340064
41798340127
41798340173
41798340131
41798340126
41798340209
41798340057
41798340047
41798340334
41798340092
41798340306
41798340048
41798340262
41798340300
41798340139
41798340068
41798340093
41798340113
41798340336
41798340189
41798340420
41798340155
41798340219
41798340326
41798340218
41798340119
41798340089
41798340278
41798340044
41798340231
41798340118
41798340053
41798340137
41798340339
41798340309
41798340144
41798340377
41798340432
41798340500
41798340046
41798340271
41798340274
41798340502
41798340080
41798340211
41798340235
41798340351
41798340152
41798340199
41798340081
41798340196
41798340490
41798340750
41798340395
41798340464
41798340486
41798340114
41798340535
41798340110
41798340088
41798340794
41798340150
41798340174
41798340241
41798340585
41798340515
41798340798
41798340452
41798340319
41798340413
41798340427
41798340792
41798340096
41798340572
41798340290
41798340466
41798340312
41798340381
41798340341
41798340542
41798340228
41798340370
41798340344
41798340133
41798340183
41798340607
41798340247
41798340526
41798340804
41798340521
41798340192
41798340230
41798340163
41798340489
41798340622
41798340379
41798340442
41798340223
41798340302
41798340506
41798340267
41798340225
41798340102
41798340431
41798340481
41798340770
41798340143
41798340751
41798340356
41798340426
41798340125
41798340465
41798340455
41798340184
41798340149
41798340496
41798340198
41798340244
41798340684
41798340598
41798340495
41798340281
41798340453
41798340433
41798340106
41798340399
41798340552
41798340623
41798340448
41798340311
41798340934
41798340771
41798340151
41798340191
41798340835
41798340708
41798340392
41798340538
41798340307
41798340367
41798340888
41798340447
41798340454
41798340317
41798340285
41798340833
41798340712
41798340551
41798340407
41798340995
41798340523
41798340123
41798340675
41798340342
41798340590
41798340973
41798340233
41798340411
41798340576
41798340449
41798340597
41798340943
41798340251
41798340728
41798340269
41798340504
41798340609
41798340874
41798340320
41798340437
41798340333
41798340405
41798340476
41798340567
41798340128
41798340753
41798340257
41798340892
41798340996
41798340401
41798340569
41798340511
41798340603
41798340366
41798340719
41798340279
41798340494
41798340612
41798340599
41798340343
41798340350
41798340818
41798340529
41798340275
41798340821
41798340360
41798340755
41798340570
41798340178
41798340815
41798340287
41798340460
41798340332
41798340545
41798340903
41798340205
41798340654
41798340488
41798340323
41798340510
41798340580
41798340421
41798340141
41798340435
41798340811
41798340491
41798340232
41798340953
41798340726
41798340548
41798340716
41798340701
41798340439
41798340451
41798340380
41798340419
41798340931
41798340519
41798340744
41798340368
41798340866
41798340586
41798340250
41798340893
41798340762
41798340916
41798340560
41798340470
41798340477
41798340592
41798340854
41798340814
41798340941
41798340659
41798340616
41798340482
41798340304
41798340410
41798340853
41798340503
41798340836
41798340687
41798340765
41798340718
41798340660
41798340887
41798340522
41798340706
41798340584
41798340520
41798340633
41798340354
41798340501
41798340604
41798340933
41798340527
41798340965
41798340690
41798340628
41798340539
41798340631
41798340536
41798340730
41798340574
41798340446
41798340578
41798340954
41798340945
41798340493
41798340608
41798340880
41798340745
41798340899
41798340870
41798340873
41798340591
41798340960
41798340424
41798340981
41798340611
41798340658
41798340743
41798340783
41798340962
41798340942
41798340443
41798340528
41798340739
41798340959
41798340731
41798340875
41798340958
41798340957
41798340646
41798340698
41798340784
41798340829
41798340767
41798340641
41798340602
41798340886
41798340668
41798340812
41798340987
41798340700
41798340637
41798340559
41798340704
41798340440
41798340723
41798340677
41798340694
41798340906
41798340589
41798340776
41798340686
41798340779
41798340820
41798340901
41798340977
41798340777
41798340956
41798340742
41798340702
41798340678
41798340808
41798340952
41798340664
41798340851
41798340787
41798340729
41798340843
41798340832
41798340984
41798340861
41798340754
41798340656
41798340900
41798340683
41798340727
41798340842
41798340805
41798340766
41798340979
41798340863
41798340857
41798340968
41798340975
41798340932
41798340878
41798340869
41798340948
41798340898
41798349023
41798349002
41798349028
41798349006
41798349001
41798349015
41798349011
41798349022
41798349032
41798349013
41798349005
41798349016
41798349024
41798349004
41798349031
41798349145
41798349036
41798349059
41798349107
41798349305
41798349034
41798349073
41798349074
41798349058
41798349051
41798349050
41798349054
41798349070
41798349061
41798349089
41798349124
41798349063
41798349157
41798349148
41798349210
41798349206
41798349113
41798349132
41798349106
41798349044
41798349306
41798349115
41798349308
41798349134
41798349322
41798349156
41798349144
41798349104
41798349211
41798349037
41798349167
41798349171
41798349234
41798349208
41798349280
41798349043
41798349177
41798349093
41798349102
41798349085
41798349053
41798349057
41798349064
41798349092
41798349245
41798349126
41798349168
41798349088
41798349159
41798349238
41798349230
41798349099
41798349062
41798349262
41798349282
41798349096
41798349094
41798349178
41798349080
41798349241
41798349204
41798349194
41798349236
41798349105
41798349165
41798349226
41798349258
41798349068
41798349116
41798349311
41798349261
41798349249
41798349253
41798349173
41798349166
41798349197
41798349100
41798349252
41798349347
41798349122
41798349325
41798349220
41798349111
41798349091
41798349195
41798349146
41798349110
41798349274
41798349120
41798349232
41798349215
41798349256
41798349296
41798349279
41798349188
41798349224
41798349307
41798349169
41798349289
41798349158
41798349131
41798349297
41798349233
41798349155
41798349343
41798349283
41798349228
41798349196
41798349284
41798349301
41798349270
41798349202
41798349179
41798349268
41798349304
41798349109
41798349209
41798349320
41798349300
41798349345
41798349331
41798349218
41798349346
41798349381
41798349361
41798349353
41798349377
41798349351
41798349358
41798349359
41798349370
41798349379
41798349364
41798349367
41798349374
41798349380
41798349378
41798349365
41798349298
41798349428
41798349404
41798349445
41798349495
41798349417
41798349471
41798349390
41798349453
41798349399
41798349394
41798349419
41798349407
41798349429
41798349449
41798349573
41798349398
41798349383
41798349412
41798349464
41798349568
41798349427
41798349406
41798349386
41798349439
41798349484
41798349468
41798349536
41798349513
41798349669
41798349584
41798349543
41798349524
41798349403
41798349431
41798349438
41798349397
41798349456
41798349542
41798349473
41798349533
41798349466
41798349569
41798349440
41798349683
41798349392
41798349452
41798349462
41798349492
41798349654
41798349530
41798349586
41798349526
41798349472
41798349470
41798349666
41798349401
41798349415
41798349482
41798349497
41798349475
41798349663
41798349476
41798349652
41798349488
41798349590
41798349623
41798349499
41798349502
41798349656
41798349491
41798349527
41798349618
41798349489
41798349448
41798349607
41798349487
41798349467
41798349565
41798349490
41798349512
41798349661
41798349525
41798349460
41798349594
41798349507
41798349581
41798349660
41798349582
41798349665
41798349674
41798349615
41798349506
41798349515
41798349677
41798349672
41798349686
41798349548
41798349556
41798349662
41798349561
41798349681
41798349616
41798349413
41798349664
41798349571
41798349676
41798349691
41798349679
41798349651
41798349604
41798349688
41798349658
41798349545
41798349657
41798349640
41798349678
41798349667
41798349469
41798349659
41798349684
41798349597
41798349671
41798349690
41798349732
41798349708
41798349700
41798349701
41798349712
41798349728
41798349727
41798349710
41798349711
41798349731
41798349733
41798349718
41798349714
41798349703
41798349717
41798349778
41798349745
41798349762
41798349756
41798349753
41798349754
41798349772
41798349761
41798349767
41798349735
41798349755
41798349765
41798349791
41798349768
41798349831
41798349801
41798349799
41798349812
41798349815
41798349808
41798349833
41798349818
41798349832
41798349817
41798349821
41798349839
41798349826
41798349850
41798349847
41798349906
41798349875
41798349862
41798349858
41798349855
41798349894
41798349877
41798349880
41798349891
41798349903
41798349866
41798349889
41798349900
41798349871
41798349902
41798349904
41798349860
41798349988
41798349929
41798349922
41798349966
41798349980
41798349926
41798349932
41798349962
41798349942
41798349984
41798349925
41798349985
41798349950
41798349965
41798349914
41798349920
41798349983
41798349971
41798349972
41798349949
41798349919
41798349934
41798349977
41798349938
41798349930
41798349999
41798349928
41798349991
41798349947
41798349992
41798349982
41798349944
41798349960
41798349964
41798343012
41798343028
41798343003
41798343002
41798343027
41798343006
41798343009
41798343025
41798343004
41798343029
41798343007
41798343013
41798343019
41798343030
41798343020
41798343022
41798343017
41798343011
41798343034
41798343043
41798343080
41798343015
41798343191
41798343192
41798343254
41798343088
41798343289
41798343160
41798343035
41798343040
41798343033
41798343053
41798343049
41798343048
41798343208
41798343092
41798343348
41798343052
41798343055
41798343095
41798343134
41798343069
41798343110
41798343132
41798343202
41798343124
41798343198
41798343352
41798343213
41798343148
41798343062
41798343317
41798343051
41798343105
41798343083
41798343131
41798343056
41798343201
41798343104
41798343221
41798343374
41798343358
41798343188
41798343046
41798343184
41798343286
41798343305
41798343089
41798343063
41798343187
41798343071
41798343112
41798343412
41798343074
41798343416
41798343101
41798343390
41798343158
41798343383
41798343237
41798343127
41798343233
41798343404
41798343060
41798343258
41798343207
41798343068
41798343116
41798343150
41798343227
41798343726
41798343272
41798343364
41798343360
41798343366
41798343123
41798343589
41798343408
41798343156
41798343267
41798343291
41798343714
41798343363
41798343435
41798343393
41798343247
41798343320
41798343155
41798343559
41798343154
41798343505
41798343461
41798343094
41798343605
41798343300
41798343424
41798343463
41798343210
41798343303
41798343206
41798343341
41798343353
41798343460
41798343324
41798343313
41798343262
41798343730
41798343314
41798343389
41798343403
41798343311
41798343555
41798343256
41798343306
41798343429
41798343635
41798343710
41798343523
41798343417
41798343409
41798343814
41798343185
41798343607
41798343419
41798343288
41798343279
41798343574
41798343689
41798343093
41798343391
41798343145
41798343577
41798343503
41798343386
41798343321
41798343456
41798343224
41798343266
41798343190
41798343330
41798343445
41798343222
41798343437
41798343566
41798343240
41798343655
41798343129
41798343735
41798343434
41798343347
41798343309
41798343270
41798343349
41798343541
41798343439
41798343099
41798343964
41798343376
41798343525
41798343275
41798343472
41798343513
41798343562
41798343265
41798343292
41798343570
41798343989
41798343478
41798343234
41798343342
41798343401
41798343354
41798343548
41798343498
41798343848
41798343219
41798343568
41798343211
41798343613
41798343821
41798343453
41798343606
41798343499
41798343630
41798343708
41798343914
41798343981
41798343643
41798343840
41798343836
41798343477
41798343133
41798343529
41798343741
41798343301
41798343255
41798343662
41798343787
41798343799
41798343395
41798343491
41798343422
41798343500
41798343926
41798343304
41798343357
41798343481
41798343464
41798343609
41798343495
41798343784
41798343919
41798343813
41798343675
41798343549
41798343563
41798343277
41798343271
41798343230
41798343628
41798343333
41798343901
41798343532
41798343731
41798343530
41798343489
41798343579
41798343625
41798343959
41798343876
41798343663
41798343531
41798343899
41798343423
41798343843
41798343388
41798343510
41798343565
41798343524
41798343516
41798343536
41798343671
41798343777
41798343837
41798343475
41798343965
41798343425
41798343552
41798343705
41798343356
41798343365
41798343355
41798343781
41798343575
41798343402
41798343732
41798343490
41798343615
41798343507
41798343381
41798343578
41798343717
41798343952
41798343528
41798343457
41798343588
41798343941
41798343894
41798343610
41798343690
41798343459
41798343626
41798343564
41798343845
41798343521
41798343558
41798343860
41798343533
41798343634
41798343785
41798343597
41798343407
41798343775
41798343875
41798343645
41798343892
41798343631
41798343793
41798343740
41798343447
41798343890
41798343788
41798343833
41798343509
41798343639
41798343864
41798343835
41798343820
41798343587
41798343918
41798343766
41798343629
41798343547
41798343598
41798343484
41798343857
41798343752
41798343582
41798343817
41798343801
41798343706
41798343960
41798343950
41798343755
41798343874
41798343942
41798343487
41798343830
41798343569
41798343851
41798343893
41798343700
41798343595
41798343923
41798343993
41798343683
41798343826
41798343884
41798343886
41798343512
41798343819
41798343480
41798343872
41798343867
41798343940
41798343795
41798343452
41798343834
41798343970
41798343807
41798343756
41798343963
41798343978
41798343953
41798343769
41798343688
41798343669
41798343972
41798343841
41798343603
41798343961
41798343930
41798343906
41798343915
41798343969
41798343729
41798343896
41798343806
41798343824
41798343827
41798343670
41798343931
41798343485
41798343805
41798343946
41798343932
41798343909
41798343863
41798343846
41798343850
41798343608
41798343903
41798343733
41798343831
41798343694
41798343612
41798343881
41798343882
41798343910
41798343823
41798343853
41798343982
41798343880
41798343802
41798343686
41798343747
41798343685
41798343992
41798343956
41798343967
41798343991
41798343859
41798343895
41798343900
41798343924
41798343678
41798343973
41798343818
41798343870
41798343877
41798343962
41798343704
41798343739
41798343980
41798343966
41798343294
41798343902
41798343944
41798343868
41798343908
41798343400
41798343957
41798341029
41798341012
41798341015
41798341004
41798341028
41798341019
41798341030
41798341031
41798341035
41798341052
41798341051
41798341062
41798341098
41798341033
41798341280
41798341330
41798341133
41798341206
41798341167
41798341060
41798341053
41798341026
41798341043
41798341056
41798341116
41798341065
41798341150
41798341088
41798341044
41798341050
41798341103
41798341176
41798341120
41798341323
41798341058
41798341301
41798341246
41798341296
41798341370
41798341292
41798341131
41798341337
41798341101
41798341340
41798341322
41798341061
41798341135
41798341333
41798341102
41798341316
41798341112
41798341311
41798341175
41798341321
41798341276
41798341063
41798341048
41798341096
41798341237
41798341259
41798341223
41798341184
41798341285
41798341422
41798341163
41798341083
41798341411
41798341689
41798341228
41798341256
41798341152
41798341122
41798341159
41798341540
41798341336
41798341229
41798341209
41798341198
41798341431
41798341244
41798341440
41798341650
41798341149
41798341127
41798341077
41798341349
41798341308
41798341117
41798341190
41798341155
41798341070
41798341514
41798341067
41798341166
41798341404
41798341107
41798341410
41798341535
41798341657
41798341428
41798341934
41798341342
41798341214
41798341251
41798341680
41798341507
41798341137
41798341128
41798341787
41798341348
41798341494
41798341253
41798341474
41798341076
41798341317
41798341269
41798341299
41798341154
41798341746
41798341488
41798341531
41798341270
41798341672
41798341221
41798341365
41798341386
41798341114
41798341547
41798341275
41798341506
41798341298
41798341132
41798341252
41798341565
41798341375
41798341461
41798341832
41798341263
41798341718
41798341914
41798341106
41798341643
41798341519
41798341268
41798341367
41798341523
41798341409
41798341398
41798341380
41798341315
41798341781
41798341284
41798341791
41798341626
41798341450
41798341435
41798341227
41798341569
41798341528
41798341621
41798341939
41798341356
41798341544
41798341589
41798341385
41798341373
41798341407
41798341628
41798341199
41798341351
41798341819
41798341762
41798341567
41798341383
41798341920
41798341801
41798341195
41798341401
41798341979
41798341595
41798341992
41798341291
41798341605
41798341372
41798341900
41798341993
41798341908
41798341344
41798341302
41798341684
41798341636
41798341774
41798341978
41798341732
41798341466
41798341641
41798341362
41798341534
41798341695
41798341620
41798341306
41798341552
41798341812
41798341638
41798341320
41798341220
41798341990
41798341465
41798341967
41798341239
41798341396
41798341668
41798341615
41798341469
41798341304
41798341667
41798341194
41798341640
41798341843
41798341861
41798341583
41798341890
41798341390
41798341495
41798341305
41798341371
41798341201
41798341350
41798341916
41798341303
41798341611
41798341499
41798341406
41798341831
41798341530
41798341346
41798341598
41798341686
41798341539
41798341997
41798341419
41798341911
41798341763
41798341817
41798341215
41798341898
41798341541
41798341503
41798341606
41798341290
41798341424
41798341561
41798341653
41798341646
41798341224
41798341866
41798341929
41798341556
41798341542
41798341516
41798341658
41798341722
41798341710
41798341508
41798341670
41798341936
41798341421
41798341430
41798341664
41798341415
41798341456
41798341635
41798341719
41798341692
41798341823
41798341354
41798341807
41798341455
41798341366
41798341578
41798341264
41798341511
41798341880
41798341513
41798341498
41798341397
41798341439
41798341952
41798341954
41798341555
41798341985
41798341769
41798341521
41798341753
41798341473
41798341485
41798341980
41798341837
41798341504
41798341731
41798341418
41798341609
41798341414
41798341509
41798341924
41798341877
41798341743
41798341868
41798341673
41798341496
41798341859
41798341881
41798341691
41798341665
41798341639
41798341627
41798341476
41798341568
41798341821
41798341602
41798341497
41798341599
41798341690
41798341733
41798341576
41798341782
41798341938
41798341765
41798341896
41798341750
41798341876
41798341434
41798341957
41798341754
41798341417
41798341760
41798341520
41798341537
41798341878
41798341656
41798341707
41798341312
41798341858
41798341902
41798341678
41798341751
41798341682
41798341536
41798341865
41798341895
41798341645
41798341933
41798341654
41798341977
41798341711
41798341545
41798341554
41798341776
41798341931
41798341586
41798341475
41798341958
41798341319
41798341666
41798341477
41798341585
41798341860
41798341863
41798341399
41798341709
41798341728
41798341625
41798341777
41798341655
41798341790
41798341785
41798341764
41798341971
41798341550
41798341969
41798341872
41798341713
41798341973
41798341748
41798341793
41798341949
41798341510
41798341953
41798341703
41798341714
41798341802
41798341857
41798341830
41798341661
41798341889
41798341947
41798341783
41798341820
41798341913
41798341716
41798341512
41798341618
41798341950
41798341844
41798341937
41798341960
41798341813
41798341484
41798341943
41798341663
41798341983
41798341806
41798341989
41798341959
41798341963
41798341942
41798341875
41798341962
41798341694
41798342000
41798342020
41798342016
41798342021
41798342002
41798342022
41798342008
41798342014
41798342010
41798342017
41798342009
41798342028
41798342015
41798342019
41798342065
41798342099
41798342309
41798342182
41798342041
41798342039
41798342085
41798342119
41798342206
41798342048
41798342038
41798342050
41798342075
41798342167
41798342035
41798342191
41798342088
41798342033
41798342198
41798342310
41798342114
41798342061
41798342120
41798342040
41798342036
41798342063
41798342124
41798342046
41798342053
41798342097
41798342058
41798342346
41798342290
41798342261
41798342165
41798342204
41798342054
41798342152
41798342341
41798342090
41798342049
41798342259
41798342202
41798342215
41798342315
41798342243
41798342264
41798342155
41798342240
41798342194
41798342092
41798342333
41798342107
41798342160
41798342059
41798342103
41798342034
41798342056
41798342089
41798342237
41798342334
41798342319
41798342055
41798342178
41798342183
41798342300
41798342270
41798342220
41798342314
41798342210
41798342109
41798342228
41798342304
41798342251
41798342332
41798342245
41798342231
41798342203
41798342244
41798342141
41798342229
41798342168
41798342140
41798342190
41798342110
41798342247
41798342074
41798342174
41798342117
41798342284
41798342200
41798342138
41798342096
41798342077
41798342232
41798342340
41798342308
41798342175
41798342216
41798342293
41798342226
41798342154
41798342278
41798342299
41798342225
41798342255
41798342343
41798342219
41798342162
41798342283
41798342349
41798342234
41798342137
41798342159
41798342265
41798342313
41798342222
41798342129
41798342318
41798342267
41798342307
41798342288
41798342236
41798342169
41798342223
41798342274
41798342205
41798342248
41798342238
41798342325
41798342212
41798342331
41798342321
41798342329
41798342362
41798342353
41798342378
41798342376
41798342370
41798342368
41798342352
41798342351
41798342472
41798342431
41798342416
41798342695
41798342568
41798342412
41798342534
41798342444
41798342480
41798342398
41798342406
41798342504
41798342391
41798342479
41798342489
41798342513
41798342388
41798342485
41798342519
41798342393
41798342409
41798342385
41798342426
41798342542
41798342501
41798342570
41798342578
41798342440
41798342383
41798342471
41798342404
41798342649
41798342394
41798342699
41798342562
41798342625
41798342515
41798342685
41798342661
41798342606
41798342639
41798342597
41798342644
41798342458
41798342407
41798342665
41798342574
41798342392
41798342441
41798342411
41798342448
41798342445
41798342640
41798342487
41798342678
41798342623
41798342403
41798342408
41798342401
41798342492
41798342590
41798342465
41798342693
41798342483
41798342473
41798342548
41798342613
41798342664
41798342434
41798342589
41798342496
41798342516
41798342662
41798342560
41798342569
41798342599
41798342453
41798342669
41798342467
41798342495
41798342502
41798342425
41798342509
41798342584
41798342400
41798342550
41798342543
41798342652
41798342523
41798342696
41798342632
41798342532
41798342531
41798342490
41798342530
41798342564
41798342526
41798342579
41798342633
41798342547
41798342447
41798342558
41798342455
41798342468
41798342654
41798342677
41798342559
41798342686
41798342555
41798342573
41798342478
41798342429
41798342673
41798342651
41798342549
41798342618
41798342627
41798342565
41798342588
41798342628
41798342556
41798342512
41798342630
41798342446
41798342676
41798342642
41798342609
41798342681
41798342645
41798342687
41798342621
41798342688
41798342508
41798342601
41798342648
41798342624
41798342658
41798342674
41798342667
41798342670
41798342716
41798342712
41798342704
41798342700
41798342707
41798342718
41798342722
41798342703
41798342708
41798342726
41798342729
41798342749
41798342764
41798342762
41798342736
41798342741
41798342759
41798342732
41798342734
41798342758
41798342744
41798342735
41798342733
41798342755
41798342737
41798342745
41798342738
41798342784
41798342765
41798342801
41798342775
41798342793
41798342817
41798342767
41798342797
41798342771
41798342813
41798342800
41798342792
41798342796
41798342818
41798342773
41798342776
41798342814
41798342789
41798342780
41798342807
41798342808
41798342830
41798342869
41798342827
41798342881
41798342831
41798342864
41798342834
41798342824
41798342853
41798342876
41798342870
41798342873
41798342852
41798342865
41798342877
41798342880
41798342837
41798342854
41798342857
41798342863
41798342858
41798342878
41798342896
41798342940
41798342891
41798342895
41798342925
41798342905
41798342944
41798342910
41798342961
41798342958
41798342892
41798342951
41798342948
41798342883
41798342964
41798342968
41798342918
41798342889
41798342942
41798342928
41798342924
41798342950
41798342912
41798342899
41798342952
41798342900
41798342886
41798342963
41798342930
41798342954
41798342997
41798342992
41798342971
41798342974
41798342998
41798342983
41798342977
41798342985
41798342986
41798342994
41798342995
41798342988
41798342976
41798348024
41798348005
41798348007
41798348031
41798348003
41798348009
41798348010
41798348002
41798348016
41798348008
41798348032
41798348012
41798348011
41798348088
41798348192
41798348209
41798348247
41798348052
41798348164
41798348166
41798348045
41798348246
41798348054
41798348090
41798348095
41798348212
41798348089
41798348053
41798348160
41798348190
41798348115
41798348120
41798348101
41798348184
41798348178
41798348050
41798348353
41798348225
41798348061
41798348242
41798348082
41798348107
41798348109
41798348207
41798348163
41798348039
41798348145
41798348514
41798348349
41798348114
41798348241
41798348055
41798348106
41798348138
41798348219
41798348123
41798348398
41798348211
41798348096
41798348482
41798348401
41798348285
41798348288
41798348345
41798348188
41798348561
41798348279
41798348118
41798348412
41798348196
41798348218
41798348157
41798348253
41798348158
41798348227
41798348141
41798348429
41798348425
41798348144
41798348147
41798348238
41798348179
41798348397
41798348369
41798348290
41798348346
41798348519
41798348505
41798348372
41798348355
41798348440
41798348500
41798348507
41798348465
41798348483
41798348251
41798348121
41798348189
41798348341
41798348512
41798348550
41798348739
41798348191
41798348268
41798348389
41798348156
41798348448
41798348575
41798348494
41798348540
41798348533
41798348508
41798348151
41798348497
41798348274
41798348258
41798348753
41798348530
41798348382
41798348566
41798348845
41798348616
41798348695
41798348255
41798348361
41798348638
41798348517
41798348536
41798348666
41798348843
41798348296
41798348310
41798348581
41798348627
41798348649
41798348480
41798348391
41798348185
41798348376
41798348664
41798348738
41798348174
41798348408
41798348968
41798348328
41798348516
41798348726
41798348187
41798348745
41798348365
41798348276
41798348244
41798348780
41798348631
41798348835
41798348403
41798348867
41798348430
41798348452
41798348366
41798348646
41798348950
41798348628
41798348267
41798348582
41798348271
41798348495
41798348423
41798348558
41798348721
41798348319
41798348544
41798348245
41798348579
41798348621
41798348492
41798348553
41798348697
41798348364
41798348813
41798348869
41798348197
41798348467
41798348305
41798348298
41798348838
41798348676
41798348574
41798348443
41798348900
41798348657
41798348887
41798348839
41798348520
41798348862
41798348527
41798348595
41798348960
41798348698
41798348562
41798348776
41798348729
41798348714
41798348777
41798348460
41798348906
41798348356
41798348702
41798348351
41798348220
41798348399
41798348746
41798348648
41798348890
41798348975
41798348652
41798348526
41798348461
41798348682
41798348633
41798348836
41798348759
41798348662
41798348769
41798348680
41798348618
41798348266
41798348436
41798348352
41798348947
41798348639
41798348826
41798348496
41798348775
41798348957
41798348607
41798348677
41798348669
41798348394
41798348779
41798348930
41798348959
41798348506
41798348571
41798348907
41798348732
41798348605
41798348853
41798348614
41798348560
41798348644
41798348944
41798348724
41798348936
41798348994
41798348952
41798348645
41798348681
41798348728
41798348954
41798348670
41798348499
41798348878
41798348744
41798348715
41798348832
41798348542
41798348754
41798348656
41798348756
41798348737
41798348635
41798348725
41798348606
41798348880
41798348420
41798348318
41798348929
41798348995
41798348850
41798348735
41798348852
41798348830
41798348604
41798348690
41798348555
41798348870
41798348976
41798348619
41798348795
41798348865
41798348788
41798348910
41798348783
41798348840
41798348624
41798348592
41798348992
41798348658
41798348620
41798348872
41798348629
41798348940
41798348876
41798348710
41798348888
41798348863
41798348980
41798348984
41798348659
41798348860
41798348675
41798348877
41798348988
41798348927
41798348554
41798348766
41798348578
41798348757
41798348750
41798348716
41798348450
41798348967
41798348892
41798348833
41798348688
41798348926
41798348941
41798348545
41798348895
41798348937
41798348717
41798348641
41798348928
41798348934
41798348405
41798348685
41798348881
41798348948
41798348360
41798348741
41798348916
41798348772
41798348654
41798348956
41798348617
41798348982
41798348709
41798348933
41798348904
41798348583
41798348905
41798348883
41798348767
41798348857
41798348932
41798348985
41798348871
41798348730
41798348841
41798347005
41798347012
41798347030
41798347026
41798347006
41798347022
41798347011
41798347025
41798347014
41798347031
41798347020
41798347032
41798347010
41798347056
41798347067
41798347092
41798347135
41798347138
41798347149
41798347174
41798347183
41798347044
41798347170
41798347054
41798347081
41798347040
41798347192
41798347052
41798347113
41798347111
41798347307
41798347292
41798347037
41798347236
41798347441
41798347141
41798347068
41798347330
41798347050
41798347078
41798347233
41798347093
41798347129
41798347187
41798347038
41798347197
41798347132
41798347053
41798347058
41798347091
41798347076
41798347237
41798347051
41798347095
41798347083
41798347260
41798347430
41798347103
41798347210
41798347250
41798347066
41798347460
41798347232
41798347166
41798347269
41798347074
41798347291
41798347515
41798347455
41798347120
41798347211
41798347273
41798347246
41798347036
41798347244
41798347283
41798347191
41798347254
41798347123
41798347276
41798347207
41798347164
41798347110
41798347280
41798347556
41798347752
41798347199
41798347190
41798347042
41798347458
41798347097
41798347500
41798347262
41798347403
41798347235
41798347133
41798347115
41798347409
41798347248
41798347466
41798347105
41798347226
41798347253
41798347381
41798347243
41798347117
41798347098
41798347299
41798347673
41798347545
41798347399
41798347331
41798347127
41798347544
41798347551
41798347759
41798347188
41798347361
41798347317
41798347502
41798347101
41798347069
41798347169
41798347271
41798347162
41798347130
41798347761
41798347122
41798347202
41798347205
41798347146
41798347412
41798347450
41798347227
41798347356
41798347794
41798347554
41798347973
41798347252
41798347386
41798347788
41798347543
41798347287
41798347464
41798347482
41798347256
41798347296
41798347494
41798347601
41798347435
41798347198
41798347661
41798347620
41798347703
41798347328
41798347079
41798347453
41798347405
41798347228
41798347230
41798347154
41798347853
41798347540
41798347279
41798347124
41798347668
41798347768
41798347225
41798347578
41798347204
41798347477
41798347428
41798347463
41798347592
41798347309
41798347597
41798347348
41798347700
41798347278
41798347270
41798347910
41798347564
41798347476
41798347496
41798347572
41798347429
41798347350
41798347711
41798347976
41798347419
41798347223
41798347408
41798347414
41798347523
41798347709
41798347992
41798347452
41798347420
41798347595
41798347811
41798347175
41798347624
41798347498
41798347312
41798347484
41798347616
41798347445
41798347687
41798347610
41798347505
41798347443
41798347751
41798347522
41798347300
41798347589
41798347459
41798347396
41798347897
41798347374
41798347240
41798347548
41798347472
41798347841
41798347439
41798347424
41798347773
41798347649
41798347520
41798347609
41798347577
41798347765
41798347737
41798347797
41798347740
41798347343
41798347561
41798347345
41798347747
41798347480
41798347691
41798347724
41798347549
41798347531
41798347644
41798347407
41798347787
41798347722
41798347594
41798347200
41798347789
41798347642
41798347625
41798347410
41798347585
41798347541
41798347720
41798347552
41798347882
41798347579
41798347969
41798347988
41798347421
41798347741
41798347738
41798347400
41798347321
41798347669
41798347694
41798347550
41798347769
41798347363
41798347796
41798347213
41798347898
41798347504
41798347843
41798347744
41798347434
41798347912
41798347745
41798347643
41798347614
41798347777
41798347323
41798347591
41798347662
41798347719
41798347758
41798347778
41798347684
41798347707
41798347911
41798347481
41798347978
41798347621
41798347510
41798347580
41798347702
41798347599
41798347378
41798347757
41798347619
41798347615
41798347712
41798347776
41798347821
41798347438
41798347974
41798347590
41798347387
41798347718
41798347542
41798347888
41798347828
41798347892
41798347984
41798347693
41798347834
41798347566
41798347803
41798347716
41798347895
41798347743
41798347598
41798347922
41798347994
41798347633
41798347792
41798347658
41798347996
41798347901
41798347931
41798347934
41798347908
