41792365000
41792365005
41792365010
41792365012
41792365031
41792365001
41792365013
41792365024
41792365030
41792365022
41792365004
41792365023
41792365029
41792365002
41792365017
41792365026
41792365028
41792365008
41792365019
41792365014
41792365068
41792365103
41792365093
41792365107
41792365137
41792365074
41792365084
41792365321
41792365155
41792365123
41792365109
41792365066
41792365183
41792365036
41792365098
41792365040
41792365059
41792365073
41792365108
41792365110
41792365076
41792365177
41792365112
41792365078
41792365113
41792365166
41792365064
41792365216
41792365201
41792365422
41792365227
41792365158
41792365228
41792365120
41792365229
41792365048
41792365226
41792365467
41792365355
41792365266
41792365331
41792365289
41792365065
41792365095
41792365052
41792365041
41792365034
41792365071
41792365152
41792365127
41792365069
41792365386
41792365039
41792365035
41792365058
41792365249
41792365145
41792365067
41792365044
41792365210
41792365085
41792365187
41792365242
41792365515
41792365099
41792365083
41792365526
41792365153
41792365299
41792365130
41792365129
41792365671
41792365143
41792365196
41792365124
41792365534
41792365440
41792365190
41792365175
41792365151
41792365538
41792365223
41792365221
41792365232
41792365356
41792365200
41792365141
41792365381
41792365236
41792365292
41792365142
41792365614
41792365092
41792365691
41792365219
41792365281
41792365090
41792365217
41792365209
41792365272
41792365049
41792365388
41792365379
41792365147
41792365311
41792365332
41792365100
41792365234
41792365466
41792365414
41792365295
41792365050
41792365677
41792365866
41792365421
41792365303
41792365305
41792365504
41792365212
41792365264
41792365389
41792365569
41792365642
41792365202
41792365276
41792365517
41792365091
41792365525
41792365657
41792365690
41792365133
41792365170
41792365396
41792365601
41792365398
41792365563
41792365179
41792365115
41792365481
41792365352
41792365403
41792365243
41792365681
41792365136
41792365315
41792365682
41792365508
41792365808
41792365313
41792365763
41792365349
41792365586
41792365480
41792365378
41792365460
41792365060
41792365241
41792365259
41792365254
41792365320
41792365182
41792365464
41792365859
41792365306
41792365148
41792365377
41792365394
41792365700
41792365633
41792365443
41792365122
41792365461
41792365263
41792365520
41792365307
41792365559
41792365502
41792365102
41792365469
41792365444
41792365237
41792365284
41792365701
41792365631
41792365244
41792365606
41792365126
41792365341
41792365535
41792365344
41792365966
41792365768
41792365456
41792365207
41792365928
41792365957
41792365585
41792365409
41792365420
41792365286
41792365872
41792365835
41792365416
41792365382
41792365479
41792365714
41792365310
41792365144
41792365260
41792365373
41792365499
41792365424
41792365350
41792365329
41792365806
41792365240
41792365555
41792365774
41792365544
41792365345
41792365558
41792365417
41792365664
41792365829
41792365666
41792365580
41792365575
41792365385
41792365923
41792365713
41792365780
41792365301
41792365661
41792365316
41792365810
41792365370
41792365571
41792365080
41792365860
41792365309
41792365679
41792365383
41792365645
41792365427
41792365570
41792365453
41792365294
41792365904
41792365477
41792365854
41792365132
41792365296
41792365353
41792365710
41792365731
41792365562
41792365433
41792365861
41792365576
41792365552
41792365471
41792365426
41792365406
41792365430
41792365498
41792365574
41792365549
41792365648
41792365376
41792365160
41792365715
41792365167
41792365619
41792365989
41792365983
41792365850
41792365501
41792365786
41792365650
41792365695
41792365748
41792365930
41792365857
41792365917
41792365565
41792365608
41792365410
41792365632
41792365929
41792365285
41792365539
41792365960
41792365711
41792365660
41792365402
41792365415
41792365325
41792365506
41792365411
41792365624
41792365405
41792365218
41792365995
41792365680
41792365327
41792365620
41792365445
41792365496
41792365863
41792365636
41792365368
41792365941
41792365612
41792365364
41792365864
41792365705
41792365375
41792365438
41792365454
41792365342
41792365546
41792365413
41792365560
41792365591
41792365474
41792365655
41792365617
41792365658
41792365802
41792365867
41792365435
41792365797
41792365423
41792365667
41792365623
41792365734
41792365450
41792365852
41792365472
41792365674
41792365543
41792365554
41792365238
41792365418
41792365727
41792365391
41792365626
41792365733
41792365211
41792365916
41792365659
41792365556
41792365412
41792365858
41792365704
41792365873
41792365641
41792365962
41792365865
41792365490
41792365503
41792365894
41792365485
41792365689
41792365870
41792365533
41792365924
41792365869
41792365262
41792365668
41792365927
41792365777
41792365684
41792365832
41792365848
41792365455
41792365724
41792365757
41792365686
41792365610
41792365897
41792365529
41792365618
41792365638
41792365531
41792365640
41792365739
41792365745
41792365596
41792365393
41792365592
41792365537
41792365621
41792365521
41792365475
41792365920
41792365716
41792365542
41792365752
41792365943
41792365746
41792365981
41792365993
41792365706
41792365750
41792365900
41792365753
41792365550
41792365972
41792365346
41792365599
41792365495
41792365372
41792365767
41792365782
41792365805
41792365214
41792365978
41792365654
41792365500
41792365804
41792365676
41792365759
41792365572
41792365807
41792365881
41792365628
41792365868
41792365990
41792365766
41792365982
41792365646
41792365678
41792365887
41792365712
41792365839
41792365507
41792365988
41792365458
41792365730
41792365819
41792365994
41792365823
41792365651
41792365903
41792365215
41792365796
41792365964
41792365429
41792365809
41792365800
41792365363
41792365884
41792365357
41792365603
41792365514
41792365826
41792365841
41792365725
41792365834
41792365581
41792365735
41792365937
41792365798
41792365856
41792365656
41792365578
41792365765
41792365849
41792365736
41792365605
41792365551
41792365935
41792365944
41792365588
41792365938
41792365996
41792365911
41792365922
41792365773
41792365991
41792365629
41792365662
41792365824
41792365639
41792365907
41792365604
41792365949
41792365878
41792365256
41792365896
41792365635
41792365889
41792365358
41792365975
41792365589
41792365644
41792365820
41792365611
41792365886
41792365836
41792365699
41792365764
41792365855
41792365843
41792365968
41792365709
41792365737
41792365890
41792365722
41792365875
41792365812
41792365652
41792365880
41792365830
41792365224
41792365899
41792365877
41792365822
41792365933
41792365675
41792365931
41792365334
41792365744
41792365985
41792365914
41792365683
41792365749
41792365827
41792365755
41792365961
41792365862
41792365913
41792365720
41792365801
41792365665
41792365953
41792365970
41792365992
41792364000
41792364008
41792364028
41792364029
41792364005
41792364021
41792364011
41792364007
41792364012
41792364018
41792364004
41792364009
41792364031
41792364006
41792364017
41792364002
41792364032
41792364016
41792364288
41792364052
41792364087
41792364074
41792364071
41792364103
41792364336
41792364084
41792364099
41792364030
41792364160
41792364046
41792364204
41792364058
41792364069
41792364143
41792364244
41792364218
41792364034
41792364212
41792364033
41792364443
41792364221
41792364375
41792364055
41792364043
41792364134
41792364162
41792364050
41792364166
41792364062
41792364158
41792364120
41792364132
41792364178
41792364320
41792364048
41792364142
41792364114
41792364264
41792364091
41792364036
41792364240
41792364147
41792364297
41792364065
41792364054
41792364312
41792364164
41792364093
41792364082
41792364053
41792364135
41792364121
41792364123
41792364168
41792364037
41792364044
41792364245
41792364060
41792364042
41792364104
41792364067
41792364175
41792364106
41792364098
41792364171
41792364345
41792364373
41792364255
41792364139
41792364319
41792364183
41792364374
41792364623
41792364073
41792364201
41792364251
41792364206
41792364124
41792364389
41792364222
41792364515
41792364272
41792364500
41792364476
41792364064
41792364119
41792364109
41792364115
41792364219
41792364381
41792364400
41792364038
41792364185
41792364249
41792364181
41792364353
41792364035
41792364061
41792364051
41792364486
41792364324
41792364217
41792364127
41792364077
41792364489
41792364299
41792364176
41792364329
41792364246
41792364129
41792364524
41792364107
41792364753
41792364092
41792364232
41792364601
41792364451
41792364113
41792364603
41792364499
41792364539
41792364210
41792364261
41792364225
41792364262
41792364405
41792364228
41792364295
41792364407
41792364174
41792364085
41792364334
41792364703
41792364502
41792364317
41792364418
41792364467
41792364316
41792364538
41792364306
41792364216
41792364207
41792364568
41792364543
41792364487
41792364365
41792364271
41792364180
41792364720
41792364259
41792364126
41792364307
41792364282
41792364256
41792364161
41792364194
41792364122
41792364594
41792364116
41792364354
41792364511
41792364775
41792364333
41792364849
41792364608
41792364326
41792364290
41792364833
41792364136
41792364419
41792364167
41792364562
41792364247
41792364376
41792364301
41792364415
41792364800
41792364322
41792364653
41792364466
41792364133
41792364273
41792364088
41792364186
41792364214
41792364130
41792364561
41792364266
41792364265
41792364125
41792364809
41792364234
41792364401
41792364416
41792364380
41792364560
41792364570
41792364460
41792364438
41792364063
41792364586
41792364759
41792364574
41792364413
41792364434
41792364480
41792364826
41792364342
41792364081
41792364450
41792364514
41792364187
41792364294
41792364056
41792364314
41792364563
41792364279
41792364692
41792364597
41792364521
41792364367
41792364497
41792364090
41792364153
41792364321
41792364613
41792364406
41792364550
41792364942
41792364510
41792364260
41792364258
41792364422
41792364722
41792364665
41792364239
41792364584
41792364446
41792364424
41792364926
41792364404
41792364805
41792364205
41792364410
41792364238
41792364344
41792364485
41792364725
41792364916
41792364667
41792364276
41792364423
41792364275
41792364564
41792364508
41792364681
41792364332
41792364393
41792364391
41792364457
41792364398
41792364567
41792364948
41792364291
41792364189
41792364248
41792364957
41792364289
41792364441
41792364388
41792364155
41792364677
41792364385
41792364303
41792364864
41792364598
41792364352
41792364283
41792364729
41792364241
41792364458
41792364768
41792364350
41792364431
41792364236
41792364879
41792364579
41792364636
41792364392
41792364384
41792364537
41792364526
41792364230
41792364469
41792364533
41792364292
41792364351
41792364226
41792364444
41792364607
41792364459
41792364529
41792364403
41792364727
41792364296
41792364866
41792364335
41792364070
41792364799
41792364170
41792364371
41792364936
41792364580
41792364315
41792364369
41792364588
41792364293
41792364994
41792364723
41792364602
41792364484
41792364867
41792364736
41792364337
41792364577
41792364223
41792364903
41792364925
41792364361
41792364547
41792364323
41792364532
41792364770
41792364269
41792364417
41792364972
41792364237
41792364478
41792364501
41792364848
41792364505
41792364516
41792364645
41792364285
41792364455
41792364581
41792364346
41792364635
41792364583
41792364549
41792364575
41792364479
41792364331
41792364512
41792364644
41792364267
41792364733
41792364675
41792364632
41792364910
41792364311
41792364738
41792364229
41792364828
41792364447
41792364177
41792364856
41792364573
41792364615
41792364302
41792364991
41792364566
41792364843
41792364818
41792364806
41792364953
41792364544
41792364200
41792364853
41792364940
41792364652
41792364585
41792364277
41792364449
41792364569
41792364782
41792364778
41792364962
41792364504
41792364488
41792364880
41792364757
41792364390
41792364668
41792364626
41792364604
41792364674
41792364963
41792364523
41792364904
41792364749
41792364664
41792364960
41792364421
41792364513
41792364347
41792364477
41792364679
41792364709
41792364614
41792364918
41792364589
41792364408
41792364921
41792364656
41792364430
41792364298
41792364857
41792364710
41792364915
41792364746
41792364483
41792364924
41792364481
41792364955
41792364402
41792364409
41792364643
41792364552
41792364437
41792364464
41792364682
41792364743
41792364693
41792364465
41792364630
41792364535
41792364360
41792364641
41792364784
41792364938
41792364642
41792364724
41792364662
41792364788
41792364696
41792364684
41792364700
41792364506
41792364286
41792364707
41792364984
41792364969
41792364718
41792364975
41792364525
41792364572
41792364507
41792364986
41792364748
41792364599
41792364820
41792364858
41792364840
41792364377
41792364803
41792364863
41792364870
41792364520
41792364627
41792364901
41792364937
41792364582
41792364494
41792364576
41792364649
41792364792
41792364838
41792364555
41792364780
41792364658
41792364609
41792364685
41792364922
41792364835
41792364553
41792364305
41792364928
41792364704
41792364622
41792364610
41792364534
41792364802
41792364640
41792364726
41792364655
41792364551
41792364503
41792364865
41792364929
41792364330
41792364686
41792364983
41792364845
41792364638
41792364663
41792364660
41792364810
41792364318
41792364650
41792364811
41792364596
41792364702
41792364990
41792364834
41792364992
41792364559
41792364825
41792364837
41792364690
41792364783
41792364989
41792364913
41792364590
41792364617
41792364740
41792364728
41792364739
41792364654
41792364875
41792364827
41792364842
41792364680
41792364814
41792364988
41792364691
41792364448
41792364670
41792364715
41792364979
41792364859
41792364846
41792364370
41792364706
41792364896
41792364996
41792364939
41792364798
41792364947
41792364869
41792364860
41792364985
41792364701
41792364808
41792364974
41792364908
41792364851
41792364571
41792364885
41792364893
41792364611
41792364961
41792364761
41792364956
41792364927
41792364982
41792366000
41792366001
41792366007
41792366022
41792366019
41792366017
41792366025
41792366010
41792366003
41792366004
41792366014
41792366024
41792366028
41792366011
41792366009
41792366026
41792366023
41792366031
41792366027
41792366006
41792366021
41792366013
41792366143
41792366141
41792366155
41792366183
41792366193
41792366269
41792366053
41792366292
41792366293
41792366081
41792366042
41792366350
41792366035
41792366375
41792366056
41792366100
41792366102
41792366108
41792366083
41792366256
41792366064
41792366068
41792366060
41792366148
41792366063
41792366087
41792366124
41792366199
41792366109
41792366106
41792366114
41792366126
41792366075
41792366082
41792366188
41792366203
41792366134
41792366205
41792366130
41792366136
41792366314
41792366325
41792366036
41792366018
41792366177
41792366189
41792366300
41792366309
41792366039
41792366308
41792366338
41792366090
41792366236
41792366059
41792366315
41792366517
41792366044
41792366058
41792366345
41792366149
41792366080
41792366453
41792366133
41792366352
41792366122
41792366653
41792366055
41792366335
41792366054
41792366071
41792366198
41792366151
41792366213
41792366046
41792366168
41792366173
41792366111
41792366092
41792366229
41792366161
41792366367
41792366110
41792366230
41792366117
41792366257
41792366368
41792366154
41792366227
41792366089
41792366411
41792366128
41792366174
41792366235
41792366405
41792366038
41792366273
41792366396
41792366246
41792366379
41792366070
41792366360
41792366489
41792366232
41792366448
41792366158
41792366311
41792366265
41792366546
41792366121
41792366116
41792366505
41792366279
41792366347
41792366319
41792366069
41792366464
41792366215
41792366339
41792366131
41792366190
41792366313
41792366138
41792366204
41792366184
41792366197
41792366078
41792366355
41792366733
41792366217
41792366473
41792366176
41792366650
41792366695
41792366419
41792366179
41792366074
41792366465
41792366166
41792366152
41792366361
41792366486
41792366337
41792366518
41792366249
41792366373
41792366324
41792366219
41792366144
41792366614
41792366201
41792366150
41792366434
41792366251
41792366374
41792366477
41792366206
41792366079
41792366228
41792366118
41792366404
41792366146
41792366422
41792366439
41792366072
41792366239
41792366529
41792366272
41792366571
41792366153
41792366263
41792366521
41792366610
41792366429
41792366160
41792366547
41792366211
41792366258
41792366137
41792366162
41792366171
41792366526
41792366252
41792366107
41792366457
41792366512
41792366402
41792366125
41792366371
41792366513
41792366781
41792366826
41792366400
41792366766
41792366120
41792366523
41792366224
41792366470
41792366098
41792366260
41792366377
41792366264
41792366595
41792366514
41792366222
41792366221
41792366792
41792366326
41792366210
41792366196
41792366677
41792366611
41792366157
41792366390
41792366673
41792366140
41792366528
41792366436
41792366305
41792366386
41792366286
41792366847
41792366212
41792366834
41792366599
41792366259
41792366233
41792366164
41792366887
41792366480
41792366441
41792366085
41792366704
41792366681
41792366284
41792366165
41792366945
41792366159
41792366336
41792366243
41792366142
41792366989
41792366297
41792366941
41792366432
41792366412
41792366779
41792366591
41792366962
41792366700
41792366536
41792366604
41792366238
41792366316
41792366440
41792366787
41792366745
41792366572
41792366661
41792366634
41792366271
41792366076
41792366876
41792366191
41792366924
41792366240
41792366270
41792366640
41792366346
41792366503
41792366280
41792366802
41792366535
41792366327
41792366793
41792366468
41792366501
41792366879
41792366467
41792366474
41792366655
41792366815
41792366370
41792366639
41792366475
41792366747
41792366676
41792366482
41792366559
41792366290
41792366646
41792366226
41792366583
41792366182
41792366321
41792366979
41792366803
41792366648
41792366576
41792366619
41792366310
41792366561
41792366698
41792366200
41792366409
41792366573
41792366930
41792366579
41792366727
41792366707
41792366615
41792366691
41792366942
41792366278
41792366741
41792366603
41792366846
41792366739
41792366896
41792366625
41792366304
41792366364
41792366852
41792366381
41792366613
41792366365
41792366925
41792366332
41792366642
41792366384
41792366939
41792366620
41792366262
41792366392
41792366612
41792366742
41792366806
41792366721
41792366813
41792366302
41792366391
41792366416
41792366778
41792366820
41792366667
41792366435
41792366340
41792366515
41792366427
41792366777
41792366382
41792366630
41792366478
41792366588
41792366281
41792366119
41792366484
41792366773
41792366890
41792366789
41792366776
41792366276
41792366479
41792366758
41792366906
41792366312
41792366358
41792366627
41792366740
41792366446
41792366656
41792366418
41792366694
41792366563
41792366516
41792366452
41792366438
41792366668
41792366763
41792366626
41792366342
41792366976
41792366680
41792366877
41792366658
41792366574
41792366488
41792366389
41792366801
41792366709
41792366414
41792366675
41792366830
41792366343
41792366498
41792366496
41792366734
41792366953
41792366660
41792366540
41792366748
41792366835
41792366744
41792366481
41792366915
41792366649
41792366530
41792366525
41792366869
41792366671
41792366320
41792366454
41792366413
41792366961
41792366421
41792366828
41792366706
41792366952
41792366904
41792366774
41792366859
41792366839
41792366493
41792366867
41792366862
41792366783
41792366690
41792366875
41792366632
41792366582
41792366282
41792366807
41792366768
41792366430
41792366723
41792366861
41792366897
41792366621
41792366679
41792366594
41792366784
41792366731
41792366900
41792366564
41792366580
41792366609
41792366715
41792366730
41792366873
41792366425
41792366500
41792366760
41792366622
41792366818
41792366369
41792366394
41792366921
41792366892
41792366623
41792366762
41792366724
41792366657
41792366431
41792366688
41792366755
41792366863
41792366458
41792366931
41792366520
41792366663
41792366442
41792366761
41792366947
41792366713
41792366838
41792366893
41792366791
41792366645
41792366954
41792366692
41792366849
41792366854
41792366917
41792366664
41792366567
41792366689
41792366699
41792366905
41792366795
41792366592
41792366624
41792366842
41792366401
41792366977
41792366775
41792366631
41792366957
41792366725
41792366996
41792366822
41792366959
41792366666
41792366881
41792366878
41792366590
41792366865
41792366618
41792366903
41792366502
41792366975
41792366853
41792366577
41792366708
41792366764
41792366984
41792366978
41792366738
41792366885
41792366754
41792366844
41792366864
41792366872
41792366909
41792366949
41792366380
41792366659
41792366770
41792366858
41792366047
41792366785
41792366652
41792366912
41792366805
41792366816
41792366769
41792366586
41792366814
41792366507
41792366048
41792366683
41792366910
41792366562
41792366825
41792366601
41792366845
41792366913
41792366970
41792366837
41792366175
41792366753
41792366570
41792366678
41792366185
41792366993
41792366992
41792366752
41792366824
41792366899
41792366926
41792366969
41792366455
41792366456
41792366548
41792360000
41792360003
41792360008
41792360009
41792360022
41792360015
41792360007
41792360011
41792360010
41792360021
41792360032
41792360004
41792360026
41792360006
41792360027
41792360016
41792360014
41792360031
41792360030
41792360013
41792360024
41792360002
41792360017
41792360094
41792360019
41792360061
41792360074
41792360148
41792360049
41792360150
41792360175
41792360147
41792360037
41792360379
41792360232
41792360060
41792360066
41792360104
41792360217
41792360193
41792360076
41792360038
41792360236
41792360028
41792360283
41792360171
41792360204
41792360042
41792360252
41792360034
41792360183
41792360448
41792360281
41792360146
41792360089
41792360039
41792360110
41792360092
41792360090
41792360044
41792360321
41792360077
41792360157
41792360059
41792360231
41792360380
41792360071
41792360121
41792360080
41792360413
41792360125
41792360120
41792360055
41792360141
41792360331
41792360033
41792360053
41792360262
41792360441
41792360047
41792360048
41792360312
41792360119
41792360465
41792360297
41792360082
41792360226
41792360112
41792360093
41792360295
41792360132
41792360210
41792360098
41792360575
41792360488
41792360058
41792360051
41792360100
41792360275
41792360045
41792360075
41792360178
41792360102
41792360115
41792360107
41792360324
41792360129
41792360116
41792360135
41792360167
41792360185
41792360202
41792360233
41792360589
41792360385
41792360181
41792360040
41792360527
41792360036
41792360260
41792360725
41792360219
41792360271
41792360307
41792360458
41792360084
41792360099
41792360123
41792360301
41792360137
41792360109
41792360320
41792360326
41792360505
41792360160
41792360241
41792360056
41792360118
41792360296
41792360215
41792360073
41792360205
41792360373
41792360289
41792360452
41792360161
41792360244
41792360412
41792360447
41792360256
41792360177
41792360085
41792360485
41792360444
41792360174
41792360159
41792360168
41792360498
41792360878
41792360451
41792360288
41792360466
41792360306
41792360407
41792360246
41792360760
41792360550
41792360274
41792360134
41792360551
41792360341
41792360308
41792360127
41792360567
41792360337
41792360200
41792360187
41792360284
41792360267
41792360186
41792360213
41792360108
41792360401
41792360169
41792360068
41792360229
41792360449
41792360172
41792360133
41792360801
41792360155
41792360409
41792360461
41792360139
41792360664
41792360502
41792360043
41792360340
41792360339
41792360223
41792360560
41792360472
41792360054
41792360523
41792360609
41792360470
41792360368
41792360152
41792360435
41792360046
41792360969
41792360456
41792360130
41792360627
41792360433
41792360534
41792360062
41792360269
41792360214
41792360405
41792360896
41792360516
41792360426
41792360103
41792360138
41792360642
41792360208
41792360166
41792360270
41792360564
41792360757
41792360446
41792360106
41792360265
41792360561
41792360228
41792360259
41792360278
41792360303
41792360290
41792360343
41792360391
41792360245
41792360612
41792360144
41792360272
41792360497
41792360239
41792360520
41792360203
41792360683
41792360334
41792360237
41792360145
41792360315
41792360673
41792360170
41792360481
41792360758
41792360394
41792360716
41792360552
41792360544
41792360286
41792360179
41792360844
41792360722
41792360425
41792360351
41792360436
41792360309
41792360273
41792360603
41792360355
41792360846
41792360234
41792360541
41792360506
41792360811
41792360350
41792360304
41792360816
41792360812
41792360328
41792360317
41792360568
41792360724
41792360222
41792360507
41792360749
41792360416
41792360666
41792360787
41792360402
41792360937
41792360864
41792360851
41792360778
41792360114
41792360911
41792360078
41792360487
41792360353
41792360586
41792360428
41792360593
41792360474
41792360389
41792360403
41792360566
41792360855
41792360483
41792360700
41792360718
41792360333
41792360740
41792360450
41792360709
41792360354
41792360581
41792360784
41792360729
41792360793
41792360480
41792360113
41792360300
41792360240
41792360806
41792360257
41792360322
41792360477
41792360684
41792360392
41792360519
41792360348
41792360387
41792360154
41792360819
41792360364
41792360880
41792360397
41792360598
41792360383
41792360688
41792360291
41792360408
41792360797
41792360514
41792360302
41792360746
41792360633
41792360230
41792360165
41792360604
41792360417
41792360662
41792360689
41792360388
41792360478
41792360653
41792360822
41792360429
41792360719
41792360371
41792360687
41792360783
41792360820
41792360975
41792360184
41792360494
41792360638
41792360815
41792360367
41792360764
41792360772
41792360814
41792360712
41792360221
41792360479
41792360180
41792360663
41792360810
41792360311
41792360182
41792360542
41792360829
41792360445
41792360617
41792360484
41792360875
41792360382
41792360410
41792360370
41792360652
41792360528
41792360533
41792360491
41792360611
41792360422
41792360895
41792360621
41792360415
41792360648
41792360849
41792360579
41792360605
41792360939
41792360643
41792360859
41792360857
41792360656
41792360535
41792360947
41792360751
41792360192
41792360344
41792360164
41792360369
41792360943
41792360800
41792360971
41792360462
41792360574
41792360453
41792360960
41792360750
41792360525
41792360909
41792360251
41792360979
41792360737
41792360563
41792360925
41792360537
41792360824
41792360330
41792360694
41792360559
41792360253
41792360600
41792360692
41792360866
41792360905
41792360883
41792360196
41792360583
41792360707
41792360248
41792360580
41792360889
41792360838
41792360946
41792360547
41792360717
41792360858
41792360900
41792360276
41792360597
41792360817
41792360531
41792360622
41792360524
41792360614
41792360825
41792360439
41792360553
41792360752
41792360774
41792360715
41792360706
41792360287
41792360610
41792360743
41792360356
41792360631
41792360489
41792360861
41792360686
41792360852
41792360879
41792360501
41792360789
41792360414
41792360920
41792360791
41792360419
41792360374
41792360708
41792360357
41792360585
41792360965
41792360696
41792360803
41792360942
41792360601
41792360934
41792360992
41792360908
41792360877
41792360518
41792360836
41792360785
41792360730
41792360868
41792360548
41792360936
41792360637
41792360770
41792360961
41792360711
41792360850
41792360963
41792360676
41792360765
41792360853
41792360754
41792360917
41792360602
41792360698
41792360771
41792360655
41792360630
41792360427
41792360365
41792360670
41792360400
41792360994
41792360981
41792360739
41792360508
41792360620
41792360701
41792360830
41792360886
41792360660
41792360876
41792360848
41792360788
41792360809
41792360293
41792360930
41792360978
41792360839
41792360804
41792360578
41792360828
41792360672
41792360766
41792360607
41792360599
41792360914
41792360691
41792360881
41792360747
41792360318
41792360818
41792360549
41792360679
41792360957
41792360988
41792360748
41792360916
41792360705
41792360565
41792360640
41792360667
41792360995
41792360899
41792360720
41792360974
41792360923
41792360935
41792360940
41792360782
41792360907
41792360381
41792360319
41792360845
41792360780
41792360887
41792360892
41792360928
41792360790
41792360902
41792360847
41792360726
41792360781
41792360865
41792360731
41792360915
41792360796
41792360954
41792360997
41792360888
41792360972
41792360933
41792369004
41792369025
41792369010
41792369022
41792369011
41792369023
41792369032
41792369027
41792369018
41792369008
41792369016
41792369002
41792369007
41792369009
41792369015
41792369028
41792369003
41792369005
41792369014
41792369012
41792369013
41792369029
41792369024
41792369283
41792369034
41792369040
41792369050
41792369046
41792369053
41792369060
41792369070
41792369082
41792369084
41792369076
41792369114
41792369086
41792369127
41792369144
41792369143
41792369167
41792369181
41792369254
41792369054
41792369077
41792369065
41792369111
41792369107
41792369293
41792369090
41792369133
41792369301
41792369059
41792369175
41792369049
41792369044
41792369145
41792369228
41792369051
41792369080
41792369048
41792369083
41792369098
41792369452
41792369039
41792369058
41792369132
41792369151
41792369057
41792369207
41792369067
41792369177
41792369152
41792369160
41792369081
41792369336
41792369137
41792369035
41792369162
41792369052
41792369187
41792369197
41792369209
41792369037
41792369335
41792369036
41792369134
41792369211
41792369135
41792369094
41792369285
41792369038
41792369281
41792369235
41792369147
41792369173
41792369136
41792369146
41792369234
41792369395
41792369193
41792369113
41792369423
41792369115
41792369213
41792369126
41792369155
41792369104
41792369218
41792369217
41792369093
41792369292
41792369226
41792369310
41792369201
41792369380
41792369130
41792369199
41792369339
41792369359
41792369103
41792369190
41792369742
41792369206
41792369195
41792369176
41792369265
41792369346
41792369262
41792369196
41792369216
41792369092
41792369308
41792369194
41792369599
41792369119
41792369420
41792369047
41792369166
41792369256
41792369530
41792369188
41792369056
41792369397
41792369373
41792369241
41792369441
41792369387
41792369505
41792369198
41792369418
41792369415
41792369249
41792369261
41792369343
41792369064
41792369676
41792369230
41792369383
41792369232
41792369366
41792369328
41792369375
41792369182
41792369583
41792369313
41792369429
41792369436
41792369760
41792369450
41792369266
41792369381
41792369563
41792369164
41792369250
41792369099
41792369237
41792369089
41792369385
41792369121
41792369878
41792369172
41792369109
41792369358
41792369286
41792369302
41792369330
41792369097
41792369306
41792369238
41792369322
41792369451
41792369294
41792369290
41792369317
41792369255
41792369352
41792369823
41792369278
41792369297
41792369222
41792369295
41792369180
41792369706
41792369202
41792369223
41792369349
41792369724
41792369575
41792369142
41792369775
41792369740
41792369102
41792369860
41792369402
41792369282
41792369746
41792369535
41792369594
41792369269
41792369528
41792369950
41792369537
41792369159
41792369410
41792369519
41792369345
41792369488
41792369890
41792369221
41792369227
41792369192
41792369316
41792369267
41792369582
41792369467
41792369288
41792369240
41792369212
41792369573
41792369276
41792369425
41792369200
41792369122
41792369684
41792369882
41792369720
41792369363
41792369341
41792369549
41792369716
41792369413
41792369356
41792369411
41792369538
41792369930
41792369431
41792369390
41792369179
41792369307
41792369459
41792369165
41792369123
41792369259
41792369613
41792369542
41792369788
41792369621
41792369351
41792369486
41792369504
41792369532
41792369623
41792369487
41792369476
41792369876
41792369320
41792369782
41792369601
41792369551
41792369319
41792369342
41792369602
41792369837
41792369561
41792369722
41792369554
41792369170
41792369637
41792369647
41792369437
41792369564
41792369640
41792369438
41792369299
41792369518
41792369481
41792369273
41792369350
41792369377
41792369311
41792369498
41792369338
41792369289
41792369859
41792369449
41792369717
41792369660
41792369462
41792369577
41792369448
41792369659
41792369458
41792369662
41792369493
41792369461
41792369556
41792369470
41792369183
41792369689
41792369900
41792369728
41792369972
41792369597
41792369632
41792369944
41792369472
41792369215
41792369362
41792369839
41792369360
41792369796
41792369214
41792369829
41792369918
41792369590
41792369568
41792369639
41792369745
41792369128
41792369464
41792369502
41792369935
41792369501
41792369545
41792369553
41792369994
41792369559
41792369617
41792369587
41792369578
41792369645
41792369503
41792369326
41792369734
41792369435
41792369210
41792369562
41792369947
41792369465
41792369405
41792369312
41792369725
41792369483
41792369511
41792369546
41792369723
41792369484
41792369886
41792369653
41792369846
41792369572
41792369525
41792369732
41792369894
41792369703
41792369531
41792369439
41792369925
41792369976
41792369382
41792369348
41792369567
41792369677
41792369828
41792369533
41792369473
41792369300
41792369893
41792369779
41792369957
41792369657
41792369806
41792369971
41792369355
41792369819
41792369686
41792369618
41792369888
41792369279
41792369325
41792369589
41792369138
41792369496
41792369329
41792369543
41792369443
41792369565
41792369475
41792369614
41792369785
41792369547
41792369710
41792369995
41792369368
41792369801
41792369389
41792369761
41792369560
41792369334
41792369595
41792369743
41792369932
41792369534
41792369793
41792369766
41792369818
41792369838
41792369808
41792369508
41792369977
41792369777
41792369606
41792369721
41792369513
41792369909
41792369739
41792369709
41792369731
41792369494
41792369524
41792369610
41792369825
41792369729
41792369384
41792369407
41792369966
41792369715
41792369666
41792369471
41792369993
41792369794
41792369970
41792369652
41792369699
41792369827
41792369627
41792369460
41792369592
41792369679
41792369280
41792369990
41792369544
41792369770
41792369810
41792369783
41792369648
41792369984
41792369688
41792369733
41792369393
41792369986
41792369651
41792369456
41792369787
41792369987
41792369997
41792369744
41792369668
41792369598
41792369522
41792369868
41792369824
41792369803
41792369881
41792369344
41792369842
41792369752
41792369737
41792369727
41792369922
41792369663
41792369807
41792369992
41792369646
41792369769
41792369781
41792369874
41792369855
41792369802
41792369791
41792369757
41792369673
41792369973
41792369927
41792369942
41792369983
41792369939
41792369287
41792369917
41792369468
41792369870
41792369866
41792369904
41792369790
41792369902
41792369539
41792369711
41792369845
41792369515
41792369772
41792369933
41792369634
41792369780
41792369635
41792369815
41792369959
41792369799
41792369867
41792369903
41792369520
41792369955
41792369945
41792369367
41792369875
41792369834
41792369952
41792369941
41792369936
41792369588
41792369516
41792369585
41792369753
41792369665
41792369975
41792369954
41792369650
41792369654
41792369603
41792369774
41792369880
41792369821
41792369928
41792369835
41792369672
41792369958
41792369852
41792369669
41792369414
41792369996
41792369767
41792369911
41792369910
41792369419
41792369718
41792369914
41792369682
41792369712
41792369929
41792369964
41792363000
41792363010
41792363005
41792363006
41792363022
41792363013
41792363023
41792363030
41792363003
41792363025
41792363024
41792363002
41792363012
41792363026
41792363028
41792363018
41792363014
41792363011
41792363041
41792363109
41792363114
41792363138
41792363145
41792363136
41792363160
41792363176
41792363200
41792363064
41792363052
41792363078
41792363094
41792363116
41792363122
41792363137
41792363167
41792363047
41792363083
41792363098
41792363219
41792363082
41792363147
41792363104
41792363053
41792363165
41792363084
41792363306
41792363079
41792363112
41792363059
41792363230
41792363250
41792363163
41792363123
41792363034
41792363090
41792363216
41792363276
41792363110
41792363048
41792363256
41792363106
41792363426
41792363036
41792363453
41792363100
41792363076
41792363077
41792363040
41792363182
41792363075
41792363049
41792363178
41792363097
41792363183
41792363033
41792363166
41792363118
41792363038
41792363111
41792363058
41792363224
41792363157
41792363245
41792363044
41792363043
41792363042
41792363207
41792363057
41792363132
41792363285
41792363065
41792363266
41792363050
41792363046
41792363249
41792363161
41792363159
41792363274
41792363180
41792363133
41792363191
41792363195
41792363196
41792363300
41792363202
41792363211
41792363203
41792363566
41792363283
41792363063
41792363281
41792363131
41792363184
41792363071
41792363154
41792363587
41792363304
41792363307
41792363081
41792363391
41792363141
41792363287
41792363336
41792363279
41792363190
41792363092
41792363478
41792363247
41792363338
41792363401
41792363442
41792363173
41792363561
41792363225
41792363214
41792363060
41792363192
41792363073
41792363389
41792363288
41792363265
41792363061
41792363352
41792363164
41792363343
41792363550
41792363254
41792363328
41792363185
41792363267
41792363671
41792363229
41792363117
41792363359
41792363223
41792363301
41792363218
41792363113
41792363444
41792363243
41792363310
41792363127
41792363518
41792363345
41792363101
41792363253
41792363439
41792363221
41792363443
41792363418
41792363363
41792363171
41792363394
41792363146
41792363294
41792363360
41792363538
41792363544
41792363181
41792363088
41792363383
41792363321
41792363532
41792363522
41792363358
41792363633
41792363582
41792363151
41792363373
41792363432
41792363286
41792363289
41792363331
41792363588
41792363867
41792363350
41792363634
41792363198
41792363506
41792363226
41792363372
41792363407
41792363158
41792363325
41792363610
41792363480
41792363255
41792363440
41792363268
41792363290
41792363148
41792363072
41792363527
41792363206
41792363227
41792363437
41792363278
41792363235
41792363512
41792363788
41792363134
41792363125
41792363487
41792363139
41792363411
41792363616
41792363362
41792363551
41792363194
41792363260
41792363601
41792363406
41792363479
41792363070
41792363172
41792363562
41792363365
41792363316
41792363379
41792363189
41792363361
41792363428
41792363210
41792363263
41792363282
41792363231
41792363661
41792363237
41792363650
41792363201
41792363337
41792363248
41792363430
41792363737
41792363302
41792363515
41792363434
41792363536
41792363710
41792363602
41792363624
41792363470
41792363368
41792363626
41792363773
41792363241
41792363732
41792363622
41792363468
41792363259
41792363351
41792363689
41792363323
41792363460
41792363314
41792363150
41792363573
41792363642
41792363548
41792363656
41792363179
41792363364
41792363483
41792363461
41792363509
41792363449
41792363854
41792363862
41792363852
41792363521
41792363805
41792363477
41792363488
41792363108
41792363091
41792363474
41792363559
41792363612
41792363787
41792363264
41792363204
41792363507
41792363371
41792363701
41792363549
41792363790
41792363311
41792363627
41792363342
41792363410
41792363659
41792363324
41792363720
41792363423
41792363436
41792363523
41792363690
41792363386
41792363539
41792363528
41792363322
41792363496
41792363355
41792363677
41792363277
41792363547
41792363451
41792363393
41792363376
41792363494
41792363533
41792363794
41792363546
41792363239
41792363380
41792363273
41792363821
41792363377
41792363119
41792363332
41792363425
41792363435
41792363431
41792363844
41792363819
41792363655
41792363140
41792363503
41792363680
41792363675
41792363648
41792363663
41792363493
41792363565
41792363583
41792363652
41792363445
41792363327
41792363739
41792363646
41792363807
41792363639
41792363317
41792363242
41792363333
41792363600
41792363413
41792363988
41792363554
41792363780
41792363543
41792363397
41792363563
41792363564
41792363632
41792363409
41792363944
41792363491
41792363502
41792363678
41792363303
41792363696
41792363707
41792363492
41792363679
41792363309
41792363497
41792363388
41792363991
41792363399
41792363378
41792363940
41792363713
41792363344
41792363939
41792363529
41792363673
41792363668
41792363603
41792363736
41792363238
41792363850
41792363851
41792363729
41792363896
41792363753
41792363275
41792363811
41792363899
41792363292
41792363674
41792363924
41792363459
41792363340
41792363577
41792363685
41792363417
41792363530
41792363820
41792363400
41792363558
41792363623
41792363606
41792363579
41792363640
41792363595
41792363589
41792363902
41792363957
41792363893
41792363824
41792363986
41792363840
41792363826
41792363876
41792363526
41792363803
41792363649
41792363703
41792363828
41792363702
41792363938
41792363541
41792363412
41792363609
41792363748
41792363605
41792363746
41792363868
41792363447
41792363556
41792363954
41792363785
41792363427
41792363458
41792363519
41792363429
41792363900
41792363912
41792363638
41792363545
41792363779
41792363611
41792363464
41792363809
41792363511
41792363305
41792363594
41792363469
41792363734
41792363629
41792363575
41792363936
41792363450
41792363845
41792363765
41792363835
41792363683
41792363695
41792363934
41792363880
41792363613
41792363755
41792363628
41792363585
41792363476
41792363751
41792363838
41792363982
41792363750
41792363810
41792363667
41792363772
41792363915
41792363770
41792363994
41792363296
41792363776
41792363865
41792363905
41792363834
41792363686
41792363782
41792363592
41792363448
41792363946
41792363608
41792363615
41792363657
41792363909
41792363914
41792363762
41792363712
41792363979
41792363524
41792363574
41792363889
41792363631
41792363728
41792363724
41792363885
41792363841
41792363665
41792363869
41792363531
41792363853
41792363670
41792363334
41792363669
41792363760
41792363705
41792363742
41792363962
41792363744
41792363888
41792363863
41792363764
41792363961
41792363892
41792363635
41792363783
41792363875
41792363930
41792363890
41792363725
41792363920
41792363501
41792363877
41792363687
41792363759
41792363644
41792363708
41792363676
41792363813
41792363887
41792363907
41792363983
41792363774
41792363586
41792363972
41792363973
41792363598
41792363682
41792363743
41792363370
41792363879
41792363919
41792363553
41792363804
41792363817
41792363715
41792363637
41792363846
41792363987
41792363535
41792363688
41792363672
41792363786
41792363917
41792363500
41792363895
41792363901
41792363916
41792363984
41792363926
41792363745
41792363884
41792363941
41792363818
41792363935
41792363974
41792363861
41792363709
41792363836
41792363847
41792363929
41792363947
41792363989
41792363567
41792363542
41792363777
41792363969
41792363693
41792363906
41792363747
41792363990
41792363812
41792363952
41792363928
41792363925
41792363897
41792363814
41792363654
41792363949
41792363735
41792363918
41792363997
41792363714
41792363948
41792363923
41792363866
41792363943
41792363858
41792363593
41792363643
41792363832
41792363960
41792363722
41792363996
41792363597
41792363857
41792363691
41792363967
41792363829
41792363913
41792363992
41792363758
41792363617
41792363731
41792363968
41792363771
41792363971
41792363977
41792363795
41792363618
41792363802
41792363660
41792363965
41792361000
41792361004
41792361022
41792361013
41792361021
41792361028
41792361023
41792361010
41792361029
41792361011
41792361016
41792361007
41792361001
41792361014
41792361012
41792361008
41792361019
41792361005
41792361032
41792361031
41792361024
41792361015
41792361020
41792361009
41792361045
41792361042
41792361077
41792361100
41792361172
41792361262
41792361053
41792361057
41792361068
41792361090
41792361084
41792361087
41792361086
41792361088
41792361093
41792361054
41792361111
41792361074
41792361133
41792361104
41792361107
41792361163
41792361301
41792361119
41792361049
41792361067
41792361237
41792361058
41792361248
41792361188
41792361250
41792361044
41792361219
41792361195
41792361330
41792361265
41792361040
41792361331
41792361185
41792361095
41792361231
41792361055
41792361184
41792361124
41792361035
41792361046
41792361235
41792361131
41792361078
41792361158
41792361150
41792361072
41792361356
41792361036
41792361353
41792361094
41792361097
41792361240
41792361282
41792361063
41792361536
41792361033
41792361348
41792361134
41792361115
41792361092
41792361102
41792361502
41792361128
41792361123
41792361367
41792361034
41792361513
41792361160
41792361293
41792361427
41792361198
41792361169
41792361227
41792361109
41792361164
41792361066
41792361550
41792361098
41792361117
41792361236
41792361638
41792361175
41792361272
41792361657
41792361629
41792361138
41792361136
41792361193
41792361221
41792361241
41792361190
41792361165
41792361208
41792361417
41792361242
41792361226
41792361598
41792361070
41792361089
41792361428
41792361340
41792361173
41792361065
41792361438
41792361394
41792361485
41792361366
41792361334
41792361338
41792361636
41792361145
41792361422
41792361579
41792361069
41792361266
41792361122
41792361273
41792361135
41792361413
41792361110
41792361532
41792361125
41792361168
41792361096
41792361637
41792361376
41792361127
41792361352
41792361590
41792361091
41792361144
41792361179
41792361255
41792361149
41792361375
41792361369
41792361281
41792361171
41792361239
41792361603
41792361612
41792361473
41792361309
41792361533
41792361228
41792361396
41792361316
41792361298
41792361254
41792361563
41792361189
41792361656
41792361748
41792361409
41792361259
41792361277
41792361153
41792361320
41792361180
41792361458
41792361497
41792361580
41792361073
41792361373
41792361166
41792361693
41792361685
41792361182
41792361372
41792361146
41792361296
41792361585
41792361553
41792361359
41792361548
41792361487
41792361780
41792361177
41792361325
41792361408
41792361161
41792361704
41792361383
41792361737
41792361405
41792361420
41792361698
41792361225
41792361126
41792361112
41792361664
41792361317
41792361211
41792361363
41792361614
41792361828
41792361432
41792361080
41792361979
41792361659
41792361315
41792361446
41792361739
41792361365
41792361271
41792361230
41792361559
41792361818
41792361154
41792361435
41792361720
41792361670
41792361101
41792361460
41792361401
41792361772
41792361501
41792361206
41792361483
41792361303
41792361283
41792361355
41792361681
41792361404
41792361811
41792361868
41792361742
41792361511
41792361872
41792361671
41792361462
41792361570
41792361666
41792361564
41792361116
41792361824
41792361552
41792361510
41792361566
41792361983
41792361429
41792361321
41792361284
41792361560
41792361953
41792361800
41792361406
41792361285
41792361827
41792361264
41792361635
41792361605
41792361582
41792361620
41792361209
41792361308
41792361178
41792361474
41792361216
41792361701
41792361453
41792361478
41792361530
41792361344
41792361288
41792361467
41792361351
41792361547
41792361894
41792361601
41792361778
41792361649
41792361326
41792361699
41792361289
41792361244
41792361322
41792361486
41792361210
41792361969
41792361477
41792361319
41792361261
41792361350
41792361726
41792361857
41792361222
41792361643
41792361700
41792361805
41792361349
41792361713
41792361576
41792361846
41792361387
41792361751
41792361905
41792361604
41792361425
41792361544
41792361710
41792361426
41792361646
41792361328
41792361370
41792361482
41792361930
41792361132
41792361233
41792361543
41792361407
41792361897
41792361863
41792361651
41792361768
41792361902
41792361909
41792361960
41792361609
41792361343
41792361389
41792361336
41792361890
41792361386
41792361521
41792361583
41792361954
41792361961
41792361962
41792361878
41792361630
41792361575
41792361292
41792361798
41792361619
41792361512
41792361785
41792361490
41792361312
41792361686
41792361652
41792361623
41792361743
41792361709
41792361675
41792361517
41792361223
41792361461
41792361371
41792361744
41792361329
41792361584
41792361727
41792361448
41792361578
41792361120
41792361475
41792361390
41792361291
41792361306
41792361866
41792361870
41792361436
41792361973
41792361456
41792361731
41792361311
41792361454
41792361562
41792361345
41792361898
41792361633
41792361489
41792361821
41792361416
41792361433
41792361459
41792361488
41792361820
41792361270
41792361431
41792361734
41792361900
41792361899
41792361989
41792361683
41792361771
41792361341
41792361754
41792361842
41792361523
41792361610
41792361976
41792361891
41792361733
41792361903
41792361928
41792361783
41792361887
41792361833
41792361554
41792361634
41792361980
41792361859
41792361963
41792361650
41792361934
41792361534
41792361994
41792361749
41792361323
41792361817
41792361765
41792361880
41792361335
41792361924
41792361313
41792361653
41792361917
41792361746
41792361716
41792361965
41792361360
41792361802
41792361274
41792361529
41792361914
41792361851
41792361839
41792361445
41792361672
41792361561
41792361688
41792361556
41792361480
41792361616
41792361873
41792361840
41792361888
41792361729
41792361792
41792361644
41792361593
41792361577
41792361449
41792361457
41792361848
41792361627
41792361874
41792361936
41792361403
41792361364
41792361447
41792361850
41792361834
41792361816
41792361581
41792361767
41792361611
41792361682
41792361719
41792361382
41792361495
41792361346
41792361836
41792361607
41792361959
41792361723
41792361856
41792361469
41792361608
41792361992
41792361706
41792361789
41792361695
41792361845
41792361708
41792361893
41792361788
41792361200
41792361669
41792361395
41792361967
41792361684
41792361804
41792361775
41792361843
41792361648
41792361982
41792361977
41792361412
41792361910
41792361606
41792361639
41792361952
41792361852
41792361938
41792361740
41792361551
41792361777
41792361763
41792361968
41792361947
41792361939
41792361987
41792361942
41792361812
41792361808
41792361948
41792361825
41792361718
41792361854
41792361736
41792361835
41792361476
41792361981
41792361770
41792361753
41792361632
41792361858
41792361645
41792361573
41792361913
41792361747
41792361758
41792361919
41792361481
41792361761
41792361861
41792361853
41792361907
41792361750
41792361941
41792361927
41792361807
41792361957
41792361832
41792361886
41792361916
41792361505
41792361970
41792361978
41792361829
41792361956
41792361929
41792361855
41792361915
41792361966
41792361106
41792361949
41792361996
41792361997
41792361141
41792361267
41792361810
41792361479
41792361911
41792361717
41792361847
41792361931
41792362000
41792362017
41792362029
41792362007
41792362013
41792362018
41792362019
41792362030
41792362008
41792362016
41792362009
41792362011
41792362010
41792362020
41792362032
41792362005
41792362028
41792362006
41792362012
41792362026
41792362003
41792362024
41792362027
41792362025
41792362023
41792362021
41792362094
41792362037
41792362036
41792362046
41792362052
41792362059
41792362067
41792362128
41792362124
41792362167
41792362200
41792362034
41792362176
41792362058
41792362055
41792362272
41792362301
41792362110
41792362318
41792362086
41792362137
41792362143
41792362050
41792362140
41792362033
41792362065
41792362187
41792362213
41792362097
41792362053
41792362100
41792362062
41792362082
41792362313
41792362326
41792362309
41792362077
41792362111
41792362088
41792362151
41792362156
41792362136
41792362189
41792362379
41792362554
41792362560
41792362182
41792362183
41792362306
41792362179
41792362236
41792362208
41792362096
41792362217
41792362346
41792362042
41792362334
41792362142
41792362273
41792362146
41792362076
41792362054
41792362061
41792362190
41792362073
41792362093
41792362108
41792362066
41792362103
41792362114
41792362047
41792362115
41792362132
41792362418
41792362071
41792362063
41792362185
41792362039
41792362286
41792362159
41792362144
41792362341
41792362044
41792362234
41792362087
41792362139
41792362221
41792362166
41792362171
41792362330
41792362135
41792362268
41792362204
41792362303
41792362329
41792362212
41792362045
41792362075
41792362269
41792362611
41792362314
41792362155
41792362477
41792362078
41792362367
41792362638
41792362098
41792362262
41792362370
41792362084
41792362081
41792362361
41792362644
41792362390
41792362163
41792362359
41792362580
41792362121
41792362230
41792362072
41792362561
41792362056
41792362195
41792362454
41792362592
41792362467
41792362227
41792362242
41792362125
41792362431
41792362145
41792362392
41792362427
41792362165
41792362447
41792362225
41792362459
41792362590
41792362113
41792362671
41792362325
41792362682
41792362175
41792362410
41792362133
41792362201
41792362219
41792362535
41792362178
41792362481
41792362396
41792362250
41792362177
41792362720
41792362567
41792362550
41792362102
41792362283
41792362457
41792362122
41792362472
41792362460
41792362417
41792362356
41792362134
41792362607
41792362606
41792362736
41792362245
41792362162
41792362466
41792362149
41792362257
41792362104
41792362315
41792362353
41792362648
41792362772
41792362127
41792362355
41792362442
41792362218
41792362231
41792362478
41792362173
41792362724
41792362281
41792362737
41792362279
41792362157
41792362523
41792362376
41792362898
41792362308
41792362289
41792362455
41792362534
41792362645
41792362199
41792362619
41792362233
41792362350
41792362615
41792362480
41792362228
41792362751
41792362277
41792362206
41792362321
41792362148
41792362422
41792362779
41792362400
41792362375
41792362193
41792362624
41792362769
41792362368
41792362198
41792362802
41792362503
41792362298
41792362412
41792362276
41792362349
41792362852
41792362154
41792362211
41792362131
41792362479
41792362119
41792362493
41792362545
41792362395
41792362394
41792362439
41792362160
41792362881
41792362677
41792362284
41792362343
41792362557
41792362432
41792362704
41792362488
41792362239
41792362526
41792362759
41792362555
41792362342
41792362304
41792362288
41792362372
41792362224
41792362323
41792362398
41792362322
41792362191
41792362773
41792362634
41792362739
41792362463
41792362387
41792362202
41792362241
41792362700
41792362384
41792362335
41792362338
41792362344
41792362426
41792362688
41792362340
41792362992
41792362150
41792362419
41792362458
41792362248
41792362665
41792362280
41792362203
41792362468
41792362381
41792362994
41792362630
41792362391
41792362863
41792362839
41792362668
41792362516
41792362727
41792362817
41792362633
41792362596
41792362244
41792362456
41792362196
41792362229
41792362902
41792362642
41792362605
41792362533
41792362563
41792362474
41792362449
41792362345
41792362588
41792362699
41792362933
41792362956
41792362814
41792362536
41792362674
41792362174
41792362287
41792362698
41792362575
41792362527
41792362577
41792362421
41792362207
41792362317
41792362539
41792362504
41792362745
41792362636
41792362168
41792362716
41792362822
41792362436
41792362730
41792362470
41792362448
41792362205
41792362253
41792362788
41792362888
41792362809
41792362770
41792362717
41792362433
41792362373
41792362620
41792362424
41792362181
41792362901
41792362502
41792362598
41792362307
41792362714
41792362506
41792362579
41792362655
41792362435
41792362408
41792362895
41792362337
41792362591
41792362411
41792362684
41792362859
41792362441
41792362566
41792362670
41792362333
41792362656
41792362879
41792362848
41792362524
41792362826
41792362706
41792362465
41792362771
41792362929
41792362450
41792362966
41792362660
41792362327
41792362551
41792362404
41792362988
41792362604
41792362564
41792362562
41792362816
41792362528
41792362223
41792362300
41792362686
41792362518
41792362226
41792362311
41792362414
41792362484
41792362628
41792362694
41792362578
41792362608
41792362654
41792362748
41792362572
41792362600
41792362188
41792362887
41792362612
41792362974
41792362832
41792362632
41792362784
41792362586
41792362328
41792362776
41792362944
41792362765
41792362862
41792362452
41792362443
41792362462
41792362692
41792362348
41792362310
41792362708
41792362529
41792362517
41792362583
41792362614
41792362743
41792362709
41792362931
41792362675
41792362702
41792362622
41792362905
41792362750
41792362749
41792362954
41792362258
41792362945
41792362899
41792362890
41792362543
41792362741
41792362969
41792362537
41792362420
41792362986
41792362734
41792362828
41792362943
41792362935
41792362494
41792362911
41792362312
41792362646
41792362775
41792362910
41792362955
41792362569
41792362837
41792362725
41792362963
41792362985
41792362871
41792362676
41792362290
41792362475
41792362440
41792362791
41792362672
41792362723
41792362552
41792362810
41792362406
41792362981
41792362573
41792362958
41792362501
41792362469
41792362581
41792362909
41792362549
41792362823
41792362664
41792362812
41792362594
41792362795
41792362797
41792362979
41792362892
41792362305
41792362959
41792362582
41792362626
41792362374
41792362623
41792362713
41792362875
41792362385
41792362347
41792362742
41792362842
41792362918
41792362735
41792362820
41792362393
41792362843
41792362962
41792362827
41792362613
41792362787
41792362972
41792362807
41792362951
41792362847
41792362715
41792362486
41792362602
41792362597
41792362732
41792362768
41792362939
41792362689
41792362858
41792362941
41792362757
41792362364
41792362876
41792362884
41792362844
41792362953
41792362780
41792362853
41792362616
41792362667
41792362891
41792362991
41792362530
41792362834
41792362680
41792362446
41792362726
41792362489
41792362964
41792362673
41792362950
41792362925
41792362754
41792362403
41792362556
41792362738
41792362728
41792362857
41792362825
41792362936
41792362860
41792362811
41792362937
41792362976
41792362627
41792362544
41792362980
41792362919
41792362880
41792362965
41792362869
41792362960
41792362928
41792362846
41792362996
41792362904
41792362495
41792362921
41792362889
41792362662
41792362805
41792362913
41792362618
41792362653
41792362838
41792362701
41792362957
41792362926
41792362830
41792362585
41792362705
41792362975
41792362796
41792362541
41792362707
41792362783
41792362866
41792362915
41792362878
41792362949
41792362864
41792362803
41792362755
41792362753
41792362760
41792362815
41792362912
41792362938
41792362952
41792368000
41792368018
41792368027
41792368005
41792368026
41792368002
41792368016
41792368031
41792368014
41792368021
41792368032
41792368013
41792368011
41792368024
41792368008
41792368001
41792368012
41792368004
41792368022
41792368015
41792368009
41792368025
41792368028
41792368029
41792368033
41792368044
41792368037
41792368078
41792368082
41792368088
41792368064
41792368138
41792368167
41792368035
41792368101
41792368074
41792368122
41792368094
41792368039
41792368109
41792368046
41792368104
41792368057
41792368093
41792368080
41792368062
41792368034
41792368107
41792368201
41792368055
41792368096
41792368090
41792368048
41792368067
41792368045
41792368121
41792368092
41792368066
41792368120
41792368140
41792368224
41792368149
41792368320
41792368229
41792368095
41792368176
41792368047
41792368319
41792368234
41792368084
41792368060
41792368261
41792368317
41792368212
41792368103
41792368244
41792368133
41792368072
41792368069
41792368207
41792368218
41792368083
41792368105
41792368216
41792368154
41792368085
41792368111
41792368125
41792368036
41792368215
41792368042
41792368052
41792368075
41792368196
41792368141
41792368076
41792368079
41792368106
41792368110
41792368038
41792368139
41792368581
41792368053
41792368108
41792368219
41792368091
41792368274
41792368145
41792368161
41792368287
41792368228
41792368086
41792368301
41792368329
41792368469
41792368501
41792368295
41792368153
41792368116
41792368273
41792368142
41792368250
41792368340
41792368184
41792368236
41792368061
41792368070
41792368393
41792368089
41792368150
41792368309
41792368272
41792368328
41792368282
41792368310
41792368232
41792368472
41792368056
41792368386
41792368326
41792368237
41792368087
41792368240
41792368509
41792368134
41792368429
41792368742
41792368415
41792368305
41792368641
41792368135
41792368403
41792368408
41792368208
41792368051
41792368334
41792368124
41792368660
41792368292
41792368400
41792368460
41792368875
41792368414
41792368314
41792368337
41792368325
41792368144
41792368186
41792368100
41792368483
41792368486
41792368345
41792368398
41792368324
41792368815
41792368302
41792368518
41792368792
41792368661
41792368411
41792368169
41792368650
41792368652
41792368205
41792368541
41792368630
41792368725
41792368137
41792368148
41792368143
41792368638
41792368548
41792368444
41792368214
41792368350
41792368534
41792368545
41792368397
41792368629
41792368600
41792368478
41792368296
41792368639
41792368068
41792368117
41792368322
41792368890
41792368585
41792368206
41792368820
41792368394
41792368907
41792368211
41792368416
41792368300
41792368555
41792368365
41792368385
41792368516
41792368362
41792368944
41792368830
41792368370
41792368269
41792368129
41792368377
41792368916
41792368372
41792368719
41792368346
41792368648
41792368504
41792368654
41792368485
41792368488
41792368323
41792368152
41792368544
41792368810
41792368783
41792368308
41792368793
41792368529
41792368262
41792368450
41792368554
41792368760
41792368204
41792368836
41792368577
41792368847
41792368502
41792368592
41792368892
41792368596
41792368704
41792368656
41792368623
41792368813
41792368503
41792368786
41792368602
41792368643
41792368751
41792368489
41792368456
41792368696
41792368670
41792368347
41792368691
41792368800
41792368833
41792368567
41792368680
41792368762
41792368448
41792368809
41792368563
41792368217
41792368732
41792368823
41792368579
41792368536
41792368713
41792368391
41792368239
41792368331
41792368517
41792368846
41792368621
41792368624
41792368860
41792368420
41792368526
41792368277
41792368566
41792368468
41792368339
41792368409
41792368535
41792368903
41792368491
41792368651
41792368558
41792368854
41792368771
41792368461
41792368934
41792368603
41792368418
41792368412
41792368524
41792368614
41792368622
41792368538
41792368828
41792368904
41792368838
41792368889
41792368351
41792368348
41792368826
41792368655
41792368952
41792368917
41792368457
41792368575
41792368835
41792368597
41792368849
41792368708
41792368475
41792368495
41792368678
41792368718
41792368631
41792368740
41792368679
41792368790
41792368611
41792368677
41792368667
41792368985
41792368459
41792368223
41792368473
41792368777
41792368653
41792368913
41792368671
41792368443
41792368588
41792368703
41792368663
41792368964
41792368559
41792368605
41792368467
41792368978
41792368710
41792368852
41792368465
41792368471
41792368649
41792368706
41792368884
41792368861
41792368895
41792368960
41792368739
41792368584
41792368481
41792368470
41792368844
41792368482
41792368948
41792368939
41792368715
41792368593
41792368694
41792368874
41792368971
41792368390
41792368752
41792368899
41792368520
41792368357
41792368868
41792368756
41792368580
41792368315
41792368571
41792368627
41792368746
41792368454
41792368410
41792368885
41792368615
41792368758
41792368669
41792368869
41792368920
41792368543
41792368848
41792368807
41792368983
41792368665
41792368878
41792368870
41792368755
41792368637
41792368724
41792368462
41792368640
41792368583
41792368788
41792368859
41792368735
41792368915
41792368634
41792368666
41792368722
41792368714
41792368893
41792368644
41792368610
41792368775
41792368647
41792368477
41792368930
41792368743
41792368560
41792368940
41792368689
41792368842
41792368574
41792368819
41792368967
41792368672
41792368928
41792368997
41792368445
41792368980
41792368768
41792368773
41792368553
41792368867
41792368763
41792368816
41792368925
41792368845
41792368662
41792368686
41792368709
41792368407
41792368754
41792368864
41792368702
41792368989
41792368968
41792368572
41792368829
41792368871
41792368873
41792368941
41792368795
41792368789
41792368594
41792368728
41792368938
41792368962
41792368812
41792368619
41792368990
41792368981
41792368729
41792368606
41792368782
41792368464
41792368811
41792368802
41792368977
41792368688
41792368570
41792368626
41792368399
41792368914
41792368613
41792368748
41792368537
41792368909
41792368522
41792368975
41792368837
41792368599
41792368604
41792368769
41792368882
41792368974
41792368716
41792368858
41792368625
41792368806
41792368935
41792368879
41792368908
41792368587
41792368900
41792368883
41792368616
41792368973
41792368632
41792368947
41792368814
41792368946
41792368645
41792368876
41792368698
41792368877
41792368901
41792368757
41792368546
41792368965
41792368957
41792368926
41792368970
41792368942
41792368736
41792368982
41792368929
41792368996
41792368664
41792368766
41792368767
41792368887
41792368617
41792368891
41792368936
41792368881
41792368747
41792368824
41792368880
41792368707
41792368945
41792368894
41792368902
41792368753
41792368992
41792368839
41792367000
41792367027
41792367002
41792367015
41792367016
41792367020
41792367010
41792367009
41792367004
41792367005
41792367001
41792367022
41792367008
41792367032
41792367033
41792367066
41792367068
41792367118
41792367157
41792367030
41792367012
41792367285
41792367070
41792367034
41792367081
41792367249
41792367050
41792367158
41792367076
41792367062
41792367219
41792367264
41792367192
41792367037
41792367035
41792367154
41792367039
41792367212
41792367210
41792367080
41792367262
41792367079
41792367036
41792367159
41792367267
41792367180
41792367098
41792367145
41792367245
41792367114
41792367272
41792367199
41792367092
41792367208
41792367093
41792367442
41792367112
41792367040
41792367090
41792367300
41792367294
41792367303
41792367045
41792367071
41792367065
41792367058
41792367119
41792367091
41792367049
41792367126
41792367590
41792367156
41792367288
41792367129
41792367125
41792367240
41792367236
41792367360
41792367175
41792367041
41792367230
41792367680
41792367532
41792367355
41792367075
41792367067
41792367104
41792367097
41792367425
41792367231
41792367290
41792367082
41792367165
41792367086
41792367108
41792367064
41792367600
41792367177
41792367407
41792367350
41792367171
41792367181
41792367533
41792367102
41792367195
41792367167
41792367164
41792367204
41792367084
41792367289
41792367056
41792367257
41792367160
41792367278
41792367106
41792367432
41792367048
41792367332
41792367324
41792367166
41792367318
41792367341
41792367732
41792367284
41792367188
41792367614
41792367471
41792367623
41792367854
41792367200
41792367222
41792367333
41792367450
41792367343
41792367347
41792367223
41792367149
41792367238
41792367453
41792367408
41792367135
41792367357
41792367253
41792367228
41792367501
41792367438
41792367235
41792367423
41792367182
41792367424
41792367283
41792367601
41792367330
41792367151
41792367148
41792367477
41792367511
41792367194
41792367434
41792367536
41792367462
41792367653
41792367120
41792367608
41792367650
41792367220
41792367402
41792367141
41792367247
41792367263
41792367386
41792367173
41792367375
41792367444
41792367242
41792367977
41792367339
41792367147
41792367713
41792367935
41792367411
41792367136
41792367305
41792367218
41792367061
41792367678
41792367752
41792367282
41792367538
41792367168
41792367757
41792367140
41792367207
41792367753
41792367315
41792367128
41792367275
41792367363
41792367124
41792367534
41792367784
41792367426
41792367268
41792367229
41792367524
41792367872
41792367122
41792367392
41792367320
41792367385
41792367515
41792367576
41792367217
41792367299
41792367184
41792367297
41792367261
41792367277
41792367174
41792367190
41792367836
41792367400
41792367762
41792367379
41792367609
41792367169
41792367490
41792367841
41792367399
41792367202
41792367187
41792367520
41792367869
41792367589
41792367295
41792367103
41792367491
41792367370
41792367487
41792367629
41792367452
41792367499
41792367266
41792367322
41792367291
41792367535
41792367528
41792367510
41792367571
41792367769
41792367271
41792367460
41792367736
41792367458
41792367292
41792367514
41792367603
41792367910
41792367428
41792367699
41792367443
41792367473
41792367702
41792367716
41792367319
41792367720
41792367248
41792367787
41792367448
41792367489
41792367953
41792367311
41792367992
41792367978
41792367307
41792367701
41792367580
41792367178
41792367559
41792367630
41792367480
41792367918
41792367687
41792367558
41792367647
41792367482
41792367606
41792367143
41792367502
41792367345
41792367848
41792367896
41792367176
41792367256
41792367761
41792367474
41792367358
41792367549
41792367215
41792367404
41792367316
41792367196
41792367610
41792367364
41792367729
41792367413
41792367365
41792367486
41792367792
41792367616
41792367645
41792367327
41792367927
41792367369
41792367973
41792367373
41792367749
41792367777
41792367497
41792367504
41792367301
41792367987
41792367714
41792367674
41792367338
41792367660
41792367685
41792367636
41792367602
41792367840
41792367914
41792367855
41792367833
41792367618
41792367570
41792367979
41792367879
41792367949
41792367586
41792367427
41792367677
41792367900
41792367666
41792367851
41792367258
41792367683
41792367431
41792367560
41792367517
41792367475
41792367634
41792367675
41792367667
41792367293
41792367331
41792367401
41792367132
41792367741
41792367568
41792367712
41792367814
41792367649
41792367631
41792367835
41792367592
41792367939
41792367706
41792367468
41792367615
41792367928
41792367597
41792367507
41792367804
41792367607
41792367254
41792367273
41792367905
41792367561
41792367383
41792367969
41792367325
41792367640
41792367737
41792367436
41792367858
41792367889
41792367648
41792367430
41792367488
41792367813
41792367446
41792367686
41792367552
41792367822
41792367279
41792367933
41792367412
41792367916
41792367582
41792367314
41792367990
41792367924
41792367679
41792367955
41792367626
41792367721
41792367633
41792367362
41792367665
41792367372
41792367790
41792367727
41792367286
41792367690
41792367779
41792367705
41792367758
41792367876
41792367638
41792367670
41792367824
41792367734
41792367802
41792367954
41792367961
41792367719
41792367681
41792367342
41792367663
41792367730
41792367521
41792367459
41792367983
41792367567
41792367642
41792367672
41792367760
41792367902
41792367697
41792367555
41792367772
41792367838
41792367972
41792367564
41792367641
41792367832
41792367781
41792367593
41792367997
41792367722
41792367728
41792367805
41792367970
41792367447
41792367926
41792367304
41792367692
41792367797
41792367756
41792367662
41792367739
41792367965
41792367806
41792367583
41792367494
41792367912
41792367915
41792367964
41792367985
41792367989
41792367809
41792367888
41792367454
41792367531
41792367845
41792367980
41792367803
41792367596
41792367579
41792367523
41792367742
41792367700
41792367574
41792367553
41792367898
41792367588
41792367899
41792367817
41792367960
41792367875
41792367994
41792367577
41792367617
41792367807
41792367834
41792367791
41792367891
41792367529
41792367892
41792367811
41792367541
41792367984
41792367513
41792367996
41792367717
41792367796
41792367825
41792367591
41792367377
41792367865
41792367709
41792367673
41792367993
41792367611
41792367707
41792367808
41792367867
41792367776
41792367646
41792367828
41792367689
41792367764
41792367815
41792367771
41792367890
41792367594
41792367628
41792367842
41792367664
41792367767
41792367415
41792367986
41792367624
41792367904
41792367893
41792367943
41792367911
41792367770
41792367829
41792367793
41792367931
41792367548
41792367903
41792367821
41792367816
41792367768
41792367958
41792367944
41792367754
41792367956
41792367844
41792367908
41792367967
41792367830
41792367922
41792367934
41792367971
41792367975
41792367659
41792367733
41792367945
41792367957
41792367884
41792367773
41792367775
41792367827
41792367894
