41767645000
41767645018
41767645029
41767645031
41767645006
41767645050
41767645051
41767645116
41767645120
41767645047
41767645167
41767645149
41767645105
41767645345
41767645329
41767645224
41767645054
41767645094
41767645111
41767645505
41767645234
41767645403
41767645363
41767645458
41767645499
41767645385
41767645393
41767645297
41767645338
41767645176
41767645425
41767645276
41767645474
41767645251
41767645600
41767645217
41767645476
41767645396
41767645416
41767645290
41767645424
41767645410
41767645647
41767645632
41767645585
41767645654
41767645553
41767645339
41767645470
41767645222
41767645770
41767645489
41767645988
41767645664
41767645551
41767645571
41767645547
41767645378
41767645773
41767645527
41767645504
41767645509
41767645508
41767645883
41767645513
41767645806
41767645440
41767645359
41767645404
41767645272
41767645572
41767645833
41767645895
41767645446
41767645837
41767645650
41767645482
41767645956
41767645502
41767645824
41767645821
41767645864
41767645838
41767645419
41767645717
41767645707
41767645876
41767645965
41767645966
41767645938
41767645539
41767645834
41767644004
41767644025
41767644005
41767644030
41767644189
41767644156
41767644073
41767644079
41767644272
41767644053
41767644055
41767644376
41767644096
41767644435
41767644187
41767644320
41767644072
41767644443
41767644407
41767644445
41767644378
41767644172
41767644183
41767644182
41767644319
41767644061
41767644215
41767644388
41767644419
41767644089
41767644409
41767644247
41767644269
41767644570
41767644275
41767644474
41767644389
41767644281
41767644576
41767644475
41767644464
41767644151
41767644066
41767644094
41767644537
41767644386
41767644339
41767644486
41767644103
41767644438
41767644542
41767644520
41767644195
41767644596
41767644574
41767644535
41767644382
41767644627
41767644223
41767644421
41767644459
41767644812
41767644694
41767644546
41767644304
41767644695
41767644208
41767644712
41767644512
41767644556
41767644310
41767644527
41767644589
41767644713
41767644401
41767644723
41767644633
41767644454
41767644166
41767644585
41767644978
41767644467
41767644888
41767644325
41767644468
41767644708
41767644667
41767644909
41767644918
41767644921
41767644678
41767644872
41767644988
41767644690
41767644898
41767644144
41767644744
41767644975
41767644968
41767644880
41767644996
41767644971
41767644944
41767644422
41767646002
41767646200
41767646155
41767646262
41767646041
41767646253
41767646170
41767646115
41767646092
41767646282
41767646035
41767646099
41767646097
41767646365
41767646312
41767646124
41767646180
41767646468
41767646284
41767646301
41767646112
41767646298
41767646553
41767646321
41767646075
41767646157
41767646113
41767646419
41767646272
41767646446
41767646455
41767646652
41767646401
41767646226
41767646292
41767646925
41767646166
41767646564
41767646460
41767646613
41767646765
41767646369
41767646783
41767646624
41767646310
41767646950
41767646385
41767646287
41767646626
41767646936
41767646636
41767646299
41767646479
41767646914
41767646969
41767646417
41767646583
41767646663
41767646685
41767646865
41767646772
41767646910
41767646731
41767646706
41767646842
41767646961
41767646884
41767646861
41767646276
41767646977
41767646777
41767646619
41767646952
41767646882
41767646729
41767646867
41767646598
41767646662
41767646604
41767646957
41767646732
41767646690
41767646935
41767646721
41767646660
41767646900
41767646727
41767646938
41767646879
41767646927
41767646614
41767646653
41767646888
41767646972
41767646993
41767640007
41767640016
41767640024
41767640005
41767640022
41767640001
41767640009
41767640080
41767640065
41767640083
41767640069
41767640249
41767640204
41767640201
41767640149
41767640114
41767640110
41767640226
41767640220
41767640268
41767640107
41767640163
41767640298
41767640372
41767640377
41767640409
41767640434
41767640391
41767640458
41767640383
41767640416
41767640553
41767640424
41767640585
41767640652
41767640489
41767640444
41767640445
41767640587
41767640502
41767640614
41767640501
41767640442
41767640622
41767640682
41767640642
41767640486
41767640573
41767640566
41767640650
41767640641
41767640644
41767640582
41767640601
41767640619
41767640494
41767640683
41767640653
41767640597
41767640669
41767640657
41767640700
41767640708
41767640717
41767640724
41767640702
41767640772
41767640791
41767640746
41767640748
41767640814
41767640785
41767640806
41767640793
41767640742
41767640778
41767640792
41767640751
41767640790
41767640826
41767640869
41767640879
41767640840
41767640843
41767640880
41767640864
41767640872
41767640926
41767640947
41767640929
41767640894
41767640935
41767640897
41767640957
41767640997
41767649007
41767649019
41767649023
41767649003
41767649170
41767649137
41767649040
41767649143
41767649165
41767649305
41767649336
41767649250
41767649094
41767649155
41767649266
41767649151
41767649274
41767649459
41767649537
41767649161
41767649428
41767649327
41767649208
41767649624
41767649620
41767649597
41767649238
41767649281
41767649271
41767649408
41767649567
41767649954
41767649260
41767649717
41767649301
41767649662
41767649737
41767649467
41767649645
41767649516
41767649553
41767649363
41767649216
41767649702
41767649765
41767649354
41767649602
41767649432
41767649559
41767649442
41767649692
41767649556
41767649728
41767649359
41767649824
41767649993
41767649634
41767649316
41767649555
41767649436
41767649308
41767649968
41767649541
41767649581
41767649504
41767649497
41767649863
41767649731
41767649460
41767649946
41767649698
41767649770
41767649953
41767649604
41767649740
41767649785
41767649666
41767649870
41767649779
41767649849
41767649763
41767649795
41767649948
41767649910
41767649885
41767649540
41767649996
41767649539
41767649967
41767649593
41767649809
41767649753
41767649648
41767649977
41767649901
41767649644
41767649855
41767649905
41767649738
41767649986
41767649403
41767649913
41767649971
41767649783
41767643011
41767643028
41767643128
41767643214
41767643233
41767643098
41767643199
41767643083
41767643289
41767643053
41767643105
41767643346
41767643106
41767643067
41767643180
41767643147
41767643407
41767643254
41767643091
41767643252
41767643204
41767643434
41767643317
41767643520
41767643393
41767643316
41767643772
41767643334
41767643468
41767643655
41767643079
41767643444
41767643166
41767643099
41767643364
41767643239
41767643576
41767643362
41767643632
41767643445
41767643552
41767643533
41767643363
41767643573
41767643084
41767643568
41767643841
41767643281
41767643620
41767643631
41767643380
41767643683
41767643424
41767643904
41767643548
41767643751
41767643815
41767643234
41767643226
41767643762
41767643567
41767643530
41767643534
41767643696
41767643235
41767643649
41767643644
41767643699
41767643782
41767643849
41767643205
41767643497
41767643664
41767643634
41767643641
41767643850
41767643860
41767643679
41767643740
41767643521
41767643919
41767643626
41767643580
41767643824
41767643736
41767643531
41767643964
41767643697
41767643507
41767643408
41767643586
41767643646
41767643916
41767643694
41767643866
41767643938
41767643942
41767643777
41767643923
41767643795
41767643959
41767643902
41767643966
41767641009
41767641010
41767641006
41767641200
41767641298
41767641065
41767641111
41767641055
41767641179
41767641236
41767641164
41767641143
41767641197
41767641280
41767641124
41767641213
41767641151
41767641177
41767641123
41767641306
41767641103
41767641188
41767641661
41767641409
41767641636
41767641171
41767641156
41767641180
41767641113
41767641132
41767641571
41767641350
41767641058
41767641387
41767641463
41767641234
41767641574
41767641266
41767641346
41767641233
41767641424
41767641367
41767641408
41767641274
41767641303
41767641166
41767641656
41767641322
41767641324
41767641352
41767641589
41767641581
41767641739
41767641435
41767641864
41767641446
41767641590
41767641605
41767641678
41767641442
41767641536
41767641660
41767641299
41767641737
41767641879
41767641779
41767641883
41767641689
41767641917
41767641726
41767641988
41767641911
41767641884
41767641653
41767641877
41767641760
41767641965
41767641721
41767641893
41767641530
41767641942
41767641943
41767641927
41767641727
41767641714
41767641926
41767641652
41767641903
41767641771
41767641987
41767642003
41767642021
41767642004
41767642008
41767642012
41767642090
41767642203
41767642049
41767642141
41767642082
41767642206
41767642108
41767642099
41767642189
41767642122
41767642157
41767642241
41767642165
41767642214
41767642125
41767642132
41767642088
41767642256
41767642123
41767642089
41767642315
41767642258
41767642147
41767642626
41767642423
41767642376
41767642751
41767642268
41767642305
41767642200
41767642327
41767642155
41767642842
41767642286
41767642800
41767642499
41767642454
41767642530
41767642749
41767642927
41767642496
41767642380
41767642329
41767642680
41767642418
41767642929
41767642484
41767642698
41767642397
41767642450
41767642544
41767642152
41767642460
41767642483
41767642582
41767642368
41767642551
41767642899
41767642974
41767642436
41767642394
41767642880
41767642657
41767642883
41767642267
41767642281
41767642686
41767642462
41767642296
41767642422
41767642444
41767642921
41767642527
41767642564
41767642803
41767642550
41767642558
41767642790
41767642535
41767642388
41767642988
41767642710
41767642806
41767642730
41767642681
41767642498
41767642675
41767642665
41767642720
41767642836
41767642721
41767642889
41767642910
41767642911
41767642666
41767642949
41767642818
41767642707
41767642601
41767642817
41767642969
41767642750
41767642940
41767642492
41767642973
41767642976
41767642783
41767642874
41767642979
41767642951
41767648028
41767648008
41767648023
41767648014
41767648011
41767648026
41767648030
41767648012
41767648044
41767648034
41767648096
41767648040
41767648281
41767648257
41767648132
41767648196
41767648232
41767648033
41767648038
41767648047
41767648100
41767648081
41767648328
41767648336
41767648253
41767648108
41767648058
41767648035
41767648051
41767648053
41767648374
41767648137
41767648122
41767648120
41767648154
41767648070
41767648552
41767648140
41767648333
41767648485
41767648283
41767648248
41767648638
41767648454
41767648377
41767648458
41767648504
41767648245
41767648357
41767648913
41767648419
41767648519
41767648582
41767648555
41767648980
41767648480
41767648375
41767648598
41767648604
41767648607
41767648873
41767648166
41767648429
41767648834
41767648396
41767648572
41767648798
41767648626
41767648423
41767648808
41767648782
41767648831
41767648952
41767648706
41767648688
41767648953
41767648523
41767648570
41767648288
41767648546
41767648648
41767648929
41767648886
41767648737
41767648868
41767648778
41767648282
41767648237
41767648619
41767648991
41767648755
41767648974
41767648363
41767648914
41767648494
41767648349
41767648702
41767648699
41767648815
41767648712
41767648673
41767648711
41767648880
41767648694
41767648969
41767648966
41767648925
41767647003
41767647008
41767647012
41767647009
41767647032
41767647016
41767647006
41767647031
41767647054
41767647236
41767647035
41767647176
41767647205
41767647058
41767647055
41767647098
41767647185
41767647235
41767647068
41767647697
41767647327
41767647096
41767647070
41767647429
41767647276
41767647492
41767647370
41767647219
41767647411
41767647576
41767647444
41767647537
41767647307
41767647186
41767647724
41767647283
41767647417
41767647311
41767647355
41767647820
41767647450
41767647562
41767647530
41767647842
41767647597
41767647241
41767647457
41767647296
41767647373
41767647270
41767647627
41767647484
41767647300
41767647367
41767647770
41767647711
41767647313
41767647675
41767647587
41767647728
41767647609
41767647387
41767647347
41767647684
41767647337
41767647284
41767647593
41767647449
41767647506
41767647392
41767647762
41767647289
41767647947
41767647938
41767647721
41767647636
41767647945
41767647839
41767647927
41767647652
41767647534
41767647800
41767647460
41767647829
41767647641
41767647868
41767647743
41767647505
41767647942
41767647799
41767647960
41767647730
41767647975
41767647881
41767647985
41767647603
41767647608
41767647917
41767647747
41767647906
41767647794
41767647624
41767647867
41767647949
41767647703
41767647934
41767647750
41767647962
41767647987
41767647528
41767647871
41767647850
41767647855
41767647909
41767647978
