41791755000
41791755018
41791755021
41791755031
41791755029
41791755010
41791755023
41791755008
41791755015
41791755012
41791755022
41791755009
41791755024
41791755005
41791755011
41791755020
41791755175
41791755211
41791755041
41791755050
41791755035
41791755057
41791755072
41791755066
41791755081
41791755131
41791755101
41791755043
41791755088
41791755100
41791755309
41791755089
41791755157
41791755036
41791755062
41791755047
41791755085
41791755090
41791755191
41791755148
41791755055
41791755093
41791755109
41791755060
41791755044
41791755059
41791755042
41791755136
41791755212
41791755034
41791755125
41791755120
41791755235
41791755147
41791755118
41791755255
41791755092
41791755117
41791755176
41791755054
41791755188
41791755209
41791755051
41791755224
41791755345
41791755389
41791755086
41791755033
41791755127
41791755197
41791755045
41791755079
41791755052
41791755065
41791755489
41791755103
41791755250
41791755107
41791755503
41791755469
41791755122
41791755070
41791755486
41791755185
41791755353
41791755195
41791755331
41791755140
41791755232
41791755202
41791755298
41791755119
41791755290
41791755418
41791755524
41791755254
41791755110
41791755111
41791755296
41791755075
41791755190
41791755198
41791755174
41791755091
41791755301
41791755213
41791755631
41791755114
41791755347
41791755218
41791755124
41791755096
41791755282
41791755076
41791755134
41791755189
41791755115
41791755244
41791755583
41791755646
41791755355
41791755073
41791755358
41791755394
41791755442
41791755552
41791755330
41791755533
41791755247
41791755495
41791755387
41791755587
41791755379
41791755581
41791755574
41791755216
41791755269
41791755384
41791755135
41791755208
41791755058
41791755179
41791755361
41791755275
41791755084
41791755714
41791755248
41791755409
41791755455
41791755536
41791755416
41791755143
41791755087
41791755572
41791755740
41791755417
41791755652
41791755570
41791755194
41791755138
41791755314
41791755196
41791755449
41791755767
41791755328
41791755164
41791755813
41791755411
41791755849
41791755554
41791755505
41791755256
41791755150
41791755390
41791755292
41791755671
41791755510
41791755651
41791755421
41791755354
41791755673
41791755368
41791755494
41791755500
41791755616
41791755925
41791755369
41791755271
41791755356
41791755857
41791755833
41791755612
41791755228
41791755307
41791755161
41791755366
41791755440
41791755246
41791755716
41791755669
41791755491
41791755642
41791755577
41791755564
41791755750
41791755223
41791755769
41791755450
41791755128
41791755778
41791755137
41791755308
41791755441
41791755475
41791755144
41791755447
41791755452
41791755412
41791755279
41791755659
41791755192
41791755391
41791755829
41791755571
41791755620
41791755799
41791755715
41791755600
41791755374
41791755306
41791755739
41791755508
41791755566
41791755666
41791755686
41791755817
41791755280
41791755444
41791755884
41791755811
41791755534
41791755300
41791755184
41791755432
41791755482
41791755846
41791755725
41791755258
41791755734
41791755407
41791755687
41791755693
41791755381
41791755156
41791755259
41791755443
41791755990
41791755784
41791755535
41791755385
41791755717
41791755166
41791755408
41791755713
41791755900
41791755675
41791755171
41791755738
41791755434
41791755530
41791755540
41791755479
41791755521
41791755579
41791755662
41791755169
41791755898
41791755453
41791755619
41791755914
41791755728
41791755637
41791755318
41791755550
41791755519
41791755723
41791755972
41791755293
41791755663
41791755423
41791755800
41791755517
41791755221
41791755943
41791755625
41791755978
41791755665
41791755648
41791755654
41791755768
41791755830
41791755363
41791755400
41791755553
41791755563
41791755484
41791755635
41791755456
41791755706
41791755957
41791755952
41791755473
41791755806
41791755746
41791755950
41791755488
41791755650
41791755220
41791755815
41791755337
41791755974
41791755327
41791755890
41791755933
41791755704
41791755466
41791755683
41791755672
41791755398
41791755908
41791755891
41791755437
41791755855
41791755562
41791755607
41791755584
41791755736
41791755615
41791755691
41791755909
41791755322
41791755591
41791755499
41791755762
41791755862
41791755981
41791755558
41791755606
41791755597
41791755634
41791755955
41791755632
41791755986
41791755871
41791755633
41791755940
41791755596
41791755359
41791755490
41791755744
41791755590
41791755608
41791755341
41791755865
41791755622
41791755994
41791755653
41791755761
41791755264
41791755735
41791755649
41791755747
41791755539
41791755426
41791755995
41791755655
41791755681
41791755752
41791755700
41791755945
41791755961
41791755936
41791755840
41791755912
41791755872
41791755770
41791755763
41791755645
41791755451
41791755892
41791755603
41791755602
41791755378
41791755628
41791755694
41791755711
41791755792
41791755844
41791755766
41791755549
41791755889
41791755732
41791755834
41791755757
41791755613
41791755827
41791755924
41791755680
41791755547
41791755878
41791755627
41791755640
41791755682
41791755831
41791755980
41791755860
41791755839
41791755926
41791755861
41791755582
41791755709
41791755963
41791755393
41791755837
41791755853
41791755678
41791755636
41791755826
41791755758
41791755794
41791755703
41791755874
41791755801
41791755565
41791755674
41791755685
41791755989
41791755942
41791755873
41791755478
41791755883
41791755941
41791755695
41791755902
41791755721
41791755403
41791755492
41791755658
41791755897
41791755790
41791755975
41791755436
41791755745
41791755485
41791755780
41791755987
41791755915
41791755991
41791755751
41791755923
41791755828
41791755541
41791755868
41791755825
41791755876
41791755544
41791755798
41791755969
41791755543
41791755888
41791755877
41791755916
41791755779
41791755982
41791755618
41791755920
41791755729
41791755879
41791755808
41791755864
41791755935
41791755967
41791754006
41791754004
41791754015
41791754026
41791754007
41791754024
41791754017
41791754030
41791754014
41791754012
41791754020
41791754010
41791754001
41791754009
41791754002
41791754011
41791754008
41791754028
41791754023
41791754016
41791754019
41791754044
41791754039
41791754088
41791754090
41791754100
41791754139
41791754147
41791754188
41791754194
41791754230
41791754049
41791754291
41791754058
41791754042
41791754074
41791754136
41791754076
41791754070
41791754060
41791754067
41791754072
41791754128
41791754034
41791754071
41791754065
41791754148
41791754113
41791754143
41791754081
41791754066
41791754031
41791754094
41791754154
41791754146
41791754084
41791754179
41791754142
41791754186
41791754218
41791754249
41791754111
41791754309
41791754101
41791754185
41791754332
41791754257
41791754255
41791754464
41791754289
41791754086
41791754069
41791754166
41791754155
41791754041
41791754083
41791754038
41791754302
41791754126
41791754073
41791754022
41791754207
41791754264
41791754046
41791754102
41791754116
41791754233
41791754132
41791754173
41791754405
41791754131
41791754163
41791754051
41791754043
41791754161
41791754158
41791754077
41791754056
41791754334
41791754355
41791754045
41791754330
41791754099
41791754227
41791754106
41791754048
41791754078
41791754272
41791754226
41791754197
41791754092
41791754097
41791754396
41791754162
41791754251
41791754047
41791754440
41791754144
41791754468
41791754533
41791754182
41791754232
41791754344
41791754059
41791754314
41791754121
41791754223
41791754093
41791754493
41791754248
41791754087
41791754204
41791754366
41791754117
41791754192
41791754326
41791754178
41791754199
41791754319
41791754573
41791754362
41791754064
41791754169
41791754338
41791754127
41791754114
41791754406
41791754105
41791754157
41791754367
41791754278
41791754175
41791754239
41791754379
41791754425
41791754508
41791754174
41791754518
41791754115
41791754098
41791754489
41791754500
41791754445
41791754528
41791754172
41791754202
41791754522
41791754151
41791754129
41791754308
41791754782
41791754124
41791754311
41791754138
41791754454
41791754196
41791754395
41791754436
41791754061
41791754889
41791754347
41791754495
41791754195
41791754679
41791754544
41791754373
41791754560
41791754413
41791754091
41791754168
41791754328
41791754215
41791754675
41791754222
41791754282
41791754212
41791754450
41791754642
41791754190
41791754203
41791754275
41791754735
41791754288
41791754455
41791754118
41791754398
41791754566
41791754299
41791754025
41791754591
41791754252
41791754578
41791754193
41791754393
41791754312
41791754198
41791754176
41791754159
41791754474
41791754054
41791754365
41791754315
41791754276
41791754820
41791754241
41791754260
41791754245
41791754734
41791754587
41791754610
41791754776
41791754258
41791754167
41791754262
41791754361
41791754838
41791754164
41791754851
41791754757
41791754709
41791754523
41791754359
41791754442
41791754349
41791754104
41791754446
41791754788
41791754569
41791754358
41791754481
41791754325
41791754496
41791754363
41791754609
41791754339
41791754368
41791754374
41791754519
41791754922
41791754216
41791754438
41791754096
41791754382
41791754316
41791754220
41791754400
41791754520
41791754307
41791754589
41791754390
41791754702
41791754779
41791754213
41791754554
41791754902
41791754637
41791754858
41791754970
41791754527
41791754545
41791754391
41791754407
41791754259
41791754412
41791754420
41791754881
41791754419
41791754236
41791754287
41791754206
41791754402
41791754145
41791754487
41791754882
41791754559
41791754296
41791754800
41791754089
41791754651
41791754238
41791754676
41791754884
41791754294
41791754283
41791754336
41791754421
41791754568
41791754130
41791754369
41791754329
41791754268
41791754456
41791754530
41791754475
41791754590
41791754531
41791754270
41791754585
41791754397
41791754629
41791754662
41791754323
41791754911
41791754581
41791754434
41791754572
41791754356
41791754626
41791754550
41791754269
41791754891
41791754792
41791754843
41791754575
41791754750
41791754565
41791754652
41791754357
41791754385
41791754592
41791754444
41791754351
41791754666
41791754183
41791754548
41791754765
41791754228
41791754345
41791754760
41791754909
41791754687
41791754678
41791754451
41791754670
41791754619
41791754377
41791754620
41791754634
41791754650
41791754274
41791754525
41791754483
41791754732
41791754389
41791754465
41791754210
41791754622
41791754724
41791754346
41791754616
41791754965
41791754459
41791754511
41791754122
41791754501
41791754410
41791754654
41791754588
41791754452
41791754789
41791754638
41791754771
41791754714
41791754371
41791754733
41791754534
41791754517
41791754728
41791754513
41791754584
41791754392
41791754335
41791754684
41791754602
41791754553
41791754861
41791754685
41791754467
41791754762
41791754632
41791754611
41791754490
41791754579
41791754890
41791754876
41791754576
41791754883
41791754418
41791754618
41791754991
41791754808
41791754411
41791754972
41791754740
41791754904
41791754941
41791754556
41791754705
41791754514
41791754439
41791754725
41791754540
41791754574
41791754441
41791754767
41791754963
41791754703
41791754950
41791754739
41791754645
41791754976
41791754842
41791754720
41791754484
41791754640
41791754254
41791754847
41791754801
41791754526
41791754423
41791754859
41791754598
41791754806
41791754942
41791754586
41791754593
41791754700
41791754857
41791754350
41791754781
41791754416
41791754657
41791754563
41791754867
41791754561
41791754380
41791754778
41791754636
41791754460
41791754871
41791754917
41791754937
41791754543
41791754633
41791754471
41791754814
41791754505
41791754930
41791754805
41791754874
41791754819
41791754803
41791754737
41791754615
41791754954
41791754786
41791754570
41791754813
41791754745
41791754959
41791754555
41791754448
41791754718
41791754354
41791754960
41791754947
41791754433
41791754491
41791754699
41791754437
41791754810
41791754761
41791754665
41791754539
41791754830
41791754975
41791754603
41791754845
41791754717
41791754758
41791754880
41791754497
41791754384
41791754596
41791754486
41791754944
41791754683
41791754945
41791754951
41791754836
41791754682
41791754939
41791754907
41791754828
41791754580
41791754899
41791754878
41791754417
41791754427
41791754671
41791754656
41791754458
41791754784
41791754667
41791754536
41791754895
41791754541
41791754948
41791754668
41791754957
41791754515
41791754804
41791754599
41791754731
41791754624
41791754822
41791754940
41791754977
41791754798
41791754759
41791754964
41791754995
41791754669
41791754583
41791754994
41791754860
41791754630
41791754915
41791754658
41791754910
41791754897
41791754766
41791754955
41791754816
41791754905
41791754855
41791754997
41791754967
41791754969
41791754785
41791754818
41791754983
41791754797
41791754846
41791754653
41791754928
41791754817
41791754824
41791754938
41791754929
41791754649
41791754934
41791754892
41791754825
41791754974
41791754924
41791756016
41791756020
41791756012
41791756005
41791756002
41791756018
41791756029
41791756014
41791756015
41791756008
41791756032
41791756001
41791756019
41791756011
41791756024
41791756023
41791756004
41791756007
41791756022
41791756094
41791756096
41791756144
41791756102
41791756185
41791756193
41791756030
41791756059
41791756078
41791756064
41791756090
41791756056
41791756058
41791756033
41791756101
41791756091
41791756055
41791756073
41791756036
41791756045
41791756075
41791756060
41791756240
41791756134
41791756089
41791756093
41791756183
41791756157
41791756217
41791756222
41791756108
41791756042
41791756260
41791756356
41791756251
41791756218
41791756191
41791756037
41791756040
41791756079
41791756132
41791756086
41791756163
41791756052
41791756034
41791756318
41791756257
41791756066
41791756041
41791756263
41791756199
41791756123
41791756128
41791756135
41791756099
41791756054
41791756311
41791756074
41791756106
41791756256
41791756112
41791756231
41791756610
41791756131
41791756136
41791756080
41791756057
41791756264
41791756288
41791756214
41791756229
41791756427
41791756156
41791756321
41791756277
41791756200
41791756213
41791756243
41791756049
41791756378
41791756146
41791756149
41791756227
41791756304
41791756242
41791756204
41791756053
41791756081
41791756280
41791756315
41791756071
41791756406
41791756070
41791756035
41791756248
41791756382
41791756286
41791756305
41791756069
41791756485
41791756246
41791756124
41791756368
41791756087
41791756281
41791756164
41791756456
41791756500
41791756201
41791756172
41791756179
41791756387
41791756113
41791756781
41791756203
41791756245
41791756181
41791756358
41791756395
41791756278
41791756168
41791756307
41791756177
41791756272
41791756223
41791756390
41791756616
41791756602
41791756519
41791756266
41791756271
41791756339
41791756282
41791756253
41791756294
41791756115
41791756244
41791756111
41791756105
41791756259
41791756215
41791756292
41791756336
41791756323
41791756618
41791756436
41791756142
41791756295
41791756082
41791756187
41791756404
41791756325
41791756732
41791756137
41791756324
41791756394
41791756541
41791756274
41791756338
41791756297
41791756159
41791756468
41791756116
41791756329
41791756206
41791756572
41791756312
41791756364
41791756562
41791756564
41791756152
41791756822
41791756202
41791756538
41791756520
41791756383
41791756768
41791756162
41791756180
41791756400
41791756195
41791756495
41791756487
41791756173
41791756546
41791756254
41791756319
41791756973
41791756335
41791756414
41791756571
41791756347
41791756393
41791756308
41791756381
41791756225
41791756130
41791756196
41791756473
41791756696
41791756563
41791756365
41791756489
41791756306
41791756189
41791756632
41791756302
41791756668
41791756333
41791756182
41791756421
41791756450
41791756718
41791756407
41791756250
41791756560
41791756249
41791756375
41791756220
41791756342
41791756197
41791756386
41791756299
41791756190
41791756417
41791756537
41791756391
41791756453
41791756221
41791756821
41791756788
41791756685
41791756535
41791756219
41791756270
41791756285
41791756230
41791756648
41791756265
41791756258
41791756525
41791756609
41791756550
41791756787
41791756341
41791756584
41791756559
41791756396
41791756145
41791756434
41791756712
41791756348
41791756334
41791756957
41791756486
41791756252
41791756573
41791756402
41791756623
41791756587
41791756366
41791756470
41791756284
41791756600
41791756836
41791756273
41791756837
41791756426
41791756871
41791756613
41791756298
41791756528
41791756617
41791756448
41791756597
41791756524
41791756411
41791756806
41791756853
41791756340
41791756717
41791756911
41791756444
41791756755
41791756392
41791756841
41791756761
41791756423
41791756986
41791756449
41791756384
41791756548
41791756369
41791756212
41791756757
41791756849
41791756544
41791756779
41791756832
41791756799
41791756606
41791756805
41791756700
41791756917
41791756409
41791756629
41791756693
41791756797
41791756994
41791756154
41791756463
41791756554
41791756801
41791756300
41791756545
41791756367
41791756447
41791756337
41791756645
41791756532
41791756517
41791756816
41791756410
41791756521
41791756877
41791756824
41791756736
41791756178
41791756738
41791756433
41791756720
41791756667
41791756840
41791756916
41791756967
41791756583
41791756727
41791756533
41791756777
41791756555
41791756909
41791756639
41791756839
41791756403
41791756317
41791756637
41791756585
41791756679
41791756478
41791756604
41791756567
41791756660
41791756377
41791756704
41791756991
41791756455
41791756796
41791756964
41791756664
41791756786
41791756659
41791756934
41791756953
41791756968
41791756443
41791756530
41791756913
41791756458
41791756287
41791756963
41791756502
41791756211
41791756831
41791756663
41791756955
41791756721
41791756687
41791756652
41791756733
41791756780
41791756510
41791756504
41791756549
41791756921
41791756355
41791756620
41791756882
41791756626
41791756703
41791756695
41791756977
41791756962
41791756737
41791756644
41791756643
41791756865
41791756978
41791756598
41791756723
41791756854
41791756631
41791756568
41791756856
41791756746
41791756669
41791756884
41791756412
41791756803
41791756990
41791756860
41791756740
41791756794
41791756715
41791756912
41791756858
41791756574
41791756918
41791756594
41791756649
41791756622
41791756875
41791756811
41791756966
41791756542
41791756650
41791756702
41791756734
41791756813
41791756861
41791756518
41791756929
41791756553
41791756775
41791756951
41791756804
41791756949
41791756950
41791756570
41791756670
41791756920
41791756666
41791756576
41791756825
41791756965
41791756827
41791756809
41791756743
41791756582
41791756902
41791756819
41791756792
41791756982
41791756708
41791756947
41791756651
41791756758
41791756661
41791756899
41791756790
41791756677
41791756789
41791756812
41791756997
41791756940
41791756851
41791756802
41791756739
41791756869
41791756833
41791756896
41791756834
41791756879
41791756892
41791756810
41791756956
41791756936
41791756814
41791756885
41791756846
41791756910
41791756870
41791756928
41791756800
41791756880
41791756859
41791756782
41791756690
41791756987
41791756979
41791756897
41791756857
41791756862
41791756850
41791756970
41791756931
41791756890
41791756988
41791756748
41791750000
41791750002
41791750010
41791750008
41791750026
41791750001
41791750011
41791750020
41791750031
41791750022
41791750007
41791750015
41791750017
41791750004
41791750003
41791750005
41791750021
41791750019
41791750038
41791750109
41791750114
41791750142
41791750091
41791750077
41791750147
41791750070
41791750053
41791750036
41791750066
41791750060
41791750049
41791750056
41791750116
41791750146
41791750143
41791750157
41791750034
41791750280
41791750042
41791750062
41791750127
41791750050
41791750204
41791750245
41791750226
41791750145
41791750173
41791750081
41791750165
41791750183
41791750090
41791750148
41791750216
41791750104
41791750210
41791750082
41791750185
41791750176
41791750035
41791750254
41791750084
41791750128
41791750199
41791750126
41791750171
41791750089
41791750047
41791750190
41791750141
41791750083
41791750085
41791750153
41791750044
41791750103
41791750052
41791750121
41791750055
41791750092
41791750108
41791750101
41791750166
41791750218
41791750211
41791750236
41791750069
41791750285
41791750144
41791750215
41791750061
41791750227
41791750300
41791750331
41791750200
41791750341
41791750045
41791750136
41791750170
41791750097
41791750110
41791750281
41791750159
41791750192
41791750290
41791750102
41791750051
41791750113
41791750242
41791750057
41791750208
41791750120
41791750229
41791750214
41791750301
41791750123
41791750220
41791750325
41791750240
41791750064
41791750169
41791750330
41791750164
41791750139
41791750118
41791750161
41791750244
41791750140
41791750243
41791750239
41791750268
41791750252
41791750334
41791750230
41791750129
41791750067
41791750253
41791750267
41791750223
41791750231
41791750286
41791750124
41791750107
41791750071
41791750340
41791750111
41791750234
41791750250
41791750219
41791750307
41791750304
41791750259
41791750188
41791750079
41791750232
41791750177
41791750194
41791750314
41791750207
41791750295
41791750328
41791750257
41791750309
41791750238
41791750272
41791750274
41791750201
41791750096
41791750303
41791750196
41791750292
41791750264
41791750339
41791750310
41791750317
41791750348
41791750322
41791750361
41791750379
41791750357
41791750376
41791750359
41791750365
41791750358
41791750370
41791750375
41791750360
41791750363
41791750382
41791750353
41791750354
41791750371
41791750369
41791750380
41791750397
41791750455
41791750423
41791750404
41791750493
41791750435
41791750615
41791750388
41791750400
41791750383
41791750446
41791750481
41791750494
41791750649
41791750560
41791750405
41791750387
41791750398
41791750389
41791750424
41791750558
41791750449
41791750586
41791750472
41791750401
41791750646
41791750475
41791750644
41791750605
41791750698
41791750486
41791750457
41791750697
41791750592
41791750444
41791750617
41791750390
41791750410
41791750619
41791750517
41791750418
41791750429
41791750546
41791750561
41791750417
41791750415
41791750668
41791750409
41791750407
41791750460
41791750468
41791750510
41791750483
41791750499
41791750442
41791750627
41791750564
41791750672
41791750528
41791750566
41791750543
41791750584
41791750577
41791750569
41791750459
41791750623
41791750408
41791750675
41791750421
41791750507
41791750578
41791750550
41791750593
41791750463
41791750587
41791750616
41791750618
41791750591
41791750484
41791750454
41791750399
41791750476
41791750600
41791750667
41791750514
41791750611
41791750571
41791750447
41791750653
41791750563
41791750523
41791750490
41791750425
41791750557
41791750626
41791750511
41791750531
41791750588
41791750467
41791750513
41791750601
41791750599
41791750437
41791750491
41791750492
41791750474
41791750602
41791750505
41791750585
41791750553
41791750624
41791750497
41791750612
41791750696
41791750595
41791750519
41791750590
41791750589
41791750655
41791750608
41791750500
41791750663
41791750581
41791750660
41791750582
41791750648
41791750552
41791750551
41791750583
41791750665
41791750645
41791750479
41791750671
41791750620
41791750656
41791750690
41791750576
41791750489
41791750673
41791750657
41791750676
41791750534
41791750629
41791750526
41791750614
41791750652
41791750693
41791750488
41791750539
41791750694
41791750568
41791750594
41791750637
41791750662
41791750639
41791750556
41791750683
41791750692
41791750575
41791750640
41791750642
41791750664
41791750520
41791750641
41791750659
41791750727
41791750701
41791750704
41791750726
41791750705
41791750710
41791750703
41791750728
41791750725
41791750718
41791750713
41791750724
41791750719
41791750736
41791750735
41791750740
41791750737
41791750754
41791750766
41791750759
41791750760
41791750787
41791750733
41791750744
41791750762
41791750773
41791750741
41791750788
41791750784
41791750734
41791750748
41791750757
41791750779
41791750732
41791750777
41791750747
41791750792
41791750774
41791750772
41791750776
41791750785
41791750786
41791750751
41791750763
41791750765
41791750823
41791750815
41791750869
41791750832
41791750849
41791750830
41791750844
41791750839
41791750852
41791750863
41791750865
41791750877
41791750796
41791750800
41791750875
41791750801
41791750866
41791750820
41791750817
41791750876
41791750814
41791750828
41791750804
41791750864
41791750841
41791750793
41791750842
41791750806
41791750878
41791750813
41791750836
41791750855
41791750853
41791750816
41791750802
41791750809
41791750838
41791750870
41791750845
41791750867
41791750812
41791750848
41791750856
41791750861
41791750871
41791750850
41791750824
41791750851
41791750928
41791750931
41791750899
41791750898
41791750908
41791750911
41791750889
41791750880
41791750903
41791750890
41791750904
41791750905
41791750919
41791750916
41791750887
41791750933
41791750906
41791750883
41791750897
41791750894
41791750896
41791750932
41791750891
41791750921
41791750922
41791750934
41791750886
41791750909
41791750937
41791750900
41791750902
41791750910
41791750939
41791750918
41791750885
41791750967
41791750960
41791750944
41791750965
41791750951
41791750968
41791750943
41791750964
41791750958
41791750956
41791750971
41791750966
41791750961
41791750970
41791750963
41791750954
41791750976
41791750984
41791750993
41791750981
41791750999
41791750992
41791750988
41791750994
41791750987
41791750978
41791750980
41791750996
41791750995
41791759011
41791759015
41791759022
41791759027
41791759010
41791759006
41791759005
41791759013
41791759008
41791759016
41791759032
41791759046
41791759062
41791759140
41791759024
41791759350
41791759042
41791759044
41791759066
41791759070
41791759108
41791759134
41791759126
41791759164
41791759121
41791759161
41791759188
41791759088
41791759039
41791759057
41791759038
41791759234
41791759238
41791759095
41791759069
41791759099
41791759301
41791759313
41791759034
41791759115
41791759096
41791759147
41791759060
41791759049
41791759053
41791759391
41791759058
41791759041
41791759240
41791759104
41791759141
41791759054
41791759036
41791759112
41791759181
41791759193
41791759228
41791759214
41791759159
41791759056
41791759028
41791759218
41791759192
41791759052
41791759335
41791759277
41791759117
41791759076
41791759215
41791759086
41791759320
41791759132
41791759125
41791759221
41791759098
41791759189
41791759091
41791759336
41791759116
41791759136
41791759127
41791759139
41791759205
41791759291
41791759145
41791759271
41791759387
41791759424
41791759187
41791759194
41791759170
41791759448
41791759103
41791759299
41791759177
41791759442
41791759176
41791759065
41791759285
41791759201
41791759135
41791759373
41791759293
41791759133
41791759275
41791759421
41791759270
41791759232
41791759497
41791759303
41791759250
41791759274
41791759290
41791759520
41791759144
41791759505
41791759248
41791759154
41791759068
41791759219
41791759288
41791759319
41791759169
41791759438
41791759396
41791759609
41791759351
41791759266
41791759450
41791759314
41791759077
41791759259
41791759295
41791759151
41791759055
41791759081
41791759461
41791759143
41791759253
41791759230
41791759353
41791759596
41791759289
41791759183
41791759551
41791759073
41791759162
41791759160
41791759213
41791759333
41791759390
41791759106
41791759818
41791759207
41791759621
41791759769
41791759388
41791759416
41791759200
41791759074
41791759411
41791759691
41791759179
41791759105
41791759325
41791759226
41791759577
41791759570
41791759661
41791759483
41791759900
41791759428
41791759305
41791759539
41791759601
41791759519
41791759378
41791759196
41791759744
41791759349
41791759790
41791759276
41791759557
41791759102
41791759606
41791759537
41791759417
41791759446
41791759491
41791759733
41791759146
41791759366
41791759405
41791759210
41791759362
41791759067
41791759686
41791759399
41791759560
41791759409
41791759553
41791759508
41791759094
41791759488
41791759547
41791759664
41791759330
41791759355
41791759172
41791759655
41791759770
41791759864
41791759407
41791759720
41791759427
41791759678
41791759435
41791759360
41791759639
41791759578
41791759241
41791759714
41791759619
41791759934
41791759667
41791759272
41791759823
41791759822
41791759443
41791759843
41791759561
41791759297
41791759550
41791759485
41791759725
41791759680
41791759745
41791759413
41791759431
41791759401
41791759254
41791759574
41791759078
41791759972
41791759620
41791759484
41791759475
41791759372
41791759152
41791759422
41791759459
41791759811
41791759518
41791759813
41791759901
41791759963
41791759255
41791759504
41791759489
41791759659
41791759321
41791759802
41791759739
41791759444
41791759404
41791759433
41791759836
41791759668
41791759397
41791759735
41791759434
41791759727
41791759419
41791759556
41791759174
41791759650
41791759564
41791759477
41791759607
41791759318
41791759555
41791759920
41791759474
41791759883
41791759425
41791759377
41791759671
41791759582
41791759506
41791759478
41791759669
41791759903
41791759180
41791759142
41791759991
41791759464
41791759471
41791759418
41791759875
41791759732
41791759949
41791759247
41791759541
41791759885
41791759860
41791759832
41791759794
41791759637
41791759588
41791759683
41791759865
41791759842
41791759462
41791759914
41791759871
41791759957
41791759826
41791759403
41791759490
41791759909
41791759701
41791759445
41791759856
41791759994
41791759482
41791759964
41791759449
41791759737
41791759771
41791759565
41791759717
41791759897
41791759829
41791759787
41791759385
41791759682
41791759436
41791759628
41791759279
41791759363
41791759613
41791759894
41791759616
41791759857
41791759969
41791759713
41791759184
41791759638
41791759566
41791759749
41791759458
41791759862
41791759688
41791759925
41791759966
41791759426
41791759961
41791759451
41791759906
41791759538
41791759437
41791759649
41791759645
41791759540
41791759747
41791759663
41791759968
41791759960
41791759575
41791759486
41791759723
41791759977
41791759492
41791759956
41791759913
41791759592
41791759527
41791759584
41791759912
41791759878
41791759558
41791759804
41791759919
41791759947
41791759722
41791759544
41791759929
41791759853
41791759611
41791759617
41791759706
41791759932
41791759841
41791759514
41791759721
41791759677
41791759884
41791759386
41791759827
41791759460
41791759698
41791759937
41791759808
41791759548
41791759926
41791759922
41791759891
41791759782
41791759545
41791759924
41791759863
41791759880
41791759846
41791759751
41791759939
41791759455
41791759587
41791759849
41791759755
41791759975
41791759936
41791759716
41791759821
41791759729
41791759500
41791759986
41791759799
41791759976
41791759600
41791759973
41791759724
41791759549
41791759757
41791759950
41791759546
41791759762
41791759989
41791759887
41791759855
41791759734
41791759970
41791759958
41791759907
41791759824
41791759850
41791759511
41791759801
41791759990
41791759602
41791759467
41791759535
41791759726
41791759895
41791759877
41791759892
41791759854
41791759662
41791759807
41791759227
41791759381
41791759687
41791759651
41791759941
41791759374
41791759839
41791759736
41791759795
41791759685
41791759946
41791759918
41791759772
41791759562
41791759945
41791759261
41791759866
41791759905
41791759915
41791759510
41791759837
41791759916
41791759740
41791759612
41791759935
41791759917
41791759882
41791759529
41791759988
41791759978
41791759980
41791759951
41791759754
41791759889
41791759681
41791759995
41791759993
41791759800
41791759911
41791759825
41791759962
41791753000
41791753012
41791753014
41791753029
41791753005
41791753020
41791753010
41791753013
41791753003
41791753023
41791753019
41791753032
41791753017
41791753025
41791753001
41791753006
41791753016
41791753021
41791753018
41791753002
41791753008
41791753030
41791753022
41791753009
41791753041
41791753042
41791753066
41791753055
41791753077
41791753098
41791753072
41791753143
41791753067
41791753037
41791753080
41791753371
41791753174
41791753188
41791753034
41791753123
41791753217
41791753085
41791753052
41791753384
41791753084
41791753038
41791753231
41791753057
41791753151
41791753062
41791753209
41791753169
41791753100
41791753200
41791753165
41791753053
41791753361
41791753315
41791753108
41791753180
41791753389
41791753303
41791753075
41791753079
41791753045
41791753297
41791753073
41791753210
41791753111
41791753081
41791753221
41791753113
41791753335
41791753160
41791753171
41791753047
41791753039
41791753087
41791753122
41791753181
41791753044
41791753130
41791753056
41791753089
41791753096
41791753093
41791753070
41791753164
41791753267
41791753083
41791753110
41791753308
41791753220
41791753129
41791753119
41791753543
41791753138
41791753258
41791753035
41791753154
41791753715
41791753135
41791753431
41791753336
41791753550
41791753082
41791753168
41791753207
41791753247
41791753092
41791753246
41791753630
41791753318
41791753117
41791753277
41791753201
41791753177
41791753249
41791753256
41791753430
41791753166
41791753272
41791753170
41791753187
41791753284
41791753265
41791753285
41791753278
41791753227
41791753463
41791753342
41791753224
41791753262
41791753282
41791753296
41791753313
41791753422
41791753379
41791753367
41791753254
41791753932
41791753480
41791753386
41791753477
41791753189
41791753362
41791753560
41791753291
41791753403
41791753721
41791753321
41791753172
41791753373
41791753390
41791753306
41791753287
41791753157
41791753353
41791753611
41791753775
41791753133
41791753532
41791753542
41791753356
41791753109
41791753401
41791753490
41791753102
41791753204
41791753301
41791753414
41791753450
41791753269
41791753396
41791753283
41791753212
41791753397
41791753236
41791753681
41791753500
41791753253
41791753438
41791753260
41791753481
41791753229
41791753595
41791753162
41791753523
41791753583
41791753333
41791753609
41791753529
41791753377
41791753440
41791753524
41791753428
41791753547
41791753363
41791753383
41791753271
41791753814
41791753163
41791753657
41791753289
41791753320
41791753104
41791753832
41791753992
41791753729
41791753647
41791753770
41791753521
41791753223
41791753349
41791753387
41791753468
41791753304
41791753851
41791753903
41791753359
41791753677
41791753412
41791753517
41791753639
41791753653
41791753213
41791753310
41791753325
41791753936
41791753758
41791753447
41791753332
41791753489
41791753238
41791753280
41791753580
41791753577
41791753230
41791753417
41791753302
41791753319
41791753469
41791753487
41791753307
41791753214
41791753685
41791753528
41791753531
41791753684
41791753369
41791753176
41791753364
41791753607
41791753683
41791753638
41791753664
41791753458
41791753326
41791753423
41791753437
41791753525
41791753641
41791753309
41791753239
41791753771
41791753679
41791753689
41791753578
41791753759
41791753649
41791753827
41791753610
41791753700
41791753634
41791753881
41791753687
41791753964
41791753443
41791753411
41791753433
41791753877
41791753852
41791753346
41791753245
41791753790
41791753662
41791753456
41791753696
41791753415
41791753656
41791753268
41791753829
41791753983
41791753688
41791753314
41791753596
41791753944
41791753441
41791753622
41791753558
41791753257
41791753776
41791753445
41791753536
41791753723
41791753405
41791753439
41791753779
41791753913
41791753818
41791753394
41791753778
41791753652
41791753891
41791753594
41791753520
41791753510
41791753350
41791753376
41791753661
41791753739
41791753565
41791753508
41791753749
41791753419
41791753495
41791753421
41791753859
41791753919
41791753727
41791753546
41791753846
41791753435
41791753311
41791753750
41791753892
41791753514
41791753305
41791753915
41791753470
41791753673
41791753956
41791753674
41791753624
41791753534
41791753744
41791753288
41791753682
41791753493
41791753732
41791753951
41791753612
41791753643
41791753799
41791753870
41791753830
41791753800
41791753989
41791753519
41791753579
41791753797
41791753518
41791753264
41791753875
41791753702
41791753997
41791753840
41791753402
41791753496
41791753451
41791753905
41791753640
41791753407
41791753817
41791753784
41791753527
41791753899
41791753751
41791753365
41791753878
41791753446
41791753821
41791753717
41791753526
41791753760
41791753701
41791753599
41791753286
41791753824
41791753792
41791753880
41791753593
41791753920
41791753569
41791753834
41791753671
41791753654
41791753644
41791753888
41791753900
41791753897
41791753400
41791753697
41791753666
41791753530
41791753804
41791753735
41791753973
41791753914
41791753908
41791753769
41791753896
41791753374
41791753934
41791753471
41791753904
41791753354
41791753986
41791753768
41791753669
41791753958
41791753614
41791753873
41791753728
41791753866
41791753925
41791753692
41791753969
41791753794
41791753813
41791753452
41791753716
41791753935
41791753741
41791753782
41791753853
41791753952
41791753962
41791753959
41791753994
41791753777
41791753810
41791753807
41791753707
41791753724
41791753648
41791753836
41791753811
41791753678
41791753743
41791753820
41791753869
41791753868
41791753572
41791753680
41791753850
41791753763
41791753960
41791753787
41791753655
41791753996
41791753911
41791753621
41791753843
41791753742
41791753665
41791753885
41791753772
41791753725
41791753617
41791753985
41791753975
41791753971
41791753786
41791753882
41791753837
41791753879
41791753991
41791753848
41791753718
41791753923
41791753667
41791753863
41791753981
41791753895
41791753756
41791753704
41791753788
41791753926
41791753950
41791753798
41791753764
41791753990
41791753929
41791753893
41791753828
41791753774
41791753943
41791753901
41791753889
41791753937
41791753955
41791753906
41791751021
41791751028
41791751015
41791751025
41791751009
41791751003
41791751017
41791751011
41791751024
41791751004
41791751002
41791751022
41791751029
41791751031
41791751013
41791751065
41791751279
41791751337
41791751036
41791751046
41791751076
41791751067
41791751062
41791751040
41791751124
41791751106
41791751123
41791751048
41791751207
41791751035
41791751070
41791751271
41791751080
41791751039
41791751156
41791751057
41791751032
41791751063
41791751109
41791751064
41791751049
41791751034
41791751235
41791751223
41791751091
41791751061
41791751042
41791751128
41791751101
41791751092
41791751162
41791751304
41791751068
41791751087
41791751082
41791751143
41791751053
41791751041
41791751071
41791751113
41791751258
41791751206
41791751204
41791751612
41791751058
41791751072
41791751085
41791751077
41791751198
41791751335
41791751100
41791751373
41791751183
41791751350
41791751133
41791751052
41791751428
41791751051
41791751066
41791751307
41791751214
41791751269
41791751297
41791751354
41791751550
41791751292
41791751372
41791751193
41791751229
41791751325
41791751222
41791751285
41791751635
41791751121
41791751695
41791751186
41791751368
41791751111
41791751205
41791751476
41791751154
41791751108
41791751298
41791751099
41791751211
41791751122
41791751245
41791751242
41791751357
41791751089
41791751254
41791751201
41791751360
41791751383
41791751127
41791751075
41791751599
41791751489
41791751185
41791751692
41791751103
41791751543
41791751501
41791751320
41791751181
41791751620
41791751346
41791751303
41791751509
41791751252
41791751549
41791751253
41791751464
41791751618
41791751406
41791751531
41791751390
41791751083
41791751237
41791751435
41791751353
41791751126
41791751262
41791751527
41791751515
41791751424
41791751135
41791751322
41791751255
41791751327
41791751717
41791751248
41791751454
41791751216
41791751313
41791751452
41791751457
41791751347
41791751872
41791751119
41791751310
41791751326
41791751315
41791751153
41791751294
41791751459
41791751175
41791751379
41791751935
41791751560
41791751506
41791751483
41791751330
41791751541
41791751374
41791751260
41791751559
41791751469
41791751306
41791751658
41791751317
41791751775
41791751709
41791751801
41791751250
41791751342
41791751453
41791751312
41791751601
41791751170
41791751569
41791751199
41791751145
41791751404
41791751838
41791751275
41791751703
41791751234
41791751178
41791751220
41791751261
41791751623
41791751520
41791751277
41791751740
41791751291
41791751200
41791751197
41791751537
41791751328
41791751603
41791751456
41791751209
41791751218
41791751808
41791751423
41791751282
41791751613
41791751444
41791751295
41791751513
41791751136
41791751302
41791751196
41791751699
41791751624
41791751403
41791751866
41791751173
41791751504
41791751902
41791751522
41791751863
41791751580
41791751487
41791751381
41791751314
41791751688
41791751259
41791751409
41791751641
41791751290
41791751443
41791751301
41791751548
41791751274
41791751614
41791751450
41791751547
41791751525
41791751553
41791751917
41791751396
41791751300
41791751846
41791751625
41791751225
41791751104
41791751503
41791751384
41791751155
41791751982
41791751951
41791751265
41791751415
41791751687
41791751355
41791751616
41791751869
41791751819
41791751593
41791751659
41791751393
41791751572
41791751640
41791751371
41791751661
41791751377
41791751296
41791751392
41791751413
41791751336
41791751561
41791751975
41791751835
41791751439
41791751387
41791751491
41791751630
41791751510
41791751978
41791751842
41791751458
41791751722
41791751581
41791751447
41791751608
41791751418
41791751348
41791751349
41791751600
41791751236
41791751319
41791751471
41791751825
41791751645
41791751862
41791751586
41791751399
41791751745
41791751263
41791751474
41791751940
41791751947
41791751629
41791751388
41791751416
41791751847
41791751485
41791751812
41791751539
41791751834
41791751663
41791751803
41791751666
41791751266
41791751556
41791751402
41791751358
41791751811
41791751470
41791751735
41791751928
41791751380
41791751518
41791751468
41791751467
41791751628
41791751627
41791751494
41791751532
41791751395
41791751758
41791751455
41791751668
41791751840
41791751638
41791751217
41791751477
41791751419
41791751526
41791751530
41791751490
41791751788
41791751426
41791751888
41791751909
41791751824
41791751466
41791751488
41791751806
41791751942
41791751536
41791751441
41791751952
41791751514
41791751723
41791751960
41791751680
41791751924
41791751702
41791751708
41791751502
41791751591
41791751412
41791751579
41791751626
41791751422
41791751621
41791751654
41791751747
41791751576
41791751617
41791751686
41791751669
41791751712
41791751484
41791751634
41791751984
41791751678
41791751698
41791751815
41791751308
41791751642
41791751895
41791751700
41791751555
41791751937
41791751611
41791751936
41791751877
41791751923
41791751446
41791751597
41791751738
41791751932
41791751462
41791751376
41791751516
41791751505
41791751945
41791751837
41791751557
41791751865
41791751398
41791751496
41791751540
41791751644
41791751689
41791751878
41791751511
41791751893
41791751706
41791751719
41791751755
41791751534
41791751761
41791751475
41791751854
41791751904
41791751570
41791751656
41791751870
41791751804
41791751826
41791751521
41791751637
41791751440
41791751949
41791751963
41791751660
41791751744
41791751385
41791751508
41791751323
41791751939
41791751538
41791751752
41791751776
41791751710
41791751912
41791751636
41791751653
41791751631
41791751726
41791751916
41791751957
41791751881
41791751800
41791751981
41791751568
41791751595
41791751681
41791751763
41791751848
41791751622
41791751918
41791751742
41791751990
41791751602
41791751585
41791751817
41791751551
41791751922
41791751792
41791751889
41791751529
41791751566
41791751729
41791751855
41791751793
41791751449
41791751671
41791751809
41791751736
41791751905
41791751832
41791751875
41791751762
41791751759
41791751822
41791751976
41791751558
41791751725
41791751901
41791751920
41791751606
41791751795
41791751563
41791751685
41791751970
41791751589
41791751756
41791751860
41791751941
41791751816
41791751664
41791751545
41791751861
41791751958
41791751983
41791751701
41791751707
41791751833
41791751896
41791751977
41791751996
41791751731
41791751886
41791751974
41791751934
41791751588
41791751670
41791751948
41791751890
41791751986
41791751971
41791751965
41791751992
41791751993
41791751910
41791751868
41791751766
41791751713
41791751991
41791751897
41791751790
41791751691
41791751997
41791751844
41791751674
41791751988
41791751867
41791751967
41791751973
41791751797
41791751831
41791751972
41791751874
41791751968
41791751789
41791751774
41791751994
41791751953
41791751737
41791751885
41791751820
41791751989
41791751743
41791751892
41791751927
41791752011
41791752025
41791752012
41791752002
41791752018
41791752030
41791752032
41791752003
41791752028
41791752015
41791752006
41791752008
41791752017
41791752001
41791752013
41791752027
41791752029
41791752009
41791752010
41791752019
41791752020
41791752043
41791752040
41791752064
41791752094
41791752191
41791752330
41791752095
41791752033
41791752047
41791752158
41791752051
41791752063
41791752074
41791752060
41791752161
41791752077
41791752076
41791752052
41791752132
41791752099
41791752130
41791752321
41791752166
41791752100
41791752053
41791752263
41791752116
41791752179
41791752088
41791752034
41791752080
41791752196
41791752199
41791752113
41791752106
41791752220
41791752128
41791752050
41791752066
41791752056
41791752072
41791752290
41791752109
41791752139
41791752035
41791752259
41791752340
41791752208
41791752172
41791752115
41791752123
41791752334
41791752255
41791752059
41791752037
41791752146
41791752068
41791752306
41791752112
41791752070
41791752107
41791752084
41791752292
41791752193
41791752303
41791752217
41791752091
41791752315
41791752328
41791752129
41791752204
41791752062
41791752117
41791752342
41791752163
41791752135
41791752183
41791752138
41791752036
41791752083
41791752308
41791752347
41791752260
41791752055
41791752237
41791752114
41791752181
41791752136
41791752322
41791752185
41791752283
41791752131
41791752075
41791752173
41791752287
41791752197
41791752332
41791752098
41791752042
41791752335
41791752295
41791752147
41791752325
41791752209
41791752298
41791752110
41791752279
41791752299
41791752159
41791752316
41791752122
41791752142
41791752152
41791752175
41791752203
41791752277
41791752280
41791752251
41791752150
41791752270
41791752248
41791752137
41791752205
41791752309
41791752245
41791752317
41791752246
41791752174
41791752194
41791752258
41791752144
41791752301
41791752058
41791752145
41791752085
41791752143
41791752278
41791752297
41791752293
41791752149
41791752188
41791752165
41791752211
41791752272
41791752153
41791752207
41791752200
41791752329
41791752326
41791752176
41791752276
41791752327
41791752333
41791752167
41791752140
41791752313
41791752230
41791752206
41791752213
41791752243
41791752232
41791752302
41791752281
41791752269
41791752282
41791752233
41791752231
41791752318
41791752271
41791752319
41791752371
41791752364
41791752363
41791752353
41791752374
41791752372
41791752381
41791752362
41791752377
41791752367
41791752355
41791752352
41791752373
41791752369
41791752357
41791752429
41791752461
41791752471
41791752384
41791752452
41791752402
41791752404
41791752416
41791752501
41791752414
41791752527
41791752457
41791752392
41791752473
41791752583
41791752520
41791752530
41791752428
41791752488
41791752395
41791752390
41791752407
41791752555
41791752387
41791752383
41791752398
41791752391
41791752596
41791752411
41791752509
41791752515
41791752642
41791752544
41791752486
41791752636
41791752487
41791752631
41791752654
41791752463
41791752448
41791752403
41791752580
41791752562
41791752504
41791752460
41791752480
41791752660
41791752492
41791752545
41791752467
41791752437
41791752495
41791752459
41791752511
41791752667
41791752400
41791752603
41791752535
41791752541
41791752445
41791752599
41791752406
41791752584
41791752534
41791752510
41791752497
41791752684
41791752441
41791752409
41791752449
41791752634
41791752591
41791752673
41791752611
41791752550
41791752514
41791752547
41791752620
41791752648
41791752690
41791752405
41791752623
41791752489
41791752696
41791752598
41791752643
41791752442
41791752475
41791752574
41791752531
41791752585
41791752513
41791752462
41791752633
41791752560
41791752593
41791752697
41791752669
41791752609
41791752572
41791752677
41791752672
41791752569
41791752665
41791752638
41791752516
41791752605
41791752680
41791752543
41791752586
41791752470
41791752571
41791752622
41791752554
41791752512
41791752687
41791752635
41791752682
41791752689
41791752630
41791752651
41791752435
41791752481
41791752607
41791752588
41791752683
41791752641
41791752552
41791752674
41791752556
41791752579
41791752533
41791752661
41791752685
41791752582
41791752671
41791752625
41791752606
41791752699
41791752694
41791752594
41791752577
41791752688
41791752576
41791752517
41791752617
41791752692
41791752639
41791752563
41791752649
41791752629
41791752604
41791752646
41791752681
41791752650
41791752715
41791752722
41791752714
41791752728
41791752712
41791752711
41791752706
41791752709
41791752700
41791752729
41791752702
41791752723
41791752701
41791752704
41791752725
41791752749
41791752781
41791752751
41791752731
41791752739
41791752743
41791752765
41791752764
41791752770
41791752782
41791752757
41791752745
41791752778
41791752771
41791752756
41791752767
41791752780
41791752759
41791752783
41791752777
41791752742
41791752763
41791752748
41791752785
41791752774
41791752760
41791752744
41791752737
41791752776
41791752753
41791752761
41791752788
41791752850
41791752801
41791752863
41791752819
41791752825
41791752829
41791752835
41791752826
41791752865
41791752862
41791752810
41791752851
41791752800
41791752845
41791752834
41791752827
41791752867
41791752864
41791752868
41791752838
41791752874
41791752795
41791752822
41791752815
41791752811
41791752870
41791752873
41791752803
41791752804
41791752817
41791752854
41791752839
41791752859
41791752876
41791752842
41791752841
41791752866
41791752830
41791752843
41791752849
41791752831
41791752856
41791752860
41791752888
41791752904
41791752958
41791752961
41791752882
41791752891
41791752905
41791752937
41791752948
41791752902
41791752924
41791752941
41791752940
41791752914
41791752913
41791752886
41791752881
41791752949
41791752953
41791752933
41791752916
41791752877
41791752889
41791752927
41791752897
41791752901
41791752926
41791752912
41791752936
41791752879
41791752938
41791752956
41791752885
41791752908
41791752939
41791752935
41791752952
41791752946
41791752942
41791752947
41791752955
41791752954
41791752903
41791752915
41791752999
41791752986
41791752964
41791752982
41791752984
41791752980
41791752975
41791752972
41791752990
41791752969
41791752976
41791752965
41791752967
41791752992
41791752977
41791752979
41791752996
41791752981
41791758011
41791758009
41791758020
41791758006
41791758003
41791758005
41791758013
41791758001
41791758004
41791758062
41791758177
41791758036
41791758047
41791758033
41791758046
41791758067
41791758082
41791758085
41791758055
41791758077
41791758078
41791758115
41791758189
41791758128
41791758251
41791758072
41791758037
41791758095
41791758058
41791758110
41791758038
41791758079
41791758160
41791758071
41791758104
41791758111
41791758103
41791758143
41791758041
41791758154
41791758297
41791758101
41791758355
41791758080
41791758418
41791758161
41791758063
41791758192
41791758092
41791758345
41791758148
41791758422
41791758324
41791758259
41791758056
41791758274
41791758197
41791758093
41791758325
41791758057
41791758091
41791758145
41791758087
41791758464
41791758199
41791758147
41791758086
41791758612
41791758150
41791758084
41791758291
41791758162
41791758486
41791758139
41791758262
41791758171
41791758099
41791758184
41791758176
41791758156
41791758377
41791758112
41791758219
41791758272
41791758074
41791758172
41791758247
41791758108
41791758136
41791758319
41791758196
41791758133
41791758265
41791758280
41791758459
41791758506
41791758174
41791758503
41791758068
41791758677
41791758122
41791758266
41791758240
41791758234
41791758158
41791758238
41791758287
41791758311
41791758165
41791758353
41791758346
41791758187
41791758334
41791758107
41791758437
41791758316
41791758994
41791758371
41791758537
41791758225
41791758412
41791758360
41791758727
41791758222
41791758224
41791758088
41791758267
41791758507
41791758207
41791758509
41791758374
41791758424
41791758604
41791758505
41791758454
41791758256
41791758542
41791758054
41791758417
41791758126
41791758425
41791758456
41791758358
41791758666
41791758348
41791758273
41791758333
41791758283
41791758102
41791758379
41791758476
41791758416
41791758081
41791758243
41791758372
41791758388
41791758090
41791758368
41791758469
41791758500
41791758330
41791758382
41791758295
41791758729
41791758399
41791758326
41791758230
41791758477
41791758352
41791758488
41791758512
41791758263
41791758737
41791758123
41791758212
41791758180
41791758403
41791758294
41791758977
41791758292
41791758539
41791758504
41791758774
41791758670
41791758306
41791758556
41791758109
41791758248
41791758097
41791758397
41791758482
41791758264
41791758269
41791758624
41791758480
41791758338
41791758141
41791758271
41791758696
41791758391
41791758687
41791758446
41791758455
41791758427
41791758797
41791758808
41791758381
41791758558
41791758747
41791758703
41791758602
41791758438
41791758410
41791758472
41791758451
41791758568
41791758288
41791758244
41791758309
41791758540
41791758954
41791758218
41791758538
41791758883
41791758523
41791758337
41791758304
41791758429
41791758619
41791758221
41791758533
41791758236
41791758563
41791758420
41791758613
41791758818
41791758144
41791758331
41791758426
41791758473
41791758810
41791758631
41791758611
41791758574
41791758548
41791758384
41791758493
41791758651
41791758494
41791758519
41791758605
41791758807
41791758310
41791758550
41791758246
41791758327
41791758342
41791758513
41791758321
41791758627
41791758610
41791758552
41791758089
41791758931
41791758260
41791758402
41791758441
41791758601
41791758801
41791758546
41791758341
41791758781
41791758598
41791758599
41791758428
41791758821
41791758822
41791758893
41791758885
41791758485
41791758778
41791758239
41791758754
41791758831
41791758465
41791758839
41791758785
41791758495
41791758517
41791758275
41791758487
41791758735
41791758278
41791758466
41791758759
41791758621
41791758608
41791758637
41791758717
41791758332
41791758814
41791758551
41791758530
41791758722
41791758386
41791758692
41791758765
41791758499
41791758662
41791758832
41791758811
41791758939
41791758796
41791758857
41791758490
41791758905
41791758483
41791758491
41791758645
41791758775
41791758623
41791758698
41791758594
41791758862
41791758689
41791758497
41791758378
41791758549
41791758510
41791758784
41791758738
41791758580
41791758788
41791758340
41791758701
41791758514
41791758614
41791758434
41791758755
41791758516
41791758847
41791758983
41791758569
41791758153
41791758894
41791758668
41791758882
41791758716
41791758803
41791758719
41791758649
41791758589
41791758423
41791758920
41791758587
41791758408
41791758710
41791758691
41791758805
41791758592
41791758819
41791758414
41791758715
41791758479
41791758674
41791758268
41791758665
41791758644
41791758824
41791758933
41791758975
41791758837
41791758615
41791758853
41791758736
41791758782
41791758354
41791758958
41791758760
41791758972
41791758682
41791758750
41791758851
41791758875
41791758535
41791758745
41791758581
41791758609
41791758606
41791758768
41791758921
41791758756
41791758344
41791758973
41791758962
41791758859
41791758695
41791758911
41791758793
41791758400
41791758993
41791758629
41791758856
41791758361
41791758584
41791758690
41791758874
41791758435
41791758450
41791758913
41791758978
41791758890
41791758697
41791758773
41791758910
41791758693
41791758772
41791758579
41791758557
41791758714
41791758511
41791758713
41791758981
41791758395
41791758571
41791758795
41791758840
41791758870
41791758683
41791758794
41791758684
41791758453
41791758906
41791758941
41791758444
41791758525
41791758823
41791758806
41791758767
41791758828
41791758351
41791758688
41791758648
41791758889
41791758990
41791758404
41791758536
41791758597
41791758777
41791758588
41791758721
41791758753
41791758888
41791758984
41791758813
41791758942
41791758907
41791758799
41791758940
41791758843
41791758987
41791758943
41791758786
41791758852
41791758869
41791758578
41791758867
41791758953
41791758566
41791758802
41791758969
41791758634
41791758964
41791758626
41791758734
41791758432
41791758912
41791758820
41791758468
41791758860
41791758743
41791758661
41791758966
41791758830
41791758863
41791758720
41791758763
41791758398
41791758997
41791758980
41791758985
41791758858
41791758746
41791758460
41791758901
41791758866
41791758986
41791758749
41791758800
41791758899
41791758825
41791758457
41791758816
41791758916
41791758771
41791758948
41791758992
41791758854
41791758991
41791758946
41791758965
41791758659
41791758116
41791758664
41791758164
41791758834
41791758583
41791758835
41791758929
41791758730
41791758356
41791758591
41791758744
41791758877
41791758639
41791758798
41791758676
41791758709
41791758448
41791758643
41791758673
41791758675
41791758732
41791758833
41791757000
41791757006
41791757005
41791757011
41791757025
41791757008
41791757016
41791757015
41791757030
41791757023
41791757007
41791757017
41791757019
41791757002
41791757018
41791757009
41791757013
41791757041
41791757103
41791757134
41791757043
41791757057
41791757105
41791757114
41791757109
41791757108
41791757129
41791757049
41791757161
41791757076
41791757069
41791757251
41791757229
41791757097
41791757067
41791757135
41791757116
41791757061
41791757077
41791757315
41791757218
41791757348
41791757082
41791757085
41791757062
41791757042
41791757081
41791757190
41791757140
41791757366
41791757052
41791757133
41791757277
41791757270
41791757176
41791757173
41791757255
41791757191
41791757208
41791757253
41791757050
41791757107
41791757369
41791757438
41791757164
41791757035
41791757201
41791757072
41791757178
41791757299
41791757278
41791757064
41791757106
41791757433
41791757087
41791757321
41791757213
41791757079
41791757470
41791757336
41791757046
41791757604
41791757060
41791757151
41791757073
41791757165
41791757331
41791757172
41791757306
41791757177
41791757058
41791757661
41791757088
41791757047
41791757095
41791757195
41791757390
41791757322
41791757782
41791757137
41791757252
41791757075
41791757621
41791757054
41791757264
41791757282
41791757512
41791757142
41791757040
41791757160
41791757542
41791757197
41791757153
41791757246
41791757851
41791757616
41791757437
41791757091
41791757167
41791757101
41791757221
41791757169
41791757344
41791757667
41791757198
41791757235
41791757143
41791757162
41791757128
41791757383
41791757540
41791757427
41791757563
41791757435
41791757065
41791757539
41791757556
41791757090
41791757505
41791757516
41791757261
41791757475
41791757080
41791757096
41791757203
41791757303
41791757186
41791757355
41791757209
41791757670
41791757343
41791757232
41791757205
41791757377
41791757883
41791757268
41791757506
41791757226
41791757136
41791757249
41791757212
41791757074
41791757425
41791757443
41791757297
41791757655
41791757467
41791757155
41791757495
41791757274
41791757529
41791757698
41791757485
41791757543
41791757311
41791757526
41791757553
41791757122
41791757386
41791757193
41791757216
41791757413
41791757638
41791757396
41791757567
41791757258
41791757189
41791757353
41791757304
41791757149
41791757281
41791757410
41791757671
41791757093
41791757593
41791757630
41791757510
41791757673
41791757098
41791757633
41791757102
41791757601
41791757312
41791757629
41791757420
41791757248
41791757571
41791757380
41791757288
41791757417
41791757295
41791757430
41791757338
41791757451
41791757715
41791757398
41791757371
41791757768
41791757795
41791757290
41791757234
41791757214
41791757341
41791757421
41791757456
41791757423
41791757055
41791757328
41791757610
41791757219
41791757735
41791757269
41791757239
41791757885
41791757574
41791757972
41791757646
41791757766
41791757387
41791757599
41791757233
41791757606
41791757565
41791757949
41791757538
41791757118
41791757262
41791757719
41791757132
41791757709
41791757699
41791757384
41791757308
41791757257
41791757471
41791757935
41791757658
41791757559
41791757672
41791757520
41791757426
41791757993
41791757170
41791757428
41791757468
41791757860
41791757986
41791757442
41791757694
41791757648
41791757900
41791757480
41791757837
41791757342
41791757653
41791757968
41791757092
41791757961
41791757375
41791757276
41791757582
41791757849
41791757144
41791757905
41791757985
41791757491
41791757517
41791757855
41791757452
41791757324
41791757535
41791757126
41791757859
41791757645
41791757453
41791757402
41791757760
41791757346
41791757627
41791757729
41791757419
41791757930
41791757668
41791757591
41791757536
41791757812
41791757494
41791757785
41791757314
41791757225
41791757192
41791757358
41791757206
41791757185
41791757391
41791757307
41791757436
41791757712
41791757533
41791757411
41791757580
41791757613
41791757508
41791757774
41791757302
41791757397
41791757675
41791757753
41791757463
41791757378
41791757575
41791757445
41791757988
41791757551
41791757682
41791757936
41791757726
41791757767
41791757462
41791757301
41791757896
41791757509
41791757678
41791757639
41791757501
41791757242
41791757632
41791757592
41791757424
41791757493
41791757576
41791757602
41791757388
41791757439
41791757966
41791757374
41791757448
41791757404
41791757925
41791757280
41791757689
41791757395
41791757527
41791757554
41791757607
41791757393
41791757975
41791757901
41791757987
41791757842
41791757550
41791757487
41791757755
41791757662
41791757537
41791757971
41791757692
41791757752
41791757948
41791757407
41791757786
41791757868
41791757266
41791757779
41791757749
41791757643
41791757460
41791757647
41791757528
41791757870
41791757705
41791757379
41791757669
41791757561
41791757903
41791757777
41791757447
41791757875
41791757706
41791757414
41791757683
41791757518
41791757497
41791757825
41791757866
41791757924
41791757941
41791757547
41791757454
41791757657
41791757737
41791757803
41791757534
41791757579
41791757697
41791757717
41791757318
41791757778
41791757459
41791757703
41791757710
41791757947
41791757492
41791757739
41791757293
41791757909
41791757944
41791757957
41791757761
41791757449
41791757927
41791757585
41791757751
41791757615
41791757446
41791757718
41791757444
41791757611
41791757748
41791757805
41791757811
41791757686
41791757879
41791757915
41791757913
41791757544
41791757389
41791757738
41791757714
41791757979
41791757486
41791757227
41791757498
41791757605
41791757740
41791757581
41791757455
41791757650
41791757728
41791757943
41791757994
41791757652
41791757637
41791757977
41791757691
41791757857
41791757490
41791757590
41791757841
41791757954
41791757625
41791757707
41791757824
41791757403
41791757819
41791757530
41791757989
41791757798
41791757951
41791757874
41791757720
41791757558
41791757515
41791757992
41791757665
41791757461
41791757568
41791757823
41791757713
41791757763
41791757916
41791757809
41791757911
41791757808
41791757434
41791757792
41791757995
41791757888
41791757997
41791757938
41791757560
41791757641
41791757693
41791757848
41791757887
41791757815
41791757762
41791757654
41791757663
41791757969
41791757886
41791757659
41791757910
41791757600
41791757867
41791757902
41791757907
41791757963
41791757690
41791757596
41791757960
41791757746
41791757750
41791757978
41791757799
41791757853
41791757725
41791757856
41791757862
41791757871
41791757981
41791757917
41791757838
41791757892
41791757964
41791757873
41791757934
41791757914
41791757814
41791757863
41791757895
41791757952
41791757869
41791757976
41791757865
41791757955
41791757973
41791757872
41791757974
