41767075000
41767075022
41767075013
41767075004
41767075030
41767075011
41767075012
41767075016
41767075023
41767075008
41767075003
41767075017
41767075047
41767075192
41767075033
41767075117
41767075034
41767075086
41767075107
41767075182
41767075245
41767075088
41767075146
41767075115
41767075209
41767075156
41767075050
41767075350
41767075061
41767075213
41767075045
41767075188
41767075018
41767075399
41767075055
41767075186
41767075109
41767075064
41767075371
41767075052
41767075071
41767075523
41767075097
41767075129
41767075333
41767075148
41767075420
41767075158
41767075154
41767075257
41767075087
41767075091
41767075058
41767075085
41767075321
41767075322
41767075049
41767075305
41767075036
41767075125
41767075070
41767075110
41767075162
41767075233
41767075167
41767075746
41767075548
41767075262
41767075368
41767075406
41767075141
41767075139
41767075344
41767075098
41767075230
41767075558
41767075226
41767075653
41767075101
41767075437
41767075589
41767075373
41767075331
41767075365
41767075089
41767075570
41767075650
41767075372
41767075610
41767075356
41767075312
41767075510
41767075607
41767075546
41767075809
41767075200
41767075476
41767075080
41767075499
41767075725
41767075475
41767075592
41767075090
41767075685
41767075590
41767075114
41767075470
41767075532
41767075366
41767075662
41767075083
41767075462
41767075370
41767075873
41767075378
41767075465
41767075593
41767075453
41767075884
41767075613
41767075756
41767075292
41767075501
41767075454
41767075527
41767075517
41767075461
41767075656
41767075433
41767075206
41767075421
41767075374
41767075551
41767075253
41767075463
41767075507
41767075490
41767075341
41767075950
41767075579
41767075408
41767075228
41767075711
41767075803
41767075506
41767075401
41767075422
41767075733
41767075301
41767075563
41767075582
41767075750
41767075504
41767075407
41767075543
41767075753
41767075581
41767075668
41767075901
41767075512
41767075919
41767075735
41767075503
41767075327
41767075645
41767075879
41767075484
41767075451
41767075640
41767075604
41767075564
41767075448
41767075674
41767075966
41767075538
41767075730
41767075874
41767075458
41767075637
41767075285
41767075853
41767075574
41767075414
41767075690
41767075754
41767075566
41767075813
41767075575
41767075496
41767075362
41767075544
41767075426
41767075850
41767075948
41767075549
41767075586
41767075970
41767075319
41767075978
41767075565
41767075464
41767075710
41767075535
41767075843
41767075900
41767075411
41767075659
41767075986
41767075290
41767075834
41767075700
41767075974
41767075719
41767075841
41767075714
41767075539
41767075525
41767075887
41767075815
41767075632
41767075825
41767075665
41767075605
41767075976
41767075634
41767075431
41767075682
41767075912
41767075859
41767075856
41767075969
41767075757
41767075904
41767075854
41767075699
41767075680
41767075931
41767075858
41767075623
41767075993
41767075726
41767075979
41767075965
41767075849
41767075987
41767075812
41767075922
41767075702
41767075980
41767075988
41767075552
41767075946
41767075816
41767075882
41767075925
41767075985
41767075989
41767074018
41767074014
41767074002
41767074017
41767074007
41767074028
41767074001
41767074003
41767074009
41767074026
41767074006
41767074027
41767074022
41767074019
41767074015
41767074119
41767074043
41767074231
41767074040
41767074075
41767074094
41767074115
41767074234
41767074149
41767074092
41767074321
41767074249
41767074055
41767074072
41767074064
41767074059
41767074243
41767074143
41767074225
41767074237
41767074215
41767074314
41767074145
41767074047
41767074345
41767074292
41767074054
41767074049
41767074063
41767074230
41767074089
41767074090
41767074318
41767074271
41767074194
41767074238
41767074118
41767074331
41767074082
41767074069
41767074217
41767074176
41767074172
41767074193
41767074141
41767074181
41767074290
41767074126
41767074203
41767074348
41767074275
41767074175
41767074350
41767074342
41767074146
41767074335
41767074135
41767074210
41767074182
41767074282
41767074241
41767074274
41767074343
41767074224
41767074137
41767074184
41767074341
41767074185
41767074157
41767074266
41767074264
41767074380
41767074359
41767074365
41767074351
41767074354
41767074358
41767074375
41767074370
41767074420
41767074388
41767074409
41767074413
41767074497
41767074397
41767074435
41767074500
41767074455
41767074442
41767074493
41767074517
41767074608
41767074562
41767074466
41767074667
41767074488
41767074549
41767074594
41767074464
41767074391
41767074430
41767074410
41767074688
41767074552
41767074389
41767074559
41767074454
41767074459
41767074653
41767074531
41767074428
41767074506
41767074472
41767074541
41767074447
41767074491
41767074510
41767074545
41767074698
41767074465
41767074624
41767074593
41767074509
41767074565
41767074478
41767074661
41767074641
41767074648
41767074436
41767074617
41767074402
41767074611
41767074461
41767074393
41767074483
41767074679
41767074476
41767074445
41767074620
41767074628
41767074685
41767074670
41767074610
41767074680
41767074471
41767074649
41767074669
41767074525
41767074666
41767074596
41767074580
41767074567
41767074697
41767074533
41767074671
41767074623
41767074690
41767074694
41767074631
41767074689
41767074710
41767074700
41767074704
41767074723
41767074709
41767074706
41767074716
41767074730
41767074746
41767074731
41767074743
41767074738
41767074751
41767074764
41767074745
41767074740
41767074784
41767074791
41767074765
41767074742
41767074782
41767074736
41767074780
41767074790
41767074867
41767074795
41767074796
41767074814
41767074847
41767074866
41767074828
41767074849
41767074869
41767074838
41767074846
41767074878
41767074816
41767074873
41767074938
41767074957
41767074895
41767074952
41767074947
41767074901
41767074932
41767074912
41767074911
41767074887
41767074908
41767074946
41767074962
41767074945
41767074956
41767074929
41767074943
41767074982
41767074994
41767074990
41767074993
41767074980
41767074997
41767074967
41767074974
41767074991
41767074999
41767074975
41767076000
41767076015
41767076031
41767076030
41767076023
41767076003
41767076005
41767076020
41767076016
41767076022
41767076027
41767076001
41767076060
41767076104
41767076054
41767076067
41767076074
41767076065
41767076068
41767076107
41767076062
41767076144
41767076259
41767076287
41767076320
41767076150
41767076105
41767076103
41767076158
41767076138
41767076215
41767076092
41767076053
41767076261
41767076038
41767076056
41767076115
41767076244
41767076354
41767076243
41767076083
41767076404
41767076094
41767076224
41767076040
41767076116
41767076124
41767076267
41767076198
41767076043
41767076061
41767076050
41767076066
41767076359
41767076588
41767076122
41767076228
41767076109
41767076540
41767076073
41767076297
41767076170
41767076181
41767076121
41767076086
41767076235
41767076602
41767076082
41767076490
41767076099
41767076427
41767076289
41767076527
41767076270
41767076315
41767076429
41767076286
41767076699
41767076456
41767076186
41767076047
41767076221
41767076383
41767076341
41767076312
41767076576
41767076152
41767076485
41767076313
41767076241
41767076610
41767076434
41767076523
41767076425
41767076370
41767076415
41767076119
41767076300
41767076273
41767076151
41767076234
41767076202
41767076154
41767076233
41767076324
41767076162
41767076449
41767076211
41767076266
41767076892
41767076492
41767076487
41767076769
41767076440
41767076212
41767076801
41767076918
41767076191
41767076343
41767076232
41767076594
41767076619
41767076252
41767076453
41767076567
41767076993
41767076701
41767076729
41767076431
41767076519
41767076355
41767076510
41767076467
41767076481
41767076865
41767076530
41767076609
41767076579
41767076499
41767076239
41767076649
41767076399
41767076455
41767076348
41767076364
41767076613
41767076897
41767076721
41767076208
41767076856
41767076612
41767076247
41767076505
41767076841
41767076468
41767076606
41767076445
41767076447
41767076648
41767076369
41767076317
41767076636
41767076397
41767076926
41767076416
41767076678
41767076464
41767076381
41767076573
41767076360
41767076733
41767076779
41767076408
41767076657
41767076794
41767076694
41767076417
41767076878
41767076346
41767076607
41767076664
41767076640
41767076561
41767076566
41767076874
41767076436
41767076880
41767076628
41767076767
41767076679
41767076866
41767076843
41767076836
41767076688
41767076486
41767076655
41767076885
41767076796
41767076970
41767076826
41767076824
41767076647
41767076884
41767076374
41767076677
41767076278
41767076716
41767076734
41767076735
41767076595
41767076493
41767076560
41767076705
41767076837
41767076934
41767076997
41767076730
41767076882
41767076854
41767076599
41767076695
41767076316
41767076916
41767076756
41767076838
41767076583
41767076663
41767076895
41767076670
41767076947
41767076848
41767076965
41767076642
41767076789
41767076945
41767076731
41767076905
41767076784
41767076929
41767076750
41767076948
41767076852
41767076931
41767076951
41767076832
41767076979
41767076814
41767076637
41767076690
41767076968
41767076634
41767076815
41767076808
41767076633
41767076800
41767076889
41767076161
41767076803
41767076760
41767076213
41767076959
41767076611
41767076950
41767076996
41767070001
41767070011
41767070008
41767070027
41767070015
41767070016
41767070013
41767070007
41767070017
41767070012
41767070019
41767070002
41767070029
41767070116
41767070043
41767070071
41767070065
41767070141
41767070111
41767070036
41767070056
41767070081
41767070063
41767070209
41767070076
41767070122
41767070123
41767070109
41767070104
41767070103
41767070145
41767070042
41767070055
41767070166
41767070033
41767070161
41767070421
41767070302
41767070258
41767070057
41767070240
41767070125
41767070045
41767070273
41767070061
41767070067
41767070091
41767070108
41767070087
41767070313
41767070198
41767070095
41767070352
41767070082
41767070089
41767070119
41767070196
41767070105
41767070208
41767070059
41767070204
41767070361
41767070264
41767070524
41767070128
41767070360
41767070282
41767070218
41767070170
41767070265
41767070069
41767070301
41767070516
41767070460
41767070058
41767070517
41767070246
41767070305
41767070565
41767070315
41767070494
41767070441
41767070454
41767070149
41767070174
41767070172
41767070306
41767070412
41767070309
41767070165
41767070499
41767070190
41767070591
41767070289
41767070311
41767070324
41767070397
41767070231
41767070248
41767070523
41767070192
41767070351
41767070203
41767070207
41767070488
41767070293
41767070433
41767070320
41767070909
41767070130
41767070227
41767070430
41767070886
41767070743
41767070307
41767070294
41767070117
41767070704
41767070371
41767070527
41767070464
41767070557
41767070721
41767070092
41767070731
41767070270
41767070424
41767070388
41767070299
41767070869
41767070420
41767070515
41767070635
41767070215
41767070642
41767070718
41767070912
41767070193
41767070528
41767070274
41767070288
41767070624
41767070647
41767070579
41767070563
41767070150
41767070449
41767070827
41767070735
41767070588
41767070503
41767070537
41767070431
41767070585
41767070509
41767070936
41767070538
41767070228
41767070668
41767070729
41767070401
41767070710
41767070938
41767070229
41767070181
41767070169
41767070607
41767070367
41767070932
41767070233
41767070534
41767070381
41767070594
41767070339
41767070587
41767070349
41767070456
41767070653
41767070905
41767070160
41767070745
41767070530
41767070428
41767070250
41767070760
41767070740
41767070321
41767070950
41767070410
41767070678
41767070380
41767070684
41767070221
41767070333
41767070504
41767070644
41767070511
41767070822
41767070400
41767070705
41767070836
41767070629
41767070940
41767070725
41767070892
41767070885
41767070666
41767070484
41767070633
41767070362
41767070669
41767070497
41767070578
41767070621
41767070716
41767070768
41767070863
41767070706
41767070508
41767070830
41767070572
41767070919
41767070858
41767070481
41767070711
41767070403
41767070903
41767070726
41767070667
41767070561
41767070925
41767070722
41767070724
41767070662
41767070887
41767070405
41767070791
41767070550
41767070884
41767070512
41767070818
41767070471
41767070723
41767070732
41767070946
41767070739
41767070343
41767070855
41767070712
41767070748
41767070536
41767070634
41767070316
41767070525
41767070505
41767070794
41767070498
41767070914
41767070496
41767070841
41767070700
41767070688
41767070742
41767070795
41767070604
41767070801
41767070901
41767070921
41767070876
41767070952
41767070810
41767070809
41767070671
41767070987
41767070982
41767070888
41767070758
41767070882
41767070814
41767070902
41767070612
41767070878
41767070867
41767070541
41767070750
41767070949
41767070994
41767070959
41767070807
41767070973
41767070844
41767070960
41767070820
41767070792
41767070897
41767070614
41767070955
41767070808
41767070870
41767070584
41767070894
41767070908
41767070811
41767070970
41767070922
41767070947
41767070978
41767070805
41767070917
41767070789
41767070619
41767070980
41767079000
41767079018
41767079025
41767079005
41767079030
41767079024
41767079002
41767079004
41767079008
41767079020
41767079057
41767079050
41767079207
41767079039
41767079067
41767079168
41767079103
41767079041
41767079127
41767079262
41767079045
41767079089
41767079094
41767079070
41767079093
41767079097
41767079119
41767079350
41767079148
41767079187
41767079044
41767079170
41767079117
41767079311
41767079145
41767079087
41767079179
41767079111
41767079096
41767079146
41767079100
41767079137
41767079174
41767079234
41767079184
41767079109
41767079150
41767079219
41767079346
41767079200
41767079222
41767079242
41767079056
41767079291
41767079130
41767079284
41767079273
41767079138
41767079294
41767079116
41767079250
41767079167
41767079147
41767079229
41767079286
41767079156
41767079104
41767079210
41767079106
41767079293
41767079268
41767079231
41767079283
41767079131
41767079143
41767079252
41767079249
41767079324
41767079339
41767079290
41767079325
41767079292
41767079300
41767079255
41767079313
41767079303
41767079335
41767079175
41767079202
41767079278
41767079105
41767079370
41767079379
41767079362
41767079358
41767079355
41767079363
41767079380
41767079415
41767079393
41767079488
41767079406
41767079579
41767079524
41767079468
41767079498
41767079574
41767079388
41767079422
41767079470
41767079686
41767079660
41767079395
41767079517
41767079411
41767079391
41767079613
41767079476
41767079607
41767079509
41767079429
41767079642
41767079425
41767079635
41767079629
41767079665
41767079405
41767079417
41767079454
41767079525
41767079542
41767079683
41767079595
41767079550
41767079689
41767079444
41767079562
41767079596
41767079534
41767079414
41767079598
41767079599
41767079641
41767079460
41767079440
41767079592
41767079424
41767079566
41767079483
41767079572
41767079670
41767079535
41767079695
41767079581
41767079466
41767079571
41767079597
41767079666
41767079560
41767079690
41767079511
41767079538
41767079493
41767079547
41767079681
41767079623
41767079616
41767079620
41767079661
41767079719
41767079704
41767079711
41767079708
41767079714
41767079706
41767079722
41767079718
41767079728
41767079784
41767079734
41767079769
41767079742
41767079733
41767079750
41767079763
41767079780
41767079797
41767079804
41767079785
41767079801
41767079799
41767079751
41767079762
41767079752
41767079766
41767079781
41767079808
41767079790
41767079788
41767079858
41767079818
41767079854
41767079867
41767079881
41767079849
41767079838
41767079842
41767079862
41767079868
41767079824
41767079875
41767079886
41767079844
41767079885
41767079899
41767079876
41767079964
41767079903
41767079944
41767079913
41767079917
41767079924
41767079929
41767079957
41767079932
41767079907
41767079980
41767079931
41767079902
41767079908
41767079910
41767079967
41767079970
41767079974
41767079960
41767079914
41767079933
41767079937
41767079976
41767079968
41767079990
41767079997
41767079989
41767079988
41767073000
41767073014
41767073010
41767073011
41767073007
41767073019
41767073012
41767073005
41767073013
41767073027
41767073031
41767073054
41767073089
41767073117
41767073217
41767073238
41767073047
41767073108
41767073081
41767073057
41767073035
41767073125
41767073113
41767073200
41767073071
41767073062
41767073348
41767073234
41767073182
41767073072
41767073278
41767073061
41767073198
41767073157
41767073216
41767073110
41767073120
41767073471
41767073132
41767073210
41767073060
41767073093
41767073142
41767073224
41767073230
41767073080
41767073304
41767073090
41767073509
41767073299
41767073231
41767073227
41767073447
41767073334
41767073066
41767073240
41767073336
41767073172
41767073236
41767073257
41767073155
41767073088
41767073482
41767073344
41767073345
41767073143
41767073399
41767073427
41767073578
41767073220
41767073423
41767073386
41767073501
41767073258
41767073235
41767073338
41767073617
41767073249
41767073740
41767073486
41767073204
41767073629
41767073436
41767073500
41767073105
41767073169
41767073403
41767073395
41767073379
41767073222
41767073688
41767073322
41767073147
41767073504
41767073413
41767073626
41767073418
41767073450
41767073337
41767073824
41767073434
41767073196
41767073910
41767073646
41767073875
41767073920
41767073636
41767073300
41767073535
41767073340
41767073429
41767073515
41767073365
41767073179
41767073442
41767073441
41767073421
41767073225
41767073599
41767073272
41767073912
41767073332
41767073609
41767073520
41767073419
41767073439
41767073807
41767073368
41767073639
41767073406
41767073408
41767073881
41767073247
41767073446
41767073445
41767073941
41767073387
41767073476
41767073989
41767073390
41767073407
41767073870
41767073992
41767073605
41767073562
41767073792
41767073701
41767073985
41767073829
41767073464
41767073849
41767073766
41767073579
41767073565
41767073596
41767073557
41767073678
41767073369
41767073974
41767073551
41767073956
41767073695
41767073700
41767073714
41767073560
41767073587
41767073979
41767073632
41767073612
41767073796
41767073329
41767073919
41767073810
41767073748
41767073825
41767073790
41767073631
41767073917
41767073722
41767073838
41767073928
41767073733
41767073734
41767073391
41767073310
41767073718
41767073854
41767073962
41767073558
41767073882
41767073663
41767073976
41767073852
41767073331
41767073832
41767073780
41767073994
41767073853
41767073637
41767073620
41767073966
41767073608
41767073800
41767073952
41767073585
41767073971
41767073876
41767073972
41767073946
41767071030
41767071026
41767071003
41767071002
41767071024
41767071004
41767071017
41767071001
41767071025
41767071009
41767071012
41767071020
41767071031
41767071007
41767071086
41767071092
41767071066
41767071106
41767071118
41767071143
41767071074
41767071067
41767071164
41767071201
41767071232
41767071188
41767071260
41767071183
41767071242
41767071317
41767071259
41767071060
41767071218
41767071095
41767071329
41767071209
41767071373
41767071252
41767071035
41767071171
41767071055
41767071400
41767071078
41767071048
41767071294
41767071104
41767071076
41767071318
41767071255
41767071134
41767071109
41767071207
41767071062
41767071338
41767071117
41767071314
41767071379
41767071170
41767071063
41767071208
41767071243
41767071200
41767071433
41767071160
41767071483
41767071056
41767071310
41767071306
41767071418
41767071087
41767071227
41767071336
41767071126
41767071313
41767071374
41767071502
41767071137
41767071219
41767071191
41767071113
41767071719
41767071100
41767071449
41767071382
41767071408
41767071198
41767071341
41767071450
41767071296
41767071256
41767071088
41767071197
41767071366
41767071439
41767071580
41767071112
41767071550
41767071448
41767071107
41767071712
41767071499
41767071340
41767071251
41767071402
41767071416
41767071444
41767071167
41767071946
41767071344
41767071541
41767071190
41767071848
41767071355
41767071337
41767071391
41767071223
41767071789
41767071323
41767071605
41767071685
41767071392
41767071240
41767071914
41767071471
41767071155
41767071551
41767071860
41767071152
41767071371
41767071975
41767071686
41767071175
41767071488
41767071257
41767071765
41767071154
41767071636
41767071517
41767071661
41767071456
41767071098
41767071237
41767071466
41767071519
41767071996
41767071754
41767071607
41767071262
41767071518
41767071786
41767071514
41767071644
41767071215
41767071627
41767071764
41767071705
41767071489
41767071866
41767071698
41767071807
41767071176
41767071169
41767071650
41767071663
41767071413
41767071186
41767071562
41767071620
41767071879
41767071411
41767071276
41767071487
41767071744
41767071578
41767071441
41767071615
41767071803
41767071509
41767071354
41767071708
41767071943
41767071325
41767071616
41767071213
41767071212
41767071710
41767071746
41767071989
41767071629
41767071604
41767071987
41767071717
41767071272
41767071675
41767071867
41767071290
41767071447
41767071794
41767071221
41767071965
41767071267
41767071889
41767071633
41767071799
41767071305
41767071311
41767071966
41767071617
41767071684
41767071601
41767071815
41767071380
41767071983
41767071882
41767071410
41767071977
41767071500
41767071907
41767071321
41767071611
41767071948
41767071817
41767071548
41767071942
41767071814
41767071715
41767071874
41767071743
41767071279
41767071763
41767071328
41767071892
41767071425
41767071978
41767071603
41767071345
41767071855
41767071640
41767071751
41767071572
41767071688
41767071988
41767071923
41767071691
41767071995
41767071647
41767071618
41767071476
41767071464
41767071670
41767071704
41767071902
41767071985
41767071979
41767071897
41767071676
41767071639
41767071955
41767071512
41767071510
41767071612
41767071972
41767071928
41767071680
41767071949
41767071735
41767071656
41767071736
41767071801
41767071672
41767071880
41767071725
41767071785
41767071908
41767071808
41767071980
41767072000
41767072021
41767072009
41767072003
41767072011
41767072015
41767072030
41767072024
41767072032
41767072022
41767072029
41767072063
41767072265
41767072033
41767072066
41767072048
41767072053
41767072129
41767072137
41767072248
41767072078
41767072089
41767072060
41767072223
41767072099
41767072101
41767072205
41767072288
41767072041
41767072050
41767072039
41767072269
41767072168
41767072211
41767072231
41767072040
41767072057
41767072038
41767072036
41767072239
41767072123
41767072283
41767072235
41767072180
41767072207
41767072175
41767072226
41767072157
41767072098
41767072154
41767072102
41767072342
41767072253
41767072147
41767072120
41767072293
41767072043
41767072201
41767072093
41767072225
41767072037
41767072167
41767072088
41767072125
41767072070
41767072284
41767072261
41767072229
41767072327
41767072247
41767072061
41767072186
41767072347
41767072346
41767072169
41767072255
41767072121
41767072182
41767072164
41767072262
41767072232
41767072110
41767072216
41767072192
41767072237
41767072349
41767072209
41767072333
41767072138
41767072336
41767072296
41767072319
41767072328
41767072215
41767072313
41767072334
41767072298
41767072299
41767072322
41767072166
41767072264
41767072160
41767072266
41767072345
41767072332
41767072286
41767072340
41767072361
41767072360
41767072376
41767072373
41767072381
41767072351
41767072374
41767072444
41767072473
41767072672
41767072491
41767072406
41767072531
41767072533
41767072424
41767072652
41767072400
41767072431
41767072390
41767072426
41767072503
41767072434
41767072442
41767072402
41767072399
41767072428
41767072610
41767072476
41767072536
41767072494
41767072544
41767072660
41767072588
41767072604
41767072474
41767072416
41767072619
41767072388
41767072499
41767072467
41767072571
41767072489
41767072450
41767072500
41767072456
41767072683
41767072575
41767072623
41767072526
41767072528
41767072484
41767072608
41767072603
41767072423
41767072615
41767072552
41767072650
41767072690
41767072508
41767072582
41767072452
41767072482
41767072574
41767072540
41767072595
41767072486
41767072676
41767072696
41767072617
41767072580
41767072599
41767072655
41767072601
41767072651
41767072644
41767072675
41767072607
41767072680
41767072684
41767072718
41767072741
41767072735
41767072742
41767072736
41767072746
41767072766
41767072763
41767072755
41767072791
41767072731
41767072783
41767072781
41767072765
41767072790
41767072835
41767072844
41767072799
41767072828
41767072830
41767072810
41767072817
41767072809
41767072834
41767072823
41767072836
41767072838
41767072868
41767072889
41767072886
41767072878
41767072888
41767072865
41767072855
41767072908
41767072911
41767072876
41767072891
41767072909
41767072858
41767072873
41767072903
41767072887
41767072893
41767072971
41767072912
41767072966
41767072930
41767072915
41767072947
41767072975
41767072945
41767072983
41767072980
41767072928
41767072936
41767072925
41767072993
41767072948
41767072985
41767072923
41767072973
41767072987
41767072969
41767072996
41767078000
41767078001
41767078009
41767078015
41767078023
41767078014
41767078007
41767078079
41767078142
41767078036
41767078045
41767078049
41767078064
41767078139
41767078044
41767078080
41767078127
41767078319
41767078113
41767078109
41767078112
41767078184
41767078085
41767078154
41767078095
41767078070
41767078099
41767078157
41767078114
41767078118
41767078310
41767078647
41767078327
41767078179
41767078081
41767078318
41767078431
41767078246
41767078387
41767078389
41767078288
41767078466
41767078056
41767078178
41767078303
41767078330
41767078676
41767078168
41767078512
41767078354
41767078210
41767078356
41767078089
41767078132
41767078781
41767078152
41767078402
41767078694
41767078244
41767078553
41767078366
41767078066
41767078145
41767078446
41767078344
41767078597
41767078414
41767078163
41767078581
41767078660
41767078250
41767078086
41767078518
41767078521
41767078800
41767078342
41767078262
41767078799
41767078890
41767078392
41767078525
41767078541
41767078585
41767078285
41767078426
41767078723
41767078514
41767078484
41767078126
41767078955
41767078725
41767078211
41767078427
41767078978
41767078561
41767078918
41767078678
41767078150
41767078618
41767078481
41767078733
41767078605
41767078322
41767078422
41767078670
41767078439
41767078783
41767078599
41767078503
41767078352
41767078326
41767078567
41767078613
41767078563
41767078838
41767078478
41767078710
41767078490
41767078364
41767078782
41767078149
41767078636
41767078371
41767078696
41767078829
41767078704
41767078513
41767078693
41767078686
41767078411
41767078671
41767078544
41767078480
41767078500
41767078681
41767078811
41767078507
41767078606
41767078296
41767078600
41767078909
41767078667
41767078610
41767078622
41767078324
41767078534
41767078528
41767078684
41767078855
41767078743
41767078494
41767078881
41767078822
41767078921
41767078279
41767078281
41767078833
41767078887
41767078920
41767078933
41767078987
41767078617
41767078721
41767078383
41767078718
41767078555
41767078965
41767078814
41767078648
41767078766
41767078843
41767078728
41767078284
41767078880
41767078700
41767078894
41767078662
41767078472
41767078867
41767078854
41767078765
41767078687
41767078840
41767078646
41767078959
41767078870
41767078953
41767078768
41767078680
41767078826
41767078889
41767078925
41767078884
41767078672
41767078968
41767078742
41767078792
41767078578
41767078669
41767078849
41767078546
41767078657
41767078533
41767078911
41767078812
41767078997
41767078973
41767078818
41767078837
41767078964
41767078976
41767078939
41767078944
41767078644
41767078980
41767078908
41767078736
41767078510
41767078668
41767077019
41767077024
41767077009
41767077006
41767077022
41767077028
41767077015
41767077013
41767077008
41767077105
41767077126
41767077060
41767077055
41767077070
41767077093
41767077141
41767077251
41767077192
41767077052
41767077260
41767077081
41767077064
41767077323
41767077352
41767077252
41767077138
41767077102
41767077090
41767077140
41767077139
41767077110
41767077359
41767077213
41767077069
41767077254
41767077034
41767077210
41767077051
41767077036
41767077039
41767077080
41767077288
41767077083
41767077114
41767077162
41767077433
41767077416
41767077089
41767077049
41767077111
41767077523
41767077204
41767077041
41767077184
41767077211
41767077221
41767077066
41767077293
41767077655
41767077096
41767077422
41767077609
41767077420
41767077621
41767077225
41767077156
41767077320
41767077593
41767077129
41767077531
41767077308
41767077258
41767077171
41767077185
41767077155
41767077272
41767077314
41767077149
41767077504
41767077386
41767077404
41767077134
41767077243
41767077538
41767077349
41767077484
41767077319
41767077125
41767077350
41767077058
41767077202
41767077411
41767077303
41767077253
41767077106
41767077681
41767077400
41767077501
41767077659
41767077336
41767077108
41767077403
41767077289
41767077624
41767077382
41767077535
41767077528
41767077242
41767077222
41767077085
41767077626
41767077248
41767077354
41767077649
41767077200
41767077445
41767077644
41767077419
41767077488
41767077391
41767077568
41767077385
41767077888
41767077699
41767077345
41767077636
41767077453
41767077990
41767077458
41767077582
41767077231
41767077499
41767077390
41767077698
41767077135
41767077633
41767077524
41767077605
41767077496
41767077586
41767077665
41767077886
41767077432
41767077938
41767077442
41767077581
41767077600
41767077249
41767077401
41767077415
41767077651
41767077639
41767077305
41767077641
41767077906
41767077383
41767077868
41767077901
41767077402
41767077602
41767077966
41767077493
41767077583
41767077838
41767077832
41767077668
41767077491
41767077766
41767077809
41767077480
41767077988
41767077650
41767077594
41767077676
41767077603
41767077946
41767077536
41767077414
41767077881
41767077551
41767077640
41767077964
41767077853
41767077660
41767077569
41767077653
41767077511
41767077942
41767077601
41767077908
41767077861
41767077700
41767077950
41767077914
41767077553
41767077985
41767077925
41767077810
41767077805
41767077960
41767077622
41767077882
41767077563
