41793995000
41793995011
41793995003
41793995018
41793995015
41793995013
41793995017
41793995006
41793995024
41793995007
41793995005
41793995004
41793995010
41793995001
41793995014
41793995031
41793995012
41793995030
41793995032
41793995026
41793995027
41793995021
41793995008
41793995066
41793995035
41793995056
41793995050
41793995069
41793995094
41793995036
41793995038
41793995197
41793995043
41793995109
41793995072
41793995121
41793995131
41793995097
41793995162
41793995104
41793995059
41793995130
41793995078
41793995102
41793995098
41793995071
41793995222
41793995184
41793995198
41793995175
41793995254
41793995201
41793995283
41793995326
41793995110
41793995052
41793995058
41793995062
41793995216
41793995269
41793995176
41793995037
41793995140
41793995143
41793995161
41793995316
41793995309
41793995217
41793995214
41793995077
41793995232
41793995040
41793995358
41793995133
41793995039
41793995334
41793995085
41793995210
41793995379
41793995487
41793995041
41793995048
41793995090
41793995084
41793995205
41793995159
41793995082
41793995223
41793995057
41793995033
41793995356
41793995363
41793995160
41793995044
41793995075
41793995089
41793995157
41793995076
41793995183
41793995111
41793995141
41793995275
41793995051
41793995046
41793995235
41793995516
41793995060
41793995152
41793995246
41793995361
41793995300
41793995070
41793995291
41793995049
41793995119
41793995233
41793995541
41793995091
41793995148
41793995093
41793995163
41793995144
41793995099
41793995137
41793995195
41793995418
41793995166
41793995392
41793995397
41793995203
41793995193
41793995410
41793995107
41793995219
41793995328
41793995073
41793995360
41793995101
41793995256
41793995120
41793995114
41793995127
41793995096
41793995268
41793995318
41793995554
41793995313
41793995405
41793995411
41793995301
41793995354
41793995106
41793995297
41793995783
41793995579
41793995443
41793995145
41793995492
41793995517
41793995540
41793995332
41793995371
41793995273
41793995226
41793995132
41793995165
41793995319
41793995272
41793995105
41793995525
41793995351
41793995472
41793995511
41793995645
41793995502
41793995437
41793995764
41793995353
41793995260
41793995456
41793995378
41793995399
41793995134
41793995320
41793995452
41793995209
41793995522
41793995262
41793995153
41793995402
41793995234
41793995496
41793995304
41793995534
41793995581
41793995700
41793995305
41793995103
41793995220
41793995430
41793995388
41793995281
41793995284
41793995628
41793995387
41793995414
41793995158
41793995767
41793995248
41793995308
41793995376
41793995478
41793995055
41793995869
41793995488
41793995464
41793995509
41793995643
41793995461
41793995286
41793995442
41793995451
41793995280
41793995485
41793995196
41793995499
41793995614
41793995434
41793995135
41793995943
41793995582
41793995346
41793995768
41793995460
41793995403
41793995408
41793995948
41793995424
41793995596
41793995500
41793995666
41793995755
41793995621
41793995823
41793995311
41793995341
41793995367
41793995600
41793995949
41793995147
41793995422
41793995349
41793995429
41793995482
41793995213
41793995303
41793995270
41793995573
41793995646
41793995200
41793995480
41793995343
41793995423
41793995445
41793995466
41793995593
41793995181
41793995936
41793995390
41793995426
41793995497
41793995479
41793995514
41793995448
41793995398
41793995425
41793995444
41793995766
41793995277
41793995329
41793995441
41793995276
41793995690
41793995612
41793995413
41793995420
41793995953
41793995382
41793995407
41793995357
41793995428
41793995673
41793995481
41793995695
41793995585
41793995858
41793995565
41793995909
41793995551
41793995558
41793995718
41793995867
41793995546
41793995290
41793995530
41793995591
41793995498
41793995968
41793995462
41793995935
41793995484
41793995331
41793995556
41793995958
41793995886
41793995491
41793995716
41793995490
41793995180
41793995521
41793995384
41793995639
41793995138
41793995083
41793995553
41793995348
41793995575
41793995507
41793995208
41793995962
41793995322
41793995578
41793995642
41793995364
41793995719
41793995566
41793995347
41793995603
41793995647
41793995912
41793995779
41793995944
41793995589
41793995242
41793995864
41793995455
41793995794
41793995333
41793995339
41793995224
41793995321
41793995545
41793995880
41793995703
41793995439
41793995592
41793995590
41793995618
41793995314
41793995504
41793995352
41793995362
41793995563
41793995654
41793995240
41793995908
41793995678
41793995206
41793995706
41793995648
41793995950
41793995282
41793995524
41793995656
41793995957
41793995980
41793995473
41793995580
41793995746
41793995577
41793995529
41793995433
41793995447
41793995559
41793995875
41793995901
41793995635
41793995528
41793995186
41793995264
41793995191
41793995470
41793995862
41793995606
41793995515
41793995389
41793995697
41793995850
41793995956
41793995505
41793995741
41793995900
41793995671
41793995588
41793995828
41793995608
41793995587
41793995489
41793995711
41793995535
41793995584
41793995952
41793995782
41793995315
41793995674
41793995951
41793995640
41793995453
41793995795
41793995664
41793995620
41793995792
41793995970
41793995733
41793995759
41793995704
41793995609
41793995302
41793995194
41793995955
41793995844
41793995906
41793995465
41793995818
41793995781
41793995501
41793995977
41793995380
41793995483
41793995986
41793995694
41793995607
41793995691
41793995693
41793995532
41793995896
41793995625
41793995825
41793995756
41793995989
41793995988
41793995765
41793995337
41793995800
41793995474
41793995702
41793995412
41793995750
41793995616
41793995715
41793995905
41793995244
41793995923
41793995526
41793995724
41793995776
41793995849
41793995920
41793995919
41793995930
41793995717
41793995922
41793995729
41793995685
41793995494
41793995624
41793995959
41793995601
41793995821
41793995997
41793995547
41793995744
41793995555
41793995542
41793995707
41793995533
41793995651
41793995512
41793995992
41793995659
41793995675
41793995739
41793995907
41793995979
41793995696
41793995809
41793995871
41793995366
41793995544
41793995842
41793995868
41793995686
41793995658
41793995657
41793995605
41793995788
41793995753
41793995688
41793995365
41793995899
41793995926
41793995932
41793995752
41793995991
41793995802
41793995285
41793995931
41793995866
41793995982
41793995914
41793995655
41793995993
41793995660
41793995611
41793995571
41793995751
41793995924
41793995918
41793995401
41793995981
41793995736
41793995845
41793995937
41793995798
41793995857
41793995863
41793995808
41793995927
41793995539
41793995916
41793995942
41793995679
41793995945
41793995726
41793995449
41793995946
41793995557
41793995709
41793995626
41793995966
41793995738
41793995538
41793995395
41793995663
41793995917
41793995856
41793995885
41793995898
41793995929
41793995799
41793995815
41793995892
41793995826
41793995572
41793995910
41793995806
41793995789
41793995928
41793995636
41793995974
41793995836
41793995938
41793995400
41793995627
41793995961
41793995237
41793995812
41793995921
41793995692
41793995894
41793995963
41793995807
41793995830
41793995805
41793995681
41793995811
41793995814
41793995386
41793995889
41793995911
41793995813
41793995859
41793995904
41793995940
41793995967
41793995417
41793995419
41793994000
41793994007
41793994013
41793994032
41793994021
41793994017
41793994011
41793994024
41793994003
41793994009
41793994002
41793994028
41793994004
41793994008
41793994019
41793994025
41793994030
41793994010
41793994012
41793994027
41793994029
41793994048
41793994245
41793994037
41793994039
41793994056
41793994045
41793994054
41793994058
41793994053
41793994051
41793994085
41793994099
41793994105
41793994097
41793994111
41793994135
41793994138
41793994133
41793994175
41793994179
41793994204
41793994035
41793994211
41793994184
41793994237
41793994040
41793994081
41793994278
41793994233
41793994049
41793994296
41793994126
41793994046
41793994113
41793994155
41793994120
41793994181
41793994171
41793994439
41793994115
41793994338
41793994067
41793994166
41793994057
41793994277
41793994172
41793994080
41793994185
41793994203
41793994094
41793994129
41793994151
41793994230
41793994055
41793994177
41793994063
41793994034
41793994106
41793994134
41793994042
41793994158
41793994101
41793994060
41793994342
41793994279
41793994384
41793994390
41793994170
41793994036
41793994059
41793994160
41793994217
41793994050
41793994178
41793994264
41793994077
41793994123
41793994310
41793994303
41793994125
41793994127
41793994103
41793994076
41793994174
41793994143
41793994142
41793994256
41793994364
41793994201
41793994271
41793994109
41793994253
41793994038
41793994300
41793994275
41793994314
41793994122
41793994298
41793994216
41793994205
41793994318
41793994207
41793994281
41793994329
41793994116
41793994061
41793994393
41793994641
41793994132
41793994389
41793994228
41793994248
41793994270
41793994100
41793994305
41793994824
41793994154
41793994399
41793994306
41793994323
41793994153
41793994131
41793994265
41793994114
41793994069
41793994326
41793994340
41793994118
41793994246
41793994324
41793994416
41793994266
41793994331
41793994526
41793994252
41793994647
41793994072
41793994062
41793994078
41793994502
41793994272
41793994130
41793994611
41793994448
41793994362
41793994112
41793994218
41793994386
41793994359
41793994197
41793994529
41793994374
41793994357
41793994269
41793994553
41793994680
41793994487
41793994441
41793994349
41793994674
41793994261
41793994328
41793994543
41793994232
41793994472
41793994292
41793994280
41793994311
41793994260
41793994427
41793994402
41793994361
41793994490
41793994546
41793994926
41793994258
41793994473
41793994187
41793994397
41793994139
41793994297
41793994462
41793994440
41793994315
41793994697
41793994387
41793994251
41793994308
41793994808
41793994471
41793994348
41793994347
41793994398
41793994335
41793994539
41793994627
41793994210
41793994635
41793994319
41793994121
41793994933
41793994421
41793994276
41793994420
41793994920
41793994401
41793994843
41793994215
41793994418
41793994273
41793994567
41793994255
41793994497
41793994423
41793994226
41793994351
41793994188
41793994692
41793994363
41793994480
41793994673
41793994263
41793994989
41793994921
41793994219
41793994517
41793994698
41793994555
41793994157
41793994686
41793994931
41793994638
41793994455
41793994285
41793994167
41793994288
41793994922
41793994678
41793994337
41793994313
41793994400
41793994552
41793994598
41793994801
41793994458
41793994419
41793994562
41793994628
41793994317
41793994491
41793994482
41793994240
41793994283
41793994790
41793994499
41793994391
41793994295
41793994443
41793994414
41793994493
41793994358
41793994856
41793994613
41793994190
41793994651
41793994479
41793994602
41793994769
41793994501
41793994378
41793994515
41793994411
41793994500
41793994433
41793994327
41793994325
41793994198
41793994409
41793994923
41793994752
41793994483
41793994547
41793994618
41793994301
41793994504
41793994425
41793994915
41793994268
41793994636
41793994761
41793994778
41793994376
41793994949
41793994503
41793994521
41793994498
41793994406
41793994626
41793994929
41793994383
41793994566
41793994518
41793994508
41793994960
41793994437
41793994690
41793994675
41793994522
41793994668
41793994743
41793994614
41793994657
41793994879
41793994334
41793994580
41793994708
41793994453
41793994914
41793994592
41793994685
41793994597
41793994382
41793994476
41793994407
41793994551
41793994372
41793994873
41793994731
41793994963
41793994583
41793994459
41793994775
41793994631
41793994523
41793994595
41793994788
41793994470
41793994356
41793994599
41793994910
41793994622
41793994660
41793994654
41793994445
41793994557
41793994282
41793994679
41793994962
41793994764
41793994729
41793994625
41793994533
41793994227
41793994762
41793994463
41793994584
41793994951
41793994633
41793994452
41793994961
41793994750
41793994827
41793994537
41793994451
41793994249
41793994616
41793994634
41793994903
41793994825
41793994890
41793994507
41793994417
41793994770
41793994881
41793994456
41793994619
41793994821
41793994774
41793994777
41793994609
41793994615
41793994745
41793994681
41793994519
41793994528
41793994733
41793994793
41793994779
41793994748
41793994682
41793994481
41793994478
41793994610
41793994461
41793994549
41793994653
41793994997
41793994649
41793994360
41793994941
41793994644
41793994413
41793994753
41793994716
41793994763
41793994851
41793994516
41793994796
41793994918
41793994392
41793994540
41793994972
41793994896
41793994474
41793994727
41793994426
41793994928
41793994594
41793994730
41793994699
41793994849
41793994783
41793994965
41793994544
41793994722
41793994938
41793994737
41793994548
41793994465
41793994624
41793994869
41793994829
41793994585
41793994826
41793994839
41793994672
41793994404
41793994889
41793994637
41793994630
41793994819
41793994739
41793994446
41793994560
41793994883
41793994302
41793994864
41793994860
41793994785
41793994689
41793994676
41793994878
41793994744
41793994945
41793994946
41793994865
41793994848
41793994561
41793994800
41793994877
41793994776
41793994959
41793994489
41793994742
41793994568
41793994494
41793994846
41793994735
41793994861
41793994429
41793994982
41793994880
41793994768
41793994344
41793994894
41793994684
41793994695
41793994943
41793994867
41793994664
41793994871
41793994645
41793994569
41793994665
41793994919
41793994787
41793994847
41793994694
41793994953
41793994900
41793994817
41793994577
41793994950
41793994904
41793994816
41793994484
41793994980
41793994811
41793994853
41793994809
41793994830
41793994975
41793994978
41793994632
41793994907
41793994906
41793994422
41793994766
41793994944
41793994966
41793994755
41793994712
41793994772
41793994996
41793994650
41793994724
41793994643
41793994556
41793994721
41793994794
41793994866
41793994784
41793994629
41793994832
41793994852
41793994670
41793994956
41793994993
41793994891
41793994605
41793994728
41793994927
41793994876
41793994857
41793994974
41793994534
41793994859
41793994995
41793994813
41793994488
41793994834
41793994939
41793994992
41793994952
41793994872
41793994806
41793994754
41793994930
41793994936
41793994797
41793994969
41793994590
41793994804
41793994863
41793994970
41793994736
41793994659
41793994954
41793994702
41793994706
41793994940
41793994862
41793994967
41793994990
41793994720
41793994937
41793994947
41793994850
41793994818
41793994899
41793994994
41793994840
41793994913
41793996000
41793996003
41793996001
41793996012
41793996029
41793996028
41793996009
41793996016
41793996018
41793996006
41793996020
41793996014
41793996032
41793996030
41793996022
41793996027
41793996044
41793996053
41793996055
41793996068
41793996081
41793996087
41793996056
41793996122
41793996128
41793996077
41793996129
41793996145
41793996093
41793996048
41793996146
41793996132
41793996160
41793996052
41793996182
41793996134
41793996181
41793996084
41793996037
41793996257
41793996057
41793996064
41793996248
41793996096
41793996178
41793996302
41793996204
41793996323
41793996426
41793996074
41793996143
41793996124
41793996125
41793996073
41793996140
41793996082
41793996137
41793996059
41793996112
41793996189
41793996109
41793996297
41793996225
41793996150
41793996235
41793996075
41793996092
41793996265
41793996545
41793996120
41793996046
41793996089
41793996042
41793996488
41793996054
41793996076
41793996045
41793996266
41793996548
41793996106
41793996272
41793996520
41793996154
41793996099
41793996197
41793996151
41793996230
41793996050
41793996168
41793996179
41793996094
41793996233
41793996193
41793996035
41793996224
41793996091
41793996394
41793996214
41793996326
41793996123
41793996080
41793996203
41793996063
41793996130
41793996399
41793996211
41793996070
41793996066
41793996267
41793996247
41793996484
41793996372
41793996319
41793996191
41793996299
41793996554
41793996553
41793996550
41793996331
41793996240
41793996217
41793996298
41793996702
41793996039
41793996131
41793996208
41793996379
41793996185
41793996147
41793996116
41793996194
41793996234
41793996397
41793996051
41793996047
41793996071
41793996362
41793996453
41793996525
41793996623
41793996078
41793996232
41793996268
41793996133
41793996498
41793996666
41793996600
41793996148
41793996392
41793996417
41793996162
41793996418
41793996212
41793996504
41793996490
41793996227
41793996429
41793996252
41793996489
41793996552
41793996223
41793996156
41793996383
41793996102
41793996337
41793996231
41793996451
41793996142
41793996210
41793996482
41793996437
41793996281
41793996271
41793996420
41793996617
41793996415
41793996470
41793996529
41793996305
41793996698
41793996643
41793996111
41793996814
41793996749
41793996220
41793996336
41793996293
41793996355
41793996296
41793996568
41793996333
41793996813
41793996345
41793996627
41793996493
41793996478
41793996748
41793996569
41793996527
41793996452
41793996350
41793996176
41793996192
41793996175
41793996276
41793996169
41793996444
41793996126
41793996438
41793996286
41793996310
41793996588
41793996341
41793996108
41793996614
41793996483
41793996366
41793996263
41793996654
41793996358
41793996838
41793996170
41793996313
41793996443
41793996976
41793996228
41793996603
41793996574
41793996427
41793996662
41793996172
41793996278
41793996664
41793996369
41793996226
41793996626
41793996652
41793996445
41793996301
41793996759
41793996757
41793996690
41793996673
41793996509
41793996287
41793996347
41793996330
41793996153
41793996410
41793996311
41793996115
41793996340
41793996464
41793996524
41793996368
41793996769
41793996679
41793996218
41793996270
41793996670
41793996365
41793996539
41793996229
41793996467
41793996533
41793996446
41793996353
41793996523
41793996633
41793996274
41793996743
41793996799
41793996750
41793996501
41793996269
41793996335
41793996294
41793996433
41793996564
41793996254
41793996303
41793996794
41793996357
41793996346
41793996665
41793996540
41793996535
41793996456
41793996752
41793996373
41793996359
41793996762
41793996517
41793996680
41793996475
41793996911
41793996316
41793996650
41793996608
41793996406
41793996380
41793996201
41793996751
41793996744
41793996671
41793996663
41793996991
41793996462
41793996855
41793996566
41793996887
41793996606
41793996586
41793996755
41793996136
41793996506
41793996466
41793996571
41793996651
41793996547
41793996292
41793996604
41793996290
41793996926
41793996403
41793996969
41793996538
41793996589
41793996910
41793996491
41793996578
41793996694
41793996448
41793996474
41793996463
41793996753
41793996576
41793996669
41793996264
41793996344
41793996768
41793996455
41793996584
41793996472
41793996152
41793996487
41793996637
41793996601
41793996322
41793996831
41793996510
41793996658
41793996579
41793996718
41793996449
41793996735
41793996647
41793996913
41793996881
41793996878
41793996342
41793996713
41793996772
41793996919
41793996781
41793996505
41793996962
41793996619
41793996927
41793996631
41793996351
41793996439
41793996732
41793996653
41793996364
41793996561
41793996689
41793996221
41793996348
41793996460
41793996307
41793996511
41793996518
41793996638
41793996334
41793996620
41793996684
41793996739
41793996916
41793996471
41793996763
41793996414
41793996640
41793996971
41793996850
41793996258
41793996580
41793996649
41793996681
41793996657
41793996636
41793996537
41793996577
41793996868
41793996977
41793996683
41793996541
41793996557
41793996803
41793996622
41793996655
41793996961
41793996846
41793996937
41793996555
41793996624
41793996938
41793996304
41793996737
41793996822
41793996693
41793996980
41793996261
41793996789
41793996502
41793996699
41793996408
41793996808
41793996436
41793996720
41793996395
41793996572
41793996328
41793996979
41793996827
41793996832
41793996546
41793996973
41793996697
41793996401
41793996740
41793996609
41793996862
41793996990
41793996776
41793996687
41793996729
41793996419
41793996378
41793996738
41793996765
41793996745
41793996816
41793996339
41793996674
41793996872
41793996787
41793996556
41793996858
41793996935
41793996885
41793996534
41793996877
41793996904
41793996356
41793996424
41793996819
41793996656
41793996848
41793996432
41793996905
41793996811
41793996612
41793996936
41793996806
41793996785
41793996867
41793996536
41793996821
41793996923
41793996705
41793996431
41793996825
41793996792
41793996835
41793996393
41793996972
41793996888
41793996871
41793996703
41793996734
41793996513
41793996900
41793996526
41793996565
41793996975
41793996889
41793996863
41793996841
41793996844
41793996723
41793996593
41793996688
41793996719
41793996932
41793996828
41793996724
41793996939
41793996764
41793996801
41793996970
41793996567
41793996890
41793996793
41793996917
41793996613
41793996711
41793996957
41793996918
41793996440
41793996468
41793996632
41793996598
41793996893
41793996815
41793996849
41793996924
41793996978
41793996716
41793996512
41793996959
41793996842
41793996709
41793996596
41793996795
41793996921
41793996585
41793996775
41793996730
41793996531
41793996952
41793996854
41793996930
41793996791
41793996891
41793996892
41793996931
41793996944
41793996200
41793996441
41793996992
41793996779
41793996968
41793996708
41793996790
41793996780
41793996770
41793996903
41793996777
41793996810
41793996840
41793996802
41793996875
41793996486
41793996986
41793996836
41793996864
41793996500
41793996830
41793996908
41793990005
41793990024
41793990031
41793990022
41793990032
41793990004
41793990014
41793990002
41793990029
41793990023
41793990011
41793990021
41793990006
41793990007
41793990009
41793990019
41793990028
41793990020
41793990138
41793990055
41793990054
41793990065
41793990070
41793990063
41793990069
41793990092
41793990071
41793990050
41793990244
41793990136
41793990171
41793990080
41793990173
41793990145
41793990249
41793990033
41793990040
41793990246
41793990102
41793990088
41793990085
41793990110
41793990086
41793990041
41793990077
41793990075
41793990082
41793990214
41793990042
41793990113
41793990037
41793990253
41793990035
41793990149
41793990093
41793990151
41793990048
41793990083
41793990209
41793990126
41793990135
41793990131
41793990154
41793990225
41793990144
41793990121
41793990190
41793990312
41793990232
41793990218
41793990039
41793990155
41793990334
41793990164
41793990133
41793990174
41793990108
41793990109
41793990382
41793990043
41793990061
41793990056
41793990051
41793990177
41793990062
41793990415
41793990128
41793990161
41793990265
41793990101
41793990076
41793990454
41793990103
41793990168
41793990060
41793990339
41793990087
41793990100
41793990193
41793990272
41793990186
41793990236
41793990356
41793990212
41793990269
41793990254
41793990319
41793990199
41793990375
41793990090
41793990523
41793990546
41793990260
41793990314
41793990081
41793990169
41793990227
41793990074
41793990467
41793990545
41793990450
41793990393
41793990142
41793990652
41793990281
41793990158
41793990049
41793990141
41793990463
41793990124
41793990091
41793990238
41793990167
41793990707
41793990790
41793990259
41793990187
41793990211
41793990038
41793990125
41793990284
41793990429
41793990146
41793990205
41793990437
41793990240
41793990233
41793990208
41793990166
41793990178
41793990156
41793990294
41793990508
41793990276
41793990274
41793990414
41793990670
41793990562
41793990159
41793990286
41793990213
41793990252
41793990147
41793990271
41793990221
41793990263
41793990117
41793990461
41793990251
41793990219
41793990165
41793990381
41793990570
41793990336
41793990234
41793990611
41793990188
41793990078
41793990377
41793990606
41793990270
41793990123
41793990608
41793990311
41793990584
41793990457
41793990239
41793990296
41793990347
41793990576
41793990539
41793990106
41793990443
41793990273
41793990333
41793990401
41793990404
41793990445
41793990511
41793990358
41793990262
41793990116
41793990555
41793990438
41793990929
41793990826
41793990115
41793990139
41793990292
41793990288
41793990201
41793990531
41793990335
41793990302
41793990348
41793990717
41793990304
41793990099
41793990651
41793990425
41793990712
41793990283
41793990344
41793990342
41793990394
41793990618
41793990197
41793990130
41793990732
41793990574
41793990459
41793990935
41793990573
41793990745
41793990685
41793990492
41793990949
41793990255
41793990268
41793990410
41793990580
41793990422
41793990440
41793990198
41793990633
41793990441
41793990730
41793990659
41793990258
41793990604
41793990194
41793990383
41793990352
41793990591
41793990320
41793990084
41793990378
41793990317
41793990530
41793990585
41793990533
41793990791
41793990682
41793990447
41793990430
41793990572
41793990307
41793990648
41793990802
41793990833
41793990231
41793990644
41793990593
41793990391
41793990411
41793990436
41793990787
41793990289
41793990861
41793990507
41793990518
41793990989
41793990560
41793990701
41793990510
41793990792
41793990897
41793990287
41793990746
41793990578
41793990696
41793990489
41793990590
41793990363
41793990241
41793990277
41793990655
41793990632
41793990884
41793990536
41793990905
41793990936
41793990607
41793990551
41793990882
41793990471
41793990558
41793990550
41793990737
41793990310
41793990534
41793990705
41793990647
41793990637
41793990743
41793990421
41793990823
41793990520
41793990458
41793990715
41793990390
41793990326
41793990903
41793990788
41793990781
41793990761
41793990609
41793990665
41793990516
41793990975
41793990522
41793990248
41793990337
41793990785
41793990640
41793990487
41793990846
41793990396
41793990876
41793990389
41793990620
41793990434
41793990625
41793990723
41793990503
41793990403
41793990740
41793990689
41793990477
41793990428
41793990392
41793990484
41793990362
41793990566
41793990323
41793990478
41793990324
41793990988
41793990817
41793990628
41793990521
41793990664
41793990596
41793990184
41793990345
41793990890
41793990466
41793990498
41793990561
41793990683
41793990747
41793990710
41793990820
41793990816
41793990446
41793990504
41793990406
41793990605
41793990809
41793990721
41793990760
41793990653
41793990800
41793990589
41793990693
41793990759
41793990385
41793990308
41793990490
41793990822
41793990720
41793990933
41793990553
41793990462
41793990453
41793990418
41793990497
41793990672
41793990845
41793990384
41793990937
41793990494
41793990595
41793990911
41793990938
41793990571
41793990501
41793990400
41793990824
41793990313
41793990770
41793990899
41793990819
41793990451
41793990799
41793990739
41793990986
41793990552
41793990957
41793990357
41793990601
41793990525
41793990797
41793990564
41793990568
41793990953
41793990431
41793990527
41793990569
41793990996
41793990789
41793990643
41793990629
41793990206
41793990971
41793990859
41793990427
41793990825
41793990850
41793990862
41793990980
41793990919
41793990694
41793990906
41793990741
41793990821
41793990624
41793990916
41793990753
41793990960
41793990744
41793990433
41793990614
41793990968
41793990405
41793990866
41793990840
41793990688
41793990657
41793990950
41793990902
41793990599
41793990448
41793990923
41793990502
41793990612
41793990886
41793990815
41793990660
41793990768
41793990486
41793990646
41793990831
41793990925
41793990892
41793990901
41793990755
41793990756
41793990966
41793990803
41793990754
41793990444
41793990836
41793990476
41793990889
41793990636
41793990575
41793990856
41793990922
41793990801
41793990891
41793990681
41793990844
41793990547
41793990955
41793990686
41793990945
41793990752
41793990930
41793990500
41793990874
41793990839
41793990835
41793990513
41793990191
41793990680
41793990676
41793990894
41793990910
41793990974
41793990927
41793990869
41793990842
41793990762
41793990915
41793990763
41793990674
41793990638
41793990751
41793990954
41793990559
41793990708
41793990994
41793990537
41793990914
41793990843
41793990926
41793990987
41793990983
41793990948
41793990972
41793990893
41793990818
41793990704
41793990883
41793990991
41793990959
41793990858
41793990807
41793990661
41793990626
41793990387
41793990984
41793990961
41793990958
41793990918
41793990881
41793990928
41793990865
41793990804
41793990793
41793990690
41793990813
41793990577
41793990736
41793990912
41793990990
41793990962
41793990877
41793990684
41793990951
41793990947
41793990909
41793990663
41793990970
41793990904
41793990952
41793990764
41793990931
41793990667
41793990769
41793990692
41793990887
41793990742
41793990900
41793990941
41793990863
41793990973
41793999000
41793999010
41793999025
41793999032
41793999031
41793999016
41793999017
41793999004
41793999005
41793999012
41793999002
41793999026
41793999008
41793999009
41793999011
41793999024
41793999027
41793999019
41793999006
41793999029
41793999018
41793999044
41793999095
41793999045
41793999042
41793999068
41793999058
41793999090
41793999086
41793999050
41793999116
41793999080
41793999101
41793999083
41793999142
41793999147
41793999166
41793999171
41793999186
41793999146
41793999159
41793999037
41793999249
41793999048
41793999067
41793999057
41793999273
41793999110
41793999099
41793999079
41793999056
41793999066
41793999092
41793999137
41793999195
41793999076
41793999063
41793999073
41793999087
41793999038
41793999246
41793999039
41793999250
41793999052
41793999290
41793999117
41793999072
41793999100
41793999062
41793999130
41793999331
41793999350
41793999224
41793999046
41793999093
41793999104
41793999267
41793999164
41793999227
41793999051
41793999128
41793999188
41793999225
41793999132
41793999054
41793999036
41793999064
41793999102
41793999109
41793999291
41793999258
41793999155
41793999091
41793999413
41793999105
41793999288
41793999230
41793999432
41793999160
41793999047
41793999053
41793999191
41793999213
41793999199
41793999181
41793999108
41793999158
41793999106
41793999212
41793999125
41793999148
41793999298
41793999124
41793999318
41793999187
41793999118
41793999178
41793999179
41793999207
41793999410
41793999210
41793999364
41793999300
41793999240
41793999251
41793999265
41793999767
41793999434
41793999281
41793999339
41793999094
41793999239
41793999653
41793999311
41793999149
41793999259
41793999189
41793999223
41793999392
41793999610
41793999277
41793999450
41793999084
41793999263
41793999184
41793999061
41793999065
41793999245
41793999182
41793999060
41793999177
41793999461
41793999459
41793999241
41793999244
41793999075
41793999510
41793999452
41793999209
41793999078
41793999285
41793999703
41793999440
41793999114
41793999218
41793999262
41793999301
41793999183
41793999325
41793999217
41793999112
41793999274
41793999256
41793999307
41793999520
41793999387
41793999252
41793999243
41793999403
41793999287
41793999151
41793999136
41793999229
41793999215
41793999557
41793999768
41793999544
41793999559
41793999305
41793999304
41793999306
41793999406
41793999608
41793999362
41793999445
41793999234
41793999469
41793999811
41793999671
41793999375
41793999809
41793999638
41793999468
41793999330
41793999367
41793999292
41793999374
41793999270
41793999649
41793999172
41793999435
41793999373
41793999161
41793999626
41793999299
41793999368
41793999712
41793999561
41793999774
41793999619
41793999625
41793999400
41793999342
41793999636
41793999324
41793999176
41793999620
41793999398
41793999490
41793999465
41793999205
41793999540
41793999502
41793999633
41793999411
41793999668
41793999512
41793999444
41793999477
41793999997
41793999506
41793999417
41793999462
41793999369
41793999508
41793999427
41793999338
41793999810
41793999599
41793999409
41793999903
41793999710
41793999879
41793999748
41793999494
41793999551
41793999474
41793999378
41793999552
41793999254
41793999640
41793999113
41793999386
41793999309
41793999315
41793999347
41793999423
41793999485
41793999521
41793999322
41793999681
41793999591
41793999247
41793999085
41793999206
41793999813
41793999282
41793999509
41793999558
41793999733
41793999449
41793999799
41793999264
41793999221
41793999437
41793999356
41793999538
41793999157
41793999327
41793999326
41793999203
41793999443
41793999639
41793999597
41793999483
41793999519
41793999313
41793999618
41793999670
41793999421
41793999888
41793999260
41793999751
41793999547
41793999333
41793999722
41793999876
41793999266
41793999993
41793999731
41793999737
41793999802
41793999488
41793999486
41793999747
41793999467
41793999503
41793999779
41793999622
41793999501
41793999242
41793999697
41793999621
41793999484
41793999429
41793999550
41793999862
41793999701
41793999624
41793999746
41793999842
41793999448
41793999690
41793999852
41793999824
41793999371
41793999571
41793999642
41793999405
41793999397
41793999901
41793999902
41793999781
41793999253
41793999913
41793999439
41793999332
41793999489
41793999719
41793999408
41793999996
41793999396
41793999492
41793999957
41793999755
41793999531
41793999573
41793999759
41793999833
41793999314
41793999349
41793999677
41793999829
41793999565
41793999827
41793999958
41793999607
41793999749
41793999272
41793999702
41793999684
41793999887
41793999867
41793999454
41793999402
41793999526
41793999525
41793999769
41793999645
41793999617
41793999310
41793999466
41793999592
41793999847
41793999572
41793999835
41793999922
41793999780
41793999857
41793999422
41793999750
41793999536
41793999372
41793999511
41793999541
41793999960
41793999736
41793999623
41793999587
41793999694
41793999634
41793999884
41793999720
41793999493
41793999848
41793999648
41793999336
41793999836
41793999399
41793999580
41793999438
41793999602
41793999583
41793999959
41793999761
41793999675
41793999460
41793999433
41793999709
41793999708
41793999758
41793999574
41793999729
41793999603
41793999563
41793999916
41793999528
41793999693
41793999838
41793999323
41793999644
41793999491
41793999967
41793999706
41793999293
41793999834
41793999806
41793999345
41793999548
41793999791
41793999553
41793999917
41793999630
41793999560
41793999329
41793999900
41793999790
41793999695
41793999855
41793999711
41793999796
41793999655
41793999765
41793999628
41793999456
41793999772
41793999972
41793999611
41793999744
41793999878
41793999534
41793999666
41793999566
41793999698
41793999383
41793999762
41793999856
41793999914
41793999989
41793999739
41793999943
41793999546
41793999754
41793999674
41793999699
41793999871
41793999865
41793999530
41793999651
41793999938
41793999606
41793999931
41793999974
41793999815
41793999714
41793999662
41793999555
41793999658
41793999771
41793999679
41793999707
41793999947
41793999953
41793999569
41793999717
41793999886
41793999930
41793999770
41793999763
41793999872
41793999919
41793999984
41793999910
41793999866
41793999905
41793999756
41793999672
41793999881
41793999515
41793999955
41793999859
41793999988
41793999890
41793999814
41793999820
41793999894
41793999951
41793999646
41793999985
41793999676
41793999823
41793999987
41793999704
41793999844
41793999863
41793999882
41793999783
41793999843
41793999924
41793999775
41793999939
41793999854
41793999788
41793999921
41793999692
41793999627
41793999723
41793999933
41793999614
41793999800
41793999730
41793999682
41793999942
41793999994
41793999940
41793999821
41793999895
41793999911
41793999787
41793999915
41793999721
41793999950
41793999801
41793999944
41793999965
41793999889
41793999839
41793999851
41793999669
41793999849
41793999883
41793999966
41793999785
41793999918
41793999961
41793999992
41793999990
41793999991
41793999975
41793999973
41793999976
41793999735
41793993000
41793993032
41793993009
41793993014
41793993023
41793993021
41793993030
41793993018
41793993007
41793993002
41793993004
41793993019
41793993028
41793993020
41793993024
41793993015
41793993022
41793993016
41793993013
41793993017
41793993029
41793993026
41793993031
41793993036
41793993054
41793993071
41793993109
41793993274
41793993195
41793993045
41793993043
41793993140
41793993051
41793993062
41793993089
41793993090
41793993121
41793993135
41793993130
41793993218
41793993104
41793993118
41793993050
41793993166
41793993046
41793993057
41793993153
41793993126
41793993080
41793993131
41793993129
41793993044
41793993113
41793993033
41793993259
41793993187
41793993092
41793993052
41793993127
41793993076
41793993167
41793993341
41793993312
41793993136
41793993081
41793993060
41793993103
41793993086
41793993110
41793993049
41793993102
41793993320
41793993123
41793993084
41793993159
41793993328
41793993221
41793993168
41793993099
41793993272
41793993192
41793993185
41793993225
41793993088
41793993303
41793993156
41793993241
41793993200
41793993344
41793993238
41793993235
41793993224
41793993214
41793993117
41793993147
41793993279
41793993231
41793993063
41793993134
41793993038
41793993189
41793993074
41793993199
41793993108
41793993112
41793993296
41793993273
41793993176
41793993337
41793993212
41793993173
41793993205
41793993148
41793993056
41793993182
41793993157
41793993152
41793993077
41793993073
41793993079
41793993287
41793993308
41793993149
41793993305
41793993319
41793993155
41793993331
41793993230
41793993087
41793993055
41793993271
41793993175
41793993233
41793993227
41793993288
41793993334
41793993280
41793993339
41793993211
41793993301
41793993248
41793993307
41793993161
41793993300
41793993311
41793993115
41793993122
41793993047
41793993203
41793993336
41793993306
41793993208
41793993325
41793993290
41793993191
41793993315
41793993276
41793993263
41793993160
41793993333
41793993058
41793993098
41793993194
41793993281
41793993198
41793993236
41793993202
41793993252
41793993261
41793993247
41793993346
41793993210
41793993295
41793993265
41793993324
41793993338
41793993342
41793993183
41793993329
41793993323
41793993201
41793993251
41793993309
41793993314
41793993322
41793993255
41793993179
41793993310
41793993083
41793993289
41793993349
41793993245
41793993335
41793993316
41793993206
41793993321
41793993215
41793993150
41793993138
41793993250
41793993219
41793993244
41793993340
41793993313
41793993253
41793993348
41793993143
41793993216
41793993326
41793993299
41793993357
41793993369
41793993366
41793993358
41793993364
41793993379
41793993378
41793993380
41793993375
41793993362
41793993360
41793993372
41793993359
41793993353
41793993355
41793993351
41793993377
41793993373
41793993361
41793993374
41793993551
41793993463
41793993494
41793993456
41793993388
41793993397
41793993405
41793993416
41793993414
41793993404
41793993423
41793993455
41793993439
41793993448
41793993438
41793993475
41793993445
41793993389
41793993537
41793993518
41793993402
41793993428
41793993425
41793993566
41793993444
41793993606
41793993399
41793993511
41793993421
41793993449
41793993462
41793993400
41793993477
41793993538
41793993450
41793993467
41793993466
41793993688
41793993519
41793993441
41793993502
41793993395
41793993408
41793993422
41793993392
41793993426
41793993446
41793993385
41793993499
41793993656
41793993541
41793993497
41793993682
41793993534
41793993624
41793993577
41793993471
41793993420
41793993544
41793993632
41793993592
41793993387
41793993403
41793993498
41793993530
41793993458
41793993669
41793993447
41793993594
41793993621
41793993576
41793993685
41793993443
41793993412
41793993526
41793993459
41793993535
41793993536
41793993616
41793993430
41793993668
41793993546
41793993436
41793993472
41793993605
41793993492
41793993417
41793993539
41793993454
41793993628
41793993607
41793993591
41793993561
41793993610
41793993507
41793993586
41793993672
41793993638
41793993487
41793993612
41793993630
41793993563
41793993500
41793993468
41793993409
41793993555
41793993645
41793993496
41793993578
41793993581
41793993641
41793993562
41793993646
41793993629
41793993583
41793993678
41793993643
41793993647
41793993558
41793993570
41793993648
41793993574
41793993590
41793993642
41793993533
41793993681
41793993424
41793993667
41793993543
41793993691
41793993469
41793993677
41793993569
41793993603
41793993625
41793993584
41793993509
41793993478
41793993609
41793993595
41793993515
41793993661
41793993683
41793993663
41793993658
41793993680
41793993676
41793993604
41793993626
41793993501
41793993666
41793993684
41793993575
41793993516
41793993593
41793993670
41793993611
41793993600
41793993579
41793993585
41793993690
41793993686
41793993679
41793993687
41793993588
41793993651
41793993699
41793993707
41793993708
41793993734
41793993717
41793993725
41793993709
41793993730
41793993731
41793993706
41793993719
41793993733
41793993703
41793993715
41793993718
41793993705
41793993727
41793993710
41793993722
41793993737
41793993798
41793993752
41793993788
41793993795
41793993800
41793993748
41793993755
41793993736
41793993776
41793993766
41793993757
41793993742
41793993793
41793993747
41793993768
41793993813
41793993753
41793993749
41793993745
41793993765
41793993797
41793993810
41793993735
41793993740
41793993789
41793993790
41793993801
41793993767
41793993762
41793993754
41793993738
41793993744
41793993784
41793993786
41793993773
41793993761
41793993787
41793993759
41793993807
41793993758
41793993808
41793993805
41793993792
41793993818
41793993794
41793993809
41793993799
41793993770
41793993806
41793993816
41793993804
41793993764
41793993834
41793993839
41793993830
41793993862
41793993833
41793993823
41793993824
41793993842
41793993837
41793993856
41793993878
41793993866
41793993869
41793993875
41793993848
41793993880
41793993871
41793993870
41793993881
41793993864
41793993874
41793993835
41793993836
41793993852
41793993853
41793993860
41793993849
41793993838
41793993850
41793993858
41793993879
41793993840
41793993908
41793993935
41793993886
41793993893
41793993902
41793993904
41793993896
41793993914
41793993918
41793993922
41793993924
41793993943
41793993911
41793993955
41793993953
41793993895
41793993884
41793993899
41793993889
41793993925
41793993903
41793993949
41793993940
41793993887
41793993958
41793993897
41793993937
41793993910
41793993928
41793993909
41793993915
41793993898
41793993929
41793993930
41793993948
41793993968
41793993961
41793993945
41793993934
41793993932
41793993907
41793993963
41793993952
41793993964
41793993919
41793993916
41793993967
41793993933
41793993921
41793993913
41793993917
41793993926
41793993969
41793993994
41793993999
41793993980
41793993997
41793993978
41793993983
41793993988
41793993984
41793993970
41793993990
41793993973
41793993996
41793993982
41793993993
41793993989
41793993998
41793993976
41793993985
41793993972
41793991000
41793991006
41793991028
41793991025
41793991001
41793991003
41793991027
41793991013
41793991032
41793991029
41793991019
41793991030
41793991023
41793991010
41793991005
41793991031
41793991008
41793991063
41793991073
41793991012
41793991045
41793991044
41793991059
41793991067
41793991075
41793991039
41793991082
41793991078
41793991037
41793991146
41793991216
41793991061
41793991238
41793991258
41793991062
41793991124
41793991126
41793991116
41793991093
41793991089
41793991186
41793991043
41793991050
41793991041
41793991135
41793991234
41793991219
41793991119
41793991087
41793991064
41793991289
41793991070
41793991069
41793991055
41793991294
41793991068
41793991090
41793991181
41793991091
41793991177
41793991111
41793991325
41793991266
41793991240
41793991081
41793991065
41793991123
41793991222
41793991137
41793991046
41793991036
41793991290
41793991057
41793991271
41793991235
41793991125
41793991051
41793991143
41793991267
41793991306
41793991053
41793991128
41793991198
41793991109
41793991117
41793991121
41793991160
41793991118
41793991140
41793991174
41793991264
41793991307
41793991074
41793991237
41793991155
41793991058
41793991130
41793991169
41793991085
41793991166
41793991353
41793991162
41793991102
41793991277
41793991225
41793991107
41793991259
41793991144
41793991261
41793991462
41793991158
41793991323
41793991080
41793991188
41793991180
41793991092
41793991299
41793991199
41793991704
41793991363
41793991224
41793991066
41793991134
41793991122
41793991749
41793991165
41793991127
41793991157
41793991438
41793991386
41793991071
41793991047
41793991446
41793991469
41793991204
41793991269
41793991101
41793991330
41793991241
41793991150
41793991149
41793991295
41793991100
41793991382
41793991431
41793991464
41793991542
41793991288
41793991445
41793991115
41793991248
41793991385
41793991228
41793991192
41793991394
41793991226
41793991357
41793991138
41793991332
41793991178
41793991200
41793991300
41793991500
41793991314
41793991274
41793991170
41793991310
41793991313
41793991298
41793991565
41793991256
41793991187
41793991176
41793991579
41793991809
41793991114
41793991283
41793991076
41793991407
41793991247
41793991493
41793991293
41793991404
41793991534
41793991211
41793991236
41793991625
41793991365
41793991458
41793991583
41793991243
41793991373
41793991376
41793991244
41793991350
41793991320
41793991276
41793991173
41793991390
41793991364
41793991524
41793991694
41793991551
41793991338
41793991647
41793991242
41793991145
41793991640
41793991179
41793991750
41793991600
41793991449
41793991272
41793991331
41793991451
41793991202
41793991208
41793991724
41793991230
41793991491
41793991374
41793991909
41793991194
41793991441
41793991645
41793991324
41793991183
41793991533
41793991326
41793991635
41793991287
41793991848
41793991862
41793991356
41793991495
41793991602
41793991387
41793991172
41793991292
41793991433
41793991974
41793991487
41793991214
41793991651
41793991391
41793991668
41793991549
41793991359
41793991402
41793991250
41793991108
41793991828
41793991369
41793991522
41793991378
41793991291
41793991622
41793991951
41793991351
41793991653
41793991366
41793991490
41793991418
41793991457
41793991360
41793991518
41793991396
41793991861
41793991633
41793991503
41793991384
41793991342
41793991659
41793991148
41793991511
41793991434
41793991255
41793991718
41793991523
41793991466
41793991447
41793991440
41793991416
41793991296
41793991598
41793991379
41793991626
41793991479
41793991305
41793991154
41793991982
41793991507
41793991406
41793991857
41793991746
41793991439
41793991570
41793991532
41793991804
41793991488
41793991417
41793991735
41793991745
41793991730
41793991482
41793991408
41793991233
41793991525
41793991850
41793991309
41793991510
41793991212
41793991436
41793991743
41793991372
41793991218
41793991270
41793991354
41793991280
41793991928
41793991315
41793991483
41793991343
41793991680
41793991468
41793991754
41793991203
41793991517
41793991489
41793991885
41793991411
41793991193
41793991589
41793991380
41793991442
41793991814
41793991632
41793991922
41793991725
41793991573
41793991908
41793991362
41793991699
41793991813
41793991381
41793991437
41793991413
41793991545
41793991478
41793991605
41793991265
41793991414
41793991427
41793991420
41793991319
41793991822
41793991556
41793991995
41793991460
41793991701
41793991638
41793991688
41793991455
41793991588
41793991471
41793991568
41793991641
41793991481
41793991741
41793991849
41793991820
41793991808
41793991710
41793991377
41793991817
41793991774
41793991971
41793991923
41793991429
41793991877
41793991419
41793991512
41793991615
41793991835
41793991727
41793991662
41793991967
41793991976
41793991983
41793991601
41793991643
41793991341
41793991286
41793991567
41793991513
41793991485
41793991617
41793991866
41793991675
41793991619
41793991912
41793991739
41793991569
41793991521
41793991705
41793991833
41793991946
41793991348
41793991767
41793991686
41793991881
41793991393
41793991566
41793991607
41793991876
41793991424
41793991712
41793991397
41793991954
41793991610
41793991515
41793991960
41793991760
41793991562
41793991618
41793991624
41793991443
41793991880
41793991616
41793991603
41793991716
41793991793
41793991723
41793991722
41793991673
41793991620
41793991707
41793991914
41793991475
41793991798
41793991586
41793991639
41793991592
41793991609
41793991702
41793991740
41793991844
41793991630
41793991504
41793991744
41793991926
41793991452
41793991322
41793991580
41793991691
41793991929
41793991627
41793991934
41793991703
41793991763
41793991775
41793991644
41793991642
41793991696
41793991894
41793991845
41793991852
41793991666
41793991654
41793991972
41793991663
41793991827
41793991786
41793991546
41793991770
41793991766
41793991582
41793991648
41793991846
41793991738
41793991557
41793991860
41793991676
41793991519
41793991708
41793991553
41793991801
41793991321
41793991947
41793991988
41793991937
41793991921
41793991736
41793991789
41793991878
41793991559
41793991889
41793991867
41793991751
41793991815
41793991906
41793991944
41793991945
41793991888
41793991968
41793991717
41793991907
41793991591
41793991986
41793991841
41793991637
41793991747
41793991905
41793991358
41793991854
41793991839
41793991656
41793991800
41793991765
41793991915
41793991893
41793991628
41793991980
41793991834
41793991720
41793991940
41793991631
41793991783
41793991781
41793991661
41793991975
41793991970
41793991791
41793991993
41793991550
41793991816
41793991842
41793991768
41793991788
41793991831
41793991973
41793991769
41793991997
41793991855
41793991719
41793991935
41793991787
41793991811
41793991840
41793991987
41793991904
41793991896
41793991990
41793991865
41793991728
41793991966
41793991930
41793991810
41793991964
41793991917
41793991752
41793991805
41793991992
41793991879
41793991812
41793991777
41793991916
41793991903
41793991932
41793991892
41793991818
41793991961
41793991936
41793991886
41793991830
41793991955
41793991979
41793991795
41793991977
41793991948
41793991949
41793992000
41793992024
41793992029
41793992010
41793992017
41793992020
41793992028
41793992032
41793992005
41793992015
41793992019
41793992002
41793992004
41793992022
41793992008
41793992009
41793992003
41793992030
41793992082
41793992134
41793992044
41793992043
41793992035
41793992034
41793992054
41793992071
41793992129
41793992039
41793992061
41793992072
41793992092
41793992085
41793992179
41793992106
41793992047
41793992130
41793992123
41793992149
41793992151
41793992089
41793992136
41793992250
41793992051
41793992102
41793992068
41793992215
41793992046
41793992219
41793992057
41793992058
41793992198
41793992137
41793992253
41793992063
41793992274
41793992276
41793992091
41793992227
41793992040
41793992322
41793992223
41793992055
41793992108
41793992295
41793992135
41793992066
41793992105
41793992299
41793992118
41793992195
41793992064
41793992229
41793992248
41793992048
41793992338
41793992095
41793992096
41793992069
41793992116
41793992139
41793992132
41793992049
41793992037
41793992188
41793992090
41793992181
41793992070
41793992242
41793992235
41793992289
41793992062
41793992065
41793992077
41793992294
41793992334
41793992332
41793992324
41793992128
41793992339
41793992321
41793992144
41793992344
41793992342
41793992165
41793992170
41793992059
41793992114
41793992206
41793992252
41793992214
41793992138
41793992169
41793992162
41793992143
41793992258
41793992336
41793992173
41793992155
41793992347
41793992125
41793992124
41793992320
41793992317
41793992285
41793992290
41793992161
41793992178
41793992204
41793992318
41793992251
41793992315
41793992316
41793992193
41793992127
41793992083
41793992088
41793992212
41793992268
41793992191
41793992080
41793992311
41793992153
41793992147
41793992343
41793992305
41793992286
41793992340
41793992218
41793992056
41793992101
41793992232
41793992313
41793992244
41793992142
41793992275
41793992246
41793992220
41793992166
41793992211
41793992107
41793992183
41793992209
41793992333
41793992168
41793992292
41793992257
41793992233
41793992303
41793992296
41793992262
41793992300
41793992201
41793992282
41793992222
41793992240
41793992234
41793992230
41793992167
41793992323
41793992112
41793992245
41793992280
41793992335
41793992348
41793992306
41793992291
41793992260
41793992270
41793992314
41793992297
41793992187
41793992210
41793992177
41793992350
41793992237
41793992239
41793992327
41793992267
41793992288
41793992345
41793992377
41793992370
41793992356
41793992366
41793992355
41793992379
41793992374
41793992369
41793992372
41793992376
41793992351
41793992359
41793992381
41793992363
41793992353
41793992361
41793992403
41793992442
41793992501
41793992401
41793992427
41793992396
41793992410
41793992417
41793992424
41793992432
41793992447
41793992393
41793992458
41793992456
41793992508
41793992406
41793992428
41793992465
41793992443
41793992565
41793992426
41793992569
41793992485
41793992480
41793992602
41793992603
41793992570
41793992515
41793992399
41793992529
41793992405
41793992388
41793992504
41793992560
41793992516
41793992412
41793992673
41793992610
41793992484
41793992398
41793992415
41793992397
41793992518
41793992678
41793992580
41793992524
41793992452
41793992408
41793992431
41793992525
41793992425
41793992413
41793992473
41793992591
41793992575
41793992667
41793992469
41793992558
41793992528
41793992422
41793992625
41793992400
41793992573
41793992414
41793992463
41793992613
41793992498
41793992589
41793992633
41793992641
41793992482
41793992404
41793992616
41793992421
41793992444
41793992553
41793992671
41793992507
41793992549
41793992533
41793992418
41793992517
41793992585
41793992620
41793992550
41793992611
41793992448
41793992579
41793992491
41793992538
41793992521
41793992500
41793992537
41793992542
41793992436
41793992479
41793992637
41793992450
41793992411
41793992622
41793992543
41793992601
41793992512
41793992662
41793992574
41793992626
41793992461
41793992494
41793992466
41793992439
41793992489
41793992510
41793992490
41793992642
41793992627
41793992434
41793992640
41793992623
41793992621
41793992476
41793992564
41793992562
41793992688
41793992635
41793992566
41793992632
41793992472
41793992600
41793992527
41793992598
41793992655
41793992666
41793992684
41793992571
41793992563
41793992615
41793992493
41793992639
41793992650
41793992608
41793992646
41793992595
41793992468
41793992572
41793992604
41793992523
41793992676
41793992619
41793992699
41793992617
41793992628
41793992583
41793992692
41793992697
41793992536
41793992629
41793992695
41793992511
41793992520
41793992481
41793992568
41793992519
41793992474
41793992686
41793992664
41793992534
41793992624
41793992656
41793992586
41793992658
41793992606
41793992578
41793992657
41793992694
41793992668
41793992486
41793992576
41793992653
41793992683
41793992669
41793992680
41793992588
41793992705
41793992729
41793992712
41793992710
41793992709
41793992715
41793992707
41793992702
41793992700
41793992714
41793992711
41793992701
41793992727
41793992704
41793992721
41793992720
41793992718
41793992716
41793992717
41793992724
41793992722
41793992723
41793992725
41793992703
41793992743
41793992757
41793992792
41793992760
41793992762
41793992778
41793992782
41793992786
41793992788
41793992785
41793992761
41793992751
41793992777
41793992780
41793992736
41793992746
41793992779
41793992776
41793992764
41793992775
41793992770
41793992745
41793992742
41793992763
41793992740
41793992732
41793992781
41793992733
41793992787
41793992769
41793992750
41793992749
41793992773
41793992791
41793992797
41793992806
41793992825
41793992813
41793992836
41793992847
41793992850
41793992812
41793992801
41793992832
41793992849
41793992804
41793992809
41793992846
41793992818
41793992815
41793992829
41793992811
41793992803
41793992793
41793992795
41793992840
41793992828
41793992827
41793992838
41793992821
41793992844
41793992807
41793992852
41793992831
41793992799
41793992826
41793992835
41793992877
41793992902
41793992866
41793992861
41793992872
41793992895
41793992894
41793992893
41793992907
41793992908
41793992910
41793992857
41793992881
41793992871
41793992865
41793992905
41793992874
41793992896
41793992882
41793992869
41793992875
41793992863
41793992888
41793992878
41793992885
41793992854
41793992897
41793992899
41793992873
41793992879
41793992858
41793992891
41793992867
41793992913
41793992958
41793992942
41793992931
41793992922
41793992927
41793992932
41793992928
41793992944
41793992920
41793992951
41793992957
41793992966
41793992969
41793992948
41793992949
41793992965
41793992954
41793992919
41793992952
41793992926
41793992959
41793992943
41793992925
41793992945
41793992933
41793992967
41793992939
41793992912
41793992964
41793992938
41793992940
41793992935
41793992924
41793992960
41793992929
41793992934
41793992953
41793992961
41793992950
41793992941
41793992988
41793992997
41793992979
41793992993
41793992999
41793992985
41793992990
41793992980
41793992976
41793992984
41793992978
41793992971
41793992995
41793992994
41793992991
41793992996
41793992977
41793998000
41793998014
41793998032
41793998022
41793998028
41793998029
41793998023
41793998007
41793998016
41793998009
41793998024
41793998021
41793998003
41793998026
41793998010
41793998002
41793998019
41793998005
41793998038
41793998131
41793998136
41793998129
41793998041
41793998063
41793998040
41793998051
41793998098
41793998105
41793998104
41793998099
41793998057
41793998059
41793998156
41793998167
41793998161
41793998166
41793998125
41793998108
41793998116
41793998123
41793998211
41793998048
41793998228
41793998176
41793998380
41793998049
41793998312
41793998260
41793998470
41793998113
41793998207
41793998222
41793998047
41793998065
41793998037
41793998094
41793998144
41793998056
41793998121
41793998053
41793998550
41793998171
41793998159
41793998081
41793998160
41793998072
41793998290
41793998089
41793998367
41793998084
41793998050
41793998137
41793998264
41793998140
41793998100
41793998092
41793998190
41793998077
41793998064
41793998358
41793998199
41793998060
41793998068
41793998188
41793998045
41793998272
41793998570
41793998079
41793998523
41793998241
41793998221
41793998157
41793998155
41793998126
41793998130
41793998487
41793998186
41793998172
41793998243
41793998122
41793998164
41793998214
41793998168
41793998399
41793998043
41793998052
41793998154
41793998074
41793998062
41793998338
41793998447
41793998295
41793998327
41793998173
41793998085
41793998371
41793998132
41793998224
41793998529
41793998398
41793998319
41793998650
41793998449
41793998352
41793998291
41793998109
41793998251
41793998097
41793998376
41793998103
41793998142
41793998203
41793998133
41793998187
41793998404
41793998242
41793998330
41793998216
41793998486
41793998348
41793998191
41793998342
41793998331
41793998372
41793998238
41793998649
41793998233
41793998308
41793998111
41793998347
41793998277
41793998373
41793998516
41793998090
41793998389
41793998258
41793998304
41793998218
41793998733
41793998587
41793998602
41793998293
41793998444
41793998271
41793998298
41793998134
41793998088
41793998213
41793998220
41793998454
41793998392
41793998101
41793998403
41793998289
41793998332
41793998208
41793998364
41793998120
41793998356
41793998455
41793998287
41793998383
41793998590
41793998302
41793998249
41793998183
41793998288
41793998275
41793998617
41793998704
41793998400
41793998761
41793998286
41793998467
41793998582
41793998477
41793998485
41793998310
41793998365
41793998162
41793998690
41793998739
41793998320
41793998747
41793998533
41793998250
41793998217
41793998262
41793998254
41793998377
41793998274
41793998106
41793998751
41793998518
41793998628
41793998306
41793998565
41793998507
41793998430
41793998323
41793998343
41793998863
41793998307
41793998841
41793998954
41793998620
41793998351
41793998240
41793998205
41793998313
41793998861
41793998151
41793998644
41793998184
41793998519
41793998705
41793998427
41793998390
41793998388
41793998551
41793998225
41793998613
41793998194
41793998361
41793998941
41793998201
41793998281
41793998324
41793998537
41793998760
41793998806
41793998265
41793998335
41793998193
41793998261
41793998547
41793998299
41793998204
41793998890
41793998416
41793998786
41793998635
41793998433
41793998448
41793998362
41793998333
41793998653
41793998309
41793998269
41793998593
41793998564
41793998405
41793998336
41793998688
41793998474
41793998567
41793998557
41793998150
41793998864
41793998294
41793998566
41793998461
41793998621
41793998925
41793998410
41793998684
41793998318
41793998305
41793998118
41793998247
41793998476
41793998577
41793998393
41793998778
41793998360
41793998509
41793998974
41793998146
41793998552
41793998375
41793998488
41793998417
41793998731
41793998503
41793998896
41793998438
41793998932
41793998873
41793998654
41793998580
41793998267
41793998350
41793998244
41793998357
41793998595
41793998813
41793998239
41793998744
41793998502
41793998611
41793998975
41793998493
41793998424
41793998920
41793998407
41793998852
41793998901
41793998504
41793998671
41793998933
41793998381
41793998542
41793998401
41793998413
41793998301
41793998554
41793998855
41793998384
41793998325
41793998603
41793998482
41793998851
41793998762
41793998792
41793998706
41793998466
41793998339
41793998616
41793998816
41793998278
41793998408
41793998419
41793998696
41793998434
41793998850
41793998633
41793998981
41793998428
41793998425
41793998624
41793998581
41793998759
41793998768
41793998584
41793998355
41793998687
41793998743
41793998838
41793998619
41793998623
41793998817
41793998832
41793998452
41793998787
41793998869
41793998709
41793998571
41793998978
41793998544
41793998234
41793998604
41793998820
41793998634
41793998906
41793998992
41793998800
41793998888
41793998402
41793998445
41793998919
41793998496
41793998668
41793998505
41793998664
41793998382
41793998563
41793998903
41793998986
41793998824
41793998865
41793998192
41793998280
41793998471
41793998252
41793998369
41793998968
41793998622
41793998209
41793998641
41793998681
41793998703
41793998498
41793998781
41793998779
41793998643
41793998605
41793998845
41793998663
41793998672
41793998911
41793998791
41793998656
41793998685
41793998456
41793998511
41793998669
41793998395
41793998795
41793998907
41793998463
41793998440
41793998675
41793998420
41793998263
41793998366
41793998591
41793998610
41793998612
41793998922
41793998626
41793998453
41793998637
41793998679
41793998682
41793998579
41793998437
41793998525
41793998990
41793998809
41793998784
41793998568
41793998914
41793998745
41793998939
41793998596
41793998200
41793998697
41793998414
41793998645
41793998962
41793998270
41793998574
41793998724
41793998916
41793998836
41793998794
41793998699
41793998931
41793998459
41793998866
41793998842
41793998441
41793998678
41793998639
41793998756
41793998843
41793998553
41793998776
41793998770
41793998828
41793998773
41793998775
41793998868
41793998666
41793998555
41793998889
41793998993
41793998921
41793998965
41793998774
41793998480
41793998829
41793998811
41793998648
41793998729
41793998950
41793998771
41793998458
41793998854
41793998878
41793998717
41793998627
41793998667
41793998887
41793998822
41793998607
41793998599
41793998946
41793998847
41793998982
41793998959
41793998415
41793998769
41793998955
41793998780
41793998899
41793998689
41793998893
41793998961
41793998853
41793998812
41793998857
41793998821
41793998492
41793998742
41793998837
41793998615
41793998936
41793998674
41793998815
41793998924
41793998592
41793998532
41793998983
41793998827
41793998917
41793998880
41793998600
41793998867
41793998969
41793998860
41793998677
41793998609
41793998937
41793998970
41793998987
41793998839
41793998790
41793998749
41793998927
41793998732
41793998804
41793998586
41793998984
41793998686
41793998661
41793998808
41793998746
41793998902
41793998926
41793998856
41793998810
41793998881
41793998777
41793998944
41793998973
41793998943
41793998957
41793998908
41793998915
41793998942
41793998910
41793998977
41793998909
41793998825
41793998740
41793998752
41793998940
41793997000
41793997013
41793997016
41793997021
41793997015
41793997025
41793997018
41793997004
41793997001
41793997012
41793997019
41793997024
41793997030
41793997002
41793997010
41793997029
41793997005
41793997014
41793997031
41793997011
41793997020
41793997158
41793997049
41793997093
41793997087
41793997077
41793997094
41793997112
41793997109
41793997106
41793997044
41793997142
41793997140
41793997110
41793997127
41793997183
41793997179
41793997182
41793997166
41793997167
41793997137
41793997035
41793997185
41793997264
41793997260
41793997036
41793997084
41793997261
41793997265
41793997085
41793997272
41793997318
41793997326
41793997291
41793997192
41793997034
41793997082
41793997052
41793997068
41793997243
41793997281
41793997104
41793997059
41793997125
41793997103
41793997083
41793997136
41793997129
41793997062
41793997040
41793997348
41793997252
41793997118
41793997100
41793997043
41793997065
41793997132
41793997114
41793997239
41793997081
41793997151
41793997303
41793997219
41793997338
41793997067
41793997101
41793997126
41793997376
41793997074
41793997070
41793997203
41793997161
41793997280
41793997075
41793997202
41793997362
41793997372
41793997223
41793997156
41793997143
41793997157
41793997282
41793997290
41793997227
41793997042
41793997325
41793997262
41793997105
41793997218
41793997307
41793997404
41793997513
41793997247
41793997170
41793997217
41793997237
41793997266
41793997521
41793997258
41793997144
41793997090
41793997286
41793997309
41793997346
41793997226
41793997178
41793997394
41793997209
41793997417
41793997388
41793997301
41793997069
41793997130
41793997235
41793997392
41793997189
41793997172
41793997148
41793997708
41793997595
41793997139
41793997275
41793997168
41793997115
41793997274
41793997406
41793997342
41793997057
41793997650
41793997601
41793997551
41793997249
41793997079
41793997257
41793997614
41793997604
41793997164
41793997412
41793997345
41793997407
41793997200
41793997232
41793997568
41793997288
41793997475
41793997635
41793997321
41793997479
41793997236
41793997071
41793997150
41793997408
41793997076
41793997279
41793997336
41793997363
41793997216
41793997393
41793997160
41793997389
41793997442
41793997712
41793997592
41793997753
41793997228
41793997575
41793997134
41793997285
41793997212
41793997293
41793997924
41793997152
41793997332
41793997917
41793997146
41793997877
41793997339
41793997463
41793997317
41793997197
41793997449
41793997396
41793997848
41793997939
41793997221
41793997165
41793997269
41793997356
41793997233
41793997366
41793997567
41793997528
41793997386
41793997383
41793997709
41793997456
41793997477
41793997399
41793997447
41793997347
41793997570
41793997374
41793997648
41793997641
41793997250
41793997295
41793997316
41793997472
41793997350
41793997131
41793997817
41793997259
41793997422
41793997639
41793997411
41793997253
41793997484
41793997529
41793997187
41793997794
41793997561
41793997646
41793997416
41793997398
41793997791
41793997845
41793997861
41793997231
41793997638
41793997581
41793997341
41793997718
41793997729
41793997733
41793997784
41793997352
41793997734
41793997155
41793997440
41793997337
41793997867
41793997512
41793997636
41793997378
41793997573
41793997653
41793997501
41793997941
41793997933
41793997871
41793997263
41793997425
41793997833
41793997780
41793997162
41793997480
41793997390
41793997268
41793997448
41793997415
41793997171
41793997359
41793997919
41793997498
41793997580
41793997270
41793997360
41793997856
41793997569
41793997423
41793997879
41793997473
41793997674
41793997254
41793997482
41793997382
41793997246
41793997190
41793997600
41793997702
41793997715
41793997511
41793997527
41793997312
41793997361
41793997205
41793997827
41793997844
41793997763
41793997912
41793997287
41793997453
41793997445
41793997495
41793997726
41793997843
41793997560
41793997328
41793997626
41793997789
41793997381
41793997462
41793997758
41793997494
41793997305
41793997310
41793997533
41793997688
41793997340
41793997752
41793997700
41793997860
41793997431
41793997410
41793997632
41793997717
41793997377
41793997783
41793997786
41793997671
41793997488
41793997467
41793997531
41793997869
41793997811
41793997670
41793997542
41793997402
41793997880
41793997620
41793997902
41793997612
41793997518
41793997379
41793997400
41793997405
41793997771
41793997487
41793997420
41793997964
41793997519
41793997683
41793997881
41793997515
41793997801
41793997643
41793997985
41793997694
41793997966
41793997627
41793997583
41793997750
41793997343
41793997547
41793997745
41793997799
41793997541
41793997842
41793997738
41793997579
41793997749
41793997820
41793997607
41793997414
41793997662
41793997465
41793997333
41793997922
41793997385
41793997741
41793997730
41793997554
41793997578
41793997523
41793997283
41793997725
41793997863
41793997476
41793997380
41793997949
41793997764
41793997673
41793997461
41793997507
41793997980
41793997976
41793997510
41793997810
41793997821
41793997724
41793997631
41793997644
41793997433
41793997483
41793997603
41793997665
41793997655
41793997814
41793997585
41793997434
41793997647
41793997904
41793997678
41793997682
41793997319
41793997562
41793997756
41793997657
41793997586
41793997947
41793997769
41793997812
41793997890
41793997855
41793997334
41793997900
41793997779
41793997675
41793997918
41793997935
41793997953
41793997774
41793997471
41793997804
41793997624
41793997795
41793997432
41793997572
41793997534
41793997986
41793997970
41793997903
41793997735
41793997876
41793997637
41793997681
41793997591
41793997559
41793997520
41793997803
41793997742
41793997629
41793997677
41793997765
41793997590
41793997747
41793997711
41793997978
41793997862
41793997972
41793997685
41793997499
41793997996
41793997888
41793997870
41793997944
41793997526
41793997920
41793997936
41793997956
41793997787
41793997809
41793997754
41793997910
41793997727
41793997667
41793997658
41793997959
41793997868
41793997574
41793997940
41793997815
41793997537
41793997556
41793997721
41793997767
41793997938
41793997782
41793997990
41793997858
41793997929
41793997835
41793997793
41793997852
41793997772
41793997989
41793997846
41793997668
41793997955
41793997796
41793997615
41793997720
41793997954
41793997973
41793997684
41793997894
41793997689
41793997502
41793997841
41793997928
41793997661
41793997983
41793997950
41793997982
41793997931
41793997732
41793997654
41793997948
41793997706
41793997701
41793997805
41793997859
41793997743
41793997746
41793997775
41793997946
41793997800
41793997723
41793997633
41793997744
41793997837
41793997759
41793997971
41793997969
41793997441
41793997807
41793997975
41793997898
41793997672
41793997485
41793997891
41793997773
41793997872
41793997901
41793997849
41793997909
41793997577
41793997893
41793997785
41793997926
41793997911
41793997757
41793997930
41793997934
41793997825
