41799185005
41799185021
41799185023
41799185018
41799185022
41799185020
41799185029
41799185065
41799185042
41799185088
41799185054
41799185150
41799185048
41799185058
41799185089
41799185290
41799185111
41799185102
41799185176
41799185336
41799185078
41799185062
41799185070
41799185105
41799185211
41799185226
41799185064
41799185104
41799185035
41799185178
41799185139
41799185096
41799185276
41799185338
41799185140
41799185113
41799185204
41799185305
41799185212
41799185148
41799185286
41799185097
41799185082
41799185495
41799185138
41799185266
41799185119
41799185341
41799185222
41799185499
41799185182
41799185448
41799185320
41799185533
41799185355
41799185349
41799185457
41799185726
41799185154
41799185470
41799185251
41799185316
41799185530
41799185311
41799185358
41799185588
41799185228
41799185751
41799185308
41799185220
41799185417
41799185399
41799185142
41799185208
41799185501
41799185268
41799185123
41799185605
41799185577
41799185202
41799185258
41799185466
41799185223
41799185640
41799185312
41799185638
41799185467
41799185683
41799185405
41799185262
41799185254
41799185380
41799185674
41799185423
41799185538
41799185440
41799185565
41799185546
41799185450
41799185107
41799185743
41799185912
41799185753
41799185256
41799185626
41799185568
41799185633
41799185221
41799185731
41799185229
41799185248
41799185329
41799185392
41799185603
41799185706
41799185841
41799185880
41799185784
41799185363
41799185734
41799185617
41799185720
41799185401
41799185887
41799185900
41799185357
41799185732
41799185722
41799185451
41799185455
41799185813
41799185373
41799185498
41799185628
41799185511
41799185725
41799185915
41799185760
41799185700
41799185821
41799185555
41799185325
41799185764
41799185572
41799185184
41799185591
41799185874
41799185514
41799185680
41799185273
41799185685
41799185528
41799185508
41799185520
41799185958
41799185443
41799185933
41799185844
41799185397
41799185978
41799185418
41799185552
41799185697
41799185811
41799185768
41799185570
41799185843
41799185635
41799185847
41799185885
41799185183
41799185432
41799185531
41799185413
41799185313
41799185573
41799185738
41799185430
41799185979
41799185566
41799185691
41799185988
41799185992
41799185484
41799185521
41799185993
41799185898
41799185676
41799185438
41799185736
41799185881
41799185934
41799185260
41799185426
41799185790
41799185583
41799185710
41799185733
41799185969
41799185989
41799185863
41799185776
41799185946
41799185972
41799185985
41799185428
41799185869
41799185719
41799185609
41799185927
41799185836
41799185661
41799185965
41799185777
41799185793
41799185802
41799185540
41799185831
41799185877
41799185740
41799185647
41799185839
41799185967
41799185666
41799184032
41799184020
41799184003
41799184001
41799184028
41799184027
41799184017
41799184005
41799184006
41799184021
41799184099
41799184183
41799184030
41799184069
41799184100
41799184267
41799184022
41799184034
41799184614
41799184078
41799184059
41799184175
41799184083
41799184145
41799184111
41799184458
41799184208
41799184257
41799184086
41799184153
41799184105
41799184295
41799184087
41799184012
41799184041
41799184164
41799184231
41799184394
41799184139
41799184143
41799184431
41799184019
41799184283
41799184036
41799184057
41799184064
41799184048
41799184600
41799184050
41799184213
41799184097
41799184366
41799184121
41799184131
41799184042
41799184076
41799184608
41799184090
41799184507
41799184877
41799184092
41799184367
41799184416
41799184189
41799184249
41799184834
41799184170
41799184325
41799184748
41799184365
41799184237
41799184469
41799184400
41799184157
41799184339
41799184203
41799184541
41799184214
41799184216
41799184613
41799184449
41799184436
41799184154
41799184276
41799184282
41799184110
41799184222
41799184771
41799184098
41799184129
41799184305
41799184901
41799184737
41799184644
41799184146
41799184655
41799184984
41799184254
41799184364
41799184330
41799184456
41799184380
41799184435
41799184010
41799184506
41799184487
41799184197
41799184592
41799184044
41799184395
41799184437
41799184226
41799184229
41799184196
41799184122
41799184430
41799184536
41799184077
41799184130
41799184033
41799184959
41799184204
41799184852
41799184112
41799184342
41799184060
41799184643
41799184428
41799184453
41799184350
41799184807
41799184391
41799184595
41799184201
41799184238
41799184298
41799184007
41799184483
41799184609
41799184310
41799184199
41799184056
41799184626
41799184396
41799184299
41799184674
41799184694
41799184385
41799184855
41799184605
41799184233
41799184180
41799184162
41799184363
41799184136
41799184405
41799184268
41799184332
41799184047
41799184318
41799184375
41799184597
41799184699
41799184755
41799184900
41799184960
41799184943
41799184324
41799184547
41799184810
41799184474
41799184615
41799184404
41799184353
41799184634
41799184255
41799184093
41799184311
41799184374
41799184635
41799184117
41799184251
41799184478
41799184574
41799184220
41799184054
41799184666
41799184415
41799184603
41799184072
41799184538
41799184406
41799184073
41799184770
41799184991
41799184764
41799184401
41799184593
41799184754
41799184604
41799184896
41799184479
41799184133
41799184291
41799184329
41799184074
41799184791
41799184108
41799184727
41799184544
41799184263
41799184581
41799184088
41799184480
41799184085
41799184920
41799184439
41799184843
41799184370
41799184114
41799184915
41799184847
41799184640
41799184337
41799184089
41799184672
41799184653
41799184620
41799184618
41799184657
41799184736
41799184937
41799184531
41799184975
41799184650
41799184838
41799184440
41799184424
41799184384
41799184161
41799184850
41799184695
41799184994
41799184185
41799184294
41799184124
41799184612
41799184743
41799184230
41799184823
41799184888
41799184632
41799184622
41799184968
41799184689
41799184461
41799184551
41799184939
41799184749
41799184882
41799184785
41799184084
41799184269
41799184535
41799184730
41799184344
41799184351
41799184633
41799184927
41799184585
41799184824
41799184433
41799184309
41799184273
41799184995
41799184862
41799184868
41799184198
41799184895
41799184492
41799184734
41799184763
41799184540
41799184654
41799184701
41799184931
41799184777
41799184828
41799184848
41799184928
41799184702
41799184830
41799184846
41799184911
41799184976
41799184924
41799184964
41799184982
41799184427
41799184898
41799184988
41799184879
41799184918
41799184942
41799184532
41799184844
41799184897
41799184412
41799184788
41799184728
41799184965
41799184989
41799184916
41799184669
41799184372
41799184445
41799184733
41799184953
41799186002
41799186019
41799186006
41799186024
41799186031
41799186001
41799186025
41799186008
41799186026
41799186013
41799186195
41799186261
41799186035
41799186190
41799186221
41799186112
41799186082
41799186224
41799186187
41799186200
41799186143
41799186218
41799186178
41799186078
41799186264
41799186126
41799186362
41799186263
41799186066
41799186341
41799186183
41799186175
41799186198
41799186310
41799186096
41799186148
41799186114
41799186105
41799186177
41799186319
41799186140
41799186109
41799186047
41799186431
41799186152
41799186038
41799186333
41799186410
41799186417
41799186119
41799186334
41799186162
41799186154
41799186289
41799186122
41799186398
41799186320
41799186775
41799186150
41799186527
41799186184
41799186271
41799186129
41799186383
41799186428
41799186367
41799186595
41799186425
41799186439
41799186375
41799186562
41799186525
41799186658
41799186446
41799186294
41799186128
41799186403
41799186252
41799186608
41799186497
41799186357
41799186686
41799186436
41799186730
41799186463
41799186421
41799186222
41799186412
41799186373
41799186602
41799186416
41799186586
41799186861
41799186130
41799186300
41799186366
41799186583
41799186683
41799186330
41799186142
41799186779
41799186313
41799186340
41799186254
41799186438
41799186738
41799186384
41799186414
41799186389
41799186354
41799186707
41799186374
41799186572
41799186640
41799186891
41799186647
41799186694
41799186739
41799186794
41799186182
41799186722
41799186494
41799186906
41799186630
41799186396
41799186360
41799186280
41799186600
41799186936
41799186085
41799186318
41799186725
41799186991
41799186460
41799186618
41799186927
41799186884
41799186388
41799186720
41799186953
41799186674
41799186759
41799186995
41799186622
41799186359
41799186829
41799186303
41799186806
41799186803
41799186880
41799186932
41799186483
41799186846
41799186672
41799186800
41799186371
41799186839
41799186804
41799186693
41799186671
41799186479
41799186820
41799186791
41799186807
41799186990
41799186925
41799186133
41799186426
41799186758
41799186480
41799186660
41799186393
41799186954
41799186638
41799186881
41799186823
41799186581
41799186361
41799186492
41799186825
41799186786
41799186521
41799186855
41799186459
41799186887
41799186793
41799186859
41799186703
41799186563
41799186542
41799186920
41799186457
41799186851
41799186432
41799186928
41799186899
41799186615
41799186992
41799186669
41799186984
41799186760
41799186472
41799186734
41799186324
41799186824
41799186774
41799186498
41799186951
41799186747
41799186963
41799186893
41799186591
41799186649
41799186735
41799186795
41799186584
41799186848
41799186642
41799186950
41799186727
41799186666
41799186752
41799186850
41799186680
41799186741
41799186908
41799186576
41799186810
41799186854
41799186802
41799186524
41799186949
41799186790
41799186754
41799186590
41799186871
41799186847
41799186982
41799186822
41799186865
41799186966
41799186587
41799186554
41799186757
41799186657
41799186731
41799186696
41799186659
41799186918
41799186946
41799186844
41799186740
41799186819
41799186813
41799186968
41799186811
41799186677
41799186866
41799186729
41799186838
41799186981
41799186596
41799186983
41799186915
41799186885
41799186856
41799186797
41799186897
41799186911
41799186900
41799186744
41799186978
41799186746
41799186971
41799186782
41799186336
41799186789
41799180000
41799180023
41799180003
41799180020
41799180013
41799180029
41799180031
41799180027
41799180005
41799180006
41799180004
41799180022
41799180030
41799180009
41799180063
41799180011
41799180140
41799180039
41799180241
41799180035
41799180037
41799180040
41799180046
41799180049
41799180099
41799180101
41799180123
41799180026
41799180066
41799180210
41799180115
41799180102
41799180125
41799180324
41799180211
41799180086
41799180292
41799180106
41799180285
41799180085
41799180209
41799180041
41799180038
41799180199
41799180057
41799180149
41799180077
41799180168
41799180050
41799180044
41799180200
41799180059
41799180289
41799180148
41799180088
41799180372
41799180121
41799180304
41799180169
41799180116
41799180536
41799180431
41799180135
41799180104
41799180080
41799180142
41799180087
41799180146
41799180468
41799180628
41799180469
41799180154
41799180159
41799180160
41799180214
41799180215
41799180173
41799180336
41799180070
41799180036
41799180243
41799180051
41799180228
41799180134
41799180109
41799180293
41799180501
41799180114
41799180138
41799180311
41799180273
41799180349
41799180451
41799180073
41799180355
41799180091
41799180272
41799180530
41799180226
41799180257
41799180208
41799180277
41799180268
41799180171
41799180340
41799180326
41799180335
41799180178
41799180147
41799180300
41799180095
41799180521
41799180113
41799180731
41799180295
41799180619
41799180709
41799180256
41799180588
41799180145
41799180419
41799180162
41799180202
41799180305
41799180640
41799180264
41799180274
41799180333
41799180531
41799180100
41799180490
41799180323
41799180408
41799180534
41799180471
41799180384
41799180328
41799180432
41799180189
41799180537
41799180079
41799180388
41799180190
41799180043
41799180306
41799180634
41799180392
41799180321
41799180201
41799180494
41799180108
41799180216
41799180378
41799180278
41799180338
41799180247
41799180245
41799180571
41799180887
41799180351
41799180982
41799180184
41799180327
41799180726
41799180301
41799180544
41799180423
41799180553
41799180480
41799180282
41799180604
41799180096
41799180266
41799180476
41799180379
41799180330
41799180244
41799180470
41799180477
41799180435
41799180357
41799180395
41799180666
41799180878
41799180533
41799180337
41799180602
41799180294
41799180444
41799180643
41799180551
41799180630
41799180889
41799180385
41799180443
41799180290
41799180496
41799180795
41799180519
41799180595
41799180389
41799180767
41799180473
41799180269
41799180650
41799180165
41799180669
41799180976
41799180478
41799180645
41799180539
41799180371
41799180573
41799180492
41799180585
41799180641
41799180298
41799180523
41799180590
41799180724
41799180325
41799180270
41799180719
41799180554
41799180528
41799180246
41799180768
41799180409
41799180615
41799180794
41799180474
41799180309
41799180890
41799180574
41799180489
41799180784
41799180608
41799180965
41799180239
41799180314
41799180718
41799180402
41799180486
41799180655
41799180442
41799180599
41799180684
41799180462
41799180279
41799180466
41799180404
41799180461
41799180809
41799180577
41799180995
41799180284
41799180547
41799180654
41799180893
41799180714
41799180915
41799180561
41799180504
41799180479
41799180834
41799180307
41799180510
41799180908
41799180396
41799180697
41799180839
41799180520
41799180922
41799180559
41799180579
41799180800
41799180625
41799180586
41799180882
41799180704
41799180825
41799180485
41799180587
41799180410
41799180511
41799180452
41799180438
41799180673
41799180994
41799180928
41799180400
41799180428
41799180647
41799180702
41799180612
41799180927
41799180868
41799180859
41799180940
41799180786
41799180779
41799180903
41799180488
41799180712
41799180508
41799180778
41799180627
41799180482
41799180616
41799180777
41799180548
41799180793
41799180762
41799180831
41799180761
41799180752
41799180785
41799180832
41799180660
41799180497
41799180626
41799180813
41799180464
41799180418
41799180542
41799180727
41799180816
41799180989
41799180802
41799180916
41799180854
41799180783
41799180663
41799180403
41799180968
41799180939
41799180881
41799180672
41799180780
41799180771
41799180575
41799180411
41799180765
41799180720
41799180688
41799180953
41799180788
41799180997
41799180980
41799180808
41799180820
41799180899
41799180900
41799180812
41799180500
41799180493
41799180811
41799180730
41799180682
41799180904
41799180873
41799180543
41799180787
41799180735
41799180815
41799180894
41799180755
41799180798
41799180851
41799180845
41799180680
41799180649
41799180583
41799180569
41799180978
41799180992
41799180527
41799180683
41799180613
41799180847
41799180972
41799180826
41799180910
41799180565
41799180733
41799180957
41799180828
41799180944
41799180764
41799180925
41799180942
41799180857
41799180605
41799180886
41799180963
41799180912
41799180742
41799180592
41799180529
41799180923
41799180725
41799180917
41799180883
41799180970
41799180750
41799180983
41799180611
41799180848
41799180911
41799180938
41799180659
41799180665
41799180906
41799180952
41799180962
41799180967
41799180979
41799180934
41799180947
41799180892
41799189030
41799189010
41799189001
41799189020
41799189029
41799189012
41799189023
41799189019
41799189011
41799189003
41799189005
41799189015
41799189004
41799189025
41799189009
41799189018
41799189035
41799189214
41799189260
41799189082
41799189092
41799189100
41799189161
41799189160
41799189038
41799189043
41799189326
41799189155
41799189104
41799189089
41799189101
41799189203
41799189099
41799189102
41799189047
41799189093
41799189064
41799189053
41799189234
41799189337
41799189048
41799189088
41799189219
41799189177
41799189134
41799189559
41799189080
41799189039
41799189498
41799189273
41799189130
41799189095
41799189072
41799189044
41799189066
41799189263
41799189073
41799189407
41799189090
41799189212
41799189056
41799189120
41799189084
41799189137
41799189225
41799189705
41799189091
41799189430
41799189149
41799189162
41799189140
41799189098
41799189266
41799189123
41799189245
41799189541
41799189749
41799189065
41799189369
41799189276
41799189243
41799189141
41799189223
41799189261
41799189712
41799189478
41799189062
41799189349
41799189711
41799189181
41799189194
41799189320
41799189955
41799189125
41799189385
41799189277
41799189291
41799189330
41799189461
41799189190
41799189825
41799189379
41799189394
41799189460
41799189371
41799189938
41799189328
41799189416
41799189552
41799189377
41799189540
41799189388
41799189159
41799189798
41799189889
41799189406
41799189791
41799189319
41799189241
41799189576
41799189459
41799189839
41799189486
41799189376
41799189780
41799189378
41799189528
41799189472
41799189433
41799189621
41799189300
41799189495
41799189651
41799189238
41799189602
41799189695
41799189902
41799189513
41799189386
41799189405
41799189521
41799189446
41799189511
41799189462
41799189700
41799189402
41799189295
41799189755
41799189656
41799189452
41799189553
41799189585
41799189661
41799189848
41799189437
41799189771
41799189438
41799189280
41799189542
41799189776
41799189748
41799189939
41799189217
41799189879
41799189906
41799189549
41799189679
41799189496
41799189860
41799189515
41799189556
41799189409
41799189854
41799189677
41799189336
41799189812
41799189652
41799189482
41799189787
41799189444
41799189697
41799189487
41799189354
41799189526
41799189828
41799189643
41799189870
41799189547
41799189911
41799189435
41799189560
41799189883
41799189715
41799189982
41799189501
41799189314
41799189634
41799189732
41799189641
41799189903
41799189565
41799189833
41799189934
41799189977
41799189390
41799189640
41799189522
41799189589
41799189991
41799189956
41799189884
41799189804
41799189790
41799189826
41799189978
41799189645
41799189759
41799189900
41799189569
41799189777
41799189493
41799189954
41799189964
41799189987
41799189671
41799189364
41799189710
41799189962
41799189802
41799189968
41799189909
41799189918
41799189886
41799189718
41799189935
41799189853
41799189992
41799189809
41799189636
41799189717
41799189960
41799189921
41799189875
41799189858
41799189890
41799189997
41799183000
41799183009
41799183026
41799183004
41799183019
41799183031
41799183002
41799183014
41799183001
41799183003
41799183018
41799183023
41799183005
41799183013
41799183010
41799183012
41799183017
41799183020
41799183032
41799183006
41799183008
41799183033
41799183038
41799183051
41799183074
41799183089
41799183153
41799183167
41799183103
41799183151
41799183142
41799183162
41799183062
41799183067
41799183043
41799183110
41799183106
41799183052
41799183069
41799183124
41799183161
41799183173
41799183093
41799183146
41799183117
41799183138
41799183084
41799183143
41799183070
41799183058
41799183177
41799183048
41799183284
41799183380
41799183085
41799183442
41799183354
41799183061
41799183082
41799183056
41799183073
41799183076
41799183256
41799183097
41799183136
41799183120
41799183355
41799183078
41799183044
41799183221
41799183208
41799183137
41799183168
41799183140
41799183225
41799183164
41799183209
41799183098
41799183575
41799183236
41799183133
41799183210
41799183235
41799183132
41799183246
41799183092
41799183238
41799183528
41799183149
41799183463
41799183129
41799183485
41799183450
41799183134
41799183263
41799183530
41799183057
41799183634
41799183420
41799183229
41799183206
41799183241
41799183222
41799183113
41799183427
41799183340
41799183316
41799183389
41799183072
41799183224
41799183369
41799183286
41799183396
41799183519
41799183459
41799183100
41799183096
41799183293
41799183320
41799183330
41799183360
41799183386
41799183218
41799183191
41799183407
41799183079
41799183469
41799183397
41799183520
41799183294
41799183381
41799183403
41799183569
41799183385
41799183437
41799183837
41799183395
41799183370
41799183375
41799183264
41799183583
41799183188
41799183426
41799183398
41799183278
41799183239
41799183307
41799183668
41799183185
41799183438
41799183271
41799183135
41799183260
41799183537
41799183099
41799183300
41799183768
41799183713
41799183564
41799183382
41799183198
41799183451
41799183269
41799183194
41799183170
41799183447
41799183704
41799183156
41799183309
41799183261
41799183443
41799183187
41799183303
41799183607
41799183514
41799183611
41799183734
41799183139
41799183366
41799183511
41799183453
41799183484
41799183176
41799183231
41799183301
41799183317
41799183457
41799183711
41799183227
41799183296
41799183452
41799183388
41799183788
41799183220
41799183435
41799183557
41799183190
41799183678
41799183080
41799183215
41799183496
41799183361
41799183444
41799183669
41799183598
41799183896
41799183430
41799183471
41799183223
41799183659
41799183179
41799183924
41799183314
41799183775
41799183339
41799183663
41799183589
41799183909
41799183956
41799183075
41799183404
41799183696
41799183534
41799183411
41799183192
41799183639
41799183342
41799183577
41799183462
41799183417
41799183169
41799183329
41799183640
41799183767
41799183876
41799183721
41799183394
41799183726
41799183891
41799183323
41799183311
41799183689
41799183387
41799183641
41799183731
41799183212
41799183506
41799183757
41799183321
41799183722
41799183992
41799183334
41799183276
41799183501
41799183915
41799183868
41799183716
41799183478
41799183578
41799183325
41799183479
41799183214
41799183524
41799183910
41799183331
41799183460
41799183268
41799183752
41799183650
41799183441
41799183770
41799183748
41799183341
41799183710
41799183353
41799183877
41799183315
41799183336
41799183416
41799183772
41799183858
41799183523
41799183547
41799183352
41799183856
41799183953
41799183719
41799183790
41799183972
41799183584
41799183626
41799183553
41799183490
41799183467
41799183818
41799183446
41799183498
41799183338
41799183558
41799183794
41799183486
41799183729
41799183814
41799183820
41799183228
41799183982
41799183690
41799183646
41799183780
41799183798
41799183367
41799183465
41799183499
41799183787
41799183205
41799183333
41799183373
41799183946
41799183349
41799183828
41799183586
41799183543
41799183504
41799183701
41799183675
41799183364
41799183861
41799183967
41799183371
41799183784
41799183612
41799183525
41799183963
41799183966
41799183687
41799183714
41799183912
41799183745
41799183550
41799183230
41799183270
41799183655
41799183643
41799183779
41799183684
41799183541
41799183857
41799183515
41799183432
41799183867
41799183677
41799183746
41799183606
41799183449
41799183637
41799183892
41799183405
41799183725
41799183997
41799183777
41799183753
41799183955
41799183929
41799183413
41799183935
41799183792
41799183686
41799183811
41799183418
41799183985
41799183667
41799183600
41799183848
41799183834
41799183683
41799183603
41799183887
41799183800
41799183749
41799183821
41799183866
41799183918
41799183894
41799183859
41799183974
41799183900
41799183947
41799183657
41799183652
41799183774
41799183782
41799183625
41799183968
41799183778
41799183875
41799183627
41799183831
41799183926
41799183732
41799183864
41799183897
41799183931
41799183842
41799183945
41799183850
41799183618
41799183736
41799183917
41799183797
41799183921
41799183812
41799183526
41799183597
41799183905
41799183980
41799183934
41799183841
41799183928
41799183633
41799183803
41799183826
41799183970
41799183685
41799183986
41799183941
41799183740
41799183642
41799183933
41799183885
41799183901
41799183988
41799183400
41799183425
41799183428
41799183591
41799183923
41799183998
41799181013
41799181020
41799181026
41799181017
41799181022
41799181007
41799181002
41799181010
41799181029
41799181014
41799181032
41799181003
41799181024
41799181098
41799181033
41799181075
41799181058
41799181082
41799181090
41799181109
41799181051
41799181183
41799181195
41799181164
41799181207
41799181053
41799181179
41799181243
41799181305
41799181076
41799181192
41799181117
41799181130
41799181169
41799181065
41799181048
41799181070
41799181061
41799181060
41799181150
41799181344
41799181158
41799181133
41799181229
41799181166
41799181220
41799181321
41799181111
41799181203
41799181407
41799181087
41799181214
41799181249
41799181256
41799181055
41799181110
41799181100
41799181099
41799181113
41799181347
41799181167
41799181066
41799181037
41799181194
41799181067
41799181151
41799181063
41799181122
41799181121
41799181297
41799181346
41799181126
41799181119
41799181146
41799181230
41799181299
41799181072
41799181062
41799181172
41799181068
41799181137
41799181236
41799181118
41799181290
41799181323
41799181296
41799181322
41799181227
41799181129
41799181336
41799181161
41799181143
41799181046
41799181206
41799181430
41799181168
41799181149
41799181460
41799181812
41799181710
41799181080
41799181187
41799181412
41799181313
41799181221
41799181334
41799181204
41799181124
41799181893
41799181273
41799181418
41799181284
41799181084
41799181331
41799181536
41799181154
41799181593
41799181378
41799181535
41799181218
41799181139
41799181162
41799181298
41799181200
41799181261
41799181353
41799181138
41799181363
41799181197
41799181834
41799181455
41799181434
41799181500
41799181238
41799181360
41799181609
41799181127
41799181056
41799181185
41799181263
41799181140
41799181681
41799181391
41799181519
41799181546
41799181825
41799181712
41799181411
41799181163
41799181615
41799181267
41799181729
41799181182
41799181574
41799181704
41799181372
41799181943
41799181260
41799181248
41799181760
41799181525
41799181381
41799181304
41799181451
41799181266
41799181718
41799181715
41799181268
41799181279
41799181801
41799181269
41799181399
41799181142
41799181806
41799181433
41799181047
41799181201
41799181157
41799181456
41799181155
41799181156
41799181199
41799181388
41799181537
41799181774
41799181507
41799181373
41799181771
41799181477
41799181252
41799181548
41799181671
41799181590
41799181144
41799181588
41799181295
41799181241
41799181439
41799181694
41799181312
41799181350
41799181408
41799181658
41799181376
41799181467
41799181851
41799181276
41799181837
41799181406
41799181870
41799181512
41799181891
41799181400
41799181581
41799181335
41799181816
41799181550
41799181444
41799181929
41799181858
41799181720
41799181573
41799181612
41799181527
41799181699
41799181215
41799181738
41799181684
41799181796
41799181393
41799181338
41799181711
41799181881
41799181813
41799181533
41799181723
41799181293
41799181633
41799181319
41799181702
41799181422
41799181627
41799181362
41799181532
41799181515
41799181452
41799181216
41799181986
41799181601
41799181469
41799181357
41799181337
41799181258
41799181769
41799181478
41799181777
41799181952
41799181714
41799181543
41799181558
41799181800
41799181506
41799181752
41799181689
41799181302
41799181690
41799181292
41799181417
41799181567
41799181602
41799181680
41799181481
41799181564
41799181764
41799181409
41799181907
41799181958
41799181811
41799181737
41799181484
41799181504
41799181674
41799181874
41799181606
41799181954
41799181899
41799181595
41799181829
41799181916
41799181549
41799181542
41799181582
41799181171
41799181552
41799181250
41799181713
41799181416
41799181973
41799181868
41799181624
41799181991
41799181997
41799181795
41799181661
41799181634
41799181656
41799181900
41799181810
41799181531
41799181855
41799181717
41799181316
41799181432
41799181345
41799181828
41799181596
41799181860
41799181476
41799181773
41799181782
41799181495
41799181253
41799181608
41799181522
41799181792
41799181883
41799181666
41799181499
41799181990
41799181277
41799181591
41799181988
41799181685
41799181539
41799181914
41799181648
41799181493
41799181719
41799181974
41799181862
41799181651
41799181890
41799181570
41799181566
41799181639
41799181922
41799181949
41799181819
41799181963
41799181979
41799181389
41799181992
41799181556
41799181763
41799181754
41799181385
41799181751
41799181424
41799181820
41799181523
41799181915
41799181687
41799181474
41799181873
41799181835
41799181975
41799181653
41799181905
41799181708
41799181805
41799181610
41799181727
41799181920
41799181831
41799181475
41799181993
41799181903
41799181839
41799181926
41799181803
41799181732
41799181807
41799181580
41799181785
41799181733
41799181480
41799181675
41799181511
41799181937
41799181659
41799181538
41799181886
41799181454
41799181789
41799181611
41799181971
41799181780
41799181603
41799181896
41799181939
41799181885
41799181838
41799181957
41799181750
41799181994
41799181840
41799181311
41799181673
41799181853
41799181909
41799181734
41799181630
41799181489
41799181724
41799181867
41799181707
41799181848
41799181833
41799181989
41799181846
41799181728
41799181662
41799181770
41799181995
41799181735
41799181654
41799181863
41799181745
41799181802
41799181859
41799181861
41799181884
41799181972
41799181951
41799181956
41799181902
41799181821
41799181917
41799181911
41799181924
41799181878
41799181607
41799181912
41799181940
41799181980
41799181928
41799181977
41799181869
41799182024
41799182025
41799182010
41799182015
41799182006
41799182013
41799182020
41799182022
41799182004
41799182023
41799182017
41799182014
41799182002
41799182030
41799182016
41799182154
41799182034
41799182090
41799182072
41799182051
41799182064
41799182103
41799182164
41799182137
41799182096
41799182098
41799182062
41799182252
41799182115
41799182128
41799182239
41799182138
41799182299
41799182249
41799182286
41799182268
41799182089
41799182317
41799182042
41799182063
41799182045
41799182059
41799182266
41799182052
41799182046
41799182241
41799182201
41799182300
41799182149
41799182262
41799182476
41799182082
41799182470
41799182484
41799182313
41799182156
41799182554
41799182500
41799182102
41799182081
41799182101
41799182150
41799182117
41799182369
41799182215
41799182107
41799182233
41799182349
41799182545
41799182291
41799182135
41799182033
41799182284
41799182187
41799182112
41799182185
41799182604
41799182278
41799182412
41799182565
41799182620
41799182200
41799182210
41799182365
41799182394
41799182172
41799182240
41799182092
41799182535
41799182364
41799182428
41799182263
41799182295
41799182190
41799182443
41799182405
41799182214
41799182772
41799182306
41799182519
41799182246
41799182384
41799182698
41799182257
41799182486
41799182204
41799182267
41799182126
41799182413
41799182174
41799182270
41799182989
41799182078
41799182196
41799182464
41799182333
41799182617
41799182130
41799182260
41799182222
41799182414
41799182811
41799182375
41799182781
41799182954
41799182608
41799182833
41799182601
41799182374
41799182341
41799182392
41799182219
41799182883
41799182973
41799182245
41799182449
41799182097
41799182457
41799182395
41799182303
41799182390
41799182471
41799182909
41799182207
41799182968
41799182110
41799182453
41799182887
41799182158
41799182540
41799182074
41799182570
41799182354
41799182920
41799182576
41799182296
41799182752
41799182218
41799182858
41799182446
41799182439
41799182613
41799182567
41799182168
41799182232
41799182754
41799182546
41799182691
41799182343
41799182515
41799182431
41799182685
41799182498
41799182947
41799182809
41799182294
41799182521
41799182982
41799182419
41799182477
41799182322
41799182221
41799182454
41799182827
41799182404
41799182162
41799182646
41799182878
41799182224
41799182639
41799182472
41799182494
41799182460
41799182547
41799182537
41799182125
41799182495
41799182739
41799182195
41799182717
41799182288
41799182350
41799182696
41799182840
41799182599
41799182684
41799182440
41799182371
41799182823
41799182505
41799182358
41799182447
41799182504
41799182402
41799182483
41799182338
41799182700
41799182536
41799182556
41799182506
41799182255
41799182702
41799182514
41799182211
41799182463
41799182382
41799182979
41799182528
41799182577
41799182485
41799182202
41799182642
41799182807
41799182942
41799182488
41799182173
41799182796
41799182328
41799182735
41799182860
41799182876
41799182442
41799182721
41799182302
41799182611
41799182643
41799182575
41799182203
41799182727
41799182420
41799182647
41799182624
41799182561
41799182448
41799182353
41799182629
41799182955
41799182693
41799182614
41799182279
41799182977
41799182749
41799182773
41799182758
41799182590
41799182503
41799182861
41799182896
41799182775
41799182474
41799182835
41799182417
41799182566
41799182633
41799182501
41799182745
41799182837
41799182660
41799182728
41799182478
41799182455
41799182881
41799182361
41799182589
41799182383
41799182627
41799182558
41799182273
41799182451
41799182941
41799182777
41799182618
41799182605
41799182520
41799182952
41799182813
41799182676
41799182885
41799182943
41799182385
41799182530
41799182930
41799182578
41799182948
41799182512
41799182932
41799182622
41799182889
41799182298
41799182531
41799182872
41799182396
41799182757
41799182450
41799182628
41799182801
41799182842
41799182689
41799182824
41799182666
41799182821
41799182688
41799182654
41799182669
41799182423
41799182719
41799182810
41799182822
41799182612
41799182738
41799182805
41799182697
41799182850
41799182672
41799182737
41799182517
41799182903
41799182770
41799182933
41799182949
41799182667
41799182983
41799182765
41799182880
41799182563
41799182671
41799182816
41799182769
41799182707
41799182923
41799182359
41799182493
41799182675
41799182553
41799182670
41799182661
41799182812
41799182792
41799182797
41799182794
41799182548
41799182855
41799182907
41799182940
41799182945
41799182518
41799182640
41799182747
41799182871
41799182714
41799182800
41799182584
41799182679
41799182421
41799182778
41799182897
41799182944
41799182984
41799182919
41799182782
41799182686
41799182704
41799182659
41799182756
41799182832
41799182925
41799182619
41799182524
41799182680
41799182798
41799182980
41799182720
41799182922
41799182874
41799182904
41799182690
41799182819
41799182815
41799182806
41799182950
41799182915
41799182987
41799182852
41799182882
41799182981
41799182456
41799182641
41799182730
41799182753
41799182921
41799182995
41799182718
41799182731
41799182939
41799182856
41799182926
41799182913
41799182956
41799188000
41799188014
41799188009
41799188007
41799188028
41799188002
41799188019
41799188062
41799188001
41799188184
41799188084
41799188064
41799188063
41799188080
41799188088
41799188151
41799188049
41799188042
41799188175
41799188125
41799188266
41799188145
41799188162
41799188034
41799188300
41799188206
41799188074
41799188033
41799188170
41799188452
41799188108
41799188092
41799188182
41799188095
41799188226
41799188200
41799188456
41799188111
41799188152
41799188534
41799188231
41799188428
41799188039
41799188234
41799188115
41799188131
41799188225
41799188641
41799188324
41799188094
41799188579
41799188711
41799188157
41799188121
41799188215
41799188423
41799188789
41799188343
41799188144
41799188077
41799188058
41799188677
41799188309
41799188219
41799188481
41799188267
41799188192
41799188433
41799188106
41799188652
41799188408
41799188636
41799188297
41799188165
41799188533
41799188416
41799188501
41799188126
41799188689
41799188514
41799188546
41799188565
41799188229
41799188261
41799188277
41799188307
41799188863
41799188339
41799188221
41799188168
41799188166
41799188248
41799188351
41799188517
41799188752
41799188419
41799188780
41799188618
41799188943
41799188291
41799188522
41799188319
41799188549
41799188661
41799188160
41799188976
41799188191
41799188719
41799188567
41799188638
41799188132
41799188810
41799188627
41799188341
41799188257
41799188382
41799188559
41799188511
41799188438
41799188757
41799188814
41799188492
41799188917
41799188679
41799188411
41799188713
41799188328
41799188784
41799188809
41799188247
41799188302
41799188977
41799188614
41799188369
41799188844
41799188444
41799188606
41799188651
41799188400
41799188244
41799188723
41799188388
41799188317
41799188436
41799188642
41799188737
41799188557
41799188180
41799188707
41799188944
41799188997
41799188262
41799188616
41799188669
41799188332
41799188987
41799188857
41799188393
41799188851
41799188562
41799188422
41799188853
41799188733
41799188504
41799188773
41799188906
41799188730
41799188695
41799188993
41799188994
41799188195
41799188313
41799188150
41799188783
41799188820
41799188854
41799188637
41799188747
41799188512
41799188852
41799188663
41799188941
41799188353
41799188587
41799188988
41799188360
41799188163
41799188939
41799188654
41799188493
41799188605
41799188340
41799188289
41799188817
41799188464
41799188940
41799188414
41799188785
41799188376
41799188777
41799188446
41799188515
41799188727
41799188648
41799188379
41799188418
41799188942
41799188432
41799188767
41799188615
41799188825
41799188476
41799188617
41799188896
41799188417
41799188845
41799188979
41799188482
41799188792
41799188573
41799188469
41799188548
41799188813
41799188923
41799188718
41799188899
41799188953
41799188872
41799188870
41799188441
41799188499
41799188837
41799188771
41799188712
41799188932
41799188950
41799188440
41799188603
41799188454
41799188893
41799188458
41799188816
41799188694
41799188650
41799188926
41799188502
41799188588
41799188762
41799188387
41799188622
41799188946
41799188995
41799188770
41799188982
41799188734
41799188916
41799188875
41799188889
41799188664
41799188656
41799188507
41799188556
41799188922
41799188970
41799188685
41799188877
41799188702
41799188461
41799188966
41799188858
41799188866
41799188827
41799188895
41799188722
41799188815
41799188969
41799188885
41799188597
41799188882
41799188625
41799188800
41799188485
41799188582
41799188881
41799188959
41799188621
41799188839
41799188802
41799188680
41799188933
41799188811
41799188571
41799188900
41799188980
41799188886
41799188981
41799188986
41799188681
41799188818
41799188892
41799188911
41799188954
41799188745
41799188709
41799188675
41799188631
41799188967
41799188914
41799188990
41799188938
41799188658
41799188915
41799188880
41799188905
41799188962
41799188991
41799187018
41799187013
41799187020
41799187030
41799187003
41799187027
41799187029
41799187005
41799187017
41799187012
41799187016
41799187022
41799187004
41799187038
41799187143
41799187086
41799187101
41799187122
41799187142
41799187138
41799187056
41799187144
41799187189
41799187035
41799187278
41799187125
41799187257
41799187227
41799187118
41799187191
41799187157
41799187090
41799187381
41799187091
41799187043
41799187249
41799187349
41799187260
41799187240
41799187036
41799187107
41799187042
41799187060
41799187365
41799187083
41799187211
41799187065
41799187319
41799187128
41799187151
41799187150
41799187169
41799187237
41799187145
41799187166
41799187553
41799187195
41799187242
41799187229
41799187290
41799187200
41799187359
41799187426
41799187560
41799187314
41799187296
41799187185
41799187348
41799187076
41799187483
41799187431
41799187510
41799187472
41799187425
41799187496
41799187334
41799187160
41799187206
41799187123
41799187360
41799187058
41799187233
41799187228
41799187097
41799187477
41799187095
41799187533
41799187499
41799187707
41799187075
41799187625
41799187457
41799187133
41799187318
41799187267
41799187281
41799187721
41799187366
41799187407
41799187660
41799187647
41799187631
41799187321
41799187831
41799187252
41799187542
41799187377
41799187527
41799187196
41799187301
41799187670
41799187371
41799187507
41799187313
41799187286
41799187265
41799187215
41799187814
41799187608
41799187548
41799187572
41799187192
41799187193
41799187597
41799187127
41799187393
41799187137
41799187135
41799187259
41799187168
41799187863
41799187839
41799187621
41799187109
41799187283
41799187559
41799187473
41799187476
41799187774
41799187280
41799187574
41799187454
41799187498
41799187294
41799187356
41799187330
41799187327
41799187629
41799187447
41799187400
41799187467
41799187600
41799187583
41799187838
41799187582
41799187545
41799187785
41799187675
41799187516
41799187505
41799187463
41799187198
41799187772
41799187376
41799187643
41799187677
41799187531
41799187350
41799187793
41799187453
41799187494
41799187577
41799187892
41799187339
41799187263
41799187632
41799187639
41799187363
41799187758
41799187694
41799187745
41799187687
41799187828
41799187873
41799187437
41799187300
41799187776
41799187492
41799187551
41799187562
41799187889
41799187950
41799187834
41799187418
41799187717
41799187603
41799187749
41799187347
41799187802
41799187298
41799187216
41799187202
41799187668
41799187543
41799187767
41799187432
41799187310
41799187579
41799187842
41799187368
41799187672
41799187345
41799187606
41799187638
41799187337
41799187637
41799187666
41799187700
41799187851
41799187308
41799187750
41799187949
41799187429
41799187573
41799187403
41799187960
41799187526
41799187353
41799187730
41799187787
41799187888
41799187751
41799187791
41799187797
41799187821
41799187877
41799187648
41799187935
41799187565
41799187544
41799187788
41799187709
41799187546
41799187569
41799187755
41799187372
41799187657
41799187817
41799187436
41799187568
41799187469
41799187399
41799187722
41799187610
41799187865
41799187402
41799187832
41799187921
41799187830
41799187623
41799187584
41799187820
41799187836
41799187636
41799187497
41799187324
41799187968
41799187946
41799187803
41799187564
41799187813
41799187927
41799187561
41799187655
41799187904
41799187513
41799187924
41799187627
41799187857
41799187794
41799187883
41799187605
41799187991
41799187965
41799187961
41799187626
41799187714
41799187713
41799187435
41799187520
41799187759
41799187986
41799187900
41799187846
41799187930
41799187928
41799187419
41799187541
41799187571
41799187689
41799187703
41799187777
41799187444
41799187845
41799187977
41799187810
41799187781
41799187519
41799187773
41799187824
41799187808
41799187915
41799187669
41799187652
41799187769
41799187591
41799187618
41799187874
41799187735
41799187882
41799187686
41799187974
41799187819
41799187913
41799187764
41799187860
