41783265007
41783265111
41783265050
41783265200
41783265255
41783265252
41783265044
41783265556
41783265151
41783265094
41783265323
41783265080
41783265499
41783265668
41783265520
41783265300
41783265158
41783265236
41783265641
41783265603
41783265766
41783265760
41783265308
41783265650
41783265522
41783265191
41783265400
41783265740
41783265600
41783265890
41783265960
41783265555
41783265633
41783265828
41783265980
41783265575
41783265733
41783265707
41783265908
41783264018
41783264010
41783264014
41783264045
41783264041
41783264060
41783264069
41783264323
41783264070
41783264042
41783264242
41783264551
41783264447
41783264444
41783264501
41783264411
41783264699
41783264818
41783264419
41783264390
41783264481
41783264579
41783264433
41783264600
41783264708
41783264993
41783264800
41783264505
41783264647
41783264400
41783264545
41783264858
41783264694
41783264700
41783264919
41783264948
41783264656
41783264866
41783264727
41783264777
41783264922
41783264979
41783264838
41783264950
41783264824
41783264884
41783266020
41783266004
41783266010
41783266121
41783266118
41783266250
41783266040
41783266196
41783266080
41783266464
41783266242
41783266191
41783266600
41783266206
41783266333
41783266677
41783266446
41783266396
41783266530
41783266574
41783266980
41783266330
41783266888
41783266704
41783266410
41783266996
41783266688
41783266966
41783266661
41783266970
41783266611
41783266526
41783266667
41783266555
41783266656
41783266606
41783266900
41783266773
41783266979
41783266901
41783266699
41783266932
41783266977
41783266834
41783260010
41783260016
41783260004
41783260001
41783260006
41783260026
41783260100
41783260043
41783260102
41783260134
41783260162
41783260060
41783260180
41783260078
41783260122
41783260222
41783260232
41783260229
41783260215
41783260477
41783260250
41783260400
41783260606
41783260115
41783260323
41783260202
41783260303
41783260206
41783260600
41783260640
41783260146
41783260471
41783260444
41783260666
41783260316
41783260883
41783260575
41783260827
41783260888
41783260295
41783260686
41783260601
41783260676
41783260866
41783260770
41783260993
41783260460
41783260832
41783260979
41783260800
41783260602
41783260737
41783269026
41783269095
41783269099
41783269060
41783269730
41783269090
41783269301
41783269385
41783269851
41783269993
41783269888
41783269508
41783269333
41783269566
41783269956
41783269747
41783269900
41783269966
41783263000
41783263010
41783263030
41783263020
41783263004
41783263031
41783263022
41783263037
41783263074
41783263070
41783263040
41783263090
41783263060
41783263113
41783263232
41783263033
41783263344
41783263041
41783263388
41783263066
41783263340
41783263626
41783263575
41783263323
41783263222
41783263434
41783263353
41783263419
41783263233
41783263350
41783263393
41783263333
41783263355
41783263646
41783263601
41783263517
41783263737
41783263399
41783263460
41783263244
41783263610
41783263773
41783263565
41783263733
41783263665
41783263696
41783263515
41783263815
41783263777
41783263636
41783263466
41783263200
41783263637
41783263939
41783263931
41783263811
41783263944
41783263960
41783261000
41783261030
41783261001
41783261022
41783261011
41783261032
41783261050
41783261200
41783261111
41783261222
41783261060
41783261323
41783261189
41783261350
41783261136
41783261122
41783261082
41783261147
41783261183
41783261300
41783261233
41783261100
41783261194
41783261390
41783261415
41783261680
41783261427
41783261429
41783261521
41783261546
41783261515
41783261616
41783261406
41783261653
41783261636
41783261533
41783261661
41783261674
41783261700
41783261760
41783261796
41783261846
41783261919
41783261948
41783261949
41783262000
41783262015
41783262010
41783262018
41783262025
41783262024
41783262022
41783262020
41783262026
41783262040
41783262222
41783262066
41783262166
41783262121
41783262060
41783262080
41783262131
41783262230
41783262410
41783262076
41783262113
41783262622
41783262585
41783262667
41783262299
41783262288
41783262420
41783262679
41783262829
41783262285
41783262424
41783262313
41783262414
41783262408
41783262900
41783262757
41783262480
41783262300
41783262626
41783262310
41783262412
41783262929
41783262636
41783262405
41783262508
41783262850
41783262607
41783262592
41783262445
41783262697
41783262909
41783262628
41783262308
41783262968
41783262717
41783262823
41783262804
41783262960
41783262770
41783262646
41783262956
41783262616
41783262979
41783262756
41783262888
41783262797
41783262740
41783262991
41783262690
41783262898
41783262987
41783262773
41783262783
41783262886
41783262955
41783262889
41783262940
41783262927
41783268020
41783268002
41783268060
41783268077
41783268180
41783268484
41783268227
41783268161
41783268456
41783268270
41783268282
41783268136
41783268383
41783268569
41783268292
41783268393
41783268255
41783268586
41783268633
41783268822
41783268558
41783268644
41783268669
41783268787
41783268699
41783268749
41783268800
41783268868
41783268803
41783268709
41783268890
41783268899
41783268937
41783268658
41783268811
41783268915
41783268808
41783268866
41783267007
41783267020
41783267272
41783267074
41783267292
41783267315
41783267171
41783267200
41783267141
41783267161
41783267179
41783267218
41783267274
41783267278
41783267336
41783267326
41783267300
41783267373
41783267388
41783267417
41783267474
41783267444
41783267505
41783267555
41783267606
41783267613
41783267608
41783267588
41783267573
41783267632
41783267535
41783267700
41783267711
41783267704
41783267701
41783267777
41783267747
41783267828
41783267905
41783267910
41783267987
41783267979
