41783455006
41783455202
41783455050
41783455074
41783455051
41783455093
41783455252
41783455356
41783455060
41783455217
41783455570
41783455500
41783455370
41783455156
41783455250
41783455577
41783455520
41783455357
41783455484
41783455416
41783455258
41783455887
41783455995
41783455525
41783455655
41783455330
41783455397
41783455400
41783455599
41783455422
41783455320
41783455595
41783455573
41783455771
41783455442
41783455969
41783455545
41783455355
41783455937
41783455801
41783455988
41783455989
41783455454
41783455557
41783455600
41783455445
41783455901
41783455777
41783455678
41783455642
41783455856
41783455688
41783455911
41783455727
41783455868
41783455626
41783455808
41783455661
41783455555
41783455510
41783455657
41783455877
41783455955
41783455707
41783455695
41783455277
41783455858
41783455959
41783455559
41783455665
41783454000
41783454004
41783454001
41783454006
41783454120
41783454220
41783454080
41783454055
41783454098
41783454242
41783454177
41783454110
41783454374
41783454466
41783454100
41783454565
41783454455
41783454545
41783454210
41783454520
41783454434
41783454588
41783454444
41783454848
41783454148
41783454544
41783454535
41783454404
41783454666
41783454525
41783454723
41783454343
41783454850
41783454627
41783454500
41783454582
41783454526
41783454530
41783454760
41783454433
41783454575
41783454590
41783454555
41783454239
41783454829
41783454888
41783454721
41783454915
41783454571
41783454670
41783454844
41783454499
41783454550
41783454737
41783454580
41783454600
41783454674
41783454819
41783454808
41783454868
41783454845
41783454838
41783454707
41783454748
41783454858
41783454959
41783454941
41783456000
41783456003
41783456013
41783456022
41783456010
41783456060
41783456074
41783456048
41783456102
41783456161
41783456070
41783456232
41783456262
41783456110
41783456181
41783456061
41783456109
41783456055
41783456282
41783456066
41783456100
41783456293
41783456244
41783456338
41783456188
41783456118
41783456160
41783456323
41783456335
41783456363
41783456388
41783456400
41783456445
41783456570
41783456463
41783456686
41783456435
41783456524
41783456446
41783456644
41783456500
41783456564
41783456585
41783456600
41783456433
41783456666
41783456515
41783456567
41783456606
41783456654
41783456635
41783456660
41783456430
41783456661
41783456545
41783456490
41783456667
41783456699
41783456611
41783456610
41783456555
41783456626
41783456640
41783456777
41783456806
41783456790
41783456748
41783456767
41783456788
41783456787
41783456886
41783456847
41783456869
41783456885
41783456898
41783456840
41783456911
41783456919
41783456956
41783456961
41783456991
41783456942
41783456959
41783456969
41783450024
41783450010
41783450004
41783450005
41783450011
41783450006
41783450003
41783450022
41783450028
41783450030
41783450066
41783450111
41783450172
41783450264
41783450205
41783450039
41783450068
41783450099
41783450144
41783450142
41783450045
41783450085
41783450206
41783450042
41783450245
41783450170
41783450075
41783450033
41783450088
41783450089
41783450080
41783450140
41783450077
41783450430
41783450363
41783450777
41783450372
41783450253
41783450050
41783450390
41783450200
41783450175
41783450261
41783450220
41783450331
41783450250
41783450570
41783450454
41783450509
41783450330
41783450101
41783450740
41783450501
41783450666
41783450858
41783450302
41783450520
41783450404
41783450545
41783450750
41783450656
41783450910
41783450920
41783450606
41783450696
41783450795
41783450400
41783450686
41783450922
41783450630
41783450631
41783450300
41783450757
41783450888
41783450971
41783450633
41783450894
41783450969
41783450930
41783450406
41783450808
41783450706
41783450950
41783459030
41783459020
41783459001
41783459027
41783459120
41783459089
41783459339
41783459070
41783459192
41783459235
41783459045
41783459080
41783459166
41783459181
41783459255
41783459211
41783459076
41783459393
41783459160
41783459899
41783459595
41783459161
41783459662
41783459495
41783459880
41783459737
41783459786
41783459504
41783459922
41783459190
41783459140
41783459262
41783459575
41783459797
41783459898
41783459911
41783459524
41783459202
41783459747
41783459636
41783459970
41783459968
41783459600
41783459060
41783459990
41783459777
41783459580
41783459411
41783459717
41783459790
41783459877
41783459819
41783459940
41783459988
41783459920
41783459596
41783459900
41783459955
41783459724
41783459750
41783459830
41783459976
41783453005
41783453009
41783453010
41783453099
41783453333
41783453075
41783453088
41783453280
41783453340
41783453111
41783453300
41783453059
41783453200
41783453090
41783453242
41783453277
41783453215
41783453292
41783453370
41783453357
41783453465
41783453650
41783453400
41783453500
41783453444
41783453388
41783453476
41783453545
41783453397
41783453595
41783453515
41783453636
41783453443
41783453585
41783453565
41783453496
41783453655
41783453676
41783453609
41783453580
41783453727
41783453707
41783453738
41783453777
41783453747
41783453833
41783453808
41783453841
41783453838
41783453809
41783453888
41783453907
41783453900
41783453949
41783453933
41783453993
41783451015
41783451130
41783451100
41783451188
41783451191
41783451177
41783451070
41783451135
41783451111
41783451116
41783451313
41783451292
41783451199
41783451110
41783451118
41783451186
41783451311
41783451190
41783451277
41783451276
41783451310
41783451316
41783451180
41783451305
41783451333
41783451370
41783451360
41783451355
41783451413
41783451649
41783451464
41783451460
41783451515
41783451481
41783451495
41783451391
41783451615
41783451550
41783451414
41783451535
41783451630
41783451678
41783451540
41783451659
41783451642
41783451456
41783451530
41783451545
41783451721
41783451730
41783451717
41783451750
41783451777
41783451751
41783451818
41783451810
41783451796
41783451833
41783451807
41783451860
41783451855
41783451900
41783451908
41783451877
41783451888
41783451881
41783451960
41783451980
41783451995
41783452010
41783452003
41783452044
41783452090
41783452200
41783452101
41783452080
41783452237
41783452486
41783452364
41783452035
41783452222
41783452137
41783452188
41783452696
41783452244
41783452204
41783452283
41783452422
41783452808
41783452433
41783452929
41783452459
41783452223
41783452242
41783452323
41783452468
41783452535
41783452875
41783452868
41783452832
41783452410
41783452503
41783452414
41783452424
41783452565
41783452141
41783452757
41783452673
41783452494
41783452552
41783452444
41783452933
41783452533
41783452969
41783452930
41783452777
41783452709
41783452484
41783452905
41783452848
41783452856
41783452828
41783452606
41783452800
41783452838
41783452626
41783452615
41783452845
41783452880
41783452983
41783452488
41783452829
41783452909
41783452860
41783452827
41783458004
41783458023
41783458022
41783458014
41783458020
41783458078
41783458086
41783458085
41783458088
41783458099
41783458191
41783458394
41783458035
41783458040
41783458081
41783458084
41783458034
41783458245
41783458070
41783458066
41783458212
41783458292
41783458405
41783458500
41783458097
41783458788
41783458213
41783458248
41783458150
41783458148
41783458355
41783458189
41783458082
41783458454
41783458188
41783458338
41783458228
41783458255
41783458910
41783458898
41783458759
41783458707
41783458290
41783458776
41783458802
41783458512
41783458260
41783458907
41783458945
41783458535
41783458584
41783458811
41783458333
41783458182
41783458234
41783458444
41783458450
41783458822
41783458886
41783458353
41783458929
41783458959
41783458686
41783458838
41783458668
41783458544
41783458527
41783458424
41783458789
41783458628
41783458565
41783458889
41783458980
41783458864
41783458880
41783458778
41783458560
41783458866
41783458926
41783457000
41783457022
41783457010
41783457009
41783457003
41783457001
41783457061
41783457034
41783457077
41783457055
41783457073
41783457180
41783457161
41783457255
41783457070
41783457145
41783457114
41783457046
41783457120
41783457057
41783457144
41783457060
41783457233
41783457333
41783457117
41783457273
41783457229
41783457173
41783457228
41783457240
41783457300
41783457214
41783457350
41783457374
41783457373
41783457383
41783457393
41783457400
41783457475
41783457595
41783457474
41783457487
41783457505
41783457555
41783457608
41783457667
41783457575
41783457666
41783457610
41783457702
41783457444
41783457540
41783457676
41783457707
41783457711
41783457550
41783457740
41783457723
41783457776
41783457760
41783457779
41783457801
41783457757
41783457788
41783457755
41783457792
41783457750
41783457756
41783457794
41783457800
41783457778
41783457777
41783457888
41783457819
41783457820
41783457848
41783457879
41783457834
41783457875
41783457910
41783457904
41783457939
41783457959
41783457979
41783457929
41783457933
41783457898
41783457999
