41793625000
41793625027
41793625018
41793625028
41793625023
41793625025
41793625030
41793625021
41793625020
41793625001
41793625003
41793625009
41793625008
41793625015
41793625006
41793625011
41793625032
41793625019
41793625040
41793625074
41793625096
41793625183
41793625044
41793625261
41793625063
41793625133
41793625050
41793625182
41793625068
41793625046
41793625062
41793625138
41793625082
41793625070
41793625090
41793625101
41793625069
41793625122
41793625170
41793625105
41793625086
41793625203
41793625218
41793625227
41793625191
41793625053
41793625147
41793625427
41793625067
41793625209
41793625252
41793625456
41793625060
41793625188
41793625051
41793625035
41793625362
41793625117
41793625036
41793625337
41793625081
41793625087
41793625092
41793625372
41793625567
41793625161
41793625213
41793625042
41793625212
41793625061
41793625169
41793625146
41793625078
41793625141
41793625274
41793625308
41793625281
41793625113
41793625127
41793625585
41793625079
41793625091
41793625059
41793625121
41793625224
41793625083
41793625229
41793625400
41793625476
41793625055
41793625176
41793625438
41793625720
41793625104
41793625118
41793625106
41793625268
41793625341
41793625345
41793625457
41793625144
41793625164
41793625442
41793625379
41793625222
41793625195
41793625173
41793625825
41793625426
41793625153
41793625235
41793625458
41793625207
41793625377
41793625160
41793625538
41793625149
41793625578
41793625094
41793625181
41793625690
41793625408
41793625049
41793625374
41793625248
41793625276
41793625373
41793625100
41793625600
41793625130
41793625416
41793625064
41793625184
41793625636
41793625785
41793625148
41793625284
41793625211
41793625603
41793625155
41793625406
41793625289
41793625131
41793625403
41793625159
41793625583
41793625448
41793625236
41793625609
41793625391
41793625124
41793625419
41793625177
41793625326
41793625231
41793625245
41793625516
41793625731
41793625551
41793625234
41793625293
41793625388
41793625462
41793625116
41793625330
41793625080
41793625185
41793625287
41793625241
41793625617
41793625084
41793625230
41793625691
41793625334
41793625303
41793625425
41793625399
41793625216
41793625412
41793625902
41793625657
41793625333
41793625562
41793625490
41793625196
41793625704
41793625500
41793625605
41793625151
41793625283
41793625267
41793625318
41793625428
41793625652
41793625450
41793625612
41793625356
41793625606
41793625407
41793625468
41793625460
41793625367
41793625142
41793625698
41793625732
41793625566
41793625260
41793625596
41793625757
41793625409
41793625823
41793625474
41793625658
41793625189
41793625619
41793625381
41793625076
41793625205
41793625220
41793625449
41793625752
41793625270
41793625497
41793625519
41793625602
41793625265
41793625444
41793625499
41793625233
41793625066
41793625569
41793625198
41793625443
41793625865
41793625358
41793625461
41793625555
41793625371
41793625669
41793625242
41793625271
41793625522
41793625517
41793625960
41793625342
41793625524
41793625301
41793625554
41793625577
41793625804
41793625796
41793625703
41793625579
41793625439
41793625634
41793625350
41793625361
41793625414
41793625464
41793625900
41793625485
41793625152
41793625946
41793625556
41793625512
41793625411
41793625563
41793625314
41793625386
41793625637
41793625778
41793625816
41793625701
41793625660
41793625322
41793625553
41793625784
41793625659
41793625642
41793625744
41793625558
41793625705
41793625873
41793625773
41793625608
41793625278
41793625384
41793625810
41793625595
41793625615
41793625319
41793625621
41793625754
41793625533
41793625730
41793625540
41793625557
41793625700
41793625501
41793625447
41793625552
41793625321
41793625387
41793625297
41793625711
41793625953
41793625535
41793625814
41793625232
41793625806
41793625355
41793625748
41793625565
41793625317
41793625418
41793625797
41793625306
41793625451
41793625727
41793625502
41793625831
41793625943
41793625545
41793625572
41793625529
41793625469
41793625455
41793625539
41793625192
41793625640
41793625559
41793625423
41793625495
41793625465
41793625883
41793625298
41793625767
41793625489
41793625878
41793625561
41793625629
41793625329
41793625801
41793625382
41793625712
41793625504
41793625591
41793625327
41793625771
41793625486
41793625915
41793625717
41793625656
41793625536
41793625843
41793625706
41793625966
41793625630
41793625807
41793625279
41793625340
41793625708
41793625854
41793625542
41793625677
41793625856
41793625513
41793625987
41793625653
41793625256
41793625725
41793625631
41793625817
41793625860
41793625665
41793625759
41793625738
41793625580
41793625768
41793625681
41793625875
41793625723
41793625729
41793625328
41793625568
41793625338
41793625582
41793625527
41793625818
41793625364
41793625320
41793625492
41793625633
41793625833
41793625537
41793625510
41793625508
41793625746
41793625909
41793625805
41793625913
41793625952
41793625821
41793625484
41793625514
41793625879
41793625434
41793625728
41793625548
41793625628
41793625346
41793625772
41793625470
41793625839
41793625673
41793625836
41793625349
41793625929
41793625901
41793625811
41793625933
41793625787
41793625877
41793625463
41793625641
41793625739
41793625655
41793625910
41793625813
41793625480
41793625570
41793625662
41793625894
41793625907
41793625436
41793625518
41793625496
41793625774
41793625588
41793625647
41793625509
41793625881
41793625777
41793625905
41793625574
41793625932
41793625959
41793625993
41793625838
41793625733
41793625666
41793625493
41793625753
41793625550
41793625683
41793625841
41793625649
41793625368
41793625745
41793625945
41793625751
41793625809
41793625638
41793625851
41793625564
41793625955
41793625935
41793625454
41793625749
41793625803
41793625872
41793625674
41793625957
41793625985
41793625475
41793625675
41793625680
41793625963
41793625692
41793625927
41793625410
41793625776
41793625584
41793625682
41793625850
41793625866
41793625857
41793625710
41793625958
41793625760
41793625863
41793625874
41793625688
41793625940
41793625747
41793625646
41793625676
41793625996
41793625798
41793625819
41793625415
41793625696
41793625576
41793625686
41793625948
41793625726
41793625949
41793625889
41793625930
41793625979
41793625845
41793625937
41793625523
41793625762
41793625719
41793625827
41793625842
41793625852
41793625651
41793625828
41793625590
41793625546
41793625916
41793625824
41793625844
41793625820
41793625911
41793625734
41793625970
41793625858
41793625792
41793625980
41793625667
41793625898
41793625944
41793625859
41793625941
41793625897
41793625925
41793625976
41793625977
41793625992
41793625908
41793625779
41793625956
41793625938
41793625983
41793625991
41793625995
41793625947
41793625986
41793625331
41793625335
41793625389
41793625401
41793624000
41793624018
41793624014
41793624009
41793624010
41793624002
41793624004
41793624007
41793624013
41793624030
41793624025
41793624015
41793624023
41793624001
41793624006
41793624026
41793624027
41793624017
41793624008
41793624024
41793624011
41793624036
41793624034
41793624052
41793624095
41793624003
41793624122
41793624182
41793624057
41793624059
41793624046
41793624043
41793624207
41793624217
41793624037
41793624051
41793624041
41793624050
41793624090
41793624108
41793624076
41793624071
41793624208
41793624159
41793624140
41793624097
41793624060
41793624231
41793624100
41793624163
41793624094
41793624138
41793624228
41793624069
41793624338
41793624214
41793624191
41793624056
41793624300
41793624237
41793624103
41793624356
41793624049
41793624500
41793624033
41793624086
41793624130
41793624113
41793624092
41793624543
41793624038
41793624127
41793624104
41793624192
41793624171
41793624274
41793624327
41793624126
41793624213
41793624224
41793624409
41793624065
41793624032
41793624039
41793624226
41793624132
41793624323
41793624055
41793624091
41793624098
41793624135
41793624077
41793624128
41793624165
41793624146
41793624083
41793624282
41793624075
41793624222
41793624134
41793624152
41793624067
41793624206
41793624205
41793624298
41793624121
41793624468
41793624212
41793624241
41793624267
41793624044
41793624144
41793624251
41793624137
41793624365
41793624131
41793624183
41793624508
41793624129
41793624249
41793624197
41793624350
41793624318
41793624351
41793624284
41793624136
41793624156
41793624547
41793624414
41793624151
41793624430
41793624257
41793624555
41793624227
41793624172
41793624510
41793624440
41793624337
41793624442
41793624047
41793624278
41793624503
41793624309
41793624107
41793624235
41793624556
41793624444
41793624369
41793624173
41793624200
41793624486
41793624099
41793624243
41793624411
41793624308
41793624125
41793624379
41793624470
41793624389
41793624162
41793624167
41793624170
41793624378
41793624331
41793624064
41793624161
41793624905
41793624079
41793624535
41793624364
41793624647
41793624186
41793624319
41793624262
41793624139
41793624575
41793624737
41793624068
41793624169
41793624487
41793624551
41793624772
41793624502
41793624548
41793624358
41793624420
41793624619
41793624299
41793624223
41793624456
41793624571
41793624045
41793624455
41793624426
41793624242
41793624480
41793624586
41793624361
41793624312
41793624671
41793624187
41793624111
41793624157
41793624321
41793624158
41793624632
41793624393
41793624072
41793624124
41793624142
41793624687
41793624204
41793624363
41793624194
41793624238
41793624587
41793624348
41793624616
41793624655
41793624531
41793624813
41793624406
41793624178
41793624400
41793624181
41793624946
41793624215
41793624446
41793624177
41793624422
41793624246
41793624617
41793624263
41793624176
41793624229
41793624885
41793624633
41793624570
41793624160
41793624221
41793624533
41793624512
41793624218
41793624493
41793624392
41793624203
41793624528
41793624489
41793624764
41793624458
41793624799
41793624661
41793624564
41793624311
41793624935
41793624524
41793624773
41793624341
41793624629
41793624377
41793624295
41793624609
41793624254
41793624694
41793624320
41793624594
41793624636
41793624429
41793624154
41793624538
41793624332
41793624680
41793624576
41793624689
41793624912
41793624607
41793624490
41793624498
41793624648
41793624428
41793624612
41793624477
41793624291
41793624397
41793624723
41793624210
41793624421
41793624824
41793624239
41793624343
41793624681
41793624342
41793624577
41793624700
41793624798
41793624782
41793624383
41793624662
41793624947
41793624315
41793624572
41793624622
41793624481
41793624439
41793624233
41793624562
41793624802
41793624690
41793624635
41793624847
41793624425
41793624959
41793624684
41793624720
41793624445
41793624810
41793624620
41793624958
41793624760
41793624667
41793624245
41793624688
41793624459
41793624514
41793624499
41793624286
41793624559
41793624763
41793624519
41793624738
41793624373
41793624553
41793624838
41793624673
41793624534
41793624753
41793624765
41793624199
41793624628
41793624745
41793624521
41793624796
41793624507
41793624544
41793624848
41793624807
41793624474
41793624415
41793624625
41793624526
41793624717
41793624264
41793624488
41793624423
41793624965
41793624297
41793624643
41793624511
41793624771
41793624893
41793624716
41793624506
41793624432
41793624461
41793624399
41793624675
41793624801
41793624387
41793624627
41793624854
41793624276
41793624919
41793624554
41793624902
41793624492
41793624523
41793624649
41793624856
41793624696
41793624814
41793624939
41793624634
41793624529
41793624914
41793624777
41793624982
41793624405
41793624644
41793624682
41793624860
41793624721
41793624579
41793624610
41793624412
41793624724
41793624770
41793624630
41793624431
41793624520
41793624469
41793624800
41793624997
41793624989
41793624578
41793624727
41793624833
41793624306
41793624719
41793624961
41793624479
41793624646
41793624345
41793624398
41793624713
41793624843
41793624766
41793624725
41793624353
41793624834
41793624871
41793624598
41793624706
41793624557
41793624978
41793624460
41793624357
41793624840
41793624872
41793624933
41793624561
41793624550
41793624541
41793624513
41793624536
41793624693
41793624645
41793624653
41793624926
41793624739
41793624307
41793624704
41793624876
41793624471
41793624890
41793624537
41793624806
41793624454
41793624339
41793624787
41793624906
41793624347
41793624817
41793624546
41793624515
41793624835
41793624755
41793624741
41793624894
41793624582
41793624484
41793624874
41793624868
41793624714
41793624941
41793624453
41793624846
41793624540
41793624803
41793624805
41793624888
41793624751
41793624832
41793624482
41793624930
41793624517
41793624733
41793624624
41793624970
41793624601
41793624495
41793624973
41793624916
41793624449
41793624987
41793624754
41793624621
41793624784
41793624823
41793624518
41793624697
41793624873
41793624496
41793624826
41793624758
41793624820
41793624769
41793624887
41793624877
41793624918
41793624325
41793624950
41793624852
41793624929
41793624672
41793624949
41793624580
41793624595
41793624932
41793624897
41793624898
41793624981
41793624658
41793624825
41793624859
41793624608
41793624762
41793624781
41793624931
41793624863
41793624862
41793624909
41793624915
41793624676
41793624641
41793624774
41793624795
41793624728
41793624858
41793624668
41793624920
41793624746
41793624882
41793624900
41793624631
41793624971
41793624640
41793624951
41793624974
41793624829
41793624744
41793624600
41793624815
41793624922
41793624626
41793624816
41793624927
41793624928
41793624962
41793624942
41793624606
41793624955
41793624880
41793624742
41793624994
41793624861
41793624977
41793624639
41793624836
41793624736
41793624722
41793624910
41793624979
41793624992
41793624654
41793624908
41793624907
41793624715
41793624956
41793624866
41793624881
41793624778
41793624913
41793624903
41793624891
41793624960
41793624975
41793626001
41793626014
41793626030
41793626004
41793626029
41793626027
41793626011
41793626018
41793626024
41793626003
41793626021
41793626013
41793626012
41793626025
41793626022
41793626020
41793626016
41793626040
41793626043
41793626053
41793626064
41793626066
41793626091
41793626141
41793626169
41793626135
41793626032
41793626081
41793626039
41793626128
41793626122
41793626026
41793626216
41793626041
41793626042
41793626034
41793626208
41793626084
41793626154
41793626070
41793626138
41793626074
41793626077
41793626094
41793626295
41793626107
41793626205
41793626076
41793626054
41793626207
41793626187
41793626280
41793626225
41793626052
41793626086
41793626346
41793626180
41793626155
41793626361
41793626082
41793626274
41793626296
41793626487
41793626383
41793626226
41793626062
41793626036
41793626342
41793626056
41793626079
41793626319
41793626358
41793626109
41793626148
41793626093
41793626159
41793626245
41793626100
41793626284
41793626204
41793626272
41793626120
41793626247
41793626047
41793626192
41793626061
41793626160
41793626089
41793626266
41793626114
41793626111
41793626146
41793626256
41793626312
41793626260
41793626415
41793626101
41793626191
41793626125
41793626124
41793626105
41793626176
41793626162
41793626289
41793626463
41793626038
41793626252
41793626067
41793626196
41793626133
41793626108
41793626142
41793626302
41793626185
41793626058
41793626104
41793626389
41793626321
41793626078
41793626157
41793626156
41793626129
41793626470
41793626283
41793626119
41793626287
41793626331
41793626291
41793626218
41793626397
41793626492
41793626305
41793626217
41793626236
41793626190
41793626161
41793626238
41793626413
41793626557
41793626183
41793626222
41793626200
41793626258
41793626118
41793626336
41793626103
41793626607
41793626188
41793626165
41793626395
41793626088
41793626228
41793626327
41793626399
41793626773
41793626418
41793626515
41793626259
41793626116
41793626416
41793626199
41793626368
41793626055
41793626179
41793626210
41793626478
41793626251
41793626144
41793626227
41793626504
41793626050
41793626672
41793626268
41793626408
41793626374
41793626462
41793626130
41793626261
41793626473
41793626278
41793626163
41793626390
41793626290
41793626320
41793626421
41793626357
41793626255
41793626629
41793626554
41793626277
41793626211
41793626425
41793626220
41793626158
41793626173
41793626489
41793626385
41793626567
41793626722
41793626243
41793626334
41793626215
41793626483
41793626136
41793626270
41793626113
41793626434
41793626459
41793626184
41793626529
41793626392
41793626429
41793626355
41793626250
41793626132
41793626430
41793626131
41793626846
41793626436
41793626588
41793626232
41793626201
41793626480
41793626209
41793626475
41793626282
41793626648
41793626509
41793626234
41793626422
41793626363
41793626527
41793626930
41793626565
41793626894
41793626391
41793626249
41793626649
41793626922
41793626286
41793626298
41793626512
41793626285
41793626453
41793626322
41793626427
41793626437
41793626460
41793626288
41793626264
41793626630
41793626706
41793626853
41793626556
41793626448
41793626370
41793626711
41793626382
41793626356
41793626664
41793626742
41793626570
41793626239
41793626545
41793626419
41793626440
41793626393
41793626347
41793626233
41793626333
41793626098
41793626412
41793626451
41793626569
41793626732
41793626164
41793626571
41793626517
41793626297
41793626242
41793626580
41793626353
41793626547
41793626656
41793626466
41793626181
41793626638
41793626901
41793626231
41793626403
41793626324
41793626577
41793626293
41793626669
41793626328
41793626729
41793626747
41793626301
41793626443
41793626102
41793626491
41793626723
41793626352
41793626874
41793626494
41793626558
41793626300
41793626303
41793626257
41793626883
41793626624
41793626458
41793626666
41793626563
41793626559
41793626911
41793626586
41793626468
41793626499
41793626365
41793626884
41793626807
41793626362
41793626953
41793626601
41793626714
41793626592
41793626482
41793626439
41793626645
41793626684
41793626621
41793626566
41793626275
41793626789
41793626890
41793626910
41793626610
41793626856
41793626553
41793626663
41793626814
41793626838
41793626524
41793626332
41793626644
41793626667
41793626948
41793626394
41793626829
41793626467
41793626931
41793626538
41793626279
41793626048
41793626907
41793626737
41793626477
41793626643
41793626406
41793626688
41793626456
41793626665
41793626367
41793626514
41793626576
41793626404
41793626310
41793626510
41793626781
41793626806
41793626977
41793626810
41793626315
41793626503
41793626530
41793626550
41793626611
41793626508
41793626387
41793626175
41793626241
41793626548
41793626398
41793626578
41793626679
41793626410
41793626708
41793626942
41793626351
41793626618
41793626536
41793626620
41793626938
41793626544
41793626500
41793626725
41793626316
41793626971
41793626537
41793626955
41793626659
41793626677
41793626827
41793626738
41793626502
41793626349
41793626431
41793626574
41793626490
41793626795
41793626754
41793626969
41793626962
41793626493
41793626546
41793626783
41793626734
41793626652
41793626792
41793626712
41793626880
41793626681
41793626604
41793626746
41793626262
41793626593
41793626485
41793626528
41793626919
41793626375
41793626768
41793626662
41793626823
41793626975
41793626606
41793626432
41793626845
41793626686
41793626774
41793626934
41793626881
41793626700
41793626469
41793626875
41793626777
41793626887
41793626350
41793626671
41793626939
41793626683
41793626612
41793626848
41793626631
41793626614
41793626551
41793626464
41793626668
41793626411
41793626805
41793626787
41793626772
41793626693
41793626364
41793626929
41793626888
41793626852
41793626640
41793626921
41793626676
41793626581
41793626954
41793626800
41793626759
41793626733
41793626705
41793626720
41793626424
41793626542
41793626582
41793626915
41793626598
41793626613
41793626740
41793626790
41793626595
41793626865
41793626967
41793626835
41793626749
41793626860
41793626825
41793626876
41793626533
41793626438
41793626815
41793626932
41793626541
41793626817
41793626562
41793626519
41793626871
41793626950
41793626660
41793626873
41793626965
41793626862
41793626824
41793626850
41793626752
41793626751
41793626292
41793626872
41793626728
41793626869
41793626675
41793626904
41793626947
41793626600
41793626650
41793626755
41793626914
41793626961
41793626906
41793626726
41793626426
41793626748
41793626523
41793626617
41793626743
41793626766
41793626905
41793626972
41793626847
41793626782
41793626444
41793626622
41793626986
41793626863
41793626788
41793626990
41793626980
41793626858
41793626941
41793626892
41793626761
41793626963
41793626560
41793626879
41793626703
41793626654
41793626899
41793626670
41793626940
41793626822
41793626691
41793626633
41793626851
41793626623
41793626891
41793626982
41793626936
41793626959
41793626802
41793626867
41793626928
41793626702
41793626834
41793626769
41793626799
41793626816
41793626812
41793626944
41793626996
41793626763
41793626657
41793626713
41793626854
41793626886
41793626730
41793626885
41793626913
41793626946
41793626993
41793626717
41793626918
41793626531
41793626585
41793626976
41793626534
41793626985
41793626995
41793626778
41793626857
41793626801
41793620000
41793620025
41793620023
41793620024
41793620021
41793620007
41793620028
41793620010
41793620008
41793620031
41793620013
41793620009
41793620019
41793620029
41793620018
41793620002
41793620020
41793620004
41793620030
41793620022
41793620050
41793620228
41793620049
41793620058
41793620070
41793620090
41793620066
41793620111
41793620114
41793620124
41793620046
41793620047
41793620123
41793620184
41793620200
41793620159
41793620216
41793620057
41793620045
41793620033
41793620267
41793620061
41793620271
41793620186
41793620126
41793620185
41793620040
41793620087
41793620083
41793620113
41793620062
41793620059
41793620036
41793620381
41793620077
41793620138
41793620080
41793620151
41793620085
41793620135
41793620037
41793620346
41793620130
41793620175
41793620056
41793620265
41793620064
41793620053
41793620283
41793620384
41793620117
41793620068
41793620468
41793620035
41793620094
41793620109
41793620394
41793620145
41793620178
41793620097
41793620072
41793620179
41793620073
41793620310
41793620088
41793620125
41793620224
41793620089
41793620236
41793620238
41793620142
41793620076
41793620131
41793620103
41793620291
41793620596
41793620213
41793620259
41793620222
41793620158
41793620231
41793620212
41793620173
41793620295
41793620230
41793620063
41793620177
41793620526
41793620256
41793620092
41793620486
41793620101
41793620407
41793620115
41793620161
41793620139
41793620512
41793620328
41793620253
41793620169
41793620227
41793620201
41793620245
41793620239
41793620413
41793620099
41793620535
41793620270
41793620398
41793620206
41793620503
41793620107
41793620406
41793620260
41793620501
41793620289
41793620666
41793620737
41793620119
41793620232
41793620412
41793620254
41793620426
41793620319
41793620427
41793620165
41793620667
41793620467
41793620431
41793620284
41793620277
41793620082
41793620105
41793620084
41793620350
41793620257
41793620365
41793620153
41793620143
41793620352
41793620203
41793620172
41793620511
41793620552
41793620313
41793620154
41793620311
41793620708
41793620691
41793620695
41793620324
41793620656
41793620718
41793620378
41793620320
41793620453
41793620215
41793620210
41793620373
41793620316
41793620048
41793620395
41793620909
41793620603
41793620280
41793620602
41793620837
41793620583
41793620207
41793620262
41793620205
41793620447
41793620380
41793620282
41793620711
41793620461
41793620601
41793620276
41793620488
41793620530
41793620146
41793620255
41793620349
41793620315
41793620102
41793620456
41793620525
41793620164
41793620710
41793620579
41793620455
41793620462
41793620400
41793620548
41793620149
41793620075
41793620286
41793620759
41793620190
41793620171
41793620703
41793620434
41793620335
41793620414
41793620368
41793620147
41793620418
41793620343
41793620558
41793620555
41793620375
41793620543
41793620417
41793620432
41793620108
41793620655
41793620385
41793620659
41793620369
41793620211
41793620757
41793620342
41793620353
41793620356
41793620264
41793620508
41793620867
41793620298
41793620338
41793620509
41793620704
41793620150
41793620241
41793620237
41793620308
41793620930
41793620617
41793620520
41793620502
41793620420
41793620609
41793620470
41793620492
41793620553
41793620497
41793620652
41793620383
41793620387
41793620682
41793620405
41793620362
41793620687
41793620438
41793620836
41793620513
41793620858
41793620557
41793620585
41793620551
41793620423
41793620209
41793620863
41793620246
41793620896
41793620840
41793620878
41793620307
41793620168
41793620795
41793620728
41793620404
41793620562
41793620790
41793620334
41793620507
41793620374
41793620517
41793620330
41793620859
41793620624
41793620866
41793620635
41793620804
41793620629
41793620269
41793620477
41793620452
41793620322
41793620458
41793620662
41793620522
41793620370
41793620598
41793620792
41793620852
41793620410
41793620326
41793620665
41793620272
41793620851
41793620677
41793620463
41793620721
41793620235
41793620388
41793620706
41793620540
41793620689
41793620608
41793620868
41793620616
41793620895
41793620883
41793620534
41793620193
41793620589
41793620419
41793620610
41793620436
41793620416
41793620663
41793620542
41793620481
41793620848
41793620775
41793620386
41793620504
41793620784
41793620580
41793620348
41793620743
41793620742
41793620885
41793620592
41793620932
41793620445
41793620242
41793620690
41793620923
41793620944
41793620371
41793620258
41793620300
41793620910
41793620496
41793620545
41793620729
41793620966
41793620686
41793620722
41793620668
41793620794
41793620606
41793620915
41793620251
41793620523
41793620731
41793620809
41793620613
41793620474
41793620367
41793620288
41793620494
41793620761
41793620835
41793620480
41793620698
41793620590
41793620991
41793620855
41793620393
41793620720
41793620989
41793620450
41793620591
41793620969
41793620916
41793620588
41793620829
41793620692
41793620780
41793620651
41793620716
41793620948
41793620529
41793620765
41793620287
41793620676
41793620505
41793620500
41793620925
41793620901
41793620377
41793620949
41793620844
41793620798
41793620401
41793620779
41793620754
41793620952
41793620636
41793620938
41793620785
41793620528
41793620726
41793620679
41793620773
41793620302
41793620693
41793620618
41793620945
41793620121
41793620841
41793620965
41793620593
41793620869
41793620516
41793620493
41793620827
41793620573
41793620839
41793620750
41793620309
41793620622
41793620905
41793620538
41793620422
41793620632
41793620482
41793620834
41793620900
41793620812
41793620893
41793620975
41793620615
41793620788
41793620646
41793620748
41793620611
41793620705
41793620650
41793620890
41793620409
41793620782
41793620359
41793620546
41793620817
41793620244
41793620877
41793620927
41793620801
41793620446
41793620672
41793620843
41793620872
41793620941
41793620919
41793620575
41793620891
41793620727
41793620803
41793620956
41793620993
41793620700
41793620995
41793620934
41793620917
41793620564
41793620444
41793620873
41793620715
41793620681
41793620881
41793620824
41793620733
41793620908
41793620459
41793620921
41793620605
41793620637
41793620599
41793620559
41793620749
41793620920
41793620815
41793620950
41793620653
41793620990
41793620857
41793620892
41793620762
41793620959
41793620939
41793620389
41793620870
41793620571
41793620862
41793620428
41793620903
41793620882
41793620800
41793620894
41793620935
41793620744
41793620823
41793620478
41793620940
41793620290
41793620524
41793620627
41793620475
41793620854
41793620861
41793620805
41793620847
41793620685
41793620951
41793620563
41793620928
41793620957
41793620740
41793620981
41793620898
41793620684
41793620902
41793620440
41793620992
41793620464
41793620670
41793620767
41793620778
41793620642
41793620922
41793620657
41793620860
41793620764
41793620897
41793620845
41793620884
41793620442
41793620874
41793620772
41793620907
41793620962
41793620821
41793620994
41793620953
41793620533
41793620640
41793620972
41793620946
41793620818
41793620968
41793620988
41793620980
41793620644
41793620871
41793620730
41793620734
41793620963
41793620964
41793629000
41793629003
41793629006
41793629011
41793629015
41793629020
41793629025
41793629030
41793629027
41793629031
41793629026
41793629009
41793629017
41793629010
41793629022
41793629032
41793629019
41793629016
41793629001
41793629258
41793629310
41793629336
41793629078
41793629162
41793629040
41793629093
41793629060
41793629073
41793629076
41793629077
41793629075
41793629099
41793629091
41793629202
41793629119
41793629125
41793629128
41793629061
41793629170
41793629183
41793629067
41793629172
41793629057
41793629069
41793629225
41793629102
41793629063
41793629033
41793629132
41793629229
41793629059
41793629088
41793629100
41793629318
41793629244
41793629173
41793629166
41793629206
41793629142
41793629062
41793629036
41793629145
41793629071
41793629300
41793629081
41793629118
41793629049
41793629039
41793629094
41793629199
41793629074
41793629139
41793629153
41793629152
41793629200
41793629178
41793629110
41793629120
41793629097
41793629309
41793629068
41793629147
41793629238
41793629184
41793629041
41793629080
41793629349
41793629052
41793629265
41793629195
41793629038
41793629194
41793629326
41793629117
41793629092
41793629197
41793629045
41793629108
41793629056
41793629130
41793629167
41793629182
41793629241
41793629271
41793629196
41793629325
41793629087
41793629155
41793629235
41793629222
41793629269
41793629159
41793629090
41793629256
41793629050
41793629281
41793629186
41793629252
41793629273
41793629103
41793629234
41793629211
41793629331
41793629350
41793629123
41793629272
41793629344
41793629137
41793629237
41793629122
41793629187
41793629323
41793629290
41793629297
41793629129
41793629101
41793629342
41793629203
41793629267
41793629308
41793629226
41793629306
41793629058
41793629218
41793629189
41793629233
41793629086
41793629095
41793629316
41793629339
41793629333
41793629180
41793629213
41793629332
41793629208
41793629243
41793629239
41793629346
41793629082
41793629262
41793629263
41793629246
41793629294
41793629270
41793629227
41793629135
41793629313
41793629305
41793629275
41793629207
41793629307
41793629286
41793629111
41793629311
41793629295
41793629293
41793629193
41793629315
41793629242
41793629209
41793629232
41793629106
41793629302
41793629291
41793629240
41793629140
41793629121
41793629330
41793629285
41793629148
41793629347
41793629157
41793629288
41793629317
41793629151
41793629146
41793629341
41793629138
41793629231
41793629214
41793629343
41793629190
41793629236
41793629289
41793629280
41793629353
41793629382
41793629380
41793629377
41793629358
41793629368
41793629381
41793629378
41793629351
41793629355
41793629367
41793629356
41793629372
41793629362
41793629389
41793629439
41793629662
41793629508
41793629387
41793629385
41793629446
41793629420
41793629444
41793629395
41793629434
41793629470
41793629411
41793629436
41793629440
41793629562
41793629417
41793629579
41793629468
41793629404
41793629601
41793629535
41793629545
41793629455
41793629536
41793629547
41793629529
41793629392
41793629527
41793629405
41793629412
41793629429
41793629533
41793629685
41793629514
41793629469
41793629409
41793629410
41793629430
41793629629
41793629383
41793629550
41793629670
41793629415
41793629407
41793629490
41793629477
41793629523
41793629463
41793629626
41793629391
41793629462
41793629542
41793629613
41793629501
41793629466
41793629452
41793629664
41793629416
41793629584
41793629390
41793629414
41793629602
41793629425
41793629635
41793629660
41793629438
41793629661
41793629534
41793629598
41793629566
41793629634
41793629691
41793629552
41793629484
41793629454
41793629679
41793629522
41793629461
41793629590
41793629643
41793629625
41793629653
41793629472
41793629388
41793629578
41793629548
41793629511
41793629619
41793629422
41793629401
41793629615
41793629568
41793629673
41793629614
41793629427
41793629600
41793629616
41793629495
41793629594
41793629421
41793629633
41793629408
41793629464
41793629564
41793629617
41793629574
41793629418
41793629488
41793629669
41793629512
41793629642
41793629570
41793629656
41793629448
41793629650
41793629608
41793629549
41793629441
41793629609
41793629465
41793629565
41793629687
41793629467
41793629431
41793629655
41793629622
41793629480
41793629437
41793629458
41793629530
41793629394
41793629524
41793629507
41793629693
41793629666
41793629451
41793629684
41793629588
41793629604
41793629628
41793629500
41793629676
41793629665
41793629551
41793629489
41793629688
41793629482
41793629603
41793629695
41793629649
41793629663
41793629515
41793629504
41793629621
41793629561
41793629556
41793629510
41793629559
41793629573
41793629672
41793629646
41793629589
41793629654
41793629683
41793629667
41793629675
41793629677
41793629648
41793629519
41793629639
41793629678
41793629611
41793629560
41793629692
41793629681
41793629631
41793629581
41793629553
41793629637
41793629638
41793629716
41793629707
41793629711
41793629717
41793629704
41793629714
41793629715
41793629713
41793629731
41793629701
41793629726
41793629708
41793629723
41793629720
41793629727
41793629712
41793629702
41793629709
41793629721
41793629718
41793629722
41793629728
41793629756
41793629744
41793629740
41793629763
41793629747
41793629748
41793629750
41793629737
41793629749
41793629752
41793629754
41793629733
41793629751
41793629735
41793629736
41793629772
41793629781
41793629794
41793629813
41793629809
41793629783
41793629768
41793629814
41793629804
41793629805
41793629821
41793629785
41793629802
41793629776
41793629811
41793629767
41793629812
41793629818
41793629792
41793629815
41793629808
41793629801
41793629807
41793629810
41793629780
41793629806
41793629867
41793629848
41793629878
41793629864
41793629828
41793629827
41793629838
41793629824
41793629868
41793629877
41793629889
41793629894
41793629834
41793629839
41793629901
41793629896
41793629897
41793629909
41793629842
41793629854
41793629906
41793629860
41793629831
41793629858
41793629850
41793629847
41793629869
41793629873
41793629861
41793629852
41793629829
41793629840
41793629874
41793629891
41793629881
41793629879
41793629871
41793629856
41793629880
41793629876
41793629890
41793629857
41793629892
41793629893
41793629885
41793629983
41793629922
41793629935
41793629913
41793629934
41793629955
41793629970
41793629978
41793629986
41793629956
41793629997
41793629916
41793629940
41793629936
41793629919
41793629966
41793629964
41793629949
41793629982
41793629925
41793629912
41793629985
41793629928
41793629937
41793629933
41793629926
41793629938
41793629961
41793629953
41793629994
41793629915
41793629910
41793629989
41793629920
41793629923
41793629914
41793629980
41793629939
41793629981
41793629963
41793629974
41793629998
41793629992
41793629957
41793629942
41793629995
41793629959
41793629990
41793629941
41793629962
41793623000
41793623023
41793623010
41793623014
41793623015
41793623001
41793623030
41793623009
41793623020
41793623026
41793623007
41793623018
41793623005
41793623012
41793623016
41793623021
41793623002
41793623024
41793623019
41793623064
41793623116
41793623156
41793623051
41793623035
41793623042
41793623047
41793623052
41793623163
41793623065
41793623069
41793623090
41793623192
41793623067
41793623311
41793623113
41793623139
41793623149
41793623153
41793623151
41793623181
41793623078
41793623038
41793623073
41793623060
41793623184
41793623172
41793623049
41793623213
41793623217
41793623130
41793623125
41793623129
41793623166
41793623293
41793623062
41793623280
41793623197
41793623225
41793623277
41793623045
41793623122
41793623114
41793623133
41793623305
41793623087
41793623337
41793623043
41793623237
41793623050
41793623072
41793623115
41793623095
41793623054
41793623126
41793623147
41793623142
41793623086
41793623162
41793623092
41793623185
41793623119
41793623196
41793623144
41793623100
41793623310
41793623215
41793623180
41793623230
41793623289
41793623238
41793623268
41793623079
41793623236
41793623219
41793623239
41793623336
41793623128
41793623266
41793623117
41793623262
41793623091
41793623221
41793623138
41793623288
41793623188
41793623155
41793623161
41793623278
41793623111
41793623342
41793623229
41793623350
41793623193
41793623174
41793623132
41793623131
41793623168
41793623209
41793623254
41793623319
41793623158
41793623220
41793623141
41793623106
41793623323
41793623094
41793623339
41793623346
41793623324
41793623315
41793623252
41793623207
41793623231
41793623121
41793623233
41793623253
41793623325
41793623281
41793623212
41793623306
41793623171
41793623290
41793623267
41793623107
41793623218
41793623326
41793623283
41793623081
41793623210
41793623152
41793623279
41793623247
41793623175
41793623317
41793623204
41793623124
41793623135
41793623285
41793623085
41793623341
41793623123
41793623334
41793623302
41793623251
41793623164
41793623257
41793623109
41793623101
41793623299
41793623246
41793623282
41793623258
41793623200
41793623344
41793623110
41793623190
41793623173
41793623320
41793623202
41793623186
41793623338
41793623228
41793623297
41793623208
41793623227
41793623182
41793623321
41793623235
41793623303
41793623264
41793623313
41793623286
41793623205
41793623167
41793623332
41793623276
41793623331
41793623206
41793623223
41793623328
41793623242
41793623300
41793623243
41793623249
41793623301
41793623333
41793623261
41793623265
41793623040
41793623314
41793623382
41793623356
41793623376
41793623354
41793623353
41793623380
41793623368
41793623377
41793623362
41793623367
41793623365
41793623355
41793623359
41793623374
41793623357
41793623364
41793623381
41793623360
41793623371
41793623624
41793623392
41793623444
41793623467
41793623476
41793623394
41793623384
41793623506
41793623401
41793623456
41793623404
41793623420
41793623436
41793623387
41793623424
41793623453
41793623432
41793623470
41793623406
41793623400
41793623615
41793623557
41793623464
41793623447
41793623411
41793623515
41793623479
41793623579
41793623468
41793623474
41793623434
41793623601
41793623386
41793623402
41793623455
41793623446
41793623437
41793623618
41793623499
41793623412
41793623509
41793623416
41793623451
41793623621
41793623636
41793623696
41793623440
41793623625
41793623673
41793623614
41793623660
41793623538
41793623617
41793623465
41793623484
41793623413
41793623418
41793623385
41793623623
41793623480
41793623383
41793623459
41793623641
41793623520
41793623580
41793623461
41793623407
41793623483
41793623481
41793623536
41793623604
41793623513
41793623390
41793623388
41793623504
41793623602
41793623647
41793623613
41793623391
41793623419
41793623675
41793623473
41793623589
41793623409
41793623505
41793623478
41793623659
41793623644
41793623494
41793623591
41793623680
41793623495
41793623606
41793623448
41793623594
41793623449
41793623443
41793623396
41793623408
41793623532
41793623525
41793623559
41793623519
41793623569
41793623640
41793623577
41793623596
41793623683
41793623442
41793623662
41793623616
41793623508
41793623507
41793623497
41793623587
41793623542
41793623550
41793623421
41793623485
41793623539
41793623681
41793623651
41793623684
41793623646
41793623511
41793623433
41793623679
41793623490
41793623533
41793623632
41793623427
41793623488
41793623626
41793623527
41793623514
41793623530
41793623482
41793623597
41793623472
41793623537
41793623669
41793623517
41793623691
41793623668
41793623686
41793623462
41793623639
41793623622
41793623567
41793623697
41793623654
41793623595
41793623598
41793623500
41793623634
41793623638
41793623585
41793623584
41793623592
41793623687
41793623548
41793623590
41793623417
41793623563
41793623575
41793623600
41793623690
41793623663
41793623655
41793623627
41793623628
41793623477
41793623556
41793623609
41793623643
41793623586
41793623658
41793623541
41793623682
41793623571
41793623611
41793623688
41793623694
41793623610
41793623629
41793623695
41793623657
41793623531
41793623492
41793623665
41793623693
41793623698
41793623562
41793623635
41793623685
41793623676
41793623652
41793623699
41793623702
41793623714
41793623709
41793623701
41793623706
41793623723
41793623729
41793623722
41793623719
41793623705
41793623711
41793623728
41793623724
41793623710
41793623725
41793623707
41793623712
41793623718
41793623717
41793623715
41793623753
41793623732
41793623739
41793623758
41793623754
41793623738
41793623743
41793623736
41793623733
41793623757
41793623744
41793623746
41793623751
41793623747
41793623764
41793623755
41793623761
41793623834
41793623833
41793623776
41793623802
41793623789
41793623788
41793623797
41793623811
41793623770
41793623787
41793623806
41793623846
41793623832
41793623779
41793623785
41793623838
41793623849
41793623782
41793623765
41793623809
41793623801
41793623808
41793623781
41793623830
41793623783
41793623819
41793623825
41793623816
41793623822
41793623778
41793623823
41793623805
41793623812
41793623842
41793623777
41793623840
41793623837
41793623831
41793623835
41793623767
41793623844
41793623775
41793623845
41793623828
41793623792
41793623795
41793623839
41793623870
41793623871
41793623907
41793623858
41793623900
41793623894
41793623852
41793623868
41793623860
41793623901
41793623897
41793623853
41793623864
41793623861
41793623869
41793623867
41793623859
41793623911
41793623910
41793623895
41793623865
41793623892
41793623857
41793623872
41793623903
41793623863
41793623886
41793623855
41793623876
41793623883
41793623889
41793623899
41793623875
41793623885
41793623882
41793623905
41793623968
41793623924
41793623944
41793623951
41793623917
41793623937
41793623930
41793623960
41793623952
41793623938
41793623922
41793623965
41793623962
41793623931
41793623953
41793623916
41793623920
41793623912
41793623919
41793623921
41793623947
41793623948
41793623934
41793623914
41793623958
41793623933
41793623966
41793623935
41793623959
41793623963
41793623932
41793623975
41793623994
41793623971
41793623972
41793623993
41793623991
41793623983
41793623970
41793623988
41793623982
41793623995
41793623974
41793623999
41793623987
41793623984
41793623973
41793623980
41793621000
41793621014
41793621011
41793621002
41793621016
41793621019
41793621005
41793621017
41793621021
41793621015
41793621024
41793621031
41793621018
41793621025
41793621007
41793621009
41793621032
41793621020
41793621006
41793621033
41793621035
41793621133
41793621127
41793621154
41793621192
41793621057
41793621040
41793621067
41793621088
41793621061
41793621107
41793621036
41793621041
41793621236
41793621117
41793621078
41793621049
41793621121
41793621101
41793621062
41793621094
41793621292
41793621122
41793621074
41793621076
41793621189
41793621126
41793621130
41793621173
41793621100
41793621178
41793621153
41793621253
41793621140
41793621232
41793621440
41793621039
41793621082
41793621340
41793621065
41793621060
41793621514
41793621081
41793621333
41793621328
41793621116
41793621359
41793621336
41793621143
41793621175
41793621267
41793621034
41793621046
41793621043
41793621038
41793621053
41793621048
41793621159
41793621070
41793621113
41793621069
41793621136
41793621104
41793621342
41793621371
41793621176
41793621111
41793621064
41793621052
41793621209
41793621207
41793621222
41793621044
41793621163
41793621306
41793621341
41793621227
41793621058
41793621283
41793621317
41793621512
41793621367
41793621156
41793621075
41793621045
41793621274
41793621278
41793621106
41793621318
41793621492
41793621112
41793621433
41793621388
41793621085
41793621547
41793621604
41793621230
41793621549
41793621407
41793621160
41793621272
41793621417
41793621264
41793621354
41793621181
41793621345
41793621564
41793621369
41793621080
41793621370
41793621405
41793621158
41793621446
41793621223
41793621271
41793621215
41793621528
41793621273
41793621210
41793621146
41793621398
41793621242
41793621674
41793621556
41793621200
41793621179
41793621250
41793621155
41793621118
41793621281
41793621580
41793621587
41793621191
41793621261
41793621086
41793621501
41793621301
41793621324
41793621516
41793621157
41793621362
41793621452
41793621421
41793621286
41793621534
41793621585
41793621574
41793621305
41793621188
41793621183
41793621093
41793621491
41793621239
41793621651
41793621211
41793621237
41793621450
41793621238
41793621404
41793621185
41793621269
41793621095
41793621089
41793621515
41793621240
41793621397
41793621521
41793621221
41793621312
41793621435
41793621308
41793621642
41793621729
41793621581
41793621436
41793621683
41793621780
41793621726
41793621929
41793621251
41793621518
41793621234
41793621481
41793621087
41793621584
41793621329
41793621314
41793621669
41793621451
41793621166
41793621332
41793621489
41793621444
41793621212
41793621711
41793621196
41793621801
41793621213
41793621594
41793621869
41793621219
41793621628
41793621443
41793621606
41793621379
41793621949
41793621478
41793621978
41793621410
41793621601
41793621110
41793621325
41793621612
41793621523
41793621206
41793621249
41793621548
41793621220
41793621148
41793621961
41793621614
41793621262
41793621322
41793621182
41793621947
41793621241
41793621352
41793621566
41793621522
41793621431
41793621145
41793621247
41793621284
41793621137
41793621918
41793621527
41793621996
41793621448
41793621779
41793621704
41793621550
41793621844
41793621578
41793621772
41793621745
41793621542
41793621265
41793621781
41793621682
41793621762
41793621847
41793621243
41793621632
41793621177
41793621310
41793621520
41793621434
41793621391
41793621442
41793621713
41793621309
41793621596
41793621718
41793621538
41793621500
41793621957
41793621255
41793621485
41793621656
41793621686
41793621285
41793621693
41793621554
41793621769
41793621128
41793621382
41793621339
41793621483
41793621551
41793621885
41793621535
41793621681
41793621571
41793621218
41793621387
41793621356
41793621568
41793621787
41793621226
41793621665
41793621458
41793621258
41793621412
41793621364
41793621759
41793621575
41793621937
41793621464
41793621506
41793621307
41793621400
41793621900
41793621911
41793621909
41793621763
41793621840
41793621722
41793621906
41793621473
41793621639
41793621608
41793621530
41793621386
41793621761
41793621645
41793621517
41793621791
41793621936
41793621297
41793621755
41793621428
41793621572
41793621826
41793621569
41793621592
41793621868
41793621319
41793621771
41793621634
41793621334
41793621519
41793621415
41793621959
41793621144
41793621469
41793621752
41793621624
41793621814
41793621740
41793621468
41793621768
41793621666
41793621723
41793621913
41793621792
41793621437
41793621708
41793621777
41793621875
41793621321
41793621408
41793621895
41793621293
41793621860
41793621552
41793621390
41793621993
41793621641
41793621629
41793621881
41793621970
41793621508
41793621496
41793621767
41793621462
41793621422
41793621660
41793621543
41793621859
41793621661
41793621739
41793621677
41793621985
41793621962
41793621366
41793621688
41793621263
41793621862
41793621353
41793621545
41793621480
41793621378
41793621866
41793621302
41793621870
41793621820
41793621449
41793621802
41793621990
41793621975
41793621582
41793621558
41793621717
41793621968
41793621490
41793621644
41793621430
41793621997
41793621804
41793621346
41793621730
41793621373
41793621743
41793621973
41793621927
41793621672
41793621680
41793621986
41793621928
41793621567
41793621503
41793621602
41793621832
41793621493
41793621831
41793621746
41793621524
41793621812
41793621623
41793621924
41793621956
41793621499
41793621593
41793621853
41793621854
41793621703
41793621809
41793621796
41793621671
41793621429
41793621841
41793621611
41793621849
41793621607
41793621893
41793621846
41793621786
41793621565
41793621944
41793621904
41793621699
41793621131
41793621805
41793621912
41793621896
41793621539
41793621971
41793621992
41793621741
41793621233
41793621663
41793621650
41793621486
41793621989
41793621589
41793621646
41793621852
41793621901
41793621822
41793621884
41793621942
41793621887
41793621976
41793621784
41793621800
41793621922
41793621758
41793621789
41793621636
41793621135
41793621917
41793621816
41793621879
41793621818
41793621952
41793621963
41793621411
41793621848
41793621923
41793621938
41793621806
41793621702
41793621689
41793621790
41793621994
41793621560
41793621280
41793621915
41793621810
41793621919
41793621658
41793621898
41793621982
41793621670
41793621988
41793621727
41793621615
41793621513
41793621960
41793621819
41793621778
41793621705
41793621987
41793621827
41793621655
41793621613
41793621995
41793621676
41793621955
41793621969
41793621980
41793621835
41793621966
41793621700
41793621811
41793621874
41793621747
41793621981
41793621833
41793621697
41793621838
41793621756
41793621349
41793621939
41793621890
41793621842
41793621815
41793621797
41793621643
41793621583
41793621953
41793621914
41793621888
41793621845
41793621685
41793621945
41793621454
41793621916
41793621889
41793621903
41793621931
41793621876
41793621902
41793621620
41793621951
41793621858
41793621979
41793622000
41793622020
41793622011
41793622003
41793622008
41793622007
41793622009
41793622005
41793622010
41793622029
41793622016
41793622004
41793622006
41793622017
41793622019
41793622027
41793622018
41793622002
41793622031
41793622001
41793622028
41793622023
41793622021
41793622025
41793622024
41793622030
41793622176
41793622186
41793622270
41793622049
41793622036
41793622083
41793622042
41793622048
41793622077
41793622103
41793622170
41793622130
41793622132
41793622121
41793622134
41793622089
41793622053
41793622169
41793622272
41793622188
41793622185
41793622068
41793622199
41793622046
41793622194
41793622316
41793622061
41793622045
41793622091
41793622269
41793622062
41793622112
41793622308
41793622266
41793622127
41793622140
41793622059
41793622126
41793622244
41793622173
41793622227
41793622076
41793622105
41793622286
41793622157
41793622092
41793622100
41793622096
41793622099
41793622204
41793622052
41793622060
41793622104
41793622094
41793622119
41793622330
41793622078
41793622097
41793622282
41793622164
41793622179
41793622262
41793622233
41793622065
41793622220
41793622203
41793622246
41793622258
41793622337
41793622162
41793622343
41793622109
41793622315
41793622129
41793622323
41793622137
41793622222
41793622144
41793622279
41793622213
41793622107
41793622193
41793622067
41793622118
41793622040
41793622309
41793622228
41793622253
41793622291
41793622350
41793622342
41793622226
41793622080
41793622198
41793622219
41793622322
41793622348
41793622128
41793622223
41793622163
41793622160
41793622172
41793622125
41793622156
41793622281
41793622056
41793622145
41793622133
41793622095
41793622210
41793622254
41793622071
41793622333
41793622296
41793622243
41793622232
41793622111
41793622334
41793622240
41793622200
41793622069
41793622303
41793622248
41793622206
41793622180
41793622195
41793622273
41793622070
41793622154
41793622249
41793622102
41793622074
41793622205
41793622234
41793622189
41793622165
41793622268
41793622306
41793622280
41793622124
41793622147
41793622287
41793622242
41793622288
41793622276
41793622113
41793622221
41793622247
41793622168
41793622292
41793622207
41793622183
41793622257
41793622283
41793622332
41793622181
41793622263
41793622314
41793622131
41793622151
41793622265
41793622317
41793622184
41793622239
41793622277
41793622202
41793622259
41793622251
41793622255
41793622346
41793622307
41793622230
41793622347
41793622328
41793622190
41793622344
41793622325
41793622208
41793622294
41793622191
41793622260
41793622321
41793622141
41793622275
41793622340
41793622349
41793622336
41793622229
41793622319
41793622256
41793622197
41793622366
41793622373
41793622357
41793622364
41793622368
41793622375
41793622370
41793622377
41793622374
41793622353
41793622355
41793622361
41793622359
41793622371
41793622485
41793622551
41793622505
41793622399
41793622414
41793622392
41793622394
41793622411
41793622428
41793622445
41793622527
41793622563
41793622463
41793622487
41793622385
41793622388
41793622434
41793622402
41793622469
41793622489
41793622498
41793622438
41793622436
41793622524
41793622471
41793622421
41793622459
41793622472
41793622639
41793622410
41793622395
41793622499
41793622443
41793622556
41793622565
41793622511
41793622609
41793622616
41793622567
41793622564
41793622490
41793622383
41793622638
41793622677
41793622512
41793622415
41793622404
41793622523
41793622619
41793622476
41793622534
41793622580
41793622502
41793622447
41793622486
41793622585
41793622630
41793622423
41793622389
41793622455
41793622613
41793622446
41793622542
41793622553
41793622452
41793622624
41793622582
41793622651
41793622422
41793622517
41793622405
41793622481
41793622660
41793622474
41793622671
41793622525
41793622433
41793622503
41793622468
41793622604
41793622688
41793622599
41793622632
41793622648
41793622539
41793622507
41793622518
41793622424
41793622531
41793622658
41793622465
41793622583
41793622456
41793622646
41793622470
41793622439
41793622662
41793622449
41793622555
41793622641
41793622536
41793622464
41793622699
41793622521
41793622420
41793622626
41793622667
41793622515
41793622628
41793622620
41793622594
41793622698
41793622532
41793622643
41793622571
41793622488
41793622516
41793622600
41793622676
41793622558
41793622419
41793622637
41793622657
41793622607
41793622636
41793622482
41793622591
41793622546
41793622559
41793622692
41793622596
41793622581
41793622614
41793622561
41793622504
41793622479
41793622467
41793622578
41793622576
41793622666
41793622574
41793622621
41793622644
41793622603
41793622685
41793622627
41793622673
41793622649
41793622670
41793622669
41793622537
41793622693
41793622497
41793622629
41793622592
41793622665
41793622674
41793622491
41793622668
41793622696
41793622642
41793622653
41793622679
41793622661
41793622682
41793622538
41793622510
41793622550
41793622595
41793622656
41793622683
41793622717
41793622703
41793622712
41793622721
41793622718
41793622709
41793622716
41793622706
41793622714
41793622705
41793622729
41793622708
41793622710
41793622722
41793622723
41793622730
41793622734
41793622725
41793622713
41793622720
41793622711
41793622700
41793622724
41793622726
41793622773
41793622747
41793622781
41793622779
41793622792
41793622756
41793622739
41793622760
41793622743
41793622757
41793622783
41793622736
41793622788
41793622749
41793622744
41793622754
41793622800
41793622804
41793622738
41793622759
41793622772
41793622801
41793622805
41793622782
41793622795
41793622784
41793622758
41793622762
41793622741
41793622745
41793622806
41793622803
41793622814
41793622802
41793622799
41793622794
41793622790
41793622775
41793622769
41793622816
41793622809
41793622817
41793622780
41793622832
41793622867
41793622836
41793622827
41793622844
41793622839
41793622847
41793622861
41793622900
41793622901
41793622850
41793622830
41793622842
41793622840
41793622857
41793622871
41793622852
41793622903
41793622882
41793622838
41793622829
41793622868
41793622835
41793622906
41793622869
41793622904
41793622823
41793622873
41793622863
41793622897
41793622837
41793622833
41793622905
41793622831
41793622854
41793622849
41793622859
41793622881
41793622855
41793622874
41793622898
41793622883
41793622846
41793622878
41793622890
41793622884
41793622892
41793622888
41793622853
41793622893
41793622894
41793622891
41793622896
41793622889
41793622887
41793622959
41793622908
41793622911
41793622984
41793622925
41793622935
41793622918
41793622948
41793622990
41793622968
41793622909
41793622970
41793622972
41793622951
41793622916
41793622964
41793622982
41793622923
41793622958
41793622963
41793622952
41793622926
41793622920
41793622929
41793622917
41793622945
41793622983
41793622919
41793622953
41793622933
41793622913
41793622912
41793622915
41793622936
41793622910
41793622922
41793622987
41793622938
41793622932
41793622999
41793622988
41793622924
41793622957
41793622994
41793622965
41793622992
41793622934
41793622949
41793622966
41793622975
41793622943
41793622979
41793622974
41793628000
41793628002
41793628019
41793628008
41793628013
41793628014
41793628003
41793628001
41793628012
41793628016
41793628026
41793628024
41793628010
41793628006
41793628031
41793628018
41793628015
41793628022
41793628017
41793628011
41793628004
41793628005
41793628029
41793628033
41793628100
41793628126
41793628093
41793628106
41793628037
41793628040
41793628047
41793628080
41793628038
41793628175
41793628101
41793628108
41793628063
41793628167
41793628168
41793628035
41793628075
41793628062
41793628201
41793628053
41793628092
41793628051
41793628210
41793628242
41793628248
41793628134
41793628225
41793628138
41793628184
41793628154
41793628341
41793628264
41793628129
41793628084
41793628155
41793628151
41793628148
41793628312
41793628229
41793628057
41793628164
41793628357
41793628139
41793628073
41793628091
41793628066
41793628056
41793628055
41793628267
41793628052
41793628068
41793628137
41793628253
41793628239
41793628050
41793628115
41793628083
41793628061
41793628111
41793628072
41793628246
41793628182
41793628243
41793628086
41793628289
41793628327
41793628149
41793628170
41793628194
41793628156
41793628294
41793628219
41793628179
41793628103
41793628308
41793628153
41793628090
41793628128
41793628125
41793628034
41793628113
41793628089
41793628064
41793628058
41793628041
41793628249
41793628329
41793628293
41793628171
41793628237
41793628232
41793628331
41793628271
41793628180
41793628251
41793628042
41793628065
41793628124
41793628252
41793628104
41793628288
41793628224
41793628163
41793628315
41793628353
41793628121
41793628105
41793628102
41793628067
41793628144
41793628216
41793628259
41793628176
41793628279
41793628257
41793628323
41793628272
41793628087
41793628214
41793628287
41793628302
41793628350
41793628217
41793628330
41793628342
41793628262
41793628283
41793628276
41793628200
41793628135
41793628291
41793628240
41793628131
41793628296
41793628280
41793628222
41793628122
41793628260
41793628282
41793628241
41793628177
41793628356
41793628159
41793628263
41793628355
41793628173
41793628336
41793628094
41793628278
41793628199
41793628340
41793628221
41793628319
41793628325
41793628351
41793628183
41793628268
41793628318
41793628245
41793628273
41793628309
41793628209
41793628300
41793628348
41793628161
41793628286
41793628116
41793628337
41793628343
41793628256
41793628324
41793628207
41793628284
41793628333
41793628322
41793628235
41793628311
41793628328
41793628307
41793628317
41793628218
41793628212
41793628332
41793628227
41793628359
41793628390
41793628381
41793628389
41793628371
41793628369
41793628383
41793628376
41793628375
41793628388
41793628368
41793628372
41793628373
41793628378
41793628374
41793628363
41793628386
41793628380
41793628387
41793628385
41793628382
41793628394
41793628503
41793628531
41793628409
41793628391
41793628464
41793628400
41793628440
41793628582
41793628459
41793628465
41793628458
41793628468
41793628488
41793628645
41793628415
41793628654
41793628664
41793628439
41793628445
41793628433
41793628626
41793628657
41793628516
41793628511
41793628533
41793628630
41793628419
41793628508
41793628568
41793628429
41793628434
41793628417
41793628709
41793628395
41793628527
41793628460
41793628448
41793628403
41793628517
41793628616
41793628476
41793628556
41793628452
41793628427
41793628507
41793628485
41793628428
41793628454
41793628564
41793628666
41793628430
41793628474
41793628583
41793628569
41793628714
41793628405
41793628410
41793628456
41793628398
41793628698
41793628671
41793628469
41793628472
41793628455
41793628623
41793628710
41793628437
41793628416
41793628471
41793628573
41793628608
41793628593
41793628636
41793628587
41793628523
41793628618
41793628478
41793628537
41793628446
41793628609
41793628475
41793628548
41793628525
41793628450
41793628563
41793628555
41793628579
41793628703
41793628683
41793628610
41793628532
41793628462
41793628685
41793628665
41793628524
41793628557
41793628619
41793628565
41793628535
41793628479
41793628491
41793628492
41793628572
41793628513
41793628613
41793628498
41793628584
41793628438
41793628706
41793628560
41793628504
41793628622
41793628603
41793628621
41793628514
41793628543
41793628701
41793628487
41793628550
41793628689
41793628470
41793628505
41793628528
41793628615
41793628567
41793628668
41793628529
41793628713
41793628534
41793628554
41793628667
41793628566
41793628544
41793628490
41793628676
41793628574
41793628591
41793628691
41793628577
41793628670
41793628561
41793628662
41793628633
41793628585
41793628592
41793628601
41793628635
41793628571
41793628494
41793628659
41793628672
41793628602
41793628643
41793628631
41793628639
41793628649
41793628611
41793628688
41793628614
41793628679
41793628637
41793628700
41793628552
41793628687
41793628590
41793628520
41793628705
41793628580
41793628604
41793628674
41793628682
41793628658
41793628629
41793628690
41793628692
41793628634
41793628725
41793628727
41793628734
41793628743
41793628719
41793628730
41793628737
41793628745
41793628740
41793628729
41793628721
41793628746
41793628718
41793628738
41793628723
41793628744
41793628724
41793628717
41793628733
41793628720
41793628755
41793628753
41793628803
41793628769
41793628781
41793628786
41793628792
41793628788
41793628794
41793628797
41793628806
41793628771
41793628790
41793628762
41793628808
41793628750
41793628785
41793628757
41793628774
41793628795
41793628772
41793628773
41793628765
41793628758
41793628780
41793628759
41793628751
41793628752
41793628778
41793628796
41793628809
41793628756
41793628805
41793628776
41793628783
41793628782
41793628875
41793628826
41793628840
41793628831
41793628850
41793628864
41793628821
41793628872
41793628834
41793628876
41793628892
41793628812
41793628815
41793628888
41793628862
41793628863
41793628897
41793628857
41793628830
41793628835
41793628822
41793628832
41793628883
41793628894
41793628887
41793628838
41793628853
41793628873
41793628811
41793628828
41793628886
41793628823
41793628891
41793628868
41793628865
41793628859
41793628882
41793628889
41793628869
41793628843
41793628890
41793628870
41793628877
41793628885
41793628881
41793628848
41793628856
41793628820
41793628880
41793628867
41793628874
41793628879
41793628911
41793628900
41793628976
41793628907
41793628930
41793628919
41793628932
41793628943
41793628982
41793628958
41793628961
41793628905
41793628915
41793628937
41793628921
41793628927
41793628978
41793628985
41793628901
41793628909
41793628926
41793628945
41793628914
41793628918
41793628956
41793628964
41793628925
41793628942
41793628902
41793628906
41793628972
41793628898
41793628980
41793628912
41793628974
41793628950
41793628965
41793628984
41793628948
41793628983
41793628997
41793628999
41793628994
41793628990
41793628995
41793628987
41793628989
41793628998
41793628969
41793627000
41793627016
41793627009
41793627013
41793627027
41793627031
41793627030
41793627028
41793627005
41793627017
41793627014
41793627008
41793627025
41793627010
41793627022
41793627021
41793627024
41793627007
41793627011
41793627006
41793627039
41793627118
41793627195
41793627062
41793627040
41793627046
41793627056
41793627057
41793627044
41793627108
41793627112
41793627104
41793627126
41793627142
41793627130
41793627179
41793627203
41793627202
41793627042
41793627214
41793627090
41793627287
41793627238
41793627047
41793627105
41793627322
41793627058
41793627095
41793627233
41793627343
41793627076
41793627103
41793627168
41793627402
41793627069
41793627036
41793627412
41793627372
41793627432
41793627258
41793627223
41793627111
41793627169
41793627151
41793627316
41793627068
41793627264
41793627221
41793627099
41793627107
41793627255
41793627086
41793627246
41793627173
41793627207
41793627060
41793627053
41793627054
41793627268
41793627392
41793627034
41793627127
41793627075
41793627043
41793627091
41793627443
41793627133
41793627279
41793627129
41793627148
41793627145
41793627326
41793627285
41793627135
41793627070
41793627295
41793627564
41793627085
41793627124
41793627427
41793627608
41793627106
41793627257
41793627094
41793627138
41793627122
41793627140
41793627210
41793627383
41793627190
41793627052
41793627050
41793627180
41793627222
41793627318
41793627470
41793627174
41793627416
41793627394
41793627440
41793627366
41793627290
41793627225
41793627114
41793627119
41793627227
41793627121
41793627231
41793627206
41793627064
41793627217
41793627294
41793627051
41793627353
41793627216
41793627407
41793627139
41793627224
41793627367
41793627505
41793627211
41793627200
41793627689
41793627162
41793627513
41793627067
41793627340
41793627370
41793627511
41793627291
41793627555
41793627116
41793627552
41793627186
41793627131
41793627117
41793627434
41793627745
41793627430
41793627401
41793627256
41793627072
41793627209
41793627609
41793627679
41793627365
41793627254
41793627330
41793627301
41793627981
41793627373
41793627525
41793627474
41793627136
41793627348
41793627272
41793627551
41793627178
41793627786
41793627813
41793627490
41793627833
41793627229
41793627545
41793627422
41793627653
41793627420
41793627088
41793627263
41793627791
41793627810
41793627473
41793627795
41793627642
41793627356
41793627547
41793627742
41793627368
41793627269
41793627175
41793627439
41793627181
41793627684
41793627590
41793627467
41793627704
41793627403
41793627310
41793627456
41793627228
41793627448
41793627617
41793627192
41793627667
41793627338
41793627377
41793627296
41793627328
41793627503
41793627482
41793627650
41793627462
41793627266
41793627504
41793627063
41793627358
41793627336
41793627311
41793627775
41793627665
41793627395
41793627137
41793627347
41793627655
41793627736
41793627566
41793627191
41793627153
41793627682
41793627150
41793627327
41793627663
41793627606
41793627188
41793627276
41793627262
41793627459
41793627624
41793627387
41793627193
41793627460
41793627821
41793627830
41793627501
41793627703
41793627303
41793627143
41793627768
41793627788
41793627875
41793627613
41793627730
41793627720
41793627567
41793627502
41793627708
41793627585
41793627442
41793627614
41793627578
41793627822
41793627213
41793627630
41793627199
41793627292
41793627419
41793627361
41793627774
41793627728
41793627465
41793627739
41793627479
41793627729
41793627845
41793627215
41793627639
41793627699
41793627469
41793627516
41793627454
41793627666
41793627792
41793627346
41793627599
41793627374
41793627521
41793627683
41793627429
41793627134
41793627557
41793627834
41793627629
41793627694
41793627307
41793627278
41793627385
41793627840
41793627397
41793627619
41793627717
41793627839
41793627724
41793627360
41793627936
41793627594
41793627380
41793627643
41793627433
41793627744
41793627382
41793627734
41793627400
41793627596
41793627325
41793627580
41793627857
41793627339
41793627862
41793627201
41793627707
41793627620
41793627701
41793627584
41793627660
41793627177
41793627632
41793627977
41793627752
41793627749
41793627824
41793627533
41793627468
41793627997
41793627922
41793627550
41793627510
41793627921
41793627554
41793627239
41793627882
41793627888
41793627818
41793627349
41793627463
41793627524
41793627526
41793627618
41793627874
41793627514
41793627493
41793627586
41793627249
41793627776
41793627644
41793627352
41793627885
41793627903
41793627447
41793627869
41793627801
41793627680
41793627518
41793627277
41793627359
41793627477
41793627743
41793627872
41793627562
41793627509
41793627884
41793627925
41793627531
41793627553
41793627686
41793627976
41793627794
41793627549
41793627634
41793627657
41793627560
41793627615
41793627716
41793627868
41793627757
41793627710
41793627755
41793627969
41793627843
41793627933
41793627571
41793627916
41793627870
41793627417
41793627676
41793627760
41793627927
41793627723
41793627691
41793627952
41793627438
41793627909
41793627575
41793627887
41793627244
41793627917
41793627880
41793627673
41793627995
41793627515
41793627898
41793627913
41793627756
41793627974
41793627559
41793627817
41793627399
41793627478
41793627582
41793627779
41793627661
41793627941
41793627453
41793627959
41793627616
41793627558
41793627662
41793627369
41793627589
41793627910
41793627987
41793627915
41793627652
41793627320
41793627972
41793627428
41793627715
41793627452
41793627622
41793627648
41793627858
41793627930
41793627484
41793627486
41793627692
41793627713
41793627561
41793627522
41793627989
41793627576
41793627914
41793627849
41793627492
41793627733
41793627628
41793627996
41793627495
41793627671
41793627816
41793627722
41793627982
41793627809
41793627881
41793627587
41793627771
41793627968
41793627986
41793627426
41793627856
41793627991
41793627787
41793627993
41793627747
41793627924
41793627829
41793627677
41793627899
41793627625
41793627494
41793627943
41793627894
41793627538
41793627799
41793627506
41793627844
41793627848
41793627876
41793627621
41793627570
41793627946
41793627861
41793627967
41793627828
41793627892
41793627854
41793627731
41793627975
41793627907
41793627633
41793627853
41793627751
41793627957
41793627934
41793627651
41793627855
41793627604
41793627889
41793627871
41793627565
41793627790
41793627762
41793627865
41793627706
41793627904
41793627960
41793627893
41793627958
41793627896
41793627819
41793627947
41793627711
41793627740
41793627626
41793627763
41793627923
41793627698
41793627980
41793627805
41793627955
41793627912
41793627990
41793627962
41793627718
41793627851
41793627789
