41798715013
41798715018
41798715015
41798715005
41798715004
41798715022
41798715029
41798715014
41798715007
41798715020
41798715030
41798715008
41798715016
41798715031
41798715011
41798715021
41798715010
41798715001
41798715028
41798715045
41798715052
41798715053
41798715101
41798715196
41798715059
41798715236
41798715034
41798715097
41798715130
41798715132
41798715082
41798715313
41798715098
41798715107
41798715047
41798715091
41798715123
41798715150
41798715041
41798715277
41798715210
41798715155
41798715326
41798715174
41798715189
41798715072
41798715254
41798715362
41798715075
41798715169
41798715297
41798715038
41798715039
41798715055
41798715343
41798715073
41798715066
41798715062
41798715100
41798715120
41798715043
41798715096
41798715324
41798715200
41798715081
41798715085
41798715087
41798715188
41798715166
41798715042
41798715133
41798715116
41798715102
41798715292
41798715152
41798715289
41798715331
41798715051
41798715399
41798715412
41798715179
41798715173
41798715076
41798715520
41798715253
41798715159
41798715486
41798715308
41798715475
41798715249
41798715298
41798715578
41798715195
41798715172
41798715118
41798715222
41798715219
41798715229
41798715221
41798715124
41798715186
41798715115
41798715300
41798715134
41798715060
41798715435
41798715263
41798715198
41798715304
41798715355
41798715114
41798715181
41798715140
41798715070
41798715197
41798715162
41798715348
41798715093
41798715145
41798715209
41798715216
41798715067
41798715285
41798715344
41798715404
41798715652
41798715142
41798715092
41798715451
41798715309
41798715488
41798715266
41798715226
41798715665
41798715462
41798715547
41798715539
41798715624
41798715495
41798715054
41798715384
41798715528
41798715402
41798715559
41798715418
41798715729
41798715389
41798715363
41798715797
41798715370
41798715414
41798715395
41798715301
41798715238
41798715088
41798715265
41798715422
41798715364
41798715232
41798715576
41798715246
41798715213
41798715294
41798715666
41798715319
41798715340
41798715350
41798715356
41798715455
41798715552
41798715692
41798715545
41798715501
41798715359
41798715310
41798715511
41798715214
41798715466
41798715104
41798715409
41798715643
41798715230
41798715735
41798715943
41798715061
41798715609
41798715241
41798715502
41798715677
41798715109
41798715566
41798715234
41798715256
41798715341
41798715177
41798715565
41798715595
41798715342
41798715519
41798715243
41798715588
41798715668
41798715763
41798715278
41798715607
41798715170
41798715682
41798715974
41798715816
41798715942
41798715156
41798715442
41798715403
41798715207
41798715794
41798715596
41798715911
41798715676
41798715772
41798715337
41798715127
41798715215
41798715885
41798715731
41798715361
41798715514
41798715512
41798715473
41798715874
41798715421
41798715271
41798715716
41798715286
41798715892
41798715590
41798715597
41798715408
41798715352
41798715740
41798715500
41798715712
41798715136
41798715779
41798715316
41798715711
41798715558
41798715567
41798715752
41798715349
41798715685
41798715649
41798715541
41798715415
41798715345
41798715683
41798715608
41798715961
41798715368
41798715788
41798715725
41798715496
41798715487
41798715328
41798715459
41798715378
41798715955
41798715783
41798715681
41798715614
41798715803
41798715504
41798715944
41798715869
41798715546
41798715443
41798715616
41798715366
41798715572
41798715778
41798715801
41798715586
41798715771
41798715835
41798715868
41798715996
41798715632
41798715320
41798715728
41798715966
41798715851
41798715584
41798715544
41798715551
41798715372
41798715525
41798715535
41798715354
41798715895
41798715791
41798715958
41798715839
41798715930
41798715708
41798715456
41798715945
41798715730
41798715880
41798715606
41798715474
41798715381
41798715560
41798715967
41798715838
41798715977
41798715457
41798715510
41798715401
41798715744
41798715732
41798715379
41798715934
41798715509
41798715314
41798715899
41798715537
41798715697
41798715637
41798715905
41798715831
41798715781
41798715784
41798715848
41798715722
41798715857
41798715935
41798715847
41798715833
41798715877
41798715468
41798715916
41798715489
41798715792
41798715811
41798715876
41798715859
41798715710
41798715719
41798715832
41798715941
41798715518
41798715589
41798715529
41798715723
41798715599
41798715503
41798715657
41798715655
41798715799
41798715693
41798715575
41798715480
41798715746
41798715883
41798715700
41798715604
41798715485
41798715507
41798715581
41798715896
41798715707
41798715991
41798715861
41798715393
41798715881
41798715903
41798715980
41798715850
41798715909
41798715939
41798715910
41798715973
41798715769
41798715705
41798715738
41798715775
41798715750
41798715984
41798715922
41798715951
41798715855
41798715972
41798715900
41798715704
41798715841
41798715956
41798715987
41798715873
41798715846
41798715556
41798715776
41798715688
41798715924
41798715802
41798715915
41798715612
41798715807
41798715856
41798715950
41798715975
41798715970
41798715773
41798714000
41798714026
41798714003
41798714031
41798714032
41798714014
41798714007
41798714023
41798714027
41798714009
41798714006
41798714008
41798714005
41798714019
41798714030
41798714001
41798714012
41798714035
41798714099
41798714051
41798714074
41798714048
41798714092
41798714109
41798714122
41798714178
41798714212
41798714257
41798714226
41798714036
41798714089
41798714039
41798714272
41798714136
41798714157
41798714170
41798714154
41798714106
41798714047
41798714173
41798714050
41798714098
41798714044
41798714034
41798714042
41798714043
41798714238
41798714095
41798714055
41798714266
41798714111
41798714243
41798714295
41798714101
41798714138
41798714096
41798714094
41798714130
41798714144
41798714103
41798714191
41798714084
41798714215
41798714066
41798714171
41798714332
41798714222
41798714249
41798714049
41798714135
41798714198
41798714140
41798714150
41798714037
41798714087
41798714102
41798714359
41798714341
41798714162
41798714114
41798714387
41798714269
41798714105
41798714311
41798714277
41798714209
41798714163
41798714255
41798714520
41798714279
41798714536
41798714312
41798714355
41798714176
41798714569
41798714160
41798714316
41798714313
41798714148
41798714200
41798714145
41798714296
41798714462
41798714125
41798714223
41798714181
41798714097
41798714194
41798714124
41798714397
41798714061
41798714164
41798714294
41798714218
41798714439
41798714195
41798714221
41798714137
41798714258
41798714250
41798714252
41798714217
41798714336
41798714129
41798714204
41798714285
41798714388
41798714335
41798714505
41798714245
41798714420
41798714253
41798714424
41798714376
41798714460
41798714090
41798714404
41798714470
41798714466
41798714202
41798714234
41798714510
41798714187
41798714392
41798714274
41798714878
41798714529
41798714300
41798714205
41798714382
41798714309
41798714224
41798714182
41798714244
41798714358
41798714491
41798714890
41798714589
41798714286
41798714488
41798714319
41798714186
41798714360
41798714477
41798714554
41798714422
41798714372
41798714190
41798714816
41798714474
41798714283
41798714534
41798714680
41798714315
41798714496
41798714942
41798714528
41798714561
41798714630
41798714430
41798714580
41798714485
41798714292
41798714632
41798714284
41798714438
41798714666
41798714139
41798714235
41798714416
41798714543
41798714812
41798714298
41798714765
41798714406
41798714489
41798714329
41798714180
41798714605
41798714642
41798714609
41798714402
41798714229
41798714837
41798714607
41798714368
41798714256
41798714841
41798714262
41798714425
41798714899
41798714482
41798714601
41798714373
41798714421
41798714192
41798714251
41798714686
41798714379
41798714937
41798714334
41798714766
41798714516
41798714967
41798714459
41798714185
41798714557
41798714282
41798714327
41798714524
41798714405
41798714307
41798714449
41798714768
41798714585
41798714567
41798714321
41798714356
41798714555
41798714756
41798714613
41798714351
41798714786
41798714346
41798714645
41798714270
41798714708
41798714846
41798714678
41798714501
41798714515
41798714452
41798714918
41798714442
41798714744
41798714303
41798714854
41798714370
41798714648
41798714894
41798714617
41798714522
41798714707
41798714991
41798714821
41798714887
41798714759
41798714927
41798714867
41798714636
41798714337
41798714517
41798714326
41798714649
41798714845
41798714492
41798714371
41798714453
41798714790
41798714828
41798714444
41798714530
41798714614
41798714386
41798714767
41798714418
41798714761
41798714888
41798714407
41798714988
41798714901
41798714730
41798714469
41798714958
41798714745
41798714978
41798714658
41798714921
41798714441
41798714925
41798714665
41798714499
41798714572
41798714604
41798714670
41798714661
41798714933
41798714560
41798714706
41798714909
41798714600
41798714615
41798714896
41798714699
41798714712
41798714778
41798714394
41798714876
41798714654
41798714800
41798714695
41798714710
41798714713
41798714500
41798714602
41798714852
41798714674
41798714531
41798714940
41798714679
41798714556
41798714993
41798714506
41798714728
41798714807
41798714724
41798714504
41798714866
41798714799
41798714576
41798714970
41798714748
41798714825
41798714944
41798714939
41798714979
41798714535
41798714912
41798714835
41798714966
41798714731
41798714914
41798714880
41798714785
41798714980
41798714817
41798714960
41798714684
41798714769
41798714461
41798714898
41798714753
41798714641
41798714811
41798714868
41798714740
41798714676
41798714776
41798714597
41798714840
41798714823
41798714851
41798714826
41798714626
41798714907
41798714832
41798714859
41798714818
41798714619
41798714964
41798714801
41798714969
41798714881
41798714862
41798714858
41798714751
41798714936
41798714938
41798714871
41798714760
41798714954
41798714656
41798714915
41798714934
41798714735
41798714732
41798714968
41798714779
41798714910
41798714986
41798714985
41798714995
41798714814
41798714965
41798714746
41798714889
41798714810
41798714884
41798714911
41798714895
41798714994
41798714922
41798714957
41798716024
41798716008
41798716002
41798716017
41798716023
41798716021
41798716007
41798716015
41798716020
41798716063
41798716055
41798716072
41798716076
41798716058
41798716046
41798716096
41798716288
41798716077
41798716105
41798716189
41798716215
41798716248
41798716241
41798716067
41798716234
41798716057
41798716263
41798716378
41798716056
41798716079
41798716162
41798716376
41798716104
41798716493
41798716169
41798716086
41798716135
41798716196
41798716036
41798716311
41798716173
41798716035
41798716171
41798716166
41798716068
41798716253
41798716111
41798716116
41798716132
41798716041
41798716154
41798716040
41798716037
41798716053
41798716118
41798716122
41798716517
41798716092
41798716110
41798716099
41798716050
41798716156
41798716510
41798716271
41798716484
41798716164
41798716181
41798716113
41798716299
41798716109
41798716047
41798716103
41798716316
41798716283
41798716530
41798716232
41798716082
41798716499
41798716300
41798716252
41798716206
41798716115
41798716090
41798716552
41798716210
41798716521
41798716175
41798716371
41798716170
41798716295
41798716193
41798716924
41798716358
41798716440
41798716217
41798716301
41798716245
41798716307
41798716178
41798716563
41798716197
41798716183
41798716422
41798716239
41798716216
41798716315
41798716279
41798716158
41798716117
41798716278
41798716414
41798716541
41798716280
41798716155
41798716418
41798716526
41798716393
41798716405
41798716264
41798716455
41798716492
41798716483
41798716188
41798716463
41798716208
41798716289
41798716461
41798716120
41798716330
41798716841
41798716522
41798716609
41798716399
41798716220
41798716373
41798716165
41798716473
41798716527
41798716244
41798716542
41798716391
41798716231
41798716503
41798716159
41798716207
41798716382
41798716176
41798716078
41798716338
41798716344
41798716267
41798716498
41798716292
41798716385
41798716748
41798716347
41798716410
41798716273
41798716610
41798716329
41798716617
41798716551
41798716386
41798716568
41798716441
41798716353
41798716734
41798716479
41798716383
41798716397
41798716655
41798716564
41798716826
41798716287
41798716360
41798716554
41798716313
41798716452
41798716722
41798716412
41798716784
41798716336
41798716182
41798716488
41798716669
41798716445
41798716340
41798716808
41798716335
41798716574
41798716512
41798716831
41798716333
41798716282
41798716420
41798716304
41798716738
41798716793
41798716598
41798716991
41798716718
41798716752
41798716770
41798716255
41798716438
41798716980
41798716454
41798716443
41798716404
41798716621
41798716691
41798716892
41798716261
41798716954
41798716646
41798716573
41798716587
41798716653
41798716800
41798716600
41798716732
41798716448
41798716811
41798716459
41798716235
41798716396
41798716305
41798716631
41798716226
41798716773
41798716494
41798716777
41798716533
41798716907
41798716421
41798716955
41798716921
41798716751
41798716354
41798716532
41798716518
41798716465
41798716435
41798716959
41798716806
41798716771
41798716429
41798716508
41798716560
41798716897
41798716840
41798716856
41798716899
41798716520
41798716446
41798716710
41798716844
41798716620
41798716906
41798716525
41798716702
41798716485
41798716778
41798716400
41798716470
41798716817
41798716815
41798716885
41798716790
41798716939
41798716618
41798716614
41798716697
41798716628
41798716792
41798716652
41798716478
41798716543
41798716416
41798716619
41798716436
41798716706
41798716633
41798716935
41798716927
41798716862
41798716865
41798716654
41798716339
41798716451
41798716827
41798716713
41798716346
41798716586
41798716534
41798716931
41798716821
41798716500
41798716879
41798716760
41798716747
41798716728
41798716749
41798716506
41798716348
41798716788
41798716468
41798716502
41798716843
41798716524
41798716657
41798716624
41798716605
41798716666
41798716970
41798716727
41798716585
41798716818
41798716768
41798716648
41798716762
41798716833
41798716303
41798716656
41798716649
41798716895
41798716990
41798716983
41798716761
41798716626
41798716556
41798716682
41798716774
41798716961
41798716595
41798716665
41798716878
41798716867
41798716981
41798716911
41798716495
41798716589
41798716623
41798716709
41798716888
41798716992
41798716651
41798716996
41798716779
41798716937
41798716677
41798716663
41798716703
41798716795
41798716742
41798716670
41798716866
41798716780
41798716949
41798716863
41798716662
41798716807
41798716668
41798716711
41798716755
41798716997
41798716887
41798716839
41798716883
41798716786
41798716785
41798716933
41798716960
41798716769
41798716873
41798716882
41798716910
41798716918
41798716956
41798716976
41798716909
41798716857
41798716658
41798716926
41798716845
41798716969
41798716915
41798710000
41798710011
41798710014
41798710017
41798710005
41798710010
41798710026
41798710015
41798710024
41798710023
41798710030
41798710007
41798710018
41798710027
41798710021
41798710069
41798710077
41798710060
41798710082
41798710090
41798710033
41798710105
41798710152
41798710157
41798710079
41798710112
41798710087
41798710155
41798710145
41798710217
41798710020
41798710290
41798710039
41798710070
41798710080
41798710092
41798710088
41798710124
41798710204
41798710073
41798710172
41798710126
41798710380
41798710056
41798710047
41798710235
41798710249
41798710277
41798710362
41798710118
41798710052
41798710462
41798710146
41798710282
41798710156
41798710102
41798710192
41798710564
41798710158
41798710208
41798710402
41798710140
41798710065
41798710240
41798710237
41798710252
41798710081
41798710068
41798710248
41798710295
41798710083
41798710100
41798710275
41798710035
41798710113
41798710625
41798710147
41798710094
41798710232
41798710117
41798710101
41798710561
41798710161
41798710310
41798710281
41798710618
41798710405
41798710308
41798710298
41798710170
41798710284
41798710456
41798710183
41798710827
41798710162
41798710806
41798710335
41798710104
41798710550
41798710816
41798710121
41798710729
41798710706
41798710499
41798710228
41798710286
41798710263
41798710143
41798710412
41798710166
41798710274
41798710174
41798710131
41798710738
41798710320
41798710311
41798710206
41798710572
41798710218
41798710838
41798710071
41798710363
41798710559
41798710316
41798710852
41798710451
41798710243
41798710304
41798710495
41798710830
41798710454
41798710272
41798710312
41798710201
41798710545
41798710490
41798710491
41798710558
41798710196
41798710593
41798710154
41798710442
41798710522
41798710551
41798710209
41798710095
41798710914
41798710745
41798710050
41798710571
41798710358
41798710273
41798710658
41798710059
41798710337
41798710856
41798710338
41798710262
41798710315
41798710428
41798710297
41798710352
41798710699
41798710348
41798710236
41798710445
41798710408
41798710194
41798710604
41798710536
41798710330
41798710592
41798710529
41798710357
41798710606
41798710970
41798710876
41798710193
41798710476
41798710515
41798710583
41798710620
41798710292
41798710577
41798710758
41798710510
41798710430
41798710785
41798710513
41798710317
41798710176
41798710641
41798710364
41798710688
41798710648
41798710463
41798710486
41798710822
41798710306
41798710760
41798710381
41798710369
41798710440
41798710865
41798710843
41798710475
41798710287
41798710599
41798710390
41798710198
41798710939
41798710905
41798710261
41798710879
41798710331
41798710824
41798710950
41798710396
41798710302
41798710458
41798710589
41798710842
41798710581
41798710548
41798710622
41798710123
41798710694
41798710971
41798710444
41798710656
41798710555
41798710623
41798710549
41798710684
41798710541
41798710345
41798710502
41798710841
41798710770
41798710919
41798710913
41798710685
41798710940
41798710573
41798710415
41798710692
41798710808
41798710394
41798710627
41798710982
41798710340
41798710479
41798710809
41798710799
41798710863
41798710705
41798710676
41798710384
41798710840
41798710447
41798710666
41798710373
41798710471
41798710683
41798710655
41798710563
41798710873
41798710728
41798710640
41798710689
41798710733
41798710591
41798710605
41798710774
41798710908
41798710391
41798710973
41798710810
41798710934
41798710763
41798710814
41798710877
41798710829
41798710379
41798710532
41798710567
41798710624
41798710883
41798710805
41798710753
41798710892
41798710482
41798710633
41798710995
41798710946
41798710637
41798710771
41798710500
41798710667
41798710739
41798710965
41798710778
41798710608
41798710878
41798710819
41798710933
41798710610
41798710752
41798710847
41798710507
41798710936
41798710339
41798710568
41798710871
41798710902
41798710911
41798710695
41798710962
41798710891
41798710749
41798710943
41798710987
41798710932
41798710776
41798710788
41798710741
41798710837
41798710639
41798710715
41798710782
41798710957
41798710983
41798710787
41798710989
41798710866
41798710660
41798710903
41798710899
41798710797
41798710764
41798710574
41798710920
41798710041
41798710730
41798710861
41798710789
41798710662
41798710928
41798710910
41798710836
41798710795
41798710800
41798710974
41798710922
41798710844
41798710857
41798710888
41798710948
41798710906
41798710990
41798710613
41798710964
41798719000
41798719012
41798719031
41798719026
41798719020
41798719021
41798719008
41798719010
41798719019
41798719015
41798719014
41798719002
41798719030
41798719004
41798719001
41798719028
41798719016
41798719066
41798719121
41798719007
41798719039
41798719055
41798719035
41798719128
41798719112
41798719080
41798719092
41798719098
41798719034
41798719076
41798719067
41798719088
41798719140
41798719206
41798719143
41798719046
41798719188
41798719180
41798719113
41798719126
41798719033
41798719061
41798719091
41798719070
41798719096
41798719209
41798719132
41798719075
41798719063
41798719042
41798719129
41798719171
41798719282
41798719222
41798719114
41798719397
41798719228
41798719409
41798719179
41798719040
41798719269
41798719247
41798719084
41798719097
41798719117
41798719133
41798719211
41798719130
41798719240
41798719287
41798719115
41798719279
41798719219
41798719230
41798719099
41798719606
41798719232
41798719085
41798719203
41798719281
41798719094
41798719226
41798719288
41798719302
41798719072
41798719086
41798719165
41798719257
41798719305
41798719415
41798719371
41798719100
41798719197
41798719036
41798719173
41798719116
41798719207
41798719071
41798719050
41798719221
41798719307
41798719433
41798719271
41798719178
41798719323
41798719224
41798719295
41798719350
41798719667
41798719386
41798719101
41798719259
41798719168
41798719658
41798719296
41798719122
41798719149
41798719343
41798719823
41798719208
41798719167
41798719266
41798719225
41798719252
41798719450
41798719308
41798719163
41798719264
41798719358
41798719291
41798719616
41798719220
41798719489
41798719245
41798719661
41798719536
41798719410
41798719713
41798719599
41798719730
41798719280
41798719303
41798719235
41798719488
41798719405
41798719313
41798719290
41798719600
41798719051
41798719635
41798719701
41798719125
41798719758
41798719108
41798719546
41798719534
41798719403
41798719330
41798719430
41798719401
41798719587
41798719043
41798719298
41798719746
41798719420
41798719389
41798719560
41798719716
41798719876
41798719633
41798719079
41798719540
41798719353
41798719805
41798719390
41798719710
41798719601
41798719662
41798719937
41798719310
41798719300
41798719723
41798719617
41798719194
41798719395
41798719545
41798719432
41798719781
41798719678
41798719761
41798719803
41798719237
41798719455
41798719792
41798719639
41798719491
41798719436
41798719373
41798719485
41798719324
41798719796
41798719183
41798719483
41798719490
41798719882
41798719505
41798719983
41798719626
41798719392
41798719473
41798719657
41798719775
41798719557
41798719256
41798719575
41798719394
41798719615
41798719795
41798719372
41798719577
41798719852
41798719251
41798719847
41798719440
41798719535
41798719306
41798719334
41798719510
41798719523
41798719787
41798719624
41798719480
41798719753
41798719503
41798719804
41798719820
41798719691
41798719614
41798719169
41798719858
41798719610
41798719668
41798719720
41798719972
41798719236
41798719506
41798719451
41798719338
41798719833
41798719800
41798719189
41798719588
41798719994
41798719435
41798719443
41798719533
41798719589
41798719512
41798719685
41798719819
41798719244
41798719254
41798719318
41798719537
41798719596
41798719935
41798719905
41798719541
41798719953
41798719892
41798719597
41798719628
41798719916
41798719399
41798719525
41798719620
41798719721
41798719750
41798719495
41798719423
41798719711
41798719725
41798719681
41798719834
41798719656
41798719868
41798719666
41798719618
41798719839
41798719429
41798719959
41798719530
41798719348
41798719900
41798719926
41798719837
41798719511
41798719928
41798719565
41798719547
41798719778
41798719992
41798719586
41798719993
41798719522
41798719413
41798719780
41798719913
41798719830
41798719919
41798719863
41798719860
41798719654
41798719867
41798719582
41798719665
41798719807
41798719779
41798719879
41798719676
41798719773
41798719673
41798719771
41798719954
41798719482
41798719576
41798719737
41798719813
41798719747
41798719990
41798719690
41798719636
41798719996
41798719799
41798719365
41798719802
41798719874
41798719457
41798719955
41798719765
41798719707
41798719745
41798719762
41798719871
41798719826
41798719733
41798719700
41798719915
41798719857
41798719791
41798719887
41798719404
41798719590
41798719929
41798719705
41798719584
41798719752
41798719980
41798719988
41798719604
41798719786
41798719663
41798719946
41798719864
41798719611
41798719704
41798719979
41798719735
41798719888
41798719556
41798719881
41798719591
41798719682
41798719966
41798719922
41798719684
41798719644
41798719956
41798719918
41798719717
41798719697
41798719995
41798719971
41798719715
41798719788
41798719969
41798719917
41798719940
41798719727
41798719942
41798719968
41798719944
41798719958
41798719989
41798719869
41798713000
41798713013
41798713003
41798713014
41798713021
41798713031
41798713030
41798713002
41798713029
41798713018
41798713011
41798713027
41798713012
41798713015
41798713108
41798713172
41798713037
41798713355
41798713044
41798713064
41798713104
41798713076
41798713177
41798713224
41798713047
41798713033
41798713098
41798713216
41798713300
41798713040
41798713163
41798713202
41798713045
41798713034
41798713243
41798713068
41798713063
41798713066
41798713123
41798713322
41798713317
41798713195
41798713184
41798713038
41798713371
41798713072
41798713073
41798713071
41798713105
41798713128
41798713130
41798713122
41798713085
41798713139
41798713443
41798713247
41798713042
41798713132
41798713199
41798713125
41798713180
41798713453
41798713234
41798713206
41798713619
41798713178
41798713360
41798713381
41798713378
41798713625
41798713445
41798713221
41798713262
41798713152
41798713295
41798713110
41798713395
41798713263
41798713854
41798713181
41798713099
41798713153
41798713323
41798713197
41798713058
41798713556
41798713230
41798713716
41798713207
41798713459
41798713205
41798713150
41798713647
41798713512
41798713089
41798713448
41798713284
41798713137
41798713238
41798713162
41798713487
41798713196
41798713241
41798713369
41798713518
41798713312
41798713709
41798713431
41798713209
41798713273
41798713529
41798713288
41798713093
41798713454
41798713090
41798713326
41798713442
41798713707
41798713727
41798713644
41798713680
41798713245
41798713406
41798713210
41798713536
41798713324
41798713407
41798713640
41798713182
41798713461
41798713534
41798713585
41798713523
41798713482
41798713228
41798713289
41798713582
41798713299
41798713337
41798713456
41798713604
41798713474
41798713121
41798713351
41798713186
41798713495
41798713603
41798713261
41798713271
41798713552
41798713464
41798713109
41798713620
41798713346
41798713682
41798713339
41798713571
41798713515
41798713615
41798713356
41798713490
41798713298
41798713319
41798713349
41798713466
41798713580
41798713231
41798713166
41798713583
41798713946
41798713246
41798713573
41798713129
41798713741
41798713102
41798713557
41798713380
41798713500
41798713493
41798713476
41798713388
41798713718
41798713311
41798713624
41798713744
41798713352
41798713258
41798713366
41798713683
41798713773
41798713634
41798713649
41798713233
41798713475
41798713470
41798713845
41798713888
41798713517
41798713331
41798713501
41798713662
41798713993
41798713802
41798713458
41798713748
41798713429
41798713920
41798713812
41798713151
41798713334
41798713783
41798713890
41798713465
41798713579
41798713630
41798713430
41798713657
41798713666
41798713267
41798713808
41798713759
41798713653
41798713332
41798713776
41798713595
41798713674
41798713562
41798713408
41798713398
41798713764
41798713715
41798713670
41798713479
41798713821
41798713813
41798713826
41798713265
41798713931
41798713377
41798713617
41798713600
41798713506
41798713606
41798713668
41798713590
41798713977
41798713330
41798713779
41798713577
41798713807
41798713540
41798713837
41798713485
41798713565
41798713632
41798713499
41798713613
41798713935
41798713449
41798713859
41798713711
41798713616
41798713645
41798713435
41798713296
41798713910
41798713672
41798713665
41798713545
41798713689
41798713844
41798713817
41798713790
41798713749
41798713866
41798713584
41798713309
41798713944
41798713661
41798713986
41798713602
41798713949
41798713830
41798713643
41798713943
41798713856
41798713753
41798713835
41798713629
41798713656
41798713879
41798713899
41798713891
41798713926
41798713494
41798713498
41798713928
41798713697
41798713684
41798713660
41798713816
41798713781
41798713701
41798713652
41798713945
41798713906
41798713712
41798713745
41798713815
41798713614
41798713991
41798713774
41798713864
41798713818
41798713971
41798713881
41798713989
41798713760
41798713659
41798713889
41798713922
41798713896
41798713755
41798713873
41798713721
41798713810
41798713447
41798713733
41798713875
41798713936
41798713850
41798713862
41798713833
41798713690
41798713828
41798713771
41798713722
41798713947
41798713907
41798713863
41798713996
41798713925
41798713687
41798713970
41798713997
41798713855
41798713964
41798713841
41798713909
41798713938
41798713954
41798713927
41798713951
41798713793
41798713858
41798713763
41798713460
41798713811
41798713878
41798713732
41798713898
41798713861
41798713735
41798713948
41798713955
41798713929
41798711000
41798711015
41798711021
41798711016
41798711026
41798711010
41798711029
41798711022
41798711020
41798711017
41798711011
41798711008
41798711014
41798711031
41798711027
41798711173
41798711191
41798711042
41798711064
41798711103
41798711154
41798711146
41798711142
41798711035
41798711052
41798711289
41798711070
41798711126
41798711292
41798711116
41798711158
41798711175
41798711196
41798711202
41798711067
41798711061
41798711100
41798711049
41798711284
41798711151
41798711182
41798711091
41798711118
41798711080
41798711109
41798711132
41798711172
41798711089
41798711179
41798711058
41798711095
41798711230
41798711339
41798711340
41798711083
41798711310
41798711075
41798711178
41798711218
41798711145
41798711105
41798711101
41798711130
41798711099
41798711098
41798711183
41798711192
41798711199
41798711184
41798711104
41798711419
41798711429
41798711338
41798711431
41798711063
41798711465
41798711072
41798711423
41798711281
41798711171
41798711512
41798711203
41798711036
41798711377
41798711406
41798711238
41798711593
41798711283
41798711342
41798711417
41798711464
41798711079
41798711551
41798711303
41798711140
41798711215
41798711255
41798711137
41798711276
41798711463
41798711174
41798711575
41798711045
41798711165
41798711578
41798711113
41798711381
41798711452
41798711307
41798711301
41798711144
41798711201
41798711081
41798711595
41798711157
41798711708
41798711253
41798711190
41798711162
41798711425
41798711410
41798711443
41798711448
41798711428
41798711460
41798711404
41798711807
41798711156
41798711167
41798711703
41798711273
41798711243
41798711169
41798711240
41798711373
41798711177
41798711357
41798711570
41798711858
41798711778
41798711505
41798711344
41798711392
41798711487
41798711642
41798711478
41798711552
41798711207
41798711577
41798711234
41798711352
41798711274
41798711168
41798711249
41798711755
41798711225
41798711353
41798711248
41798711502
41798711266
41798711295
41798711538
41798711399
41798711468
41798711441
41798711360
41798711576
41798711259
41798711534
41798711393
41798711717
41798711195
41798711438
41798711545
41798711275
41798711589
41798711752
41798711500
41798711776
41798711911
41798711432
41798711087
41798711187
41798711588
41798711878
41798711480
41798711990
41798711451
41798711349
41798711803
41798711537
41798711647
41798711699
41798711542
41798711663
41798711664
41798711559
41798711390
41798711476
41798711581
41798711479
41798711265
41798711691
41798711498
41798711424
41798711506
41798711420
41798711440
41798711788
41798711733
41798711287
41798711929
41798711530
41798711709
41798711626
41798711459
41798711714
41798711564
41798711579
41798711282
41798711435
41798711615
41798711297
41798711809
41798711816
41798711886
41798711388
41798711444
41798711985
41798711725
41798711567
41798711400
41798711904
41798711520
41798711697
41798711363
41798711942
41798711648
41798711924
41798711447
41798711633
41798711684
41798711675
41798711205
41798711416
41798711293
41798711954
41798711781
41798711762
41798711514
41798711707
41798711885
41798711610
41798711484
41798711566
41798711553
41798711939
41798711504
41798711398
41798711493
41798711651
41798711932
41798711693
41798711411
41798711488
41798711474
41798711731
41798711801
41798711854
41798711613
41798711702
41798711700
41798711948
41798711644
41798711573
41798711528
41798711605
41798711665
41798711359
41798711661
41798711987
41798711469
41798711649
41798711923
41798711658
41798711821
41798711462
41798711587
41798711866
41798711232
41798711696
41798711961
41798711405
41798711322
41798711472
41798711808
41798711742
41798711556
41798711915
41798711571
41798711905
41798711599
41798711632
41798711544
41798711994
41798711950
41798711601
41798711667
41798711643
41798711957
41798711883
41798711774
41798711646
41798711984
41798711979
41798711305
41798711906
41798711728
41798711793
41798711608
41798711768
41798711491
41798711563
41798711959
41798711928
41798711724
41798711913
41798711850
41798711706
41798711548
41798711804
41798711791
41798711495
41798711320
41798711940
41798711916
41798711974
41798711636
41798711590
41798711687
41798711549
41798711701
41798711611
41798711946
41798711321
41798711963
41798711918
41798711996
41798711668
41798711430
41798711795
41798711927
41798711879
41798711955
41798711871
41798711040
41798711692
41798711594
41798711851
41798711952
41798711920
41798711888
41798711966
41798711513
41798711068
41798711970
41798711960
41798711870
41798711782
41798711857
41798711976
41798711764
41798711247
41798711902
41798711917
41798711304
41798711958
41798711856
41798711032
41798711695
41798711753
41798711889
41798711899
41798712013
41798712024
41798712003
41798712004
41798712028
41798712017
41798712014
41798712016
41798712029
41798712007
41798712025
41798712027
41798712011
41798712022
41798712060
41798712051
41798712090
41798712122
41798712045
41798712061
41798712059
41798712069
41798712035
41798712082
41798712194
41798712205
41798712105
41798712075
41798712256
41798712192
41798712233
41798712180
41798712230
41798712137
41798712285
41798712074
41798712094
41798712134
41798712276
41798712043
41798712126
41798712239
41798712173
41798712201
41798712224
41798712108
41798712229
41798712235
41798712164
41798712248
41798712299
41798712089
41798712170
41798712250
41798712327
41798712263
41798712295
41798712065
41798712303
41798712326
41798712243
41798712283
41798712212
41798712221
41798712160
41798712118
41798712106
41798712222
41798712252
41798712280
41798712343
41798712209
41798712049
41798712100
41798712297
41798712195
41798712318
41798712329
41798712196
41798712169
41798712167
41798712172
41798712066
41798712269
41798712339
41798712247
41798712142
41798712282
41798712324
41798712206
41798712236
41798712184
41798712244
41798712272
41798712123
41798712302
41798712187
41798712257
41798712240
41798712132
41798712214
41798712179
41798712227
41798712291
41798712317
41798712293
41798712262
41798712141
41798712288
41798712304
41798712292
41798712333
41798712211
41798712308
41798712313
41798712348
41798712267
41798712113
41798712259
41798712332
41798712320
41798712338
41798712328
41798712215
41798712231
41798712311
41798712331
41798712237
41798712301
41798712152
41798712260
41798712278
41798712347
41798712381
41798712354
41798712357
41798712372
41798712363
41798712361
41798712359
41798712369
41798712356
41798712378
41798712371
41798712380
41798712290
41798712360
41798712413
41798712456
41798712459
41798712433
41798712447
41798712436
41798712477
41798712417
41798712384
41798712627
41798712419
41798712435
41798712448
41798712464
41798712395
41798712530
41798712430
41798712442
41798712397
41798712563
41798712418
41798712687
41798712393
41798712630
41798712547
41798712612
41798712412
41798712601
41798712422
41798712680
41798712557
41798712416
41798712403
41798712458
41798712510
41798712404
41798712485
41798712552
41798712508
41798712514
41798712455
41798712513
41798712570
41798712569
41798712415
41798712427
41798712695
41798712683
41798712511
41798712637
41798712454
41798712472
41798712533
41798712441
41798712482
41798712527
41798712617
41798712553
41798712634
41798712662
41798712607
41798712579
41798712486
41798712517
41798712503
41798712392
41798712439
41798712691
41798712605
41798712497
41798712561
41798712440
41798712489
41798712524
41798712656
41798712515
41798712606
41798712640
41798712479
41798712546
41798712535
41798712480
41798712506
41798712599
41798712608
41798712580
41798712564
41798712632
41798712598
41798712613
41798712593
41798712633
41798712646
41798712615
41798712624
41798712616
41798712534
41798712659
41798712588
41798712658
41798712657
41798712587
41798712629
41798712654
41798712653
41798712668
41798712610
41798712628
41798712703
41798712700
41798712713
41798712708
41798712717
41798712716
41798712702
41798712705
41798712720
41798712715
41798712706
41798712725
41798712767
41798712780
41798712791
41798712788
41798712735
41798712763
41798712740
41798712756
41798712774
41798712732
41798712783
41798712761
41798712779
41798712773
41798712734
41798712755
41798712765
41798712784
41798712749
41798712772
41798712759
41798712747
41798712766
41798712754
41798712790
41798712752
41798712770
41798712811
41798712841
41798712821
41798712839
41798712849
41798712855
41798712820
41798712862
41798712819
41798712808
41798712813
41798712822
41798712848
41798712795
41798712803
41798712814
41798712804
41798712800
41798712796
41798712807
41798712802
41798712840
41798712838
41798712826
41798712817
41798712858
41798712847
41798712836
41798712794
41798712815
41798712872
41798712844
41798712843
41798712834
41798712877
41798712878
41798712825
41798712851
41798712832
41798712850
41798712842
41798712863
41798712835
41798712870
41798712871
41798712869
41798712883
41798712946
41798712928
41798712908
41798712903
41798712935
41798712900
41798712885
41798712913
41798712941
41798712898
41798712959
41798712965
41798712912
41798712920
41798712905
41798712907
41798712918
41798712911
41798712940
41798712886
41798712942
41798712909
41798712961
41798712922
41798712915
41798712904
41798712951
41798712964
41798712947
41798712916
41798712978
41798712966
41798712973
41798712982
41798712969
41798712980
41798712983
41798712987
41798712992
41798712977
41798712994
41798712996
41798718003
41798718025
41798718032
41798718010
41798718001
41798718031
41798718027
41798718024
41798718013
41798718005
41798718016
41798718078
41798718019
41798718184
41798718191
41798718050
41798718310
41798718048
41798718116
41798718104
41798718033
41798718070
41798718225
41798718065
41798718200
41798718096
41798718148
41798718060
41798718071
41798718190
41798718197
41798718165
41798718131
41798718126
41798718114
41798718227
41798718129
41798718118
41798718100
41798718303
41798718074
41798718176
41798718039
41798718189
41798718196
41798718302
41798718086
41798718242
41798718243
41798718058
41798718153
41798718064
41798718187
41798718183
41798718098
41798718110
41798718605
41798718137
41798718205
41798718045
41798718186
41798718094
41798718342
41798718213
41798718171
41798718426
41798718332
41798718142
41798718468
41798718348
41798718298
41798718567
41798718046
41798718353
41798718578
41798718034
41798718061
41798718162
41798718590
41798718049
41798718108
41798718380
41798718150
41798718497
41798718263
41798718500
41798718164
41798718157
41798718429
41798718441
41798718372
41798718220
41798718109
41798718287
41798718294
41798718457
41798718329
41798718113
41798718394
41798718299
41798718226
41798718236
41798718127
41798718445
41798718507
41798718254
41798718250
41798718155
41798718267
41798718713
41798718509
41798718240
41798718624
41798718398
41798718352
41798718268
41798718474
41798718560
41798718435
41798718169
41798718545
41798718568
41798718586
41798718401
41798718534
41798718501
41798718156
41798718494
41798718301
41798718318
41798718491
41798718333
41798718521
41798718434
41798718617
41798718446
41798718229
41798718905
41798718702
41798718314
41798718411
41798718359
41798718246
41798718511
41798718808
41798718882
41798718238
41798718598
41798718253
41798718934
41798718211
41798718408
41798718472
41798718147
41798718350
41798718177
41798718606
41798718504
41798718054
41798718786
41798718260
41798718167
41798718410
41798718393
41798718257
41798718730
41798718336
41798718209
41798718231
41798718413
41798718508
41798718940
41798718288
41798718392
41798718471
41798718583
41798718604
41798718406
41798718881
41798718554
41798718432
41798718418
41798718596
41798718280
41798718300
41798718481
41798718834
41798718370
41798718577
41798718414
41798718694
41798718683
41798718134
41798718219
41798718433
41798718703
41798718255
41798718802
41798718262
41798718289
41798718825
41798718455
41798718355
41798718221
41798718739
41798718628
41798718892
41798718641
41798718720
41798718728
41798718615
41798718673
41798718838
41798718751
41798718319
41798718797
41798718304
41798718180
41798718389
41798718467
41798718860
41798718228
41798718823
41798718428
41798718783
41798718943
41798718528
41798718894
41798718488
41798718460
41798718540
41798718626
41798718799
41798718903
41798718695
41798718308
41798718792
41798718379
41798718518
41798718510
41798718570
41798718897
41798718247
41798718638
41798718647
41798718970
41798718777
41798718358
41798718765
41798718296
41798718439
41798718349
41798718911
41798718502
41798718424
41798718871
41798718512
41798718821
41798718750
41798718079
41798718722
41798718505
41798718614
41798718886
41798718845
41798718539
41798718503
41798718542
41798718399
41798718790
41798718610
41798718984
41798718316
41798718387
41798718757
41798718733
41798718388
41798718949
41798718422
41798718321
41798718632
41798718964
41798718947
41798718527
41798718363
41798718552
41798718877
41798718448
41798718770
41798718804
41798718396
41798718985
41798718810
41798718595
41798718817
41798718828
41798718832
41798718558
41798718592
41798718974
41798718425
41798718916
41798718480
41798718454
41798718721
41798718906
41798718758
41798718850
41798718622
41798718559
41798718805
41798718531
41798718848
41798718833
41798718933
41798718532
41798718666
41798718768
41798718385
41798718880
41798718909
41798718573
41798718824
41798718620
41798718857
41798718841
41798718597
41798718602
41798718789
41798718639
41798718895
41798718939
41798718675
41798718657
41798718986
41798718469
41798718403
41798718771
41798718618
41798718659
41798718820
41798718723
41798718971
41798718691
41798718969
41798718714
41798718818
41798718767
41798718207
41798718996
41798718988
41798718678
41798718557
41798718443
41798718742
41798718687
41798718889
41798718530
41798718781
41798718780
41798718993
41798718935
41798718712
41798718648
41798718873
41798718775
41798718981
41798718855
41798718764
41798718888
41798718806
41798718859
41798718966
41798718945
41798718978
41798718899
41798717019
41798717007
41798717010
41798717018
41798717008
41798717031
41798717013
41798717030
41798717005
41798717009
41798717015
41798717041
41798717042
41798717098
41798717035
41798717059
41798717054
41798717290
41798717099
41798717043
41798717080
41798717109
41798717049
41798717050
41798717071
41798717079
41798717174
41798717134
41798717148
41798717177
41798717185
41798717294
41798717068
41798717133
41798717051
41798717084
41798717151
41798717100
41798717101
41798717271
41798717086
41798717062
41798717077
41798717328
41798717136
41798717039
41798717296
41798717085
41798717222
41798717213
41798717107
41798717045
41798717112
41798717078
41798717131
41798717230
41798717072
41798717164
41798717178
41798717137
41798717048
41798717163
41798717126
41798717277
41798717212
41798717089
41798717156
41798717139
41798717207
41798717247
41798717308
41798717221
41798717215
41798717091
41798717192
41798717095
41798717132
41798717288
41798717116
41798717203
41798717282
41798717205
41798717220
41798717256
41798717149
41798717312
41798717201
41798717257
41798717350
41798717171
41798717087
41798717318
41798717104
41798717343
41798717184
41798717121
41798717197
41798717305
41798717190
41798717169
41798717120
41798717281
41798717118
41798717219
41798717172
41798717170
41798717223
41798717258
41798717276
41798717335
41798717235
41798717267
41798717344
41798717188
41798717199
41798717331
41798717268
41798717206
41798717349
41798717196
41798717224
41798717275
41798717239
41798717161
41798717108
41798717284
41798717274
41798717336
41798717241
41798717240
41798717321
41798717306
41798717248
41798717341
41798717317
41798717302
41798717356
41798717375
41798717371
41798717372
41798717351
41798717362
41798717353
41798717380
41798717377
41798717369
41798717376
41798717384
41798717413
41798717492
41798717427
41798717452
41798717400
41798717418
41798717417
41798717490
41798717445
41798717668
41798717439
41798717436
41798717486
41798717540
41798717402
41798717465
41798717493
41798717512
41798717385
41798717398
41798717661
41798717487
41798717450
41798717662
41798717414
41798717614
41798717432
41798717481
41798717623
41798717386
41798717401
41798717397
41798717482
41798717423
41798717552
41798717405
41798717500
41798717478
41798717457
41798717610
41798717566
41798717583
41798717456
41798717479
41798717515
41798717435
41798717546
41798717470
41798717469
41798717609
41798717498
41798717491
41798717473
41798717585
41798717496
41798717483
41798717395
41798717508
41798717627
41798717440
41798717602
41798717557
41798717484
41798717599
41798717646
41798717502
41798717681
41798717471
41798717520
41798717619
41798717480
41798717673
41798717574
41798717640
41798717454
41798717421
41798717677
41798717581
41798717604
41798717569
41798717659
41798717476
41798717563
41798717626
41798717613
41798717548
41798717577
41798717495
41798717532
41798717600
41798717468
41798717603
41798717521
41798717656
41798717645
41798717588
41798717692
41798717657
41798717505
41798717511
41798717694
41798717658
41798717674
41798717601
41798717608
41798717458
41798717634
41798717522
41798717618
41798717578
41798717526
41798717551
41798717680
41798717652
41798717647
41798717699
41798717443
41798717648
41798717611
41798717711
41798717716
41798717700
41798717703
41798717713
41798717706
41798717708
41798717724
41798717727
41798717726
41798717715
41798717722
41798717737
41798717755
41798717741
41798717744
41798717754
41798717768
41798717777
41798717785
41798717784
41798717782
41798717733
41798717750
41798717787
41798717774
41798717789
41798717752
41798717747
41798717776
41798717746
41798717788
41798717770
41798717766
41798717763
41798717753
41798717779
41798717771
41798717786
41798717781
41798717837
41798717845
41798717807
41798717851
41798717799
41798717805
41798717804
41798717813
41798717814
41798717794
41798717822
41798717831
41798717816
41798717818
41798717828
41798717848
41798717820
41798717823
41798717844
41798717834
41798717859
41798717880
41798717857
41798717901
41798717897
41798717855
41798717883
41798717877
41798717874
41798717868
41798717887
41798717860
41798717862
41798717879
41798717854
41798717873
41798717890
41798717918
41798717925
41798717944
41798717915
41798717917
41798717955
41798717945
41798717920
41798717954
41798717967
41798717936
41798717947
41798717914
41798717923
41798717939
41798717934
41798717968
41798717953
41798717950
41798717929
41798717935
41798717949
41798717983
41798717986
41798717978
41798717971
41798717975
41798717980
41798717989
41798717970
41798717982
41798717998
41798717984
41798717997
41798717991
