41764455027
41764455025
41764455001
41764455032
41764455026
41764455030
41764455031
41764455005
41764455008
41764455023
41764455007
41764455018
41764455004
41764455015
41764455009
41764455006
41764455011
41764455013
41764455051
41764455177
41764455012
41764455034
41764455041
41764455046
41764455290
41764455119
41764455082
41764455092
41764455156
41764455149
41764455073
41764455063
41764455142
41764455089
41764455155
41764455126
41764455035
41764455231
41764455036
41764455067
41764455270
41764455183
41764455220
41764455336
41764455358
41764455057
41764455099
41764455114
41764455066
41764455129
41764455111
41764455049
41764455065
41764455165
41764455176
41764455361
41764455107
41764455050
41764455200
41764455172
41764455389
41764455040
41764455221
41764455422
41764455228
41764455398
41764455131
41764455171
41764455227
41764455276
41764455151
41764455062
41764455213
41764455153
41764455108
41764455218
41764455366
41764455070
41764455143
41764455215
41764455110
41764455174
41764455060
41764455090
41764455541
41764455645
41764455269
41764455170
41764455260
41764455516
41764455147
41764455159
41764455786
41764455312
41764455328
41764455292
41764455259
41764455492
41764455354
41764455124
41764455133
41764455286
41764455274
41764455166
41764455212
41764455076
41764455245
41764455128
41764455283
41764455217
41764455185
41764455437
41764455323
41764455209
41764455429
41764455167
41764455517
41764455365
41764455146
41764455375
41764455360
41764455566
41764455495
41764455525
41764455383
41764455266
41764455606
41764455408
41764455203
41764455405
41764455593
41764455333
41764455116
41764455232
41764455382
41764455098
41764455469
41764455289
41764455610
41764455337
41764455411
41764455293
41764455064
41764455197
41764455103
41764455555
41764455304
41764455223
41764455580
41764455452
41764455420
41764455184
41764455897
41764455113
41764455268
41764455329
41764455222
41764455419
41764455347
41764455335
41764455118
41764455561
41764455438
41764455301
41764455296
41764455246
41764455651
41764455523
41764455617
41764455789
41764455048
41764455616
41764455458
41764455426
41764455665
41764455285
41764455393
41764455291
41764455409
41764455322
41764455130
41764455204
41764455464
41764455759
41764455410
41764455255
41764455746
41764455256
41764455482
41764455473
41764455447
41764455553
41764455233
41764455380
41764455257
41764455499
41764455188
41764455590
41764455770
41764455186
41764455424
41764455958
41764455518
41764455463
41764455630
41764455189
41764455362
41764455418
41764455141
41764455334
41764455123
41764455763
41764455376
41764455556
41764455273
41764455249
41764455632
41764455346
41764455309
41764455576
41764455819
41764455730
41764455543
41764455234
41764455735
41764455585
41764455321
41764455241
41764455400
41764455660
41764455653
41764455406
41764455527
41764455586
41764455656
41764455684
41764455307
41764455247
41764455792
41764455798
41764455685
41764455391
41764455501
41764455767
41764455693
41764455449
41764455122
41764455747
41764455787
41764455205
41764455355
41764455591
41764455878
41764455663
41764455207
41764455641
41764455503
41764455691
41764455824
41764455520
41764455448
41764455477
41764455636
41764455476
41764455353
41764455513
41764455226
41764455479
41764455855
41764455315
41764455433
41764455988
41764455721
41764455890
41764455577
41764455445
41764455809
41764455738
41764455537
41764455370
41764455182
41764455402
41764455564
41764455808
41764455655
41764455833
41764455506
41764455250
41764455650
41764455125
41764455490
41764455898
41764455628
41764455388
41764455598
41764455964
41764455597
41764455465
41764455760
41764455546
41764455571
41764455927
41764455739
41764455444
41764455640
41764455652
41764455799
41764455578
41764455515
41764455544
41764455351
41764455193
41764455302
41764455134
41764455654
41764455626
41764455627
41764455671
41764455710
41764455854
41764455722
41764455533
41764455478
41764455670
41764455244
41764455697
41764455430
41764455332
41764455532
41764455528
41764455900
41764455766
41764455434
41764455785
41764455756
41764455560
41764455706
41764455856
41764455776
41764455913
41764455542
41764455468
41764455511
41764455938
41764455512
41764455583
41764455470
41764455967
41764455893
41764455436
41764455848
41764455872
41764455704
41764455313
41764455803
41764455965
41764455471
41764455702
41764455472
41764455557
41764455961
41764455994
41764455835
41764455728
41764455700
41764455716
41764455841
41764455970
41764455454
41764455439
41764455435
41764455731
41764455744
41764455859
41764455800
41764455208
41764455314
41764455978
41764455928
41764455939
41764455923
41764455757
41764455658
41764455505
41764455491
41764455723
41764455801
41764455714
41764455661
41764455568
41764455888
41764455584
41764455782
41764455985
41764455838
41764455740
41764455603
41764455926
41764455837
41764455814
41764455595
41764455881
41764455865
41764455563
41764455522
41764455930
41764455688
41764455733
41764455325
41764455908
41764455804
41764455827
41764455831
41764455467
41764455968
41764455752
41764455863
41764455796
41764455608
41764455502
41764455933
41764455619
41764455840
41764455780
41764455884
41764455778
41764455607
41764455886
41764455263
41764455457
41764455727
41764455475
41764455909
41764455644
41764455755
41764455922
41764455843
41764455986
41764455779
41764455845
41764455643
41764455805
41764455887
41764455989
41764455889
41764455795
41764455729
41764455830
41764455931
41764455662
41764455895
41764455667
41764455668
41764455550
41764455966
41764455594
41764455357
41764455802
41764455896
41764455919
41764455669
41764455912
41764455708
41764455979
41764455858
41764455588
41764455943
41764455991
41764455905
41764455963
41764455882
41764455758
41764455635
41764455885
41764455901
41764455972
41764455944
41764455813
41764455996
41764455834
41764455941
41764455954
41764455921
41764455974
41764455935
41764455956
41764455877
41764455984
41764455987
41764455983
41764455980
41764455686
41764455711
41764455957
41764455666
41764455861
41764454000
41764454013
41764454002
41764454029
41764454033
41764454016
41764454015
41764454010
41764454028
41764454005
41764454009
41764454032
41764454007
41764454023
41764454001
41764454019
41764454004
41764454025
41764454008
41764454014
41764454042
41764454012
41764454102
41764454052
41764454060
41764454043
41764454080
41764454084
41764454116
41764454131
41764454122
41764454118
41764454040
41764454149
41764454184
41764454268
41764454053
41764454100
41764454097
41764454105
41764454109
41764454253
41764454066
41764454114
41764454126
41764454085
41764454233
41764454062
41764454063
41764454171
41764454266
41764454034
41764454087
41764454205
41764454069
41764454150
41764454083
41764454048
41764454332
41764454107
41764454089
41764454145
41764454099
41764454044
41764454180
41764454135
41764454127
41764454050
41764454101
41764454096
41764454070
41764454245
41764454112
41764454328
41764454103
41764454296
41764454457
41764454129
41764454157
41764454392
41764454343
41764454442
41764454200
41764454276
41764454322
41764454185
41764454227
41764454359
41764454301
41764454313
41764454082
41764454215
41764454340
41764454139
41764454159
41764454187
41764454433
41764454173
41764454202
41764454153
41764454542
41764454246
41764454458
41764454282
41764454207
41764454134
41764454079
41764454172
41764454071
41764454196
41764454465
41764454203
41764454591
41764454346
41764454154
41764454174
41764454217
41764454428
41764454213
41764454204
41764454057
41764454504
41764454593
41764454226
41764454582
41764454241
41764454228
41764454073
41764454334
41764454888
41764454678
41764454220
41764454521
41764454365
41764454363
41764454548
41764454470
41764454579
41764454281
41764454700
41764454161
41764454381
41764454142
41764454735
41764454333
41764454587
41764454193
41764454714
41764454369
41764454623
41764454108
41764454445
41764454595
41764454350
41764454483
41764454488
41764454248
41764454653
41764454232
41764454515
41764454417
41764454792
41764454315
41764454225
41764454402
41764454866
41764454331
41764454347
41764454580
41764454430
41764454608
41764454600
41764454438
41764454536
41764454711
41764454900
41764454573
41764454416
41764454562
41764454289
41764454286
41764454472
41764454260
41764454558
41764454491
41764454512
41764454531
41764454758
41764454341
41764454980
41764454667
41764454590
41764454732
41764454476
41764454194
41764454413
41764454841
41764454528
41764454321
41764454576
41764454278
41764454813
41764454444
41764454419
41764454733
41764454669
41764454427
41764454705
41764454757
41764454948
41764454749
41764454878
41764454849
41764454471
41764454592
41764454724
41764454376
41764454423
41764454431
41764454390
41764454666
41764454577
41764454545
41764454466
41764454569
41764454456
41764454663
41764454617
41764454401
41764454477
41764454499
41764454337
41764454518
41764454597
41764454422
41764454497
41764454702
41764454833
41764454498
41764454406
41764454188
41764454460
41764454511
41764454305
41764454991
41764454621
41764454393
41764454288
41764454421
41764454966
41764454412
41764454224
41764454566
41764454918
41764454858
41764454821
41764454696
41764454658
41764454463
41764454778
41764454716
41764454795
41764454307
41764454894
41764454913
41764454479
41764454843
41764454725
41764454773
41764454304
41764454560
41764454325
41764454642
41764454609
41764454290
41764454327
41764454425
41764454803
41764454575
41764454551
41764454989
41764454527
41764454522
41764454454
41764454648
41764454839
41764454764
41764454970
41764454552
41764454656
41764454851
41764454835
41764454583
41764454829
41764454650
41764454408
41764454509
41764454661
41764454912
41764454523
41764454630
41764454802
41764454540
41764454762
41764454869
41764454525
41764454601
41764454873
41764454879
41764454314
41764454537
41764454715
41764454526
41764454486
41764454782
41764454800
41764454852
41764454664
41764454411
41764454676
41764454588
41764454640
41764454862
41764454731
41764454619
41764454400
41764454636
41764454738
41764454775
41764454559
41764454737
41764454629
41764454675
41764454899
41764454884
41764454602
41764454645
41764454969
41764454697
41764454614
41764454565
41764454380
41764454806
41764454984
41764454726
41764454649
41764454857
41764454921
41764454995
41764454589
41764454450
41764454855
41764454923
41764454520
41764454812
41764454903
41764454906
41764454685
41764454710
41764454901
41764454780
41764454459
41764454789
41764454877
41764454916
41764454717
41764454880
41764454699
41764454874
41764454889
41764454708
41764454941
41764454848
41764454507
41764454599
41764454612
41764454680
41764454728
41764454485
41764454976
41764454929
41764454951
41764454467
41764454755
41764454964
41764454963
41764454654
41764454985
41764454524
41764454746
41764454955
41764454626
41764454891
41764454850
41764454632
41764454831
41764454838
41764454584
41764454954
41764454996
41764454681
41764454962
41764454940
41764454777
41764454942
41764454860
41764454741
41764454826
41764454978
41764454945
41764454611
41764454673
41764454745
41764454751
41764454920
41764454748
41764454856
41764454807
41764454882
41764454814
41764454779
41764454864
41764454819
41764454893
41764454950
41764454990
41764454939
41764456000
41764456020
41764456008
41764456025
41764456017
41764456004
41764456002
41764456001
41764456013
41764456022
41764456005
41764456010
41764456019
41764456021
41764456029
41764456006
41764456033
41764456035
41764456173
41764456050
41764456057
41764456060
41764456055
41764456107
41764456031
41764456065
41764456069
41764456086
41764456111
41764456114
41764456090
41764456058
41764456056
41764456037
41764456099
41764456234
41764456145
41764456155
41764456136
41764456062
41764456075
41764456034
41764456140
41764456165
41764456175
41764456115
41764456068
41764456187
41764456164
41764456158
41764456161
41764456242
41764456071
41764456081
41764456067
41764456126
41764456305
41764456039
41764456172
41764456300
41764456188
41764456100
41764456038
41764456047
41764456141
41764456041
41764456063
41764456245
41764456246
41764456070
41764456351
41764456357
41764456375
41764456439
41764456144
41764456291
41764456256
41764456082
41764456409
41764456119
41764456453
41764456487
41764456092
41764456590
41764456336
41764456392
41764456616
41764456138
41764456080
41764456410
41764456156
41764456552
41764456226
41764456206
41764456229
41764456079
41764456292
41764456159
41764456139
41764456169
41764456196
41764456176
41764456232
41764456635
41764456505
41764456112
41764456083
41764456120
41764456397
41764456451
41764456368
41764456460
41764456163
41764456195
41764456095
41764456465
41764456768
41764456447
41764456322
41764456411
41764456220
41764456459
41764456558
41764456555
41764456299
41764456076
41764456154
41764456160
41764456191
41764456243
41764456680
41764456624
41764456221
41764456106
41764456190
41764456319
41764456298
41764456263
41764456344
41764456283
41764456692
41764456588
41764456274
41764456719
41764456223
41764456388
41764456137
41764456355
41764456211
41764456575
41764456577
41764456677
41764456513
41764456607
41764456497
41764456347
41764456581
41764456484
41764456383
41764456166
41764456450
41764456408
41764456266
41764456627
41764456225
41764456970
41764456204
41764456936
41764456907
41764456171
41764456471
41764456489
41764456595
41764456769
41764456150
41764456314
41764456152
41764456333
41764456277
41764456147
41764456660
41764456643
41764456445
41764456181
41764456685
41764456198
41764456443
41764456337
41764456519
41764456210
41764456349
41764456313
41764456584
41764456247
41764456244
41764456679
41764456596
41764456217
41764456312
41764456668
41764456566
41764456796
41764456416
41764456881
41764456182
41764456549
41764456490
41764456412
41764456215
41764456143
41764456339
41764456434
41764456280
41764456236
41764456655
41764456935
41764456779
41764456286
41764456110
41764456651
41764456390
41764456496
41764456544
41764456820
41764456594
41764456170
41764456889
41764456617
41764456395
41764456442
41764456259
41764456710
41764456696
41764456265
41764456271
41764456518
41764456777
41764456376
41764456712
41764456603
41764456580
41764456455
41764456121
41764456807
41764456469
41764456270
41764456328
41764456508
41764456746
41764456621
41764456479
41764456252
41764456404
41764456507
41764456966
41764456454
41764456494
41764456197
41764456354
41764456909
41764456758
41764456684
41764456760
41764456666
41764456963
41764456371
41764456540
41764456457
41764456564
41764456530
41764456569
41764456697
41764456527
41764456884
41764456385
41764456732
41764456623
41764456669
41764456545
41764456324
41764456633
41764456534
41764456903
41764456360
41764456550
41764456466
41764456865
41764456868
41764456811
41764456654
41764456511
41764456556
41764456546
41764456645
41764456316
41764456832
41764456458
41764456908
41764456611
41764456625
41764456303
41764456576
41764456965
41764456886
41764456851
41764456650
41764456689
41764456600
41764456960
41764456748
41764456964
41764456639
41764456515
41764456332
41764456786
41764456852
41764456565
41764456780
41764456940
41764456759
41764456770
41764456833
41764456362
41764456394
41764456797
41764456916
41764456765
41764456361
41764456572
41764456659
41764456860
41764456601
41764456995
41764456959
41764456871
41764456726
41764456799
41764456670
41764456598
41764456737
41764456944
41764456926
41764456464
41764456855
41764456414
41764456817
41764456585
41764456764
41764456656
41764456543
41764456620
41764456763
41764456567
41764456892
41764456774
41764456722
41764456499
41764456622
41764456393
41764456384
41764456790
41764456822
41764456971
41764456626
41764456853
41764456856
41764456784
41764456835
41764456612
41764456673
41764456728
41764456772
41764456893
41764456906
41764456976
41764456941
41764456979
41764456735
41764456848
41764456676
41764456711
41764456888
41764456815
41764456900
41764456816
41764456800
41764456924
41764456885
41764456981
41764456399
41764456990
41764456985
41764456444
41764456729
41764456533
41764456991
41764456830
41764456973
41764456878
41764456861
41764456560
41764456691
41764456776
41764456891
41764456955
41764450000
41764450010
41764450011
41764450017
41764450002
41764450013
41764450004
41764450032
41764450019
41764450026
41764450014
41764450021
41764450005
41764450008
41764450020
41764450024
41764450006
41764450031
41764450023
41764450015
41764450009
41764450025
41764450012
41764450041
41764450197
41764450057
41764450043
41764450073
41764450080
41764450085
41764450108
41764450064
41764450122
41764450187
41764450207
41764450208
41764450244
41764450034
41764450224
41764450063
41764450170
41764450047
41764450177
41764450050
41764450233
41764450234
41764450084
41764450037
41764450102
41764450089
41764450113
41764450095
41764450059
41764450131
41764450051
41764450252
41764450048
41764450110
41764450081
41764450125
41764450107
41764450175
41764450036
41764450300
41764450202
41764450076
41764450049
41764450070
41764450039
41764450082
41764450071
41764450058
41764450079
41764450053
41764450052
41764450205
41764450277
41764450098
41764450191
41764450035
41764450139
41764450312
41764450054
41764450269
41764450424
41764450439
41764450258
41764450288
41764450148
41764450086
41764450087
41764450500
41764450485
41764450056
41764450511
41764450166
41764450145
41764450093
41764450117
41764450152
41764450174
41764450161
41764450168
41764450250
41764450379
41764450097
41764450293
41764450402
41764450169
41764450106
41764450320
41764450217
41764450045
41764450376
41764450652
41764450248
41764450092
41764450496
41764450465
41764450262
41764450513
41764450279
41764450127
41764450060
41764450824
41764450201
41764450409
41764450283
41764450228
41764450505
41764450046
41764450519
41764450241
41764450286
41764450123
41764450425
41764450324
41764450515
41764450528
41764450115
41764450120
41764450591
41764450281
41764450297
41764450476
41764450416
41764450211
41764450215
41764450291
41764450321
41764450550
41764450362
41764450061
41764450390
41764450817
41764450105
41764450314
41764450349
41764450237
41764450400
41764450334
41764450212
41764450265
41764450307
41764450506
41764450285
41764450517
41764450104
41764450135
41764450310
41764450280
41764450700
41764450311
41764450091
41764450440
41764450512
41764450220
41764450336
41764450962
41764450346
41764450303
41764450352
41764450289
41764450617
41764450900
41764450939
41764450391
41764450564
41764450776
41764450794
41764450680
41764450403
41764450214
41764450305
41764450710
41764450198
41764450616
41764450328
41764450072
41764450164
41764450243
41764450645
41764450456
41764450282
41764450301
41764450209
41764450350
41764450489
41764450775
41764450330
41764450888
41764450206
41764450636
41764450299
41764450271
41764450725
41764450408
41764450599
41764450374
41764450062
41764450359
41764450417
41764450436
41764450033
41764450553
41764450428
41764450518
41764450229
41764450902
41764450508
41764450610
41764450306
41764450395
41764450369
41764450325
41764450323
41764450357
41764450731
41764450273
41764450668
41764450988
41764450331
41764450315
41764450204
41764450365
41764450453
41764450344
41764450539
41764450997
41764450719
41764450536
41764450910
41764450222
41764450865
41764450218
41764450642
41764450573
41764450345
41764450716
41764450231
41764450255
41764450626
41764450483
41764450693
41764450580
41764450743
41764450401
41764450838
41764450469
41764450333
41764450819
41764450155
41764450405
41764450581
41764450886
41764450554
41764450404
41764450360
41764450899
41764450690
41764450778
41764450521
41764450239
41764450501
41764450709
41764450703
41764450718
41764450529
41764450454
41764450354
41764450992
41764450726
41764450335
41764450701
41764450621
41764450600
41764450426
41764450547
41764450618
41764450260
41764450702
41764450530
41764450969
41764450195
41764450429
41764450437
41764450421
41764450381
41764450739
41764450213
41764450415
41764450607
41764450338
41764450399
41764450609
41764450625
41764450533
41764450556
41764450848
41764450407
41764450746
41764450712
41764450578
41764450856
41764450735
41764450653
41764450562
41764450787
41764450557
41764450602
41764450834
41764450804
41764450783
41764450905
41764450574
41764450851
41764450418
41764450387
41764450685
41764450662
41764450569
41764450355
41764450667
41764450516
41764450498
41764450770
41764450535
41764450397
41764450559
41764450714
41764450461
41764450263
41764450522
41764450438
41764450507
41764450540
41764450579
41764450956
41764450219
41764450503
41764450952
41764450527
41764450835
41764450492
41764450431
41764450733
41764450831
41764450711
41764450945
41764450771
41764450643
41764450960
41764450875
41764450880
41764450986
41764450622
41764450598
41764450878
41764450497
41764450572
41764450684
41764450615
41764450882
41764450488
41764450704
41764450930
41764450706
41764450674
41764450595
41764450790
41764450660
41764450908
41764450802
41764450742
41764450853
41764450681
41764450987
41764450820
41764450958
41764450644
41764450620
41764450504
41764450590
41764450756
41764450909
41764450614
41764450322
41764450773
41764450353
41764450490
41764450661
41764450803
41764450874
41764450867
41764450608
41764450302
41764450582
41764450970
41764450912
41764450551
41764450699
41764450740
41764450728
41764450502
41764450619
41764450805
41764450968
41764450555
41764450860
41764450544
41764450906
41764450475
41764450811
41764450935
41764450974
41764450677
41764450903
41764450656
41764450510
41764450907
41764450932
41764450943
41764450601
41764450799
41764450810
41764450808
41764450769
41764450975
41764450520
41764450809
41764450980
41764450722
41764450672
41764450920
41764450911
41764450947
41764450914
41764450904
41764450319
41764450708
41764450793
41764450800
41764450542
41764450781
41764450768
41764450589
41764450715
41764450991
41764450995
41764450724
41764450823
41764450928
41764450961
41764450953
41764450861
41764450979
41764450630
41764450713
41764450879
41764450829
41764450747
41764450890
41764450870
41764450612
41764450807
41764450806
41764450634
41764450951
41764450972
41764450966
41764450611
41764450575
41764450822
41764450869
41764450659
41764450894
41764450918
41764450897
41764450859
41764450977
41764450657
41764450858
41764450779
41764450717
41764450964
41764450671
41764450941
41764450705
41764450915
41764450883
41764459020
41764459010
41764459016
41764459003
41764459022
41764459013
41764459005
41764459001
41764459024
41764459030
41764459019
41764459011
41764459009
41764459007
41764459027
41764459015
41764459018
41764459029
41764459023
41764459012
41764459032
41764459038
41764459069
41764459089
41764459129
41764459200
41764459046
41764459008
41764459090
41764459060
41764459044
41764459082
41764459122
41764459084
41764459302
41764459103
41764459160
41764459141
41764459140
41764459087
41764459095
41764459099
41764459068
41764459049
41764459224
41764459202
41764459062
41764459307
41764459329
41764459055
41764459368
41764459119
41764459043
41764459170
41764459472
41764459454
41764459262
41764459187
41764459057
41764459283
41764459118
41764459402
41764459204
41764459105
41764459078
41764459223
41764459074
41764459221
41764459034
41764459075
41764459304
41764459182
41764459125
41764459111
41764459275
41764459110
41764459156
41764459311
41764459157
41764459102
41764459067
41764459254
41764459388
41764459158
41764459244
41764459420
41764459048
41764459227
41764459241
41764459172
41764459323
41764459097
41764459288
41764459308
41764459393
41764459219
41764459441
41764459109
41764459534
41764459177
41764459350
41764459387
41764459407
41764459356
41764459490
41764459251
41764459260
41764459414
41764459195
41764459085
41764459751
41764459211
41764459451
41764459389
41764459149
41764459267
41764459229
41764459114
41764459381
41764459171
41764459559
41764459326
41764459694
41764459126
41764459139
41764459138
41764459597
41764459295
41764459220
41764459196
41764459155
41764459544
41764459428
41764459050
41764459837
41764459134
41764459190
41764459710
41764459643
41764459135
41764459618
41764459286
41764459124
41764459422
41764459380
41764459680
41764459411
41764459292
41764459825
41764459299
41764459424
41764459569
41764459305
41764459328
41764459259
41764459213
41764459320
41764459516
41764459174
41764459538
41764459274
41764459263
41764459564
41764459790
41764459839
41764459165
41764459346
41764459430
41764459413
41764459520
41764459193
41764459555
41764459281
41764459361
41764459616
41764459503
41764459199
41764459255
41764459652
41764459666
41764459468
41764459131
41764459484
41764459755
41764459416
41764459798
41764459958
41764459396
41764459630
41764459836
41764459692
41764459226
41764459436
41764459324
41764459681
41764459653
41764459479
41764459759
41764459313
41764459315
41764459808
41764459549
41764459280
41764459717
41764459622
41764459595
41764459225
41764459914
41764459676
41764459322
41764459648
41764459822
41764459650
41764459800
41764459601
41764459377
41764459477
41764459285
41764459343
41764459394
41764459557
41764459571
41764459949
41764459831
41764459704
41764459711
41764459928
41764459344
41764459744
41764459792
41764459972
41764459492
41764459772
41764459734
41764459876
41764459583
41764459615
41764459647
41764459930
41764459881
41764459659
41764459425
41764459678
41764459232
41764459551
41764459878
41764459771
41764459716
41764459684
41764459727
41764459526
41764459405
41764459515
41764459957
41764459786
41764459985
41764459446
41764459427
41764459303
41764459357
41764459355
41764459922
41764459470
41764459474
41764459908
41764459637
41764459306
41764459349
41764459384
41764459901
41764459580
41764459718
41764459787
41764459594
41764459076
41764459646
41764459585
41764459740
41764459927
41764459947
41764459783
41764459892
41764459888
41764459907
41764459779
41764459977
41764459373
41764459600
41764459809
41764459638
41764459535
41764459591
41764459449
41764459749
41764459887
41764459990
41764459956
41764459435
41764459967
41764459856
41764459448
41764459674
41764459795
41764459566
41764459899
41764459970
41764459889
41764459900
41764459399
41764459693
41764459466
41764459644
41764459820
41764459976
41764459747
41764459590
41764459780
41764459986
41764459859
41764459917
41764459539
41764459410
41764459768
41764459817
41764459398
41764459962
41764459735
41764459757
41764459762
41764459824
41764459767
41764459931
41764459848
41764459932
41764459982
41764459746
41764459525
41764459975
41764459870
41764459989
41764459940
41764459946
41764459514
41764459440
41764459743
41764459475
41764459714
41764459850
41764459543
41764459688
41764459596
41764459864
41764459915
41764459861
41764459685
41764459504
41764459811
41764459690
41764459987
41764459705
41764459955
41764459310
41764459547
41764459879
41764459593
41764459719
41764459994
41764459796
41764459667
41764459699
41764459829
41764459777
41764459893
41764459941
41764459883
41764459919
41764459799
41764459971
41764459874
41764459983
41764459741
41764459877
41764459895
41764459969
41764459920
41764459904
41764459995
41764459996
41764459272
41764459558
41764453009
41764453011
41764453004
41764453005
41764453030
41764453020
41764453008
41764453010
41764453002
41764453006
41764453029
41764453023
41764453013
41764453007
41764453017
41764453024
41764453031
41764453303
41764453036
41764453048
41764453049
41764453051
41764453054
41764453033
41764453108
41764453135
41764453142
41764453121
41764453171
41764453050
41764453060
41764453124
41764453133
41764453055
41764453245
41764453074
41764453046
41764453045
41764453098
41764453052
41764453082
41764453174
41764453158
41764453095
41764453188
41764453081
41764453067
41764453125
41764453155
41764453096
41764453211
41764453157
41764453405
41764453038
41764453354
41764453039
41764453100
41764453071
41764453117
41764453287
41764453338
41764453162
41764453146
41764453326
41764453388
41764453092
41764453257
41764453307
41764453611
41764453194
41764453077
41764453225
41764453417
41764453441
41764453255
41764453370
41764453232
41764453339
41764453231
41764453455
41764453112
41764453070
41764453274
41764453161
41764453540
41764453336
41764453359
41764453297
41764453480
41764453616
41764453486
41764453322
41764453499
41764453123
41764453345
41764453244
41764453069
41764453277
41764453329
41764453275
41764453064
41764453184
41764453418
41764453367
41764453446
41764453320
41764453286
41764453290
41764453270
41764453300
41764453230
41764453219
41764453210
41764453545
41764453139
41764453362
41764453180
41764453533
41764453101
41764453262
41764453144
41764453717
41764453612
41764453237
41764453107
41764453532
41764453249
41764453464
41764453331
41764453463
41764453398
41764453239
41764453549
41764453154
41764453599
41764453192
41764453483
41764453109
41764453391
41764453856
41764453364
41764453291
41764453475
41764453305
41764453272
41764453559
41764453316
41764453197
41764453353
41764453592
41764453380
41764453343
41764453571
41764453680
41764453656
41764453393
41764453302
41764453453
41764453256
41764453781
41764453530
41764453191
41764453340
41764453172
41764453766
41764453240
41764453212
41764453215
41764453246
41764453301
41764453565
41764453368
41764453319
41764453520
41764453432
41764453724
41764453551
41764453349
41764453780
41764453407
41764453658
41764453556
41764453427
41764453590
41764453709
41764453200
41764453907
41764453648
41764453261
41764453518
41764453207
41764453399
41764453328
41764453560
41764453757
41764453646
41764453355
41764453248
41764453538
41764453704
41764453534
41764453613
41764453482
41764453238
41764453065
41764453430
41764453567
41764453636
41764453914
41764453392
41764453318
41764453585
41764453634
41764453445
41764453519
41764453554
41764453385
41764453597
41764453676
41764453177
41764453416
41764453317
41764453891
41764453229
41764453627
41764453299
41764453625
41764453791
41764453536
41764453876
41764453794
41764453334
41764453383
41764453473
41764453500
41764453527
41764453745
41764453381
41764453743
41764453296
41764453568
41764453323
41764453801
41764453857
41764453537
41764453619
41764453494
41764453961
41764453596
41764453728
41764453714
41764453670
41764453444
41764453887
41764453448
41764453877
41764453690
41764453994
41764453843
41764453488
41764453356
41764453649
41764453855
41764453269
41764453330
41764453218
41764453558
41764453900
41764453562
41764453561
41764453809
41764453679
41764453788
41764453365
41764453512
41764453624
41764453803
41764453510
41764453797
41764453796
41764453423
41764453404
41764453263
41764453438
41764453552
41764453539
41764453804
41764453882
41764453688
41764453314
41764453824
41764453447
41764453890
41764453415
41764453493
41764453880
41764453970
41764453848
41764453481
41764453673
41764453652
41764453884
41764453984
41764453525
41764453497
41764453977
41764453786
41764453449
41764453413
41764453938
41764453710
41764453798
41764453588
41764453885
41764453397
41764453831
41764453993
41764453575
41764453603
41764453462
41764453454
41764453615
41764453817
41764453442
41764453271
41764453243
41764453663
41764453508
41764453363
41764453832
41764453903
41764453626
41764453925
41764453591
41764453957
41764453712
41764453631
41764453790
41764453997
41764453814
41764453617
41764453703
41764453811
41764453756
41764453750
41764453749
41764453547
41764453972
41764453705
41764453867
41764453820
41764453922
41764453969
41764453996
41764453507
41764453744
41764453955
41764453910
41764453570
41764453889
41764453553
41764453352
41764453894
41764453909
41764453524
41764453708
41764453930
41764453777
41764453991
41764453895
41764453959
41764453800
41764453666
41764453715
41764453815
41764453989
41764453711
41764453731
41764453515
41764453373
41764453888
41764453830
41764453960
41764453841
41764453719
41764453529
41764453741
41764453835
41764453918
41764453992
41764453503
41764453990
41764453947
41764453516
41764453863
41764453878
41764453566
41764453779
41764453742
41764453982
41764453926
41764453838
41764453862
41764453610
41764453906
41764453948
41764453834
41764453881
41764453966
41764453956
41764451000
41764451007
41764451026
41764451011
41764451022
41764451028
41764451024
41764451003
41764451019
41764451030
41764451001
41764451017
41764451031
41764451016
41764451009
41764451014
41764451006
41764451023
41764451029
41764451012
41764451032
41764451018
41764451010
41764451053
41764451108
41764451149
41764451122
41764451100
41764451227
41764451072
41764451063
41764451096
41764451298
41764451064
41764451060
41764451054
41764451077
41764451102
41764451057
41764451090
41764451061
41764451067
41764451044
41764451117
41764451145
41764451040
41764451076
41764451180
41764451093
41764451224
41764451132
41764451079
41764451129
41764451179
41764451138
41764451115
41764451197
41764451199
41764451133
41764451208
41764451201
41764451274
41764451214
41764451051
41764451109
41764451240
41764451112
41764451085
41764451212
41764451337
41764451039
41764451119
41764451146
41764451148
41764451087
41764451078
41764451294
41764451098
41764451175
41764451080
41764451130
41764451046
41764451192
41764451070
41764451304
41764451187
41764451097
41764451326
41764451276
41764451285
41764451066
41764451126
41764451113
41764451033
41764451156
41764451114
41764451106
41764451269
41764451243
41764451247
41764451204
41764451059
41764451295
41764451172
41764451062
41764451242
41764451136
41764451128
41764451331
41764451092
41764451244
41764451289
41764451142
41764451314
41764451300
41764451104
41764451253
41764451135
41764451166
41764451219
41764451344
41764451181
41764451266
41764451213
41764451198
41764451316
41764451223
41764451084
41764451302
41764451207
41764451268
41764451186
41764451310
41764451094
41764451262
41764451111
41764451283
41764451185
41764451218
41764451291
41764451317
41764451230
41764451290
41764451341
41764451277
41764451222
41764451177
41764451336
41764451225
41764451161
41764451293
41764451306
41764451265
41764451193
41764451255
41764451347
41764451229
41764451260
41764451259
41764451301
41764451191
41764451275
41764451286
41764451236
41764451282
41764451250
41764451270
41764451303
41764451220
41764451332
41764451335
41764451323
41764451248
41764451340
41764451272
41764451297
41764451305
41764451333
41764451311
41764451261
41764451315
41764451271
41764451215
41764451202
41764451231
41764451251
41764451350
41764451365
41764451371
41764451363
41764451359
41764451379
41764451356
41764451352
41764451370
41764451382
41764451378
41764451375
41764451362
41764451374
41764451386
41764451466
41764451480
41764451511
41764451384
41764451513
41764451440
41764451494
41764451491
41764451403
41764451573
41764451433
41764451423
41764451395
41764451499
41764451402
41764451392
41764451437
41764451507
41764451414
41764451557
41764451417
41764451604
41764451405
41764451385
41764451608
41764451388
41764451473
41764451406
41764451506
41764451387
41764451400
41764451432
41764451408
41764451396
41764451431
41764451508
41764451619
41764451679
41764451518
41764451517
41764451550
41764451587
41764451552
41764451527
41764451439
41764451522
41764451409
41764451420
41764451383
41764451398
41764451669
41764451490
41764451514
41764451533
41764451588
41764451607
41764451411
41764451428
41764451631
41764451458
41764451555
41764451534
41764451444
41764451650
41764451677
41764451609
41764451688
41764451464
41764451496
41764451549
41764451664
41764451598
41764451441
41764451489
41764451512
41764451599
41764451590
41764451583
41764451404
41764451472
41764451628
41764451601
41764451482
41764451610
41764451401
41764451460
41764451553
41764451612
41764451585
41764451450
41764451446
41764451571
41764451633
41764451676
41764451640
41764451692
41764451582
41764451463
41764451541
41764451567
41764451594
41764451502
41764451562
41764451454
41764451621
41764451629
41764451579
41764451614
41764451697
41764451667
41764451525
41764451620
41764451644
41764451569
41764451546
41764451528
41764451639
41764451602
41764451661
41764451586
41764451551
41764451591
41764451632
41764451675
41764451581
41764451687
41764451556
41764451501
41764451686
41764451671
41764451695
41764451595
41764451684
41764451611
41764451558
41764451624
41764451596
41764451680
41764451503
41764451670
41764451647
41764451536
41764451606
41764451568
41764451656
41764451655
41764451618
41764451704
41764451709
41764451702
41764451700
41764451717
41764451730
41764451703
41764451712
41764451716
41764451707
41764451713
41764451710
41764451727
41764451708
41764451706
41764451721
41764451711
41764451705
41764451776
41764451787
41764451801
41764451758
41764451762
41764451815
41764451748
41764451757
41764451754
41764451784
41764451769
41764451812
41764451804
41764451817
41764451750
41764451765
41764451742
41764451763
41764451805
41764451755
41764451743
41764451770
41764451744
41764451756
41764451794
41764451811
41764451795
41764451737
41764451818
41764451771
41764451752
41764451759
41764451808
41764451810
41764451779
41764451802
41764451796
41764451785
41764451841
41764451822
41764451859
41764451836
41764451829
41764451821
41764451887
41764451851
41764451902
41764451889
41764451893
41764451896
41764451869
41764451857
41764451905
41764451820
41764451831
41764451892
41764451898
41764451862
41764451846
41764451885
41764451838
41764451860
41764451835
41764451850
41764451888
41764451904
41764451891
41764451901
41764451881
41764451856
41764451879
41764451884
41764451906
41764451840
41764451833
41764451882
41764451855
41764451903
41764451966
41764451948
41764451945
41764451912
41764451911
41764451950
41764451958
41764451954
41764451907
41764451944
41764451920
41764451964
41764451916
41764451935
41764451952
41764451908
41764451960
41764451963
41764451946
41764451943
41764451917
41764451940
41764451951
41764451942
41764451959
41764451988
41764451987
41764451972
41764451990
41764451984
41764451977
41764451979
41764451974
41764451971
41764451973
41764451989
41764451980
41764451998
41764451992
41764451993
41764451986
41764451995
41764452004
41764452009
41764452031
41764452025
41764452010
41764452003
41764452022
41764452018
41764452007
41764452011
41764452032
41764452016
41764452030
41764452020
41764452005
41764452014
41764452001
41764452027
41764452024
41764452078
41764452041
41764452071
41764452074
41764452085
41764452095
41764452096
41764452272
41764452150
41764452155
41764452119
41764452075
41764452056
41764452211
41764452226
41764452059
41764452124
41764452045
41764452109
41764452126
41764452040
41764452105
41764452174
41764452100
41764452054
41764452094
41764452053
41764452061
41764452340
41764452122
41764452181
41764452106
41764452247
41764452197
41764452220
41764452217
41764452244
41764452227
41764452633
41764452277
41764452182
41764452237
41764452201
41764452034
41764452151
41764452021
41764452509
41764452349
41764452228
41764452381
41764452420
41764452037
41764452312
41764452058
41764452057
41764452422
41764452301
41764452472
41764452357
41764452064
41764452083
41764452483
41764452447
41764452129
41764452068
41764452327
41764452212
41764452290
41764452686
41764452292
41764452231
41764452319
41764452047
41764452207
41764452065
41764452246
41764452413
41764452402
41764452238
41764452286
41764452219
41764452289
41764452528
41764452214
41764452303
41764452263
41764452210
41764452300
41764452084
41764452308
41764452359
41764452081
41764452262
41764452103
41764452242
41764452206
41764452229
41764452790
41764452163
41764452395
41764452190
41764452406
41764452321
41764452173
41764452278
41764452113
41764452063
41764452310
41764452347
41764452378
41764452572
41764452264
41764452295
41764452484
41764452128
41764452260
41764452425
41764452101
41764452404
41764452478
41764452107
41764452473
41764452388
41764452079
41764452213
41764452203
41764452134
41764452311
41764452407
41764452204
41764452500
41764452346
41764452102
41764452239
41764452166
41764452392
41764452092
41764452365
41764452599
41764452523
41764452601
41764452254
41764452827
41764452315
41764452291
41764452317
41764452555
41764452243
41764452358
41764452768
41764452255
41764452368
41764452451
41764452545
41764452153
41764452530
41764452400
41764452154
41764452712
41764452446
41764452333
41764452104
41764452033
41764452283
41764452724
41764452294
41764452456
41764452705
41764452285
41764452261
41764452542
41764452331
41764452434
41764452424
41764452401
41764452467
41764452248
41764452645
41764452507
41764452288
41764452192
41764452323
41764452316
41764452730
41764452662
41764452549
41764452706
41764452403
41764452487
41764452486
41764452199
41764452135
41764452815
41764452224
41764452490
41764452297
41764452328
41764452309
41764452325
41764452379
41764452342
41764452604
41764452858
41764452387
41764452654
41764452108
41764452465
41764452716
41764452733
41764452560
41764452749
41764452526
41764452270
41764452506
41764452258
41764452118
41764452806
41764452803
41764452644
41764452612
41764452284
41764452525
41764452702
41764452428
41764452651
41764452356
41764452576
41764452813
41764452940
41764452485
41764452840
41764452655
41764452767
41764452121
41764452537
41764452571
41764452621
41764452631
41764452592
41764452369
41764452854
41764452553
41764452762
41764452862
41764452293
41764452870
41764452520
41764452872
41764452876
41764452766
41764452917
41764452306
41764452792
41764452606
41764452595
41764452419
41764452824
41764452429
41764452619
41764452593
41764452587
41764452978
41764452625
41764452802
41764452566
41764452501
41764452646
41764452911
41764452573
41764452685
41764452605
41764452698
41764452868
41764452754
41764452699
41764452561
41764452955
41764452252
41764452877
41764452690
41764452468
41764452966
41764452322
41764452314
41764452177
41764452617
41764452339
41764452514
41764452668
41764452405
41764452680
41764452810
41764452763
41764452887
41764452939
41764452374
41764452781
41764452732
41764452271
41764452616
41764452524
41764452531
41764452898
41764452600
41764452820
41764452574
41764452539
41764452554
41764452642
41764452232
41764452805
41764452861
41764452412
41764452906
41764452565
41764452550
41764452681
41764452602
41764452408
41764452511
41764452985
41764452696
41764452976
41764452638
41764452771
41764452683
41764452884
41764452902
41764452426
41764452930
41764452411
41764452770
41764452947
41764452497
41764452883
41764452814
41764452661
41764452788
41764452521
41764452726
41764452929
41764452866
41764452343
41764452993
41764452807
41764452455
41764452941
41764452918
41764452886
41764452865
41764452618
41764452414
41764452775
41764452709
41764452586
41764452700
41764452812
41764452304
41764452691
41764452931
41764452912
41764452828
41764452995
41764452900
41764452421
41764452717
41764452667
41764452789
41764452797
41764452816
41764452684
41764452962
41764452901
41764452627
41764452660
41764452869
41764452888
41764452778
41764452688
41764452544
41764452782
41764452735
41764452707
41764452551
41764452856
41764452552
41764452907
41764452774
41764452607
41764452860
41764452626
41764452826
41764452852
41764452910
41764452922
41764452474
41764452527
41764452984
41764452982
41764452751
41764452831
41764452808
41764452505
41764452915
41764452603
41764452585
41764452798
41764452415
41764452800
41764452727
41764452879
41764452942
41764452919
41764452844
41764452909
41764452723
41764452777
41764452885
41764452568
41764452740
41764452449
41764452799
41764452708
41764452875
41764452896
41764452548
41764452710
41764452988
41764452905
41764452715
41764452926
41764452924
41764452850
41764452804
41764452893
41764452957
41764452564
41764452914
41764452904
41764452801
41764452628
41764452760
41764452750
41764452892
41764452945
41764452980
41764452903
41764458000
41764458008
41764458031
41764458007
41764458015
41764458029
41764458024
41764458027
41764458028
41764458001
41764458002
41764458010
41764458018
41764458011
41764458009
41764458005
41764458091
41764458140
41764458176
41764458085
41764458078
41764458304
41764458118
41764458069
41764458208
41764458246
41764458184
41764458124
41764458228
41764458070
41764458194
41764458039
41764458272
41764458200
41764458370
41764458291
41764458101
41764458161
41764458066
41764458094
41764458237
41764458230
41764458065
41764458115
41764458539
41764458080
41764458083
41764458130
41764458122
41764458137
41764458243
41764458205
41764458197
41764458225
41764458247
41764458339
41764458043
41764458090
41764458093
41764458421
41764458213
41764458239
41764458054
41764458155
41764458414
41764458344
41764458631
41764458088
41764458188
41764458055
41764458151
41764458177
41764458051
41764458112
41764458179
41764458449
41764458105
41764458165
41764458367
41764458287
41764458747
41764458053
41764458500
41764458389
41764458099
41764458271
41764458120
41764458071
41764458312
41764458377
41764458457
41764458614
41764458224
41764458439
41764458330
41764458227
41764458086
41764458276
41764458482
41764458350
41764458114
41764458428
41764458123
41764458473
41764458407
41764458665
41764458075
41764458264
41764458641
41764458064
41764458411
41764458223
41764458191
41764458349
41764458152
41764458474
41764458924
41764458384
41764458202
41764458269
41764458103
41764458241
41764458498
41764458401
41764458143
41764458583
41764458431
41764458679
41764458604
41764458315
41764458337
41764458341
41764458683
41764458301
41764458780
41764458520
41764458206
41764458255
41764458292
41764458186
41764458092
41764458058
41764458238
41764458595
41764458252
41764458550
41764458305
41764458220
41764458199
41764458477
41764458262
41764458912
41764458518
41764458783
41764458404
41764458469
41764458497
41764458610
41764458618
41764458318
41764458134
41764458214
41764458442
41764458558
41764458448
41764458386
41764458650
41764458716
41764458135
41764458752
41764458546
41764458281
41764458626
41764458303
41764458182
41764458420
41764458410
41764458574
41764458145
41764458741
41764458654
41764458758
41764458343
41764458485
41764458285
41764458760
41764458309
41764458119
41764458325
41764458548
41764458585
41764458633
41764458605
41764458480
41764458901
41764458821
41764458328
41764458706
41764458385
41764458561
41764458392
41764458593
41764458617
41764458889
41764458381
41764458353
41764458949
41764458364
41764458656
41764458460
41764458687
41764458642
41764458815
41764458492
41764458499
41764458338
41764458881
41764458560
41764458244
41764458266
41764458769
41764458601
41764458720
41764458467
41764458452
41764458515
41764458286
41764458447
41764458284
41764458606
41764458372
41764458668
41764458426
41764458166
41764458193
41764458713
41764458277
41764458501
41764458484
41764458483
41764458380
41764458516
41764458636
41764458568
41764458538
41764458306
41764458767
41764458843
41764458941
41764458388
41764458234
41764458659
41764458332
41764458455
41764458779
41764458795
41764458851
41764458674
41764458897
41764458450
41764458700
41764458589
41764458685
41764458939
41764458951
41764458834
41764458782
41764458643
41764458677
41764458731
41764458670
41764458755
41764458844
41764458360
41764458857
41764458698
41764458565
41764458948
41764458778
41764458673
41764458172
41764458479
41764458666
41764458638
41764458481
41764458427
41764458803
41764458689
41764458772
41764458753
41764458964
41764458812
41764458712
41764458968
41764458615
41764458777
41764458822
41764458719
41764458768
41764458622
41764458403
41764458886
41764458988
41764458511
41764458559
41764458462
41764458919
41764458710
41764458714
41764458507
41764458935
41764458828
41764458744
41764458791
41764458440
41764458505
41764458861
41764458888
41764458522
41764458984
41764458981
41764458928
41764458521
41764458879
41764458519
41764458859
41764458979
41764458808
41764458788
41764458976
41764458611
41764458635
41764458655
41764458178
41764458540
41764458478
41764458871
41764458831
41764458799
41764458807
41764458576
41764458990
41764458599
41764458553
41764458813
41764458800
41764458390
41764458840
41764458845
41764458896
41764458817
41764458852
41764458564
41764458874
41764458980
41764458944
41764458688
41764458933
41764458789
41764458811
41764458750
41764458950
41764458814
41764458660
41764458892
41764458842
41764458806
41764458929
41764458759
41764458632
41764458930
41764458375
41764458885
41764458645
41764458987
41764458785
41764458890
41764458830
41764458356
41764458858
41764458952
41764458936
41764458915
41764458701
41764458694
41764458690
41764458570
41764458850
41764458563
41764458555
41764458894
41764458913
41764458818
41764458955
41764458868
41764458906
41764458989
41764458434
41764458869
41764458619
41764458805
41764458899
41764458545
41764458686
41764458525
41764458823
41764458620
41764458993
41764458893
41764458898
41764458684
41764458992
41764458883
41764458995
41764458895
41764458931
41764458880
41764458908
41764457022
41764457012
41764457030
41764457001
41764457006
41764457011
41764457026
41764457023
41764457008
41764457018
41764457015
41764457020
41764457050
41764457045
41764457074
41764457115
41764457190
41764457077
41764457048
41764457172
41764457041
41764457110
41764457040
41764457059
41764457163
41764457205
41764457122
41764457145
41764457204
41764457069
41764457136
41764457192
41764457159
41764457292
41764457234
41764457271
41764457258
41764457075
41764457055
41764457182
41764457060
41764457049
41764457221
41764457072
41764457047
41764457099
41764457132
41764457104
41764457117
41764457090
41764457237
41764457093
41764457112
41764457262
41764457249
41764457244
41764457209
41764457228
41764457212
41764457148
41764457106
41764457092
41764457033
41764457156
41764457195
41764457111
41764457126
41764457285
41764457213
41764457128
41764457091
41764457199
41764457288
41764457080
41764457167
41764457071
41764457334
41764457135
41764457184
41764457284
41764457137
41764457327
41764457275
41764457149
41764457299
41764457207
41764457201
41764457076
41764457243
41764457079
41764457177
41764457119
41764457274
41764457242
41764457161
41764457200
41764457220
41764457277
41764457314
41764457316
41764457287
41764457208
41764457270
41764457339
41764457303
41764457162
41764457061
41764457268
41764457062
41764457318
41764457233
41764457215
41764457121
41764457331
41764457296
41764457144
41764457300
41764457340
41764457152
41764457313
41764457341
41764457293
41764457255
41764457238
41764457186
41764457305
41764457143
41764457176
41764457298
41764457196
41764457297
41764457179
41764457281
41764457328
41764457206
41764457346
41764457347
41764457338
41764457181
41764457272
41764457307
41764457343
41764457330
41764457333
41764457380
41764457359
41764457376
41764457357
41764457362
41764457375
41764457372
41764457369
41764457394
41764457384
41764457580
41764457571
41764457451
41764457422
41764457432
41764457464
41764457424
41764457486
41764457400
41764457473
41764457404
41764457417
41764457397
41764457395
41764457684
41764457570
41764457399
41764457474
41764457403
41764457530
41764457477
41764457413
41764457521
41764457393
41764457588
41764457539
41764457632
41764457673
41764457565
41764457470
41764457408
41764457405
41764457423
41764457555
41764457488
41764457452
41764457575
41764457543
41764457516
41764457630
41764457414
41764457610
41764457644
41764457415
41764457618
41764457599
41764457497
41764457453
41764457466
41764457446
41764457569
41764457476
41764457532
41764457493
41764457572
41764457494
41764457536
41764457560
41764457578
41764457441
41764457566
41764457626
41764457574
41764457455
41764457508
41764457512
41764457678
41764457458
41764457534
41764457426
41764457535
41764457656
41764457672
41764457628
41764457514
41764457513
41764457583
41764457609
41764457677
41764457515
41764457602
41764457457
41764457505
41764457683
41764457620
41764457524
41764457625
41764457589
41764457603
41764457622
41764457556
41764457584
41764457629
41764457540
41764457485
41764457577
41764457597
41764457687
41764457639
41764457545
41764457549
41764457527
41764457637
41764457554
41764457686
41764457692
41764457640
41764457586
41764457636
41764457496
41764457693
41764457585
41764457558
41764457559
41764457567
41764457595
41764457641
41764457675
41764457676
41764457670
41764457631
41764457697
41764457635
41764457715
41764457719
41764457705
41764457713
41764457700
41764457702
41764457725
41764457718
41764457721
41764457724
41764457730
41764457712
41764457723
41764457722
41764457717
41764457703
41764457727
41764457740
41764457755
41764457747
41764457750
41764457737
41764457732
41764457758
41764457741
41764457736
41764457752
41764457754
41764457744
41764457763
41764457731
41764457762
41764457756
41764457751
41764457739
41764457757
41764457821
41764457835
41764457793
41764457766
41764457786
41764457805
41764457773
41764457789
41764457774
41764457823
41764457811
41764457794
41764457809
41764457850
41764457795
41764457780
41764457772
41764457808
41764457797
41764457819
41764457787
41764457791
41764457771
41764457842
41764457837
41764457782
41764457807
41764457822
41764457788
41764457814
41764457845
41764457800
41764457840
41764457776
41764457846
41764457833
41764457827
41764457775
41764457843
41764457841
41764457844
41764457853
41764457854
41764457876
41764457889
41764457882
41764457909
41764457863
41764457864
41764457877
41764457894
41764457897
41764457869
41764457881
41764457896
41764457900
41764457873
41764457866
41764457879
41764457875
41764457890
41764457860
41764457911
41764457885
41764457878
41764457898
41764457961
41764457942
41764457934
41764457913
41764457919
41764457918
41764457937
41764457953
41764457954
41764457932
41764457933
41764457965
41764457917
41764457958
41764457960
41764457968
41764457995
41764457978
41764457976
41764457992
41764457990
41764457972
41764457975
41764457997
41764457974
41764457998
41764457979
41764457993
41764457980
41764457970
41764457971
41764457987
