41765855015
41765855019
41765855005
41765855028
41765855032
41765855025
41765855017
41765855020
41765855002
41765855024
41765855033
41765855030
41765855023
41765855001
41765855003
41765855022
41765855004
41765855006
41765855008
41765855098
41765855026
41765855009
41765855040
41765855068
41765855066
41765855087
41765855041
41765855229
41765855048
41765855078
41765855105
41765855036
41765855049
41765855065
41765855145
41765855037
41765855230
41765855337
41765855166
41765855307
41765855178
41765855219
41765855091
41765855043
41765855071
41765855038
41765855130
41765855045
41765855090
41765855070
41765855034
41765855128
41765855052
41765855127
41765855135
41765855055
41765855189
41765855152
41765855057
41765855309
41765855260
41765855172
41765855248
41765855187
41765855080
41765855064
41765855185
41765855193
41765855100
41765855203
41765855266
41765855306
41765855175
41765855115
41765855102
41765855150
41765855077
41765855243
41765855412
41765855211
41765855035
41765855142
41765855060
41765855257
41765855320
41765855143
41765855092
41765855051
41765855225
41765855082
41765855258
41765855146
41765855345
41765855210
41765855548
41765855149
41765855226
41765855109
41765855500
41765855232
41765855180
41765855194
41765855244
41765855191
41765855350
41765855583
41765855213
41765855162
41765855241
41765855190
41765855054
41765855107
41765855452
41765855259
41765855173
41765855222
41765855132
41765855155
41765855123
41765855204
41765855103
41765855367
41765855086
41765855079
41765855111
41765855285
41765855472
41765855089
41765855129
41765855621
41765855197
41765855256
41765855706
41765855217
41765855120
41765855237
41765855273
41765855084
41765855353
41765855402
41765855158
41765855249
41765855662
41765855093
41765855117
41765855484
41765855360
41765855177
41765855233
41765855125
41765855393
41765855560
41765855221
41765855531
41765855549
41765855582
41765855431
41765855099
41765855734
41765855505
41765855588
41765855520
41765855263
41765855081
41765855294
41765855659
41765855425
41765855282
41765855435
41765855238
41765855591
41765855395
41765855445
41765855767
41765855502
41765855557
41765855622
41765855156
41765855522
41765855358
41765855543
41765855544
41765855572
41765855291
41765855199
41765855209
41765855599
41765855513
41765855253
41765855326
41765855606
41765855339
41765855188
41765855332
41765855101
41765855627
41765855085
41765855473
41765855134
41765855716
41765855304
41765855383
41765855170
41765855506
41765855205
41765855568
41765855580
41765855279
41765855377
41765855620
41765855344
41765855589
41765855324
41765855200
41765855290
41765855515
41765855246
41765855619
41765855296
41765855207
41765855408
41765855438
41765855094
41765855287
41765855151
41765855288
41765855507
41765855252
41765855250
41765855977
41765855411
41765855461
41765855276
41765855295
41765855251
41765855765
41765855616
41765855346
41765855318
41765855302
41765855430
41765855663
41765855147
41765855488
41765855343
41765855573
41765855342
41765855277
41765855593
41765855245
41765855732
41765855523
41765855811
41765855697
41765855644
41765855183
41765855931
41765855586
41765855877
41765855542
41765855685
41765855566
41765855214
41765855321
41765855590
41765855723
41765855227
41765855935
41765855521
41765855421
41765855688
41765855641
41765855482
41765855539
41765855584
41765855686
41765855433
41765855265
41765855312
41765855675
41765855466
41765855667
41765855534
41765855440
41765855373
41765855391
41765855823
41765855363
41765855564
41765855571
41765855679
41765855414
41765855602
41765855574
41765855418
41765855842
41765855649
41765855594
41765855359
41765855439
41765855415
41765855485
41765855952
41765855477
41765855671
41765855997
41765855763
41765855356
41765855634
41765855727
41765855974
41765855422
41765855963
41765855529
41765855909
41765855859
41765855975
41765855310
41765855745
41765855313
41765855711
41765855550
41765855581
41765855605
41765855696
41765855456
41765855396
41765855680
41765855615
41765855595
41765855512
41765855426
41765855702
41765855532
41765855578
41765855905
41765855645
41765855939
41765855381
41765855761
41765855480
41765855547
41765855449
41765855899
41765855976
41765855458
41765855561
41765855861
41765855656
41765855708
41765855603
41765855824
41765855174
41765855618
41765855759
41765855969
41765855678
41765855370
41765855454
41765855762
41765855646
41765855577
41765855658
41765855669
41765855687
41765855810
41765855331
41765855315
41765855971
41765855517
41765855478
41765855920
41765855446
41765855518
41765855604
41765855614
41765855844
41765855925
41765855970
41765855475
41765855862
41765855379
41765855893
41765855201
41765855782
41765855799
41765855592
41765855530
41765855845
41765855981
41765855940
41765855474
41765855666
41765855585
41765855769
41765855464
41765855839
41765855778
41765855499
41765855865
41765855596
41765855629
41765855721
41765855729
41765855885
41765855895
41765855684
41765855528
41765855569
41765855883
41765855693
41765855664
41765855853
41765855455
41765855398
41765855747
41765855640
41765855519
41765855703
41765855632
41765855892
41765855967
41765855423
41765855921
41765855322
41765855910
41765855864
41765855537
41765855705
41765855851
41765855774
41765855463
41765855795
41765855354
41765855812
41765855866
41765855384
41765855867
41765855826
41765855471
41765855563
41765855562
41765855933
41765855914
41765855600
41765855677
41765855469
41765855894
41765855817
41765855837
41765855610
41765855681
41765855988
41765855624
41765855657
41765855540
41765855508
41765855748
41765855556
41765855849
41765855717
41765855884
41765855972
41765855982
41765855973
41765855785
41765855713
41765855809
41765855491
41765855813
41765855919
41765855913
41765855874
41765855617
41765855991
41765855651
41765855887
41765855636
41765855613
41765855545
41765855830
41765855457
41765855776
41765855872
41765855707
41765855700
41765855801
41765855498
41765855822
41765855917
41765855751
41765855555
41765855733
41765855932
41765855755
41765855704
41765855779
41765855608
41765855889
41765855825
41765855838
41765855736
41765855558
41765855720
41765855806
41765855835
41765855749
41765855814
41765855833
41765855918
41765855820
41765855857
41765855672
41765855880
41765855847
41765855631
41765855856
41765855587
41765855712
41765855650
41765855752
41765855772
41765855770
41765855860
41765855647
41765855854
41765855916
41765855831
41765855870
41765855902
41765855985
41765855961
41765855875
41765855416
41765855903
41765855783
41765855754
41765855791
41765855661
41765855890
41765855746
41765855958
41765855993
41765855836
41765855959
41765855900
41765855979
41765855881
41765855983
41765855911
41765855907
41765855984
41765855986
41765855840
41765855852
41765855739
41765855871
41765855990
41765855816
41765855989
41765855957
41765855898
41765855934
41765855827
41765855771
41765855882
41765854027
41765854002
41765854015
41765854004
41765854017
41765854031
41765854003
41765854006
41765854022
41765854010
41765854001
41765854011
41765854024
41765854016
41765854007
41765854008
41765854013
41765854028
41765854019
41765854046
41765854055
41765854066
41765854073
41765854141
41765854147
41765854049
41765854040
41765854063
41765854045
41765854058
41765854077
41765854071
41765854131
41765854130
41765854123
41765854117
41765854043
41765854153
41765854070
41765854191
41765854101
41765854057
41765854047
41765854207
41765854076
41765854064
41765854137
41765854136
41765854213
41765854082
41765854144
41765854102
41765854223
41765854100
41765854210
41765854050
41765854128
41765854067
41765854051
41765854244
41765854062
41765854060
41765854180
41765854084
41765854105
41765854275
41765854278
41765854085
41765854149
41765854192
41765854091
41765854281
41765854112
41765854310
41765854356
41765854188
41765854041
41765854291
41765854053
41765854339
41765854119
41765854154
41765854268
41765854061
41765854265
41765854122
41765854226
41765854262
41765854165
41765854080
41765854232
41765854206
41765854199
41765854074
41765854258
41765854166
41765854198
41765854048
41765854220
41765854234
41765854254
41765854093
41765854270
41765854127
41765854227
41765854150
41765854212
41765854343
41765854320
41765854301
41765854329
41765854107
41765854088
41765854221
41765854306
41765854110
41765854170
41765854353
41765854184
41765854328
41765854282
41765854129
41765854152
41765854348
41765854189
41765854132
41765854355
41765854231
41765854342
41765854346
41765854177
41765854208
41765854089
41765854243
41765854181
41765854283
41765854335
41765854292
41765854325
41765854190
41765854142
41765854214
41765854202
41765854261
41765854273
41765854120
41765854096
41765854194
41765854326
41765854151
41765854217
41765854225
41765854252
41765854322
41765854332
41765854309
41765854230
41765854139
41765854334
41765854344
41765854145
41765854240
41765854256
41765854255
41765854148
41765854305
41765854246
41765854280
41765854315
41765854125
41765854260
41765854321
41765854333
41765854345
41765854222
41765854299
41765854304
41765854236
41765854323
41765854300
41765854211
41765854363
41765854373
41765854375
41765854384
41765854365
41765854380
41765854382
41765854383
41765854421
41765854436
41765854623
41765854658
41765854501
41765854432
41765854393
41765854515
41765854404
41765854391
41765854415
41765854396
41765854400
41765854429
41765854424
41765854406
41765854456
41765854399
41765854417
41765854510
41765854463
41765854547
41765854558
41765854395
41765854458
41765854578
41765854572
41765854407
41765854651
41765854533
41765854504
41765854561
41765854420
41765854688
41765854443
41765854472
41765854414
41765854542
41765854428
41765854514
41765854448
41765854434
41765854455
41765854597
41765854449
41765854622
41765854440
41765854475
41765854430
41765854592
41765854574
41765854466
41765854495
41765854519
41765854470
41765854454
41765854671
41765854528
41765854653
41765854550
41765854409
41765854402
41765854692
41765854464
41765854441
41765854489
41765854442
41765854474
41765854577
41765854590
41765854536
41765854524
41765854538
41765854445
41765854604
41765854656
41765854659
41765854486
41765854545
41765854473
41765854502
41765854482
41765854532
41765854701
41765854599
41765854565
41765854485
41765854471
41765854427
41765854490
41765854491
41765854476
41765854664
41765854541
41765854488
41765854635
41765854507
41765854694
41765854697
41765854480
41765854704
41765854584
41765854508
41765854582
41765854509
41765854595
41765854648
41765854667
41765854540
41765854539
41765854685
41765854446
41765854695
41765854702
41765854447
41765854614
41765854411
41765854521
41765854560
41765854714
41765854484
41765854705
41765854543
41765854689
41765854553
41765854691
41765854620
41765854662
41765854657
41765854518
41765854678
41765854633
41765854625
41765854632
41765854700
41765854600
41765854646
41765854589
41765854660
41765854522
41765854663
41765854710
41765854709
41765854527
41765854554
41765854511
41765854707
41765854708
41765854626
41765854608
41765854654
41765854630
41765854636
41765854687
41765854684
41765854642
41765854655
41765854737
41765854738
41765854736
41765854744
41765854722
41765854719
41765854740
41765854739
41765854746
41765854717
41765854720
41765854749
41765854777
41765854758
41765854755
41765854750
41765854795
41765854767
41765854754
41765854785
41765854778
41765854776
41765854757
41765854768
41765854790
41765854763
41765854798
41765854762
41765854802
41765854771
41765854756
41765854784
41765854787
41765854774
41765854747
41765854772
41765854775
41765854877
41765854850
41765854880
41765854857
41765854813
41765854817
41765854810
41765854841
41765854809
41765854816
41765854847
41765854852
41765854889
41765854826
41765854805
41765854823
41765854840
41765854868
41765854879
41765854878
41765854806
41765854825
41765854887
41765854890
41765854819
41765854821
41765854822
41765854807
41765854844
41765854804
41765854853
41765854811
41765854876
41765854845
41765854839
41765854875
41765854891
41765854866
41765854838
41765854917
41765854956
41765854898
41765854899
41765854945
41765854922
41765854921
41765854934
41765854951
41765854915
41765854957
41765854933
41765854952
41765854909
41765854895
41765854946
41765854910
41765854940
41765854959
41765854903
41765854893
41765854894
41765854947
41765854892
41765854912
41765854958
41765854919
41765854942
41765854948
41765854949
41765854913
41765854914
41765854969
41765854980
41765854963
41765854970
41765854987
41765854966
41765854982
41765854984
41765854974
41765854990
41765854973
41765854988
41765854989
41765854961
41765854979
41765854995
41765854999
41765854996
41765854998
41765856010
41765856012
41765856015
41765856011
41765856032
41765856002
41765856024
41765856025
41765856031
41765856003
41765856008
41765856019
41765856023
41765856014
41765856006
41765856020
41765856009
41765856030
41765856060
41765856123
41765856034
41765856033
41765856039
41765856058
41765856065
41765856110
41765856114
41765856149
41765856147
41765856117
41765856168
41765856176
41765856051
41765856250
41765856188
41765856258
41765856037
41765856311
41765856137
41765856224
41765856119
41765856187
41765856100
41765856062
41765856036
41765856235
41765856096
41765856107
41765856070
41765856102
41765856192
41765856209
41765856341
41765856145
41765856185
41765856349
41765856121
41765856095
41765856043
41765856318
41765856059
41765856035
41765856044
41765856106
41765856154
41765856081
41765856091
41765856063
41765856054
41765856225
41765856190
41765856403
41765856362
41765856140
41765856180
41765856226
41765856066
41765856073
41765856093
41765856113
41765856079
41765856080
41765856174
41765856077
41765856112
41765856076
41765856159
41765856067
41765856267
41765856160
41765856533
41765856364
41765856319
41765856551
41765856262
41765856358
41765856211
41765856402
41765856291
41765856170
41765856394
41765856194
41765856260
41765856177
41765856239
41765856242
41765856615
41765856590
41765856141
41765856158
41765856046
41765856469
41765856755
41765856331
41765856206
41765856332
41765856392
41765856152
41765856204
41765856266
41765856560
41765856083
41765856164
41765856301
41765856333
41765856427
41765856222
41765856041
41765856447
41765856308
41765856232
41765856310
41765856219
41765856377
41765856290
41765856259
41765856181
41765856280
41765856150
41765856406
41765856741
41765856475
41765856760
41765856582
41765856240
41765856103
41765856336
41765856515
41765856264
41765856233
41765856075
41765856661
41765856454
41765856611
41765856325
41765856261
41765856757
41765856216
41765856337
41765856682
41765856313
41765856217
41765856144
41765856470
41765856343
41765856420
41765856758
41765856053
41765856600
41765856605
41765856618
41765856191
41765856295
41765856330
41765856084
41765856809
41765856666
41765856273
41765856271
41765856407
41765856455
41765856309
41765856276
41765856385
41765856779
41765856692
41765856335
41765856268
41765856094
41765856162
41765856559
41765856656
41765856745
41765856227
41765856327
41765856484
41765856361
41765856652
41765856380
41765856443
41765856548
41765856284
41765856538
41765856689
41765856166
41765856765
41765856485
41765856767
41765856393
41765856632
41765856183
41765856482
41765856875
41765856625
41765856588
41765856752
41765856359
41765856653
41765856302
41765856461
41765856655
41765856275
41765856323
41765856356
41765856471
41765856766
41765856146
41765856476
41765856353
41765856525
41765856167
41765856776
41765856277
41765856930
41765856581
41765856418
41765856365
41765856654
41765856210
41765856422
41765856504
41765856644
41765856278
41765856864
41765856339
41765856329
41765856720
41765856887
41765856472
41765856221
41765856500
41765856540
41765856687
41765856306
41765856788
41765856839
41765856304
41765856663
41765856468
41765856465
41765856688
41765856285
41765856691
41765856704
41765856486
41765856668
41765856592
41765856866
41765856300
41765856563
41765856910
41765856143
41765856474
41765856354
41765856535
41765856731
41765856979
41765856911
41765856400
41765856569
41765856265
41765856726
41765856315
41765856360
41765856547
41765856498
41765856338
41765856435
41765856722
41765856933
41765856564
41765856667
41765856698
41765856286
41765856457
41765856116
41765856633
41765856928
41765856513
41765856886
41765856883
41765856996
41765856552
41765856599
41765856565
41765856607
41765856908
41765856430
41765856537
41765856479
41765856660
41765856383
41765856697
41765856387
41765856524
41765856823
41765856555
41765856257
41765856754
41765856816
41765856493
41765856404
41765856616
41765856518
41765856828
41765856665
41765856297
41765856516
41765856913
41765856636
41765856657
41765856520
41765856619
41765856543
41765856882
41765856963
41765856808
41765856780
41765856299
41765856969
41765856487
41765856708
41765856894
41765856478
41765856706
41765856558
41765856772
41765856787
41765856228
41765856561
41765856671
41765856254
41765856707
41765856670
41765856390
41765856396
41765856604
41765856973
41765856384
41765856553
41765856628
41765856872
41765856608
41765856320
41765856617
41765856690
41765856556
41765856721
41765856852
41765856591
41765856594
41765856446
41765856463
41765856873
41765856679
41765856399
41765856662
41765856848
41765856778
41765856505
41765856626
41765856613
41765856557
41765856401
41765856804
41765856651
41765856987
41765856609
41765856917
41765856530
41765856612
41765856830
41765856802
41765856456
41765856977
41765856675
41765856713
41765856867
41765856606
41765856770
41765856904
41765856363
41765856909
41765856622
41765856645
41765856822
41765856896
41765856905
41765856868
41765856595
41765856939
41765856678
41765856601
41765856985
41765856477
41765856664
41765856669
41765856880
41765856699
41765856807
41765856596
41765856627
41765856918
41765856502
41765856680
41765856932
41765856550
41765856624
41765856634
41765856630
41765856879
41765856993
41765856554
41765856566
41765856695
41765856696
41765856815
41765856673
41765856562
41765856650
41765856677
41765856924
41765856845
41765856728
41765856957
41765856925
41765856895
41765856686
41765856803
41765856700
41765856716
41765856769
41765856531
41765856858
41765856846
41765856840
41765856534
41765856876
41765856836
41765856960
41765856899
41765856806
41765856900
41765856926
41765856853
41765856884
41765856850
41765856988
41765856744
41765856941
41765856641
41765856891
41765856746
41765856929
41765856881
41765856730
41765856956
41765856936
41765856865
41765856869
41765856974
41765856890
41765856863
41765856797
41765856952
41765856888
41765856980
41765856997
41765850000
41765850018
41765850001
41765850003
41765850017
41765850009
41765850032
41765850008
41765850002
41765850029
41765850004
41765850005
41765850026
41765850030
41765850022
41765850023
41765850021
41765850007
41765850012
41765850031
41765850011
41765850028
41765850014
41765850015
41765850025
41765850079
41765850152
41765850043
41765850042
41765850072
41765850149
41765850063
41765850010
41765850128
41765850137
41765850036
41765850056
41765850070
41765850379
41765850064
41765850205
41765850066
41765850164
41765850225
41765850062
41765850234
41765850103
41765850213
41765850112
41765850299
41765850037
41765850071
41765850111
41765850050
41765850059
41765850095
41765850084
41765850362
41765850057
41765850069
41765850135
41765850039
41765850074
41765850082
41765850035
41765850106
41765850049
41765850163
41765850593
41765850077
41765850236
41765850076
41765850171
41765850046
41765850122
41765850667
41765850051
41765850096
41765850383
41765850081
41765850216
41765850094
41765850226
41765850235
41765850438
41765850154
41765850138
41765850548
41765850282
41765850303
41765850117
41765850034
41765850250
41765850248
41765850165
41765850058
41765850093
41765850158
41765850078
41765850270
41765850210
41765850126
41765850187
41765850218
41765850207
41765850087
41765850208
41765850204
41765850175
41765850060
41765850220
41765850083
41765850124
41765850080
41765850048
41765850183
41765850041
41765850716
41765850162
41765850318
41765850065
41765850172
41765850433
41765850190
41765850179
41765850325
41765850361
41765850038
41765850202
41765850054
41765850188
41765850550
41765850335
41765850242
41765850272
41765850101
41765850113
41765850428
41765850203
41765850139
41765850862
41765850055
41765850088
41765850118
41765850089
41765850581
41765850453
41765850178
41765850257
41765850553
41765850301
41765850160
41765850085
41765850312
41765850119
41765850100
41765850400
41765850194
41765850561
41765850252
41765850464
41765850530
41765850319
41765850708
41765850576
41765850466
41765850601
41765850114
41765850109
41765850068
41765850249
41765850214
41765850110
41765850198
41765850376
41765850090
41765850231
41765850467
41765850372
41765850116
41765850102
41765850384
41765850426
41765850409
41765850153
41765850677
41765850452
41765850436
41765850245
41765850396
41765850630
41765850251
41765850331
41765850125
41765850263
41765850292
41765850432
41765850159
41765850291
41765850297
41765850674
41765850134
41765850142
41765850454
41765850212
41765850284
41765850313
41765850317
41765850701
41765850229
41765850185
41765850182
41765850388
41765850529
41765850605
41765850456
41765850170
41765850478
41765850546
41765850157
41765850511
41765850353
41765850302
41765850222
41765850339
41765850332
41765850195
41765850136
41765850917
41765850487
41765850600
41765850512
41765850330
41765850653
41765850783
41765850821
41765850402
41765850123
41765850629
41765850133
41765850329
41765850416
41765850762
41765850604
41765850247
41765850298
41765850240
41765850354
41765850176
41765850259
41765850357
41765850336
41765850098
41765850457
41765850181
41765850526
41765850189
41765850276
41765850107
41765850129
41765850423
41765850564
41765850300
41765850141
41765850374
41765850528
41765850306
41765850764
41765850694
41765850278
41765850654
41765850394
41765850613
41765850352
41765850682
41765850549
41765850532
41765850507
41765850812
41765850623
41765850449
41765850474
41765850337
41765850920
41765850421
41765850244
41765850585
41765850390
41765850831
41765850590
41765850273
41765850405
41765850099
41765850951
41765850509
41765850387
41765850458
41765850435
41765850262
41765850501
41765850397
41765850877
41765850246
41765850713
41765850150
41765850531
41765850521
41765850747
41765850310
41765850184
41765850817
41765850933
41765850541
41765850311
41765850418
41765850431
41765850691
41765850978
41765850151
41765850628
41765850504
41765850498
41765850338
41765850420
41765850954
41765850607
41765850671
41765850417
41765850636
41765850241
41765850787
41765850632
41765850334
41765850260
41765850469
41765850488
41765850757
41765850392
41765850769
41765850200
41765850373
41765850871
41765850186
41765850341
41765850484
41765850661
41765850715
41765850320
41765850307
41765850131
41765850618
41765850492
41765850616
41765850166
41765850296
41765850741
41765850199
41765850261
41765850832
41765850375
41765850993
41765850876
41765850460
41765850772
41765850723
41765850840
41765850728
41765850679
41765850598
41765850570
41765850614
41765850450
41765850727
41765850589
41765850540
41765850908
41765850424
41765850738
41765850285
41765850652
41765850364
41765850986
41765850712
41765850765
41765850864
41765850351
41765850651
41765850497
41765850563
41765850622
41765850800
41765850355
41765850503
41765850969
41765850316
41765850878
41765850314
41765850672
41765850517
41765850315
41765850333
41765850578
41765850594
41765850798
41765850626
41765850700
41765850496
41765850455
41765850650
41765850666
41765850706
41765850631
41765850660
41765850562
41765850572
41765850609
41765850490
41765850463
41765850380
41765850381
41765850422
41765850588
41765850848
41765850676
41765850551
41765850901
41765850264
41765850304
41765850476
41765850522
41765850685
41765850513
41765850889
41765850827
41765850852
41765850527
41765850722
41765850664
41765850611
41765850519
41765850543
41765850807
41765850760
41765850574
41765850148
41765850410
41765850778
41765850696
41765850873
41765850168
41765850919
41765850579
41765850288
41765850625
41765850931
41765850404
41765850536
41765850730
41765850582
41765850506
41765850524
41765850573
41765850790
41765850929
41765850356
41765850858
41765850745
41765850830
41765850655
41765850408
41765850445
41765850796
41765850482
41765850837
41765850996
41765850389
41765850922
41765850675
41765850897
41765850414
41765850689
41765850707
41765850281
41765850944
41765850905
41765850471
41765850731
41765850820
41765850475
41765850678
41765850545
41765850815
41765850811
41765850948
41765850596
41765850411
41765850565
41765850997
41765850591
41765850641
41765850809
41765850489
41765850803
41765850580
41765850744
41765850916
41765850472
41765850791
41765850673
41765850984
41765850725
41765850640
41765850720
41765850693
41765850818
41765850879
41765850918
41765850552
41765850835
41765850872
41765850612
41765850855
41765850950
41765850906
41765850845
41765850975
41765850777
41765850736
41765850900
41765850646
41765850961
41765850742
41765850735
41765850956
41765850838
41765850854
41765850597
41765850378
41765850703
41765850495
41765850753
41765850902
41765850544
41765850595
41765850508
41765850505
41765850912
41765850699
41765850893
41765850732
41765850684
41765850939
41765850915
41765850880
41765850515
41765850719
41765850535
41765850921
41765850606
41765850780
41765850782
41765850892
41765850603
41765850763
41765850907
41765850808
41765850775
41765850913
41765850957
41765850816
41765850825
41765850898
41765850554
41765850767
41765850945
41765850721
41765850988
41765850883
41765850967
41765850888
41765850523
41765850910
41765850924
41765850566
41765850608
41765850668
41765850709
41765850960
41765850828
41765850656
41765850965
41765850770
41765850621
41765850970
41765850771
41765850669
41765850688
41765850761
41765850973
41765850971
41765850644
41765850891
41765850826
41765850904
41765850982
41765850802
41765850995
41765850774
41765850994
41765850810
41765850977
41765850805
41765850692
41765850989
41765850847
41765850887
41765850788
41765850520
41765850934
41765850795
41765850717
41765850813
41765850849
41765850619
41765850718
41765850824
41765850870
41765850856
41765850930
41765850773
41765850966
41765850868
41765859020
41765859003
41765859006
41765859018
41765859001
41765859011
41765859008
41765859007
41765859022
41765859015
41765859004
41765859023
41765859030
41765859019
41765859002
41765859192
41765859293
41765859319
41765859042
41765859093
41765859052
41765859182
41765859089
41765859144
41765859259
41765859035
41765859269
41765859299
41765859051
41765859085
41765859060
41765859074
41765859326
41765859338
41765859036
41765859204
41765859041
41765859091
41765859094
41765859282
41765859045
41765859065
41765859044
41765859070
41765859099
41765859189
41765859114
41765859168
41765859130
41765859096
41765859135
41765859370
41765859201
41765859133
41765859161
41765859221
41765859248
41765859229
41765859075
41765859208
41765859062
41765859118
41765859046
41765859306
41765859084
41765859119
41765859179
41765859195
41765859064
41765859225
41765859126
41765859121
41765859079
41765859040
41765859087
41765859116
41765859077
41765859068
41765859034
41765859067
41765859055
41765859095
41765859226
41765859097
41765859152
41765859196
41765859272
41765859151
41765859270
41765859066
41765859220
41765859265
41765859283
41765859234
41765859100
41765859392
41765859190
41765859147
41765859405
41765859291
41765859061
41765859254
41765859475
41765859203
41765859159
41765859090
41765859467
41765859399
41765859346
41765859134
41765859528
41765859115
41765859129
41765859200
41765859211
41765859180
41765859205
41765859296
41765859243
41765859364
41765859212
41765859689
41765859517
41765859111
41765859256
41765859194
41765859122
41765859302
41765859320
41765859449
41765859421
41765859128
41765859447
41765859425
41765859140
41765859263
41765859266
41765859429
41765859327
41765859238
41765859244
41765859188
41765859905
41765859231
41765859186
41765859495
41765859098
41765859466
41765859131
41765859216
41765859548
41765859322
41765859666
41765859415
41765859599
41765859145
41765859391
41765859398
41765859472
41765859363
41765859210
41765859294
41765859671
41765859215
41765859757
41765859072
41765859239
41765859110
41765859344
41765859535
41765859345
41765859385
41765859502
41765859230
41765859206
41765859335
41765859103
41765859670
41765859340
41765859170
41765859288
41765859499
41765859249
41765859436
41765859463
41765859588
41765859667
41765859158
41765859224
41765859285
41765859768
41765859567
41765859253
41765859393
41765859362
41765859366
41765859160
41765859487
41765859127
41765859298
41765859198
41765859789
41765859262
41765859274
41765859336
41765859569
41765859600
41765859577
41765859519
41765859884
41765859509
41765859356
41765859815
41765859289
41765859505
41765859779
41765859454
41765859464
41765859339
41765859734
41765859380
41765859424
41765859550
41765859460
41765859514
41765859950
41765859257
41765859409
41765859613
41765859754
41765859656
41765859772
41765859493
41765859403
41765859638
41765859202
41765859777
41765859758
41765859936
41765859484
41765859199
41765859541
41765859876
41765859536
41765859674
41765859540
41765859332
41765859295
41765859712
41765859610
41765859724
41765859716
41765859277
41765859377
41765859323
41765859533
41765859458
41765859853
41765859622
41765859595
41765859522
41765859260
41765859501
41765859443
41765859575
41765859361
41765859450
41765859722
41765859890
41765859235
41765859521
41765859650
41765859245
41765859565
41765859682
41765859735
41765859866
41765859309
41765859193
41765859997
41765859797
41765859486
41765859780
41765859513
41765859726
41765859390
41765859579
41765859420
41765859523
41765859889
41765859558
41765859278
41765859559
41765859626
41765859665
41765859648
41765859334
41765859778
41765859609
41765859480
41765859631
41765859961
41765859532
41765859823
41765859461
41765859543
41765859913
41765859395
41765859676
41765859673
41765859227
41765859593
41765859964
41765859451
41765859268
41765859733
41765859430
41765859435
41765859331
41765859589
41765859817
41765859511
41765859476
41765859679
41765859590
41765859153
41765859616
41765859795
41765859888
41765859818
41765859553
41765859374
41765859880
41765859384
41765859620
41765859976
41765859747
41765859469
41765859678
41765859358
41765859721
41765859503
41765859684
41765859710
41765859583
41765859615
41765859207
41765859279
41765859592
41765859713
41765859596
41765859520
41765859909
41765859764
41765859819
41765859691
41765859433
41765859914
41765859448
41765859627
41765859668
41765859696
41765859479
41765859805
41765859554
41765859808
41765859988
41765859910
41765859686
41765859760
41765859960
41765859920
41765859720
41765859603
41765859947
41765859824
41765859394
41765859557
41765859798
41765859584
41765859814
41765859568
41765859944
41765859844
41765859875
41765859598
41765859496
41765859545
41765859983
41765859742
41765859854
41765859974
41765859625
41765859873
41765859539
41765859898
41765859928
41765859885
41765859901
41765859827
41765859518
41765859354
41765859912
41765859402
41765859630
41765859802
41765859699
41765859949
41765859882
41765859799
41765859719
41765859749
41765859996
41765859891
41765859639
41765859860
41765859975
41765859863
41765859729
41765859971
41765859907
41765859984
41765859925
41765859809
41765859822
41765859989
41765859903
41765859705
41765859864
41765859848
41765859490
41765859750
41765859902
41765859752
41765859647
41765859794
41765859811
41765859966
41765859700
41765859515
41765859980
41765859635
41765859926
41765859683
41765859738
41765859825
41765859906
41765859911
41765859586
41765859879
41765859954
41765859917
41765859940
41765859828
41765859857
41765859702
41765859894
41765859987
41765859981
41765859512
41765859761
41765859813
41765859611
41765859707
41765859870
41765859767
41765859978
41765859587
41765859790
41765859773
41765859943
41765859796
41765859897
41765859816
41765859806
41765859525
41765859830
41765859942
41765859993
41765859952
41765859922
41765859574
41765859951
41765859564
41765859597
41765859956
41765859836
41765859963
41765859840
41765859807
41765859935
41765859607
41765859578
41765859680
41765859923
41765859934
41765859957
41765859979
41765859933
41765859717
41765859992
41765859748
41765859877
41765859698
41765859958
41765859900
41765859865
41765859969
41765859967
41765859955
41765859972
41765859881
41765859661
41765859990
41765859693
41765859727
41765859788
41765859921
41765853022
41765853024
41765853030
41765853007
41765853027
41765853015
41765853002
41765853031
41765853029
41765853013
41765853032
41765853016
41765853011
41765853008
41765853003
41765853019
41765853017
41765853021
41765853023
41765853004
41765853012
41765853028
41765853041
41765853054
41765853010
41765853121
41765853136
41765853151
41765853175
41765853226
41765853050
41765853282
41765853077
41765853167
41765853201
41765853064
41765853065
41765853229
41765853033
41765853061
41765853131
41765853141
41765853133
41765853067
41765853103
41765853311
41765853153
41765853116
41765853044
41765853035
41765853117
41765853119
41765853063
41765853088
41765853122
41765853042
41765853332
41765853123
41765853110
41765853038
41765853158
41765853181
41765853127
41765853200
41765853205
41765853089
41765853115
41765853232
41765853323
41765853237
41765853106
41765853271
41765853177
41765853260
41765853252
41765853075
41765853126
41765853220
41765853056
41765853211
41765853118
41765853036
41765853234
41765853074
41765853238
41765853060
41765853066
41765853114
41765853034
41765853039
41765853040
41765853124
41765853152
41765853150
41765853250
41765853108
41765853280
41765853084
41765853264
41765853052
41765853331
41765853112
41765853235
41765853330
41765853241
41765853093
41765853352
41765853051
41765853417
41765853411
41765853303
41765853216
41765853430
41765853079
41765853144
41765853210
41765853190
41765853101
41765853212
41765853138
41765853102
41765853259
41765853289
41765853519
41765853538
41765853322
41765853236
41765853100
41765853419
41765853199
41765853285
41765853086
41765853326
41765853423
41765853390
41765853218
41765853540
41765853111
41765853606
41765853786
41765853318
41765853536
41765853295
41765853401
41765853446
41765853364
41765853367
41765853714
41765853095
41765853310
41765853224
41765853230
41765853251
41765853265
41765853545
41765853565
41765853305
41765853523
41765853135
41765853362
41765853082
41765853338
41765853900
41765853254
41765853062
41765853164
41765853703
41765853198
41765853414
41765853560
41765853169
41765853157
41765853045
41765853442
41765853444
41765853416
41765853185
41765853485
41765853439
41765853104
41765853712
41765853599
41765853258
41765853805
41765853405
41765853972
41765853438
41765853281
41765853365
41765853986
41765853162
41765853549
41765853457
41765853329
41765853400
41765853315
41765853296
41765853550
41765853346
41765853208
41765853496
41765853248
41765853197
41765853134
41765853655
41765853374
41765853397
41765853055
41765853753
41765853341
41765853312
41765853227
41765853739
41765853142
41765853456
41765853441
41765853156
41765853421
41765853354
41765853559
41765853370
41765853308
41765853340
41765853302
41765853603
41765853823
41765853535
41765853641
41765853222
41765853690
41765853631
41765853404
41765853863
41765853854
41765853551
41765853277
41765853463
41765853328
41765853670
41765853479
41765853399
41765853376
41765853451
41765853314
41765853532
41765853246
41765853520
41765853642
41765853938
41765853272
41765853425
41765853647
41765853524
41765853584
41765853634
41765853247
41765853261
41765853902
41765853420
41765853724
41765853455
41765853351
41765853462
41765853572
41765853637
41765853705
41765853506
41765853372
41765853630
41765853393
41765853080
41765853385
41765853666
41765853449
41765853313
41765853581
41765853483
41765853140
41765853571
41765853591
41765853864
41765853579
41765853948
41765853383
41765853461
41765853412
41765853748
41765853843
41765853388
41765853605
41765853499
41765853366
41765853304
41765853342
41765853275
41765853932
41765853450
41765853113
41765853505
41765853661
41765853595
41765853688
41765853717
41765853653
41765853494
41765853601
41765853628
41765853738
41765853509
41765853320
41765853765
41765853279
41765853553
41765853384
41765853746
41765853347
41765853623
41765853996
41765853801
41765853610
41765853504
41765853988
41765853137
41765853516
41765853776
41765853615
41765853090
41765853348
41765853231
41765853622
41765853440
41765853206
41765853422
41765853787
41765853743
41765853554
41765853495
41765853696
41765853437
41765853868
41765853481
41765853533
41765853685
41765853713
41765853646
41765853978
41765853484
41765853507
41765853569
41765853644
41765853145
41765853620
41765853478
41765853990
41765853262
41765853920
41765853466
41765853363
41765853654
41765853408
41765853815
41765853896
41765853477
41765853803
41765853733
41765853292
41765853604
41765853325
41765853656
41765853521
41765853764
41765853435
41765853548
41765853458
41765853832
41765853937
41765853821
41765853750
41765853808
41765853947
41765853639
41765853155
41765853831
41765853964
41765853730
41765853747
41765853626
41765853454
41765853840
41765853278
41765853913
41765853619
41765853686
41765853911
41765853728
41765853583
41765853788
41765853906
41765853618
41765853525
41765853539
41765853592
41765853627
41765853878
41765853923
41765853969
41765853574
41765853851
41765853447
41765853865
41765853745
41765853580
41765853557
41765853979
41765853570
41765853929
41765853344
41765853257
41765853541
41765853802
41765853942
41765853677
41765853891
41765853513
41765853602
41765853829
41765853782
41765853956
41765853836
41765853890
41765853632
41765853668
41765853757
41765853798
41765853888
41765853783
41765853715
41765853391
41765853711
41765853968
41765853600
41765853585
41765853716
41765853482
41765853735
41765853909
41765853930
41765853500
41765853625
41765853941
41765853434
41765853866
41765853867
41765853624
41765853773
41765853859
41765853855
41765853394
41765853967
41765853877
41765853950
41765853673
41765853901
41765853833
41765853806
41765853985
41765853915
41765853811
41765853945
41765853737
41765853895
41765853368
41765853899
41765853709
41765853577
41765853924
41765853582
41765853892
41765853432
41765853965
41765853960
41765853800
41765853931
41765853918
41765853777
41765853834
41765853939
41765853882
41765853830
41765853467
41765853910
41765853977
41765853936
41765853897
41765853614
41765853816
41765853885
41765853883
41765853667
41765853974
41765853760
41765853822
41765853889
41765853944
41765853982
41765853775
41765853780
41765853556
41765853648
41765853844
41765853887
41765853894
41765853983
41765851006
41765851016
41765851032
41765851008
41765851013
41765851019
41765851020
41765851003
41765851010
41765851012
41765851030
41765851014
41765851009
41765851022
41765851005
41765851023
41765851026
41765851029
41765851027
41765851025
41765851018
41765851034
41765851039
41765851035
41765851047
41765851079
41765851103
41765851109
41765851153
41765851180
41765851011
41765851077
41765851089
41765851115
41765851037
41765851033
41765851149
41765851071
41765851204
41765851096
41765851138
41765851119
41765851056
41765851086
41765851152
41765851192
41765851199
41765851134
41765851304
41765851193
41765851036
41765851042
41765851262
41765851164
41765851126
41765851097
41765851255
41765851337
41765851232
41765851101
41765851287
41765851190
41765851064
41765851053
41765851352
41765851176
41765851151
41765851165
41765851133
41765851052
41765851292
41765851253
41765851040
41765851050
41765851061
41765851228
41765851048
41765851135
41765851104
41765851069
41765851120
41765851224
41765851144
41765851095
41765851076
41765851084
41765851074
41765851127
41765851083
41765851237
41765851384
41765851057
41765851122
41765851245
41765851146
41765851155
41765851124
41765851043
41765851357
41765851116
41765851203
41765851088
41765851065
41765851068
41765851085
41765851195
41765851201
41765851353
41765851422
41765851272
41765851098
41765851284
41765851157
41765851233
41765851188
41765851080
41765851243
41765851070
41765851298
41765851497
41765851275
41765851129
41765851177
41765851172
41765851139
41765851259
41765851234
41765851112
41765851699
41765851200
41765851263
41765851191
41765851221
41765851260
41765851305
41765851456
41765851102
41765851296
41765851114
41765851511
41765851638
41765851698
41765851205
41765851178
41765851676
41765851314
41765851460
41765851130
41765851700
41765851242
41765851588
41765851350
41765851343
41765851179
41765851196
41765851066
41765851499
41765851428
41765851251
41765851441
41765851117
41765851154
41765851373
41765851140
41765851209
41765851321
41765851283
41765851207
41765851603
41765851141
41765851227
41765851108
41765851091
41765851335
41765851215
41765851573
41765851380
41765851358
41765851435
41765851443
41765851055
41765851147
41765851798
41765851168
41765851703
41765851561
41765851383
41765851720
41765851437
41765851162
41765851225
41765851797
41765851336
41765851840
41765851213
41765851297
41765851315
41765851371
41765851784
41765851498
41765851354
41765851361
41765851690
41765851194
41765851624
41765851372
41765851677
41765851333
41765851475
41765851725
41765851185
41765851442
41765851633
41765851604
41765851274
41765851276
41765851295
41765851370
41765851345
41765851059
41765851261
41765851331
41765851540
41765851239
41765851477
41765851197
41765851235
41765851143
41765851303
41765851594
41765851718
41765851266
41765851326
41765851807
41765851398
41765851328
41765851250
41765851310
41765851605
41765851308
41765851169
41765851299
41765851307
41765851302
41765851609
41765851670
41765851208
41765851439
41765851339
41765851706
41765851502
41765851416
41765851892
41765851669
41765851313
41765851465
41765851160
41765851285
41765851136
41765851163
41765851216
41765851268
41765851766
41765851514
41765851265
41765851469
41765851518
41765851521
41765851161
41765851306
41765851132
41765851324
41765851541
41765851569
41765851278
41765851712
41765851696
41765851425
41765851118
41765851348
41765851388
41765851222
41765851394
41765851159
41765851110
41765851420
41765851256
41765851480
41765851601
41765851549
41765851312
41765851402
41765851526
41765851311
41765851709
41765851739
41765851803
41765851317
41765851911
41765851927
41765851833
41765851943
41765851748
41765851478
41765851489
41765851737
41765851090
41765851976
41765851787
41765851474
41765851591
41765851430
41765851340
41765851327
41765851412
41765851648
41765851389
41765851572
41765851610
41765851666
41765851471
41765851657
41765851688
41765851206
41765851513
41765851355
41765851411
41765851434
41765851293
41765851897
41765851872
41765851509
41765851889
41765851615
41765851777
41765851429
41765851254
41765851286
41765851529
41765851181
41765851986
41765851309
41765851900
41765851828
41765851538
41765851468
41765851512
41765851881
41765851467
41765851672
41765851868
41765851586
41765851463
41765851726
41765851269
41765851695
41765851636
41765851322
41765851524
41765851663
41765851533
41765851552
41765851905
41765851418
41765851664
41765851415
41765851501
41765851531
41765851794
41765851363
41765851817
41765851620
41765851625
41765851665
41765851747
41765851971
41765851332
41765851584
41765851551
41765851691
41765851679
41765851960
41765851776
41765851534
41765851837
41765851419
41765851623
41765851894
41765851750
41765851707
41765851399
41765851548
41765851395
41765851969
41765851580
41765851483
41765851113
41765851827
41765851830
41765851717
41765851381
41765851862
41765851952
41765851921
41765851728
41765851684
41765851365
41765851668
41765851403
41765851559
41765851823
41765851607
41765851913
41765851767
41765851367
41765851902
41765851845
41765851783
41765851858
41765851948
41765851702
41765851876
41765851440
41765851557
41765851401
41765851496
41765851362
41765851516
41765851813
41765851909
41765851525
41765851613
41765851527
41765851968
41765851844
41765851431
41765851711
41765851503
41765851946
41765851577
41765851893
41765851910
41765851646
41765851895
41765851626
41765851808
41765851612
41765851686
41765851386
41765851866
41765851458
41765851853
41765851701
41765851994
41765851743
41765851634
41765851974
41765851479
41765851995
41765851880
41765851426
41765851944
41765851860
41765851564
41765851595
41765851758
41765851558
41765851576
41765851602
41765851517
41765851637
41765851492
41765851494
41765851751
41765851814
41765851818
41765851786
41765851484
41765851757
41765851661
41765851530
41765851716
41765851772
41765851924
41765851805
41765851694
41765851651
41765851842
41765851901
41765851587
41765851990
41765851859
41765851820
41765851346
41765851662
41765851778
41765851989
41765851867
41765851575
41765851780
41765851455
41765851735
41765851790
41765851754
41765851488
41765851832
41765851770
41765851705
41765851965
41765851788
41765851898
41765851687
41765851906
41765851599
41765851939
41765851985
41765851734
41765851864
41765851919
41765851649
41765851650
41765851490
41765851752
41765851951
41765851957
41765851875
41765851510
41765851838
41765851871
41765851724
41765851987
41765851562
41765851988
41765851870
41765851890
41765851733
41765851903
41765851959
41765851904
41765851781
41765851729
41765851973
41765851570
41765851645
41765851966
41765851929
41765851810
41765851949
41765851981
41765851782
41765851967
41765851753
41765851816
41765851979
41765851719
41765851836
41765851940
41765851404
41765851680
41765851878
41765851956
41765851809
41765851916
41765851824
41765851775
41765851749
41765851461
41765851915
41765851819
41765851678
41765851682
41765851581
41765851992
41765851801
41765851761
41765851996
41765851899
41765851815
41765851715
41765851847
41765851812
41765851930
41765851934
41765851470
41765851920
41765851884
41765851955
41765851953
41765851970
41765851848
41765851598
41765851984
41765851608
41765851774
41765851714
41765851857
41765851937
41765851882
41765851926
41765851764
41765851993
41765851627
41765851972
41765851883
41765851963
41765851978
41765851617
41765851941
41765851708
41765851622
41765851938
41765851912
41765851736
41765851928
41765851800
41765851907
41765851931
41765852000
41765852021
41765852031
41765852011
41765852026
41765852017
41765852007
41765852012
41765852022
41765852013
41765852030
41765852003
41765852010
41765852001
41765852029
41765852025
41765852016
41765852006
41765852002
41765852027
41765852028
41765852018
41765852008
41765852020
41765852049
41765852103
41765852047
41765852043
41765852033
41765852041
41765852046
41765852061
41765852056
41765852080
41765852098
41765852095
41765852090
41765852104
41765852108
41765852119
41765852243
41765852123
41765852093
41765852060
41765852051
41765852132
41765852075
41765852222
41765852134
41765852241
41765852151
41765852171
41765852193
41765852110
41765852342
41765852175
41765852226
41765852112
41765852091
41765852255
41765852165
41765852057
41765852089
41765852044
41765852117
41765852113
41765852131
41765852166
41765852224
41765852114
41765852148
41765852264
41765852174
41765852071
41765852237
41765852191
41765852214
41765852282
41765852154
41765852111
41765852220
41765852074
41765852042
41765852236
41765852072
41765852211
41765852140
41765852101
41765852258
41765852048
41765852223
41765852181
41765852084
41765852086
41765852277
41765852273
41765852309
41765852082
41765852299
41765852216
41765852215
41765852246
41765852266
41765852102
41765852069
41765852155
41765852279
41765852207
41765852294
41765852189
41765852238
41765852124
41765852344
41765852218
41765852334
41765852249
41765852274
41765852286
41765852229
41765852058
41765852185
41765852349
41765852253
41765852324
41765852205
41765852228
41765852169
41765852125
41765852200
41765852052
41765852305
41765852209
41765852168
41765852325
41765852306
41765852213
41765852054
41765852247
41765852146
41765852137
41765852268
41765852118
41765852182
41765852250
41765852239
41765852126
41765852292
41765852252
41765852318
41765852202
41765852163
41765852300
41765852141
41765852177
41765852188
41765852230
41765852263
41765852233
41765852194
41765852138
41765852312
41765852232
41765852064
41765852195
41765852317
41765852176
41765852217
41765852278
41765852208
41765852201
41765852221
41765852329
41765852225
41765852314
41765852301
41765852323
41765852337
41765852313
41765852234
41765852261
41765852265
41765852235
41765852350
41765852276
41765852339
41765852287
41765852293
41765852330
41765852320
41765852242
41765852270
41765852227
41765852310
41765852311
41765852366
41765852358
41765852378
41765852360
41765852354
41765852359
41765852368
41765852381
41765852380
41765852373
41765852371
41765852357
41765852355
41765852370
41765852362
41765852352
41765852390
41765852557
41765852447
41765852394
41765852386
41765852609
41765852405
41765852427
41765852383
41765852493
41765852401
41765852411
41765852428
41765852469
41765852407
41765852457
41765852696
41765852406
41765852591
41765852516
41765852388
41765852477
41765852528
41765852410
41765852396
41765852413
41765852397
41765852395
41765852569
41765852572
41765852521
41765852498
41765852601
41765852393
41765852504
41765852452
41765852636
41765852462
41765852665
41765852532
41765852478
41765852409
41765852649
41765852630
41765852499
41765852663
41765852414
41765852538
41765852555
41765852429
41765852505
41765852511
41765852408
41765852471
41765852431
41765852420
41765852445
41765852582
41765852434
41765852548
41765852529
41765852506
41765852509
41765852549
41765852441
41765852594
41765852459
41765852605
41765852512
41765852435
41765852530
41765852515
41765852442
41765852404
41765852497
41765852581
41765852426
41765852444
41765852525
41765852463
41765852489
41765852384
41765852593
41765852513
41765852474
41765852646
41765852570
41765852449
41765852554
41765852422
41765852635
41765852491
41765852537
41765852439
41765852604
41765852564
41765852666
41765852580
41765852583
41765852460
41765852654
41765852508
41765852547
41765852468
41765852677
41765852440
41765852481
41765852596
41765852621
41765852670
41765852526
41765852425
41765852627
41765852602
41765852480
41765852418
41765852560
41765852545
41765852590
41765852662
41765852680
41765852612
41765852424
41765852534
41765852633
41765852533
41765852620
41765852652
41765852693
41765852697
41765852464
41765852423
41765852629
41765852683
41765852502
41765852576
41765852695
41765852595
41765852597
41765852606
41765852501
41765852691
41765852579
41765852510
41765852507
41765852689
41765852550
41765852685
41765852676
41765852559
41765852476
41765852520
41765852527
41765852603
41765852626
41765852686
41765852631
41765852647
41765852607
41765852563
41765852642
41765852678
41765852546
41765852551
41765852503
41765852653
41765852556
41765852574
41765852669
41765852571
41765852622
41765852577
41765852619
41765852565
41765852688
41765852575
41765852522
41765852623
41765852710
41765852702
41765852707
41765852726
41765852721
41765852729
41765852703
41765852723
41765852708
41765852717
41765852705
41765852701
41765852711
41765852715
41765852720
41765852727
41765852719
41765852709
41765852713
41765852724
41765852725
41765852722
41765852731
41765852762
41765852733
41765852749
41765852744
41765852742
41765852736
41765852739
41765852734
41765852738
41765852751
41765852763
41765852750
41765852759
41765852760
41765852747
41765852774
41765852786
41765852799
41765852768
41765852829
41765852788
41765852793
41765852794
41765852779
41765852777
41765852804
41765852850
41765852806
41765852822
41765852825
41765852812
41765852810
41765852833
41765852771
41765852787
41765852776
41765852778
41765852773
41765852767
41765852775
41765852798
41765852800
41765852824
41765852838
41765852817
41765852792
41765852803
41765852823
41765852783
41765852847
41765852816
41765852831
41765852802
41765852815
41765852842
41765852830
41765852772
41765852791
41765852821
41765852834
41765852811
41765852835
41765852837
41765852818
41765852808
41765852790
41765852801
41765852828
41765852845
41765852854
41765852888
41765852904
41765852885
41765852893
41765852863
41765852876
41765852874
41765852903
41765852906
41765852887
41765852905
41765852882
41765852858
41765852890
41765852901
41765852894
41765852886
41765852897
41765852881
41765852855
41765852898
41765852880
41765852861
41765852869
41765852851
41765852868
41765852877
41765852879
41765852875
41765852892
41765852852
41765852900
41765852867
41765852853
41765852902
41765852911
41765852878
41765852866
41765852908
41765852912
41765852915
41765852938
41765852920
41765852961
41765852930
41765852929
41765852924
41765852926
41765852955
41765852939
41765852914
41765852942
41765852966
41765852922
41765852943
41765852936
41765852946
41765852921
41765852923
41765852963
41765852941
41765852962
41765852917
41765852959
41765852968
41765852958
41765852987
41765852999
41765852971
41765852976
41765852970
41765852991
41765852992
41765852977
41765852993
41765852979
41765852994
41765852986
41765852989
41765852990
41765852981
41765852985
41765852988
41765852995
41765858000
41765858010
41765858017
41765858005
41765858016
41765858001
41765858031
41765858020
41765858013
41765858019
41765858002
41765858012
41765858011
41765858027
41765858026
41765858022
41765858007
41765858036
41765858045
41765858076
41765858086
41765858082
41765858120
41765858166
41765858307
41765858042
41765858051
41765858071
41765858057
41765858089
41765858038
41765858108
41765858119
41765858131
41765858048
41765858138
41765858164
41765858188
41765858224
41765858101
41765858278
41765858062
41765858097
41765858047
41765858125
41765858334
41765858326
41765858111
41765858150
41765858181
41765858165
41765858200
41765858226
41765858074
41765858085
41765858100
41765858053
41765858096
41765858059
41765858065
41765858127
41765858080
41765858156
41765858141
41765858052
41765858179
41765858202
41765858186
41765858077
41765858212
41765858137
41765858054
41765858095
41765858171
41765858168
41765858068
41765858348
41765858115
41765858040
41765858154
41765858041
41765858061
41765858130
41765858117
41765858192
41765858342
41765858158
41765858241
41765858209
41765858231
41765858191
41765858190
41765858349
41765858185
41765858142
41765858078
41765858285
41765858135
41765858320
41765858247
41765858184
41765858227
41765858304
41765858081
41765858382
41765858066
41765858210
41765858447
41765858103
41765858484
41765858302
41765858116
41765858339
41765858091
41765858377
41765858275
41765858296
41765858133
41765858451
41765858128
41765858099
41765858586
41765858143
41765858121
41765858412
41765858427
41765858407
41765858345
41765858260
41765858450
41765858214
41765858297
41765858321
41765858333
41765858094
41765858178
41765858199
41765858393
41765858144
41765858123
41765858659
41765858401
41765858265
41765858317
41765858132
41765858208
41765858261
41765858338
41765858204
41765858474
41765858180
41765858335
41765858159
41765858372
41765858518
41765858134
41765858281
41765858203
41765858443
41765858246
41765858160
41765858300
41765858543
41765858113
41765858172
41765858153
41765858239
41765858272
41765858266
41765858589
41765858499
41765858174
41765858367
41765858517
41765858257
41765858273
41765858570
41765858381
41765858385
41765858315
41765858232
41765858562
41765858277
41765858398
41765858252
41765858353
41765858817
41765858650
41765858197
41765858337
41765858323
41765858225
41765858366
41765858528
41765858766
41765858182
41765858268
41765858170
41765858395
41765858423
41765858219
41765858222
41765858891
41765858520
41765858692
41765858868
41765858409
41765858319
41765858374
41765858234
41765858464
41765858595
41765858118
41765858714
41765858303
41765858237
41765858255
41765858654
41765858306
41765858667
41765858250
41765858228
41765858583
41765858494
41765858288
41765858569
41765858332
41765858328
41765858431
41765858674
41765858649
41765858196
41765858425
41765858630
41765858865
41765858380
41765858384
41765858404
41765858152
41765858206
41765858559
41765858363
41765858213
41765858264
41765858779
41765858530
41765858700
41765858579
41765858217
41765858606
41765858860
41765858851
41765858294
41765858400
41765858364
41765858286
41765858887
41765858301
41765858840
41765858685
41765858426
41765858709
41765858475
41765858581
41765858554
41765858414
41765858240
41765858773
41765858424
41765858600
41765858284
41765858877
41765858354
41765858722
41765858371
41765858352
41765858735
41765858365
41765858636
41765858325
41765858551
41765858442
41765858648
41765858413
41765858526
41765858831
41765858330
41765858727
41765858415
41765858875
41765858563
41765858647
41765858681
41765858432
41765858383
41765858441
41765858765
41765858489
41765858503
41765858653
41765858498
41765858479
41765858969
41765858857
41765858501
41765858544
41765858718
41765858502
41765858723
41765858295
41765858874
41765858298
41765858523
41765858601
41765858697
41765858514
41765858708
41765858350
41765858355
41765858643
41765858340
41765858524
41765858527
41765858389
41765858641
41765858221
41765858373
41765858900
41765858375
41765858506
41765858879
41765858987
41765858859
41765858770
41765858553
41765858955
41765858668
41765858895
41765858910
41765858863
41765858620
41765858485
41765858331
41765858656
41765858534
41765858392
41765858984
41765858825
41765858521
41765858732
41765858507
41765858369
41765858500
41765858453
41765858884
41765858757
41765858582
41765858871
41765858545
41765858805
41765858917
41765858610
41765858781
41765858505
41765858854
41765858915
41765858920
41765858695
41765858609
41765858368
41765858555
41765858672
41765858640
41765858299
41765858557
41765858509
41765858587
41765858434
41765858262
41765858542
41765858454
41765858568
41765858510
41765858693
41765858478
41765858670
41765858525
41765858813
41765858311
41765858925
41765858655
41765858622
41765858756
41765858725
41765858437
41765858962
41765858359
41765858744
41765858889
41765858578
41765858830
41765858902
41765858990
41765858774
41765858730
41765858590
41765858598
41765858639
41765858532
41765858550
41765858959
41765858738
41765858824
41765858612
41765858661
41765858823
41765858901
41765858625
41765858820
41765858399
41765858324
41765858669
41765858802
41765858680
41765858880
41765858921
41765858812
41765858705
41765858892
41765858394
41765858739
41765858628
41765858876
41765858771
41765858842
41765858721
41765858615
41765858572
41765858629
41765858646
41765858711
41765858829
41765858923
41765858574
41765858312
41765858801
41765858872
41765858652
41765858536
41765858486
41765858593
41765858522
41765858907
41765858809
41765858979
41765858783
41765858922
41765858592
41765858790
41765858633
41765858934
41765858992
41765858602
41765858665
41765858688
41765858778
41765858916
41765858847
41765858856
41765858898
41765858446
41765858919
41765858731
41765858798
41765858698
41765858945
41765858950
41765858797
41765858806
41765858758
41765858795
41765858956
41765858607
41765858635
41765858463
41765858994
41765858703
41765858604
41765858782
41765858909
41765858726
41765858815
41765858818
41765858810
41765858850
41765858833
41765858869
41765858737
41765858477
41765858785
41765858841
41765858966
41765858853
41765858845
41765858767
41765858997
41765858533
41765858948
41765858560
41765858777
41765858924
41765858862
41765858605
41765858360
41765858585
41765858538
41765858861
41765858752
41765858938
41765858776
41765858867
41765858707
41765858837
41765858754
41765858838
41765858561
41765858932
41765858618
41765858888
41765858573
41765858977
41765858952
41765858704
41765858664
41765858386
41765858912
41765858683
41765858896
41765858736
41765858941
41765858844
41765858616
41765858429
41765858899
41765858706
41765858931
41765858508
41765858677
41765858715
41765858965
41765858903
41765858963
41765858763
41765858796
41765858617
41765858469
41765858804
41765858720
41765858985
41765858645
41765858893
41765858827
41765858808
41765858897
41765858944
41765858914
41765858682
41765858689
41765858816
41765857017
41765857002
41765857007
41765857016
41765857014
41765857006
41765857004
41765857020
41765857030
41765857024
41765857005
41765857013
41765857010
41765857008
41765857011
41765857012
41765857025
41765857021
41765857029
41765857041
41765857040
41765857052
41765857073
41765857083
41765857095
41765857133
41765857163
41765857202
41765857243
41765857047
41765857044
41765857058
41765857076
41765857099
41765857147
41765857112
41765857191
41765857134
41765857050
41765857110
41765857258
41765857111
41765857049
41765857063
41765857064
41765857106
41765857162
41765857065
41765857140
41765857129
41765857151
41765857033
41765857097
41765857035
41765857206
41765857079
41765857100
41765857077
41765857075
41765857060
41765857045
41765857242
41765857142
41765857371
41765857102
41765857295
41765857224
41765857037
41765857249
41765857420
41765857088
41765857370
41765857373
41765857081
41765857414
41765857240
41765857348
41765857085
41765857237
41765857594
41765857174
41765857209
41765857148
41765857173
41765857145
41765857486
41765857108
41765857213
41765857297
41765857255
41765857417
41765857598
41765857139
41765857271
41765857434
41765857326
41765857248
41765857499
41765857204
41765857372
41765857502
41765857477
41765857715
41765857194
41765857406
41765857046
41765857637
41765857265
41765857334
41765857196
41765857189
41765857350
41765857215
41765857440
41765857074
41765857152
41765857042
41765857150
41765857746
41765857115
41765857124
41765857212
41765857686
41765857214
41765857331
41765857482
41765857185
41765857303
41765857611
41765857441
41765857267
41765857500
41765857070
41765857555
41765857092
41765857246
41765857198
41765857339
41765857408
41765857565
41765857180
41765857411
41765857141
41765857518
41765857405
41765857708
41765857175
41765857525
41765857459
41765857614
41765857275
41765857270
41765857132
41765857835
41765857313
41765857524
41765857402
41765857117
41765857727
41765857557
41765857432
41765857296
41765857724
41765857220
41765857600
41765857700
41765857380
41765857388
41765857540
41765857560
41765857522
41765857231
41765857697
41765857413
41765857769
41765857488
41765857657
41765857424
41765857675
41765857344
41765857203
41765857368
41765857447
41765857450
41765857269
41765857498
41765857309
41765857511
41765857480
41765857363
41765857507
41765857473
41765857463
41765857501
41765857113
41765857554
41765857397
41765857168
41765857281
41765857314
41765857122
41765857527
41765857217
41765857384
41765857483
41765857804
41765857329
41765857673
41765857709
41765857199
41765857307
41765857470
41765857328
41765857586
41765857535
41765857542
41765857252
41765857618
41765857563
41765857484
41765857884
41765857493
41765857578
41765857228
41765857318
41765857766
41765857471
41765857283
41765857664
41765857207
41765857430
41765857539
41765857665
41765857322
41765857881
41765857171
41765857803
41765857914
41765857762
41765857798
41765857973
41765857425
41765857444
41765857431
41765857387
41765857748
41765857428
41765857850
41765857253
41765857743
41765857467
41765857722
41765857505
41765857449
41765857564
41765857887
41765857620
41765857352
41765857576
41765857337
41765857172
41765857780
41765857383
41765857528
41765857764
41765857509
41765857773
41765857433
41765857351
41765857952
41765857688
41765857325
41765857910
41765857266
41765857730
41765857650
41765857670
41765857510
41765857626
41765857221
41765857911
41765857455
41765857533
41765857613
41765857784
41765857749
41765857988
41765857419
41765857490
41765857491
41765857623
41765857475
41765857200
41765857604
41765857568
41765857634
41765857837
41765857377
41765857581
41765857819
41765857247
41765857874
41765857763
41765857561
41765857855
41765857672
41765857617
41765857685
41765857979
41765857694
41765857900
41765857551
41765857609
41765857786
41765857595
41765857606
41765857655
41765857474
41765857277
41765857612
41765857678
41765857536
41765857332
41765857316
41765857569
41765857398
41765857986
41765857949
41765857485
41765857677
41765857687
41765857876
41765857707
41765857333
41765857880
41765857801
41765857776
41765857453
41765857607
41765857676
41765857944
41765857918
41765857356
41765857740
41765857660
41765857374
41765857671
41765857830
41765857544
41765857957
41765857888
41765857622
41765857644
41765857403
41765857293
41765857205
41765857435
41765857752
41765857962
41765857969
41765857889
41765857338
41765857976
41765857990
41765857427
41765857436
41765857797
41765857661
41765857575
41765857621
41765857717
41765857896
41765857774
41765857702
41765857545
41765857731
41765857654
41765857608
41765857906
41765857777
41765857465
41765857775
41765857772
41765857893
41765857619
41765857807
41765857666
41765857553
41765857816
41765857692
41765857744
41765857345
41765857508
41765857812
41765857439
41765857927
41765857862
41765857879
41765857863
41765857590
41765857790
41765857883
41765857860
41765857741
41765857791
41765857732
41765857785
41765857822
41765857968
41765857875
41765857701
41765857981
41765857588
41765857872
41765857292
41765857859
41765857924
41765857817
41765857808
41765857831
41765857768
41765857787
41765857800
41765857789
41765857750
41765857908
41765857767
41765857714
41765857582
41765857987
41765857977
41765857825
41765857892
41765857971
41765857647
41765857696
41765857870
41765857718
41765857882
41765857711
41765857771
41765857895
41765857972
41765857793
41765857755
41765857534
41765857827
41765857904
41765857983
41765857799
41765857991
41765857913
41765857811
41765857945
41765857975
41765857984
41765857751
41765857995
41765857873
41765857838
41765857783
41765857877
41765857868
41765857902
41765857922
41765857820
41765857725
41765857954
41765857929
41765857589
41765857885
41765857932
41765857330
41765857745
41765857728
41765857710
41765857761
41765857846
41765857965
41765857989
41765857796
41765857933
41765857479
41765857978
41765857939
41765857770
41765857903
41765857985
41765857901
41765857756
41765857802
