41792875000
41792875023
41792875028
41792875003
41792875008
41792875014
41792875001
41792875002
41792875005
41792875031
41792875009
41792875017
41792875004
41792875015
41792875006
41792875027
41792875016
41792875013
41792875011
41792875007
41792875032
41792875021
41792875033
41792875036
41792875055
41792875122
41792875040
41792875039
41792875049
41792875057
41792875071
41792875078
41792875079
41792875041
41792875100
41792875095
41792875050
41792875045
41792875136
41792875037
41792875161
41792875051
41792875184
41792875105
41792875178
41792875158
41792875164
41792875069
41792875112
41792875260
41792875025
41792875351
41792875047
41792875268
41792875213
41792875293
41792875373
41792875116
41792875131
41792875058
41792875066
41792875188
41792875129
41792875138
41792875154
41792875265
41792875269
41792875111
41792875094
41792875175
41792875096
41792875115
41792875089
41792875228
41792875119
41792875400
41792875082
41792875070
41792875301
41792875218
41792875067
41792875223
41792875328
41792875108
41792875190
41792875121
41792875177
41792875172
41792875256
41792875345
41792875173
41792875088
41792875238
41792875081
41792875059
41792875098
41792875247
41792875509
41792875141
41792875102
41792875147
41792875230
41792875206
41792875243
41792875162
41792875171
41792875693
41792875326
41792875276
41792875428
41792875356
41792875323
41792875101
41792875103
41792875181
41792875048
41792875194
41792875054
41792875560
41792875043
41792875092
41792875202
41792875506
41792875337
41792875267
41792875038
41792875073
41792875278
41792875093
41792875236
41792875104
41792875231
41792875192
41792875130
41792875515
41792875409
41792875061
41792875465
41792875334
41792875196
41792875085
41792875768
41792875221
41792875406
41792875538
41792875366
41792875209
41792875123
41792875390
41792875586
41792875520
41792875083
41792875321
41792875387
41792875176
41792875305
41792875705
41792875187
41792875087
41792875375
41792875289
41792875348
41792875248
41792875262
41792875080
41792875374
41792875566
41792875225
41792875191
41792875341
41792875239
41792875165
41792875588
41792875072
41792875128
41792875135
41792875691
41792875363
41792875137
41792875399
41792875234
41792875616
41792875286
41792875574
41792875189
41792875545
41792875199
41792875311
41792875740
41792875367
41792875418
41792875670
41792875258
41792875232
41792875274
41792875561
41792875392
41792875503
41792875339
41792875419
41792875149
41792875772
41792875249
41792875224
41792875748
41792875645
41792875522
41792875413
41792875771
41792875153
41792875519
41792875240
41792875159
41792875880
41792875214
41792875244
41792875271
41792875097
41792875814
41792875570
41792875696
41792875405
41792875474
41792875170
41792875557
41792875709
41792875754
41792875277
41792875294
41792875415
41792875338
41792875354
41792875410
41792875486
41792875820
41792875425
41792875456
41792875284
41792875270
41792875498
41792875292
41792875272
41792875246
41792875403
41792875383
41792875836
41792875434
41792875288
41792875869
41792875756
41792875824
41792875391
41792875596
41792875755
41792875295
41792875155
41792875203
41792875344
41792875157
41792875146
41792875254
41792875914
41792875407
41792875416
41792875219
41792875401
41792875852
41792875473
41792875476
41792875332
41792875150
41792875143
41792875529
41792875257
41792875371
41792875505
41792875667
41792875324
41792875789
41792875554
41792875787
41792875447
41792875489
41792875664
41792875477
41792875665
41792875331
41792875300
41792875393
41792875204
41792875823
41792875915
41792875343
41792875233
41792875235
41792875497
41792875816
41792875642
41792875672
41792875639
41792875518
41792875569
41792875773
41792875617
41792875865
41792875358
41792875783
41792875330
41792875577
41792875467
41792875314
41792875905
41792875451
41792875746
41792875306
41792875954
41792875547
41792875510
41792875947
41792875432
41792875494
41792875319
41792875643
41792875372
41792875758
41792875174
41792875424
41792875340
41792875736
41792875769
41792875364
41792875446
41792875113
41792875259
41792875421
41792875632
41792875481
41792875551
41792875584
41792875728
41792875442
41792875438
41792875567
41792875303
41792875708
41792875718
41792875619
41792875837
41792875786
41792875369
41792875832
41792875480
41792875297
41792875849
41792875320
41792875627
41792875461
41792875433
41792875329
41792875281
41792875313
41792875725
41792875929
41792875631
41792875704
41792875555
41792875441
41792875702
41792875431
41792875692
41792875925
41792875785
41792875767
41792875624
41792875944
41792875507
41792875788
41792875955
41792875296
41792875530
41792875208
41792875609
41792875657
41792875449
41792875362
41792875427
41792875549
41792875744
41792875388
41792875934
41792875699
41792875779
41792875540
41792875548
41792875883
41792875781
41792875513
41792875791
41792875508
41792875629
41792875591
41792875511
41792875916
41792875686
41792875470
41792875707
41792875872
41792875973
41792875710
41792875317
41792875460
41792875952
41792875634
41792875318
41792875514
41792875878
41792875439
41792875684
41792875444
41792875637
41792875957
41792875835
41792875913
41792875762
41792875615
41792875628
41792875724
41792875953
41792875873
41792875613
41792875962
41792875585
41792875543
41792875662
41792875703
41792875556
41792875242
41792875578
41792875587
41792875764
41792875844
41792875445
41792875475
41792875640
41792875385
41792875838
41792875597
41792875572
41792875430
41792875951
41792875734
41792875676
41792875950
41792875595
41792875840
41792875842
41792875677
41792875711
41792875726
41792875688
41792875621
41792875674
41792875336
41792875941
41792875316
41792875450
41792875504
41792875806
41792875500
41792875370
41792875939
41792875650
41792875893
41792875368
41792875727
41792875429
41792875641
41792875919
41792875926
41792875741
41792875501
41792875780
41792875700
41792875735
41792875673
41792875411
41792875526
41792875868
41792875527
41792875980
41792875576
41792875590
41792875668
41792875887
41792875930
41792875766
41792875573
41792875685
41792875774
41792875423
41792875976
41792875653
41792875626
41792875993
41792875484
41792875716
41792875660
41792875532
41792875721
41792875805
41792875737
41792875448
41792875936
41792875948
41792875867
41792875335
41792875603
41792875843
41792875793
41792875571
41792875794
41792875760
41792875342
41792875874
41792875493
41792875750
41792875752
41792875927
41792875978
41792875550
41792875931
41792875969
41792875625
41792875902
41792875909
41792875604
41792875812
41792875531
41792875839
41792875689
41792875534
41792875986
41792875636
41792875732
41792875859
41792875675
41792875666
41792875847
41792875932
41792875972
41792875985
41792875891
41792875956
41792875633
41792875678
41792875871
41792875714
41792875989
41792875943
41792875600
41792875917
41792875817
41792875457
41792875790
41792875946
41792875959
41792875761
41792875994
41792875903
41792875892
41792875884
41792875970
41792875778
41792875890
41792875860
41792875831
41792875763
41792875949
41792875850
41792875967
41792875784
41792875801
41792875988
41792875921
41792875923
41792875879
41792875466
41792875797
41792875749
41792875877
41792875888
41792875864
41792875987
41792875885
41792875977
41792875822
41792875908
41792875851
41792875525
41792875854
41792875618
41792875971
41792875935
41792875938
41792875802
41792875808
41792875894
41792875964
41792874007
41792874006
41792874010
41792874026
41792874032
41792874033
41792874023
41792874013
41792874021
41792874005
41792874008
41792874004
41792874012
41792874016
41792874024
41792874014
41792874011
41792874029
41792874017
41792874031
41792874019
41792874073
41792874251
41792874036
41792874057
41792874307
41792874054
41792874164
41792874064
41792874136
41792874114
41792874102
41792874160
41792874096
41792874148
41792874124
41792874150
41792874081
41792874056
41792874197
41792874154
41792874175
41792874087
41792874302
41792874110
41792874208
41792874306
41792874063
41792874201
41792874371
41792874039
41792874224
41792874049
41792874061
41792874193
41792874089
41792874060
41792874346
41792874113
41792874182
41792874062
41792874123
41792874132
41792874058
41792874333
41792874209
41792874052
41792874048
41792874077
41792874146
41792874345
41792874322
41792874211
41792874167
41792874207
41792874042
41792874051
41792874044
41792874312
41792874497
41792874200
41792874090
41792874363
41792874134
41792874108
41792874232
41792874315
41792874059
41792874145
41792874104
41792874408
41792874341
41792874380
41792874041
41792874071
41792874255
41792874596
41792874095
41792874082
41792874100
41792874127
41792874079
41792874301
41792874103
41792874192
41792874612
41792874281
41792874459
41792874189
41792874157
41792874493
41792874183
41792874196
41792874229
41792874401
41792874222
41792874267
41792874616
41792874357
41792874181
41792874464
41792874348
41792874227
41792874410
41792874215
41792874368
41792874137
41792874767
41792874128
41792874153
41792874195
41792874392
41792874243
41792874546
41792874165
41792874067
41792874382
41792874206
41792874133
41792874233
41792874595
41792874122
41792874417
41792874400
41792874121
41792874070
41792874115
41792874086
41792874129
41792874117
41792874266
41792874131
41792874250
41792874116
41792874247
41792874432
41792874142
41792874350
41792874489
41792874035
41792874637
41792874285
41792874120
41792874445
41792874393
41792874241
41792874733
41792874126
41792874186
41792874431
41792874403
41792874316
41792874198
41792874188
41792874752
41792874280
41792874293
41792874289
41792874147
41792874511
41792874179
41792874130
41792874159
41792874228
41792874617
41792874321
41792874513
41792874436
41792874119
41792874670
41792874269
41792874138
41792874486
41792874638
41792874037
41792874234
41792874292
41792874326
41792874151
41792874504
41792874525
41792874252
41792874418
41792874430
41792874406
41792874244
41792874099
41792874187
41792874355
41792874171
41792874210
41792874762
41792874730
41792874439
41792874324
41792874254
41792874402
41792874388
41792874074
41792874262
41792874598
41792874444
41792874343
41792874238
41792874173
41792874530
41792874389
41792874349
41792874532
41792874646
41792874155
41792874716
41792874538
41792874158
41792874310
41792874434
41792874610
41792874184
41792874720
41792874283
41792874385
41792874748
41792874544
41792874092
41792874625
41792874335
41792874707
41792874583
41792874162
41792874543
41792874841
41792874557
41792874422
41792874800
41792874351
41792874303
41792874169
41792874582
41792874383
41792874983
41792874076
41792874759
41792874166
41792874528
41792874850
41792874903
41792874842
41792874781
41792874420
41792874527
41792874921
41792874793
41792874536
41792874451
41792874274
41792874220
41792874515
41792874347
41792874717
41792874813
41792874362
41792874449
41792874645
41792874810
41792874736
41792874441
41792874548
41792874885
41792874588
41792874768
41792874373
41792874236
41792874578
41792874729
41792874811
41792874573
41792874550
41792874156
41792874506
41792874776
41792874480
41792874648
41792874623
41792874798
41792874163
41792874409
41792874984
41792874311
41792874608
41792874287
41792874829
41792874257
41792874631
41792874144
41792874319
41792874772
41792874492
41792874622
41792874602
41792874300
41792874194
41792874379
41792874472
41792874502
41792874404
41792874914
41792874574
41792874323
41792874779
41792874671
41792874619
41792874794
41792874308
41792874556
41792874435
41792874855
41792874202
41792874959
41792874453
41792874886
41792874443
41792874253
41792874415
41792874485
41792874746
41792874533
41792874423
41792874856
41792874427
41792874644
41792874534
41792874618
41792874336
41792874541
41792874205
41792874606
41792874724
41792874826
41792874591
41792874817
41792874564
41792874314
41792874428
41792874674
41792874416
41792874819
41792874928
41792874799
41792874589
41792874275
41792874764
41792874440
41792874624
41792874722
41792874294
41792874212
41792874621
41792874599
41792874739
41792874613
41792874877
41792874360
41792874958
41792874823
41792874996
41792874676
41792874777
41792874614
41792874367
41792874981
41792874924
41792874678
41792874364
41792874358
41792874521
41792874407
41792874338
41792874553
41792874438
41792874562
41792874328
41792874680
41792874507
41792874531
41792874482
41792874713
41792874509
41792874366
41792874753
41792874692
41792874943
41792874953
41792874705
41792874704
41792874844
41792874910
41792874461
41792874643
41792874802
41792874484
41792874605
41792874740
41792874839
41792874561
41792874691
41792874832
41792874559
41792874904
41792874755
41792874935
41792874978
41792874259
41792874540
41792874498
41792874339
41792874837
41792874628
41792874835
41792874455
41792874712
41792874660
41792874758
41792874655
41792874833
41792874378
41792874848
41792874481
41792874818
41792874664
41792874566
41792874575
41792874863
41792874514
41792874742
41792874288
41792874447
41792874390
41792874677
41792874342
41792874620
41792874501
41792874682
41792874384
41792874991
41792874774
41792874466
41792874718
41792874703
41792874853
41792874462
41792874738
41792874551
41792874957
41792874581
41792874684
41792874827
41792874567
41792874340
41792874693
41792874652
41792874955
41792874494
41792874471
41792874463
41792874919
41792874523
41792874520
41792874723
41792874846
41792874642
41792874893
41792874662
41792874524
41792874852
41792874615
41792874967
41792874603
41792874273
41792874640
41792874552
41792874895
41792874658
41792874916
41792874838
41792874876
41792874929
41792874537
41792874871
41792874944
41792874861
41792874992
41792874770
41792874479
41792874681
41792874604
41792874715
41792874565
41792874784
41792874891
41792874898
41792874870
41792874938
41792874900
41792874988
41792874376
41792874512
41792874879
41792874927
41792874763
41792874816
41792874941
41792874783
41792874866
41792874636
41792874687
41792874700
41792874785
41792874398
41792874399
41792874659
41792874745
41792874986
41792874756
41792874884
41792874979
41792874744
41792874773
41792874780
41792874948
41792874284
41792874859
41792874809
41792874940
41792874945
41792874834
41792874962
41792874629
41792874975
41792874936
41792874937
41792874989
41792874851
41792874611
41792874888
41792874862
41792874946
41792874836
41792874952
41792874735
41792874765
41792874706
41792874771
41792874926
41792874960
41792874665
41792874805
41792874487
41792874997
41792874651
41792874558
41792874860
41792874966
41792874968
41792874569
41792874923
41792874887
41792874894
41792874857
41792874973
41792874754
41792874993
41792874987
41792874969
41792874503
41792874555
41792874917
41792874949
41792876017
41792876030
41792876008
41792876007
41792876014
41792876001
41792876006
41792876016
41792876025
41792876010
41792876029
41792876020
41792876027
41792876023
41792876074
41792876116
41792876179
41792876036
41792876063
41792876310
41792876137
41792876041
41792876048
41792876071
41792876072
41792876073
41792876062
41792876082
41792876083
41792876102
41792876090
41792876098
41792876171
41792876124
41792876068
41792876138
41792876051
41792876166
41792876043
41792876298
41792876174
41792876059
41792876191
41792876181
41792876193
41792876319
41792876168
41792876212
41792876078
41792876118
41792876158
41792876230
41792876134
41792876139
41792876153
41792876189
41792876210
41792876108
41792876251
41792876129
41792876117
41792876114
41792876358
41792876271
41792876103
41792876107
41792876038
41792876264
41792876052
41792876195
41792876092
41792876070
41792876224
41792876039
41792876299
41792876091
41792876308
41792876047
41792876176
41792876088
41792876055
41792876087
41792876045
41792876086
41792876081
41792876112
41792876145
41792876093
41792876123
41792876172
41792876080
41792876205
41792876225
41792876202
41792876170
41792876164
41792876120
41792876280
41792876241
41792876053
41792876237
41792876288
41792876352
41792876076
41792876159
41792876204
41792876335
41792876242
41792876143
41792876119
41792876207
41792876337
41792876161
41792876110
41792876300
41792876141
41792876221
41792876201
41792876209
41792876301
41792876259
41792876131
41792876263
41792876215
41792876160
41792876035
41792876332
41792876220
41792876357
41792876213
41792876286
41792876197
41792876050
41792876151
41792876169
41792876313
41792876157
41792876268
41792876089
41792876200
41792876057
41792876256
41792876100
41792876254
41792876192
41792876243
41792876327
41792876147
41792876136
41792876334
41792876315
41792876275
41792876333
41792876322
41792876149
41792876113
41792876167
41792876234
41792876097
41792876223
41792876214
41792876186
41792876281
41792876320
41792876276
41792876284
41792876343
41792876226
41792876314
41792876290
41792876347
41792876318
41792876348
41792876269
41792876294
41792876175
41792876340
41792876258
41792876144
41792876199
41792876330
41792876235
41792876125
41792876238
41792876350
41792876246
41792876260
41792876307
41792876211
41792876155
41792876279
41792876208
41792876244
41792876323
41792876311
41792876277
41792876150
41792876228
41792876252
41792876317
41792876354
41792876331
41792876349
41792876355
41792876372
41792876365
41792876382
41792876390
41792876364
41792876371
41792876387
41792876363
41792876378
41792876370
41792876369
41792876377
41792876366
41792876384
41792876381
41792876368
41792876398
41792876539
41792876523
41792876459
41792876407
41792876418
41792876417
41792876461
41792876465
41792876447
41792876494
41792876487
41792876404
41792876408
41792876453
41792876419
41792876431
41792876430
41792876451
41792876473
41792876460
41792876477
41792876409
41792876478
41792876452
41792876501
41792876402
41792876415
41792876436
41792876422
41792876542
41792876443
41792876593
41792876609
41792876463
41792876557
41792876525
41792876541
41792876391
41792876582
41792876599
41792876590
41792876648
41792876589
41792876604
41792876642
41792876587
41792876445
41792876613
41792876687
41792876480
41792876454
41792876630
41792876611
41792876427
41792876552
41792876412
41792876545
41792876428
41792876518
41792876450
41792876435
41792876475
41792876711
41792876438
41792876476
41792876503
41792876488
41792876466
41792876526
41792876586
41792876600
41792876643
41792876622
41792876628
41792876497
41792876493
41792876394
41792876704
41792876697
41792876693
41792876701
41792876448
41792876605
41792876647
41792876479
41792876710
41792876484
41792876424
41792876615
41792876413
41792876581
41792876565
41792876566
41792876440
41792876607
41792876481
41792876575
41792876511
41792876449
41792876441
41792876610
41792876621
41792876456
41792876534
41792876446
41792876654
41792876491
41792876529
41792876576
41792876520
41792876573
41792876483
41792876650
41792876515
41792876457
41792876662
41792876495
41792876636
41792876462
41792876558
41792876507
41792876433
41792876492
41792876667
41792876633
41792876676
41792876673
41792876564
41792876516
41792876678
41792876682
41792876540
41792876556
41792876585
41792876625
41792876624
41792876646
41792876671
41792876562
41792876508
41792876423
41792876458
41792876572
41792876496
41792876612
41792876672
41792876706
41792876653
41792876670
41792876510
41792876584
41792876569
41792876659
41792876543
41792876620
41792876645
41792876514
41792876680
41792876674
41792876598
41792876700
41792876681
41792876705
41792876665
41792876512
41792876664
41792876486
41792876694
41792876521
41792876641
41792876666
41792876683
41792876546
41792876602
41792876638
41792876663
41792876528
41792876644
41792876513
41792876603
41792876685
41792876708
41792876634
41792876522
41792876640
41792876677
41792876668
41792876614
41792876631
41792876707
41792876737
41792876731
41792876730
41792876729
41792876741
41792876747
41792876727
41792876742
41792876736
41792876717
41792876726
41792876739
41792876718
41792876720
41792876749
41792876716
41792876745
41792876719
41792876743
41792876791
41792876767
41792876758
41792876775
41792876777
41792876779
41792876803
41792876789
41792876823
41792876816
41792876829
41792876819
41792876836
41792876828
41792876792
41792876755
41792876771
41792876786
41792876766
41792876800
41792876827
41792876776
41792876756
41792876788
41792876793
41792876764
41792876833
41792876759
41792876835
41792876783
41792876760
41792876787
41792876754
41792876801
41792876769
41792876825
41792876802
41792876774
41792876806
41792876812
41792876834
41792876805
41792876830
41792876831
41792876780
41792876837
41792876815
41792876784
41792876762
41792876832
41792876782
41792876822
41792876814
41792876921
41792876889
41792876879
41792876843
41792876857
41792876870
41792876859
41792876884
41792876901
41792876890
41792876846
41792876924
41792876923
41792876904
41792876891
41792876873
41792876893
41792876844
41792876900
41792876903
41792876875
41792876838
41792876847
41792876858
41792876874
41792876841
41792876898
41792876865
41792876894
41792876853
41792876905
41792876862
41792876885
41792876868
41792876910
41792876839
41792876881
41792876860
41792876925
41792876913
41792876878
41792876919
41792876863
41792876902
41792876852
41792876920
41792876882
41792876899
41792876917
41792876896
41792876932
41792876951
41792876967
41792876945
41792876927
41792876936
41792876955
41792876979
41792876964
41792876974
41792876968
41792876939
41792876963
41792876929
41792876977
41792876952
41792876946
41792876938
41792876949
41792876962
41792876969
41792876933
41792876934
41792876944
41792876930
41792876970
41792876982
41792876973
41792876976
41792876948
41792876972
41792876961
41792876989
41792876991
41792876990
41792876999
41792876985
41792876988
41792876984
41792876993
41792876998
41792870000
41792870029
41792870022
41792870019
41792870004
41792870010
41792870030
41792870027
41792870005
41792870028
41792870023
41792870002
41792870009
41792870024
41792870008
41792870014
41792870025
41792870015
41792870020
41792870001
41792870026
41792870032
41792870021
41792870069
41792870121
41792870137
41792870176
41792870185
41792870206
41792870113
41792870085
41792870039
41792870109
41792870046
41792870042
41792870050
41792870049
41792870144
41792870089
41792870099
41792870112
41792870033
41792870044
41792870048
41792870087
41792870068
41792870215
41792870076
41792870155
41792870115
41792870098
41792870253
41792870286
41792870065
41792870290
41792870080
41792870092
41792870041
41792870339
41792870205
41792870117
41792870079
41792870164
41792870037
41792870119
41792870142
41792870207
41792870074
41792870059
41792870216
41792870043
41792870255
41792870179
41792870108
41792870318
41792870252
41792870162
41792870106
41792870231
41792870350
41792870288
41792870082
41792870057
41792870151
41792870187
41792870269
41792870061
41792870175
41792870130
41792870316
41792870075
41792870102
41792870221
41792870090
41792870063
41792870110
41792870200
41792870188
41792870047
41792870133
41792870067
41792870241
41792870071
41792870035
41792870303
41792870141
41792870084
41792870167
41792870192
41792870094
41792870139
41792870242
41792870055
41792870060
41792870280
41792870212
41792870261
41792870093
41792870158
41792870191
41792870292
41792870214
41792870300
41792870182
41792870045
41792870127
41792870262
41792870173
41792870264
41792870308
41792870051
41792870169
41792870278
41792870165
41792870315
41792870136
41792870077
41792870265
41792870291
41792870219
41792870306
41792870150
41792870279
41792870346
41792870224
41792870295
41792870282
41792870124
41792870240
41792870159
41792870147
41792870327
41792870148
41792870230
41792870272
41792870222
41792870228
41792870126
41792870146
41792870103
41792870312
41792870184
41792870203
41792870294
41792870299
41792870149
41792870301
41792870062
41792870223
41792870129
41792870204
41792870340
41792870166
41792870199
41792870236
41792870307
41792870283
41792870311
41792870250
41792870334
41792870302
41792870256
41792870170
41792870201
41792870349
41792870211
41792870233
41792870168
41792870220
41792870331
41792870314
41792870195
41792870232
41792870333
41792870347
41792870156
41792870225
41792870218
41792870323
41792870335
41792870276
41792870313
41792870239
41792870321
41792870324
41792870177
41792870229
41792870227
41792870217
41792870234
41792870066
41792870152
41792870243
41792870251
41792870344
41792870157
41792870186
41792870238
41792870348
41792870332
41792870330
41792870310
41792870338
41792870247
41792870320
41792870319
41792870337
41792870359
41792870365
41792870355
41792870358
41792870369
41792870378
41792870373
41792870363
41792870366
41792870361
41792870370
41792870368
41792870357
41792870376
41792870380
41792870360
41792870381
41792870372
41792870387
41792870458
41792870499
41792870407
41792870393
41792870389
41792870402
41792870440
41792870412
41792870540
41792870463
41792870441
41792870459
41792870684
41792870415
41792870474
41792870490
41792870504
41792870516
41792870420
41792870431
41792870566
41792870539
41792870408
41792870403
41792870444
41792870541
41792870439
41792870405
41792870576
41792870468
41792870603
41792870498
41792870551
41792870581
41792870480
41792870623
41792870553
41792870522
41792870639
41792870427
41792870560
41792870614
41792870671
41792870513
41792870481
41792870679
41792870388
41792870573
41792870512
41792870432
41792870436
41792870629
41792870438
41792870488
41792870562
41792870586
41792870500
41792870469
41792870391
41792870411
41792870446
41792870384
41792870528
41792870400
41792870470
41792870422
41792870649
41792870454
41792870417
41792870462
41792870508
41792870567
41792870416
41792870493
41792870536
41792870494
41792870518
41792870555
41792870579
41792870656
41792870424
41792870501
41792870593
41792870644
41792870525
41792870664
41792870646
41792870657
41792870608
41792870392
41792870428
41792870519
41792870673
41792870484
41792870552
41792870482
41792870502
41792870448
41792870617
41792870492
41792870643
41792870636
41792870483
41792870634
41792870607
41792870530
41792870491
41792870591
41792870620
41792870451
41792870487
41792870563
41792870615
41792870537
41792870489
41792870697
41792870507
41792870476
41792870616
41792870510
41792870638
41792870564
41792870618
41792870584
41792870587
41792870453
41792870648
41792870670
41792870429
41792870570
41792870572
41792870577
41792870477
41792870506
41792870460
41792870526
41792870578
41792870667
41792870630
41792870464
41792870688
41792870624
41792870622
41792870588
41792870631
41792870658
41792870685
41792870517
41792870692
41792870693
41792870546
41792870681
41792870571
41792870604
41792870457
41792870677
41792870600
41792870558
41792870647
41792870674
41792870447
41792870650
41792870509
41792870592
41792870545
41792870532
41792870645
41792870471
41792870554
41792870641
41792870676
41792870590
41792870669
41792870543
41792870520
41792870686
41792870495
41792870542
41792870689
41792870605
41792870627
41792870694
41792870666
41792870668
41792870621
41792870687
41792870652
41792870665
41792870698
41792870661
41792870589
41792870610
41792870672
41792870701
41792870722
41792870726
41792870710
41792870729
41792870705
41792870712
41792870700
41792870702
41792870718
41792870704
41792870707
41792870711
41792870714
41792870708
41792870721
41792870716
41792870703
41792870706
41792870730
41792870720
41792870728
41792870746
41792870784
41792870773
41792870734
41792870781
41792870757
41792870790
41792870766
41792870767
41792870749
41792870736
41792870752
41792870780
41792870768
41792870741
41792870750
41792870731
41792870763
41792870751
41792870772
41792870762
41792870764
41792870735
41792870786
41792870747
41792870771
41792870791
41792870744
41792870756
41792870765
41792870787
41792870754
41792870789
41792870777
41792870785
41792870792
41792870776
41792870832
41792870861
41792870799
41792870802
41792870804
41792870820
41792870811
41792870860
41792870858
41792870803
41792870842
41792870863
41792870805
41792870796
41792870810
41792870807
41792870826
41792870840
41792870850
41792870827
41792870867
41792870874
41792870818
41792870824
41792870815
41792870836
41792870856
41792870853
41792870816
41792870865
41792870814
41792870831
41792870793
41792870835
41792870833
41792870829
41792870866
41792870823
41792870800
41792870864
41792870878
41792870869
41792870849
41792870859
41792870812
41792870809
41792870806
41792870837
41792870839
41792870822
41792870825
41792870845
41792870852
41792870844
41792870862
41792870838
41792870876
41792870893
41792870904
41792870887
41792870885
41792870897
41792870888
41792870907
41792870911
41792870925
41792870916
41792870939
41792870937
41792870913
41792870924
41792870929
41792870926
41792870892
41792870895
41792870922
41792870936
41792870920
41792870931
41792870880
41792870917
41792870914
41792870921
41792870883
41792870879
41792870902
41792870890
41792870894
41792870906
41792870912
41792870915
41792870930
41792870918
41792870933
41792870881
41792870938
41792870940
41792870886
41792870935
41792870962
41792870961
41792870949
41792870965
41792870948
41792870955
41792870960
41792870970
41792870944
41792870971
41792870968
41792870945
41792870956
41792870953
41792870966
41792870954
41792870959
41792870950
41792870969
41792870958
41792870981
41792870976
41792870975
41792870973
41792870995
41792870998
41792870992
41792870977
41792870989
41792870979
41792870982
41792870987
41792870983
41792870984
41792870991
41792870999
41792870985
41792870994
41792870980
41792879000
41792879002
41792879013
41792879023
41792879004
41792879032
41792879101
41792879025
41792879117
41792879115
41792879017
41792879191
41792879016
41792879024
41792879006
41792879027
41792879020
41792879028
41792879007
41792879043
41792879047
41792879056
41792879071
41792879048
41792879106
41792879085
41792879036
41792879132
41792879136
41792879128
41792879146
41792879021
41792879149
41792879029
41792879124
41792879008
41792879209
41792879218
41792879042
41792879107
41792879109
41792879116
41792879095
41792879069
41792879153
41792879157
41792879137
41792879193
41792879082
41792879050
41792879065
41792879138
41792879079
41792879088
41792879263
41792879055
41792879246
41792879098
41792879066
41792879123
41792879045
41792879022
41792879089
41792879063
41792879064
41792879370
41792879125
41792879141
41792879076
41792879172
41792879140
41792879037
41792879199
41792879129
41792879348
41792879171
41792879058
41792879001
41792879083
41792879205
41792879077
41792879250
41792879238
41792879039
41792879262
41792879046
41792879266
41792879276
41792879284
41792879254
41792879072
41792879112
41792879092
41792879135
41792879035
41792879159
41792879253
41792879381
41792879061
41792879223
41792879368
41792879221
41792879189
41792879179
41792879080
41792879130
41792879127
41792879317
41792879154
41792879166
41792879051
41792879198
41792879170
41792879078
41792879216
41792879121
41792879113
41792879177
41792879279
41792879094
41792879086
41792879185
41792879161
41792879167
41792879351
41792879204
41792879074
41792879190
41792879296
41792879286
41792879181
41792879320
41792879295
41792879091
41792879363
41792879229
41792879052
41792879060
41792879145
41792879201
41792879289
41792879300
41792879067
41792879164
41792879336
41792879245
41792879471
41792879338
41792879156
41792879100
41792879105
41792879225
41792879210
41792879151
41792879311
41792879183
41792879057
41792879391
41792879329
41792879207
41792879206
41792879410
41792879265
41792879194
41792879297
41792879449
41792879259
41792879236
41792879487
41792879479
41792879499
41792879485
41792879237
41792879344
41792879271
41792879173
41792879294
41792879242
41792879364
41792879420
41792879400
41792879422
41792879604
41792879053
41792879303
41792879307
41792879473
41792879186
41792879093
41792879144
41792879180
41792879312
41792879359
41792879142
41792879354
41792879321
41792879365
41792879493
41792879426
41792879402
41792879451
41792879328
41792879466
41792879274
41792879202
41792879411
41792879148
41792879505
41792879689
41792879226
41792879562
41792879513
41792879537
41792879212
41792879366
41792879482
41792879330
41792879569
41792879600
41792879585
41792879408
41792879558
41792879322
41792879636
41792879316
41792879301
41792879515
41792879325
41792879397
41792879345
41792879341
41792879215
41792879413
41792879583
41792879796
41792879103
41792879267
41792879637
41792879277
41792879447
41792879667
41792879672
41792879535
41792879598
41792879385
41792879243
41792879257
41792879126
41792879102
41792879283
41792879200
41792879436
41792879837
41792879319
41792879403
41792879495
41792879227
41792879414
41792879611
41792879174
41792879211
41792879353
41792879388
41792879755
41792879654
41792879441
41792879423
41792879439
41792879511
41792879197
41792879549
41792879642
41792879427
41792879220
41792879522
41792879244
41792879406
41792879526
41792879404
41792879692
41792879638
41792879119
41792879523
41792879288
41792879251
41792879475
41792879519
41792879694
41792879384
41792879309
41792879235
41792879665
41792879231
41792879813
41792879514
41792879849
41792879614
41792879603
41792879575
41792879580
41792879272
41792879134
41792879456
41792879176
41792879432
41792879631
41792879730
41792879781
41792879305
41792879518
41792879394
41792879418
41792879437
41792879710
41792879538
41792879446
41792879256
41792879723
41792879592
41792879291
41792879983
41792879415
41792879520
41792879561
41792879578
41792879507
41792879424
41792879457
41792879416
41792879490
41792879577
41792879587
41792879350
41792879390
41792879906
41792879380
41792879323
41792879703
41792879546
41792879425
41792879382
41792879477
41792879369
41792879282
41792879856
41792879573
41792879977
41792879255
41792879858
41792879743
41792879213
41792879761
41792879584
41792879438
41792879315
41792879764
41792879662
41792879652
41792879248
41792879378
41792879628
41792879335
41792879232
41792879528
41792879412
41792879442
41792879735
41792879455
41792879465
41792879650
41792879500
41792879602
41792879576
41792879184
41792879516
41792879497
41792879884
41792879553
41792879273
41792879758
41792879533
41792879541
41792879765
41792879517
41792879591
41792879445
41792879801
41792879563
41792879772
41792879666
41792879713
41792879942
41792879646
41792879586
41792879476
41792879752
41792879550
41792879440
41792879808
41792879681
41792879911
41792879463
41792879622
41792879831
41792879617
41792879430
41792879818
41792879454
41792879670
41792879737
41792879444
41792879705
41792879556
41792879627
41792879557
41792879885
41792879905
41792879610
41792879695
41792879458
41792879340
41792879609
41792879318
41792879759
41792879770
41792879529
41792879633
41792879525
41792879784
41792879835
41792879478
41792879285
41792879814
41792879783
41792879596
41792879680
41792879760
41792879606
41792879864
41792879870
41792879840
41792879729
41792879545
41792879396
41792879673
41792879496
41792879620
41792879793
41792879664
41792879757
41792879547
41792879838
41792879460
41792879488
41792879568
41792879579
41792879763
41792879676
41792879421
41792879762
41792879711
41792879823
41792879554
41792879326
41792879691
41792879876
41792879921
41792879392
41792879452
41792879908
41792879903
41792879314
41792879922
41792879932
41792879744
41792879653
41792879337
41792879700
41792879613
41792879567
41792879508
41792879605
41792879982
41792879599
41792879795
41792879601
41792879923
41792879846
41792879782
41792879897
41792879679
41792879964
41792879993
41792879675
41792879641
41792879812
41792879791
41792879774
41792879450
41792879888
41792879878
41792879997
41792879794
41792879830
41792879769
41792879800
41792879655
41792879987
41792879588
41792879740
41792879979
41792879409
41792879978
41792879530
41792879891
41792879678
41792879954
41792879621
41792879632
41792879857
41792879792
41792879718
41792879677
41792879542
41792879879
41792879693
41792879331
41792879847
41792879807
41792879852
41792879950
41792879699
41792879968
41792879669
41792879715
41792879776
41792879643
41792879612
41792879880
41792879900
41792879716
41792879877
41792879873
41792879948
41792879816
41792879836
41792879865
41792879661
41792879775
41792879433
41792879658
41792879893
41792879663
41792879824
41792879990
41792879951
41792879714
41792879399
41792879909
41792879947
41792879934
41792879834
41792879659
41792879708
41792879994
41792879717
41792879805
41792879787
41792879671
41792879742
41792879615
41792879593
41792879589
41792879820
41792879904
41792879790
41792879484
41792879751
41792879986
41792879914
41792879882
41792879712
41792879734
41792879733
41792879461
41792879746
41792879825
41792879930
41792879946
41792879551
41792879902
41792879732
41792879682
41792879773
41792879635
41792879913
41792879481
41792879974
41792879728
41792879966
41792879767
41792879686
41792879981
41792879944
41792879940
41792879719
41792879741
41792879750
41792879629
41792879943
41792879960
41792879901
41792879862
41792879872
41792879988
41792879828
41792879809
41792879925
41792879971
41792879890
41792879868
41792879739
41792879727
41792879779
41792879874
41792879754
41792879738
41792879989
41792879756
41792879929
41792879855
41792879894
41792879985
41792879958
41792879871
41792879854
41792879907
41792879992
41792879957
41792879777
41792879956
41792879927
41792879860
41792879798
41792879965
41792879845
41792879806
41792879949
41792879802
41792879935
41792879810
41792879973
41792879899
41792879996
41792879933
41792879912
41792879937
41792879393
41792879534
41792879803
41792879928
41792879972
41792873004
41792873014
41792873031
41792873019
41792873001
41792873030
41792873032
41792873006
41792873003
41792873008
41792873024
41792873015
41792873027
41792873011
41792873021
41792873005
41792873016
41792873018
41792873025
41792873028
41792873040
41792873100
41792873165
41792873127
41792873339
41792873054
41792873057
41792873050
41792873092
41792873137
41792873099
41792873153
41792873113
41792873162
41792873091
41792873209
41792873230
41792873195
41792873036
41792873037
41792873059
41792873035
41792873283
41792873060
41792873106
41792873097
41792873135
41792873116
41792873120
41792873329
41792873240
41792873187
41792873241
41792873072
41792873079
41792873044
41792873201
41792873084
41792873229
41792873304
41792873053
41792873065
41792873061
41792873081
41792873062
41792873358
41792873041
41792873122
41792873130
41792873110
41792873131
41792873119
41792873144
41792873132
41792873125
41792873133
41792873115
41792873049
41792873375
41792873177
41792873090
41792873203
41792873071
41792873080
41792873192
41792873067
41792873042
41792873038
41792873094
41792873086
41792873272
41792873239
41792873284
41792873134
41792873108
41792873088
41792873325
41792873200
41792873141
41792873356
41792873292
41792873282
41792873074
41792873215
41792873338
41792873166
41792873202
41792873500
41792873138
41792873105
41792873222
41792873066
41792873254
41792873181
41792873226
41792873303
41792873142
41792873233
41792873154
41792873424
41792873383
41792873191
41792873198
41792873207
41792873252
41792873178
41792873069
41792873368
41792873299
41792873348
41792873262
41792873380
41792873291
41792873512
41792873265
41792873199
41792873372
41792873188
41792873537
41792873256
41792873333
41792873167
41792873507
41792873175
41792873255
41792873318
41792873214
41792873212
41792873206
41792873384
41792873473
41792873237
41792873123
41792873320
41792873654
41792873310
41792873510
41792873047
41792873399
41792873412
41792873145
41792873377
41792873259
41792873268
41792873443
41792873082
41792873551
41792873494
41792873587
41792873150
41792873762
41792873158
41792873484
41792873232
41792873210
41792873117
41792873261
41792873111
41792873426
41792873083
41792873699
41792873228
41792873405
41792873305
41792873322
41792873196
41792873631
41792873386
41792873170
41792873204
41792873746
41792873327
41792873462
41792873335
41792873390
41792873395
41792873073
41792873323
41792873223
41792873813
41792873058
41792873423
41792873533
41792873404
41792873493
41792873194
41792873525
41792873171
41792873242
41792873312
41792873722
41792873885
41792873667
41792873270
41792873524
41792873258
41792873245
41792873352
41792873550
41792873337
41792873417
41792873710
41792873219
41792873408
41792873236
41792873129
41792873461
41792873159
41792873565
41792873445
41792873275
41792873580
41792873376
41792873635
41792873266
41792873613
41792873350
41792873264
41792873308
41792873315
41792873160
41792873249
41792873584
41792873416
41792873599
41792873410
41792873734
41792873679
41792873644
41792873076
41792873539
41792873280
41792873136
41792873474
41792873643
41792873435
41792873389
41792873422
41792873468
41792873908
41792873271
41792873505
41792873419
41792873359
41792873618
41792873290
41792873163
41792873778
41792873723
41792873316
41792873124
41792873573
41792873218
41792873437
41792873441
41792873530
41792873784
41792873314
41792873745
41792873234
41792873560
41792873250
41792873373
41792873609
41792873392
41792873909
41792873231
41792873353
41792873712
41792873713
41792873478
41792873454
41792873678
41792873563
41792873301
41792873409
41792873387
41792873286
41792873681
41792873564
41792873625
41792873801
41792873476
41792873490
41792873717
41792873220
41792873638
41792873465
41792873877
41792873873
41792873425
41792873336
41792873172
41792873511
41792873479
41792873642
41792873467
41792873388
41792873364
41792873620
41792873878
41792873640
41792873451
41792873351
41792873928
41792873907
41792873463
41792873472
41792873345
41792873498
41792873649
41792873446
41792873520
41792873421
41792873570
41792873946
41792873616
41792873442
41792873910
41792873615
41792873782
41792873651
41792873888
41792873457
41792873546
41792873247
41792873592
41792873342
41792873766
41792873646
41792873208
41792873456
41792873772
41792873848
41792873993
41792873720
41792873406
41792873439
41792873737
41792873652
41792873883
41792873759
41792873267
41792873382
41792873812
41792873676
41792873919
41792873945
41792873677
41792873559
41792873705
41792873664
41792873661
41792873948
41792873736
41792873574
41792873721
41792873486
41792873485
41792873427
41792873756
41792873760
41792873834
41792873894
41792873819
41792873591
41792873440
41792873460
41792873936
41792873733
41792873947
41792873448
41792873536
41792873528
41792873637
41792873561
41792873179
41792873594
41792873293
41792873531
41792873556
41792873685
41792873740
41792873845
41792873983
41792873586
41792873941
41792873818
41792873692
41792873773
41792873906
41792873748
41792873729
41792873884
41792873726
41792873326
41792873572
41792873704
41792873595
41792873433
41792873508
41792873532
41792873447
41792873452
41792873863
41792873542
41792873527
41792873538
41792873243
41792873786
41792873471
41792873953
41792873653
41792873904
41792873568
41792873920
41792873770
41792873952
41792873658
41792873715
41792873839
41792873585
41792873828
41792873982
41792873783
41792873672
41792873497
41792873361
41792873751
41792873516
41792873802
41792873582
41792873922
41792873852
41792873785
41792873668
41792873868
41792873347
41792873725
41792873488
41792873747
41792873841
41792873612
41792873741
41792873562
41792873750
41792873503
41792873923
41792873340
41792873917
41792873619
41792873738
41792873590
41792873675
41792873940
41792873781
41792873369
41792873867
41792873555
41792873459
41792873794
41792873648
41792873847
41792873606
41792873458
41792873788
41792873481
41792873703
41792873529
41792873514
41792873686
41792873579
41792873780
41792873603
41792873777
41792873872
41792873966
41792873990
41792873636
41792873913
41792873617
41792873758
41792873709
41792873571
41792873504
41792873900
41792873918
41792873610
41792873702
41792873903
41792873689
41792873927
41792873965
41792873803
41792873798
41792873731
41792873607
41792873430
41792873694
41792873600
41792873660
41792873870
41792873959
41792873842
41792873547
41792873701
41792873470
41792873989
41792873844
41792873840
41792873811
41792873932
41792873821
41792873934
41792873769
41792873835
41792873577
41792873763
41792873921
41792873693
41792873807
41792873961
41792873808
41792873691
41792873632
41792873477
41792873719
41792873931
41792873985
41792873895
41792873912
41792873469
41792873822
41792873650
41792873979
41792873881
41792873671
41792873775
41792873674
41792873695
41792873980
41792873711
41792873997
41792873984
41792873742
41792873767
41792873915
41792873779
41792873817
41792873621
41792873622
41792873869
41792873860
41792873684
41792873743
41792873543
41792873986
41792873976
41792873879
41792873850
41792873962
41792873682
41792873829
41792873975
41792873666
41792873768
41792873937
41792873938
41792873981
41792873865
41792873688
41792873739
41792873901
41792873891
41792873557
41792873633
41792873765
41792873949
41792873969
41792873856
41792873957
41792873680
41792873897
41792873744
41792873791
41792873956
41792873992
41792873963
41792873967
41792873800
41792873889
41792873968
41792873876
41792873929
41792873977
41792873988
41792873970
41792873871
41792873994
41792873944
41792873890
41792873964
41792873925
41792871004
41792871019
41792871023
41792871020
41792871026
41792871005
41792871012
41792871008
41792871025
41792871002
41792871015
41792871017
41792871001
41792871030
41792871009
41792871029
41792871027
41792871024
41792871003
41792871021
41792871028
41792871031
41792871079
41792871043
41792871047
41792871060
41792871064
41792871038
41792871071
41792871042
41792871092
41792871110
41792871122
41792871117
41792871041
41792871149
41792871091
41792871066
41792871159
41792871063
41792871175
41792871162
41792871135
41792871115
41792871070
41792871048
41792871176
41792871179
41792871280
41792871112
41792871036
41792871057
41792871120
41792871069
41792871052
41792871113
41792871081
41792871134
41792871067
41792871097
41792871147
41792871053
41792871086
41792871150
41792871128
41792871187
41792871226
41792871344
41792871205
41792871329
41792871173
41792871040
41792871154
41792871058
41792871054
41792871133
41792871204
41792871061
41792871044
41792871430
41792871096
41792871225
41792871039
41792871161
41792871327
41792871184
41792871274
41792871566
41792871140
41792871413
41792871377
41792871339
41792871338
41792871424
41792871051
41792871340
41792871180
41792871552
41792871230
41792871380
41792871076
41792871279
41792871100
41792871087
41792871107
41792871594
41792871105
41792871130
41792871341
41792871118
41792871394
41792871281
41792871174
41792871418
41792871303
41792871139
41792871073
41792871142
41792871439
41792871082
41792871239
41792871236
41792871387
41792871253
41792871246
41792871213
41792871485
41792871434
41792871266
41792871302
41792871287
41792871248
41792871055
41792871194
41792871370
41792871121
41792871083
41792871463
41792871093
41792871171
41792871141
41792871195
41792871068
41792871353
41792871308
41792871202
41792871241
41792871196
41792871233
41792871499
41792871713
41792871168
41792871600
41792871189
41792871653
41792871260
41792871312
41792871143
41792871491
41792871257
41792871240
41792871123
41792871422
41792871475
41792871354
41792871326
41792871316
41792871222
41792871869
41792871137
41792871229
41792871172
41792871293
41792871336
41792871254
41792871571
41792871298
41792871502
41792871290
41792871644
41792871306
41792871276
41792871157
41792871148
41792871207
41792871245
41792871210
41792871431
41792871381
41792871197
41792871364
41792871138
41792871102
41792871718
41792871234
41792871200
41792871371
41792871324
41792871471
41792871603
41792871613
41792871158
41792871400
41792871606
41792871088
41792871466
41792871444
41792871393
41792871144
41792871218
41792871382
41792871251
41792871408
41792871440
41792871740
41792871492
41792871214
41792871193
41792871178
41792871319
41792871330
41792871325
41792871544
41792871967
41792871259
41792871217
41792871726
41792871356
41792871310
41792871637
41792871152
41792871307
41792871746
41792871667
41792871392
41792871231
41792871474
41792871212
41792871532
41792871116
41792871314
41792871481
41792871192
41792871668
41792871332
41792871244
41792871359
41792871674
41792871451
41792871585
41792871655
41792871526
41792871183
41792871379
41792871887
41792871238
41792871490
41792871219
41792871262
41792871536
41792871656
41792871437
41792871985
41792871943
41792871247
41792871730
41792871950
41792871682
41792871425
41792871365
41792871460
41792871348
41792871250
41792871445
41792871573
41792871201
41792871514
41792871415
41792871368
41792871748
41792871865
41792871690
41792871268
41792871807
41792871404
41792871288
41792871452
41792871608
41792871321
41792871305
41792871209
41792871506
41792871848
41792871468
41792871410
41792871419
41792871322
41792871530
41792871464
41792871808
41792871435
41792871669
41792871858
41792871990
41792871649
41792871405
41792871333
41792871446
41792871555
41792871467
41792871199
41792871515
41792871458
41792871703
41792871315
41792871232
41792871449
41792871551
41792871099
41792871358
41792871700
41792871671
41792871553
41792871442
41792871556
41792871572
41792871520
41792871517
41792871255
41792871788
41792871369
41792871384
41792871181
41792871666
41792871654
41792871980
41792871289
41792871542
41792871146
41792871610
41792871476
41792871349
41792871304
41792871643
41792871575
41792871568
41792871801
41792871503
41792871206
41792871652
41792871272
41792871977
41792871145
41792871694
41792871388
41792871473
41792871252
41792871292
41792871948
41792871716
41792871940
41792871612
41792871407
41792871825
41792871988
41792871397
41792871659
41792871581
41792871781
41792871779
41792871587
41792871311
41792871949
41792871741
41792871494
41792871744
41792871914
41792871565
41792871712
41792871360
41792871256
41792871203
41792871856
41792871768
41792871523
41792871627
41792871080
41792871721
41792871224
41792871484
41792871714
41792871423
41792871533
41792871593
41792871258
41792871273
41792871707
41792871625
41792871792
41792871489
41792871550
41792871927
41792871704
41792871852
41792871482
41792871186
41792871783
41792871800
41792871596
41792871295
41792871889
41792871539
41792871816
41792871855
41792871735
41792871706
41792871412
41792871510
41792871732
41792871441
41792871828
41792871677
41792871385
41792871457
41792871640
41792871925
41792871559
41792871455
41792871619
41792871846
41792871958
41792871528
41792871939
41792871416
41792871362
41792871554
41792871620
41792871760
41792871672
41792871758
41792871859
41792871119
41792871739
41792871804
41792871401
41792871831
41792871995
41792871670
41792871291
41792871350
41792871521
41792871759
41792871839
41792871784
41792871301
41792871862
41792871525
41792871465
41792871803
41792871335
41792871577
41792871752
41792871417
41792871509
41792871737
41792871480
41792871403
41792871987
41792871754
41792871920
41792871595
41792871633
41792871678
41792871433
41792871545
41792871813
41792871483
41792871905
41792871623
41792871398
41792871836
41792871576
41792871769
41792871817
41792871557
41792871764
41792871602
41792871406
41792871953
41792871785
41792871634
41792871838
41792871957
41792871866
41792871648
41792871722
41792871461
41792871443
41792871582
41792871609
41792871850
41792871389
41792871962
41792871878
41792871725
41792871826
41792871636
41792871592
41792871564
41792871574
41792871822
41792871969
41792871811
41792871511
41792871684
41792871136
41792871454
41792871863
41792871959
41792871790
41792871851
41792871632
41792871665
41792871708
41792871842
41792871689
41792871789
41792871534
41792871342
41792871873
41792871806
41792871589
41792871978
41792871617
41792871579
41792871902
41792871849
41792871798
41792871660
41792871916
41792871971
41792871770
41792871854
41792871685
41792871952
41792871834
41792871645
41792871432
41792871772
41792871827
41792871635
41792871956
41792871896
41792871657
41792871755
41792871884
41792871830
41792871810
41792871942
41792871915
41792871837
41792871996
41792871880
41792871562
41792871796
41792871720
41792871774
41792871965
41792871935
41792871275
41792871904
41792871847
41792871824
41792871818
41792871819
41792871753
41792871719
41792871881
41792871845
41792871968
41792871892
41792871780
41792871761
41792871518
41792871879
41792871864
41792871928
41792871479
41792871877
41792871367
41792871569
41792871867
41792871840
41792871710
41792871757
41792871983
41792871936
41792871900
41792871872
41792871767
41792871524
41792871546
41792871773
41792871543
41792871992
41792871923
41792871947
41792871641
41792871782
41792871870
41792871756
41792871974
41792871624
41792871929
41792871723
41792871941
41792871913
41792871944
41792871901
41792871795
41792871815
41792871931
41792871857
41792871733
41792871888
41792871933
41792871699
41792871912
41792871823
41792871519
41792871909
41792871664
41792871951
41792871860
41792871955
41792871604
41792871911
41792871686
41792871797
41792871886
41792871891
41792871979
41792871765
41792872000
41792872017
41792872004
41792872014
41792872023
41792872016
41792872018
41792872028
41792872019
41792872025
41792872001
41792872032
41792872021
41792872030
41792872020
41792872029
41792872005
41792872007
41792872027
41792872015
41792872011
41792872024
41792872008
41792872031
41792872044
41792872089
41792872152
41792872187
41792872040
41792872049
41792872052
41792872050
41792872059
41792872046
41792872083
41792872135
41792872080
41792872095
41792872036
41792872106
41792872086
41792872172
41792872190
41792872143
41792872247
41792872090
41792872223
41792872043
41792872374
41792872325
41792872195
41792872346
41792872058
41792872082
41792872041
41792872072
41792872101
41792872064
41792872033
41792872111
41792872286
41792872149
41792872205
41792872119
41792872114
41792872145
41792872183
41792872177
41792872277
41792872134
41792872233
41792872129
41792872279
41792872212
41792872121
41792872238
41792872460
41792872079
41792872067
41792872073
41792872091
41792872146
41792872670
41792872133
41792872369
41792872108
41792872098
41792872110
41792872341
41792872251
41792872109
41792872275
41792872373
41792872071
41792872197
41792872437
41792872128
41792872069
41792872060
41792872372
41792872174
41792872270
41792872204
41792872273
41792872181
41792872213
41792872194
41792872199
41792872520
41792872440
41792872055
41792872185
41792872039
41792872232
41792872063
41792872077
41792872513
41792872231
41792872169
41792872403
41792872364
41792872070
41792872211
41792872115
41792872178
41792872107
41792872096
41792872422
41792872289
41792872144
41792872255
41792872347
41792872151
41792872267
41792872066
41792872219
41792872132
41792872184
41792872068
41792872088
41792872235
41792872123
41792872400
41792872117
41792872272
41792872430
41792872214
41792872519
41792872500
41792872102
41792872322
41792872193
41792872167
41792872295
41792872239
41792872163
41792872310
41792872442
41792872330
41792872155
41792872269
41792872479
41792872220
41792872494
41792872515
41792872074
41792872217
41792872156
41792872203
41792872112
41792872350
41792872434
41792872122
41792872363
41792872308
41792872249
41792872242
41792872216
41792872323
41792872264
41792872113
41792872413
41792872188
41792872317
41792872424
41792872535
41792872262
41792872142
41792872471
41792872208
41792872225
41792872302
41792872159
41792872847
41792872389
41792872490
41792872281
41792872288
41792872256
41792872379
41792872353
41792872141
41792872734
41792872393
41792872462
41792872996
41792872450
41792872222
41792872196
41792872186
41792872352
41792872523
41792872404
41792872624
41792872240
41792872075
41792872367
41792872198
41792872622
41792872597
41792872345
41792872138
41792872170
41792872339
41792872605
41792872508
41792872376
41792872298
41792872168
41792872421
41792872260
41792872409
41792872076
41792872582
41792872257
41792872449
41792872342
41792872078
41792872664
41792872224
41792872649
41792872263
41792872684
41792872116
41792872157
41792872414
41792872166
41792872511
41792872569
41792872081
41792872093
41792872780
41792872230
41792872417
41792872600
41792872301
41792872200
41792872682
41792872527
41792872292
41792872294
41792872820
41792872466
41792872504
41792872477
41792872883
41792872485
41792872475
41792872542
41792872366
41792872637
41792872634
41792872607
41792872604
41792872458
41792872726
41792872533
41792872623
41792872387
41792872751
41792872463
41792872529
41792872563
41792872805
41792872628
41792872691
41792872351
41792872493
41792872516
41792872538
41792872391
41792872305
41792872336
41792872499
41792872800
41792872344
41792872271
41792872358
41792872779
41792872320
41792872721
41792872611
41792872473
41792872977
41792872316
41792872744
41792872606
41792872297
41792872180
41792872555
41792872348
41792872318
41792872850
41792872236
41792872681
41792872782
41792872823
41792872526
41792872748
41792872577
41792872431
41792872244
41792872510
41792872268
41792872512
41792872416
41792872306
41792872234
41792872338
41792872894
41792872383
41792872470
41792872411
41792872643
41792872464
41792872309
41792872406
41792872838
41792872237
41792872395
41792872747
41792872189
41792872755
41792872584
41792872312
41792872672
41792872433
41792872757
41792872636
41792872487
41792872327
41792872768
41792872725
41792872503
41792872436
41792872445
41792872860
41792872162
41792872840
41792872865
41792872599
41792872630
41792872632
41792872677
41792872837
41792872506
41792872631
41792872258
41792872386
41792872787
41792872381
41792872619
41792872714
41792872638
41792872727
41792872324
41792872405
41792872438
41792872974
41792872839
41792872616
41792872914
41792872870
41792872627
41792872833
41792872756
41792872435
41792872700
41792872701
41792872673
41792872667
41792872562
41792872856
41792872644
41792872785
41792872362
41792872886
41792872227
41792872938
41792872578
41792872332
41792872548
41792872474
41792872335
41792872536
41792872835
41792872355
41792872993
41792872588
41792872560
41792872399
41792872665
41792872539
41792872789
41792872826
41792872532
41792872674
41792872420
41792872729
41792872480
41792872319
41792872426
41792872781
41792872357
41792872970
41792872590
41792872997
41792872936
41792872928
41792872482
41792872483
41792872419
41792872633
41792872361
41792872739
41792872549
41792872836
41792872774
41792872845
41792872360
41792872669
41792872743
41792872777
41792872962
41792872695
41792872772
41792872984
41792872913
41792872528
41792872620
41792872579
41792872368
41792872935
41792872602
41792872807
41792872259
41792872392
41792872550
41792872378
41792872484
41792872786
41792872565
41792872752
41792872877
41792872904
41792872564
41792872819
41792872926
41792872676
41792872689
41792872968
41792872740
41792872959
41792872770
41792872867
41792872797
41792872736
41792872813
41792872733
41792872509
41792872498
41792872648
41792872955
41792872810
41792872990
41792872911
41792872965
41792872261
41792872891
41792872265
41792872390
41792872687
41792872811
41792872875
41792872472
41792872476
41792872469
41792872899
41792872952
41792872478
41792872486
41792872869
41792872711
41792872594
41792872534
41792872540
41792872958
41792872873
41792872818
41792872522
41792872846
41792872418
41792872821
41792872443
41792872830
41792872660
41792872715
41792872932
41792872547
41792872898
41792872678
41792872890
41792872773
41792872981
41792872592
41792872841
41792872776
41792872524
41792872967
41792872922
41792872900
41792872801
41792872544
41792872792
41792872591
41792872947
41792872530
41792872694
41792872941
41792872728
41792872978
41792872385
41792872799
41792872953
41792872964
41792872680
41792872927
41792872593
41792872702
41792872843
41792872467
41792872946
41792872551
41792872557
41792872769
41792872963
41792872906
41792872697
41792872882
41792872957
41792872589
41792872881
41792872654
41792872812
41792872531
41792872750
41792872972
41792872825
41792872920
41792872919
41792872902
41792872987
41792872718
41792872568
41792872982
41792872924
41792872572
41792872737
41792872703
41792872872
41792872692
41792872816
41792872842
41792872824
41792872791
41792872943
41792872746
41792872587
41792872916
41792872934
41792872901
41792872903
41792872566
41792872948
41792872991
41792872642
41792872679
41792872942
41792872949
41792872613
41792872583
41792872923
41792872979
41792872427
41792872857
41792872735
41792872784
41792872887
41792872828
41792872853
41792872986
41792872618
41792872598
41792872783
41792872939
41792872708
41792872646
41792872766
41792872884
41792872879
41792872760
41792872863
41792872985
41792872852
41792872771
41792872971
41792872712
41792872848
41792872764
41792872945
41792872871
41792872956
41792872861
41792872885
41792872868
41792872912
41792878005
41792878008
41792878031
41792878028
41792878030
41792878021
41792878001
41792878016
41792878027
41792878006
41792878022
41792878020
41792878003
41792878007
41792878017
41792878004
41792878019
41792878026
41792878011
41792878025
41792878029
41792878010
41792878024
41792878002
41792878269
41792878041
41792878038
41792878044
41792878052
41792878073
41792878036
41792878064
41792878050
41792878088
41792878115
41792878113
41792878112
41792878237
41792878045
41792878046
41792878253
41792878252
41792878039
41792878083
41792878081
41792878058
41792878047
41792878123
41792878114
41792878333
41792878154
41792878329
41792878057
41792878034
41792878042
41792878060
41792878037
41792878192
41792878033
41792878179
41792878243
41792878209
41792878107
41792878240
41792878091
41792878078
41792878156
41792878061
41792878084
41792878284
41792878172
41792878049
41792878053
41792878048
41792878105
41792878345
41792878100
41792878131
41792878133
41792878171
41792878352
41792878207
41792878191
41792878157
41792878181
41792878090
41792878229
41792878108
41792878178
41792878065
41792878082
41792878175
41792878218
41792878056
41792878353
41792878309
41792878163
41792878104
41792878291
41792878120
41792878103
41792878102
41792878227
41792878384
41792878182
41792878258
41792878367
41792878070
41792878142
41792878281
41792878162
41792878176
41792878098
41792878062
41792878136
41792878190
41792878160
41792878092
41792878380
41792878347
41792878230
41792878372
41792878247
41792878067
41792878233
41792878251
41792878080
41792878306
41792878072
41792878195
41792878168
41792878055
41792878403
41792878265
41792878200
41792878315
41792878254
41792878174
41792878382
41792878277
41792878144
41792878259
41792878211
41792878453
41792878282
41792878151
41792878556
41792878400
41792878358
41792878066
41792878343
41792878430
41792878501
41792878086
41792878565
41792878257
41792878407
41792878126
41792878271
41792878320
41792878231
41792878235
41792878387
41792878465
41792878188
41792878226
41792878537
41792878391
41792878381
41792878308
41792878077
41792878139
41792878158
41792878204
41792878653
41792878215
41792878287
41792878239
41792878590
41792878183
41792878261
41792878610
41792878472
41792878547
41792878436
41792878614
41792878369
41792878130
41792878255
41792878375
41792878187
41792878424
41792878169
41792878221
41792878224
41792878470
41792878146
41792878304
41792878210
41792878421
41792878117
41792878094
41792878290
41792878286
41792878300
41792878152
41792878145
41792878344
41792878725
41792878632
41792878193
41792878225
41792878507
41792878437
41792878411
41792878155
41792878294
41792878510
41792878128
41792878462
41792878268
41792878338
41792878335
41792878097
41792878184
41792878613
41792878790
41792878498
41792878185
41792878150
41792878467
41792878279
41792878316
41792878236
41792878686
41792878274
41792878213
41792878408
41792878457
41792878466
41792878684
41792878273
41792878305
41792878364
41792878293
41792878334
41792878549
41792878543
41792878319
41792878238
41792878232
41792878410
41792878545
41792878425
41792878698
41792878497
41792878419
41792878212
41792878177
41792878260
41792878581
41792878435
41792878910
41792878443
41792878354
41792878640
41792878500
41792878519
41792878189
41792878263
41792878524
41792878740
41792878649
41792878203
41792878194
41792878228
41792878482
41792878434
41792878288
41792878536
41792878617
41792878196
41792878455
41792878153
41792878328
41792878357
41792878515
41792878350
41792878732
41792878559
41792878356
41792878554
41792878217
41792878932
41792878289
41792878488
41792878795
41792878606
41792878492
41792878361
41792878759
41792878307
41792878553
41792878431
41792878551
41792878475
41792878874
41792878831
41792878363
41792878326
41792878138
41792878449
41792878680
41792878739
41792878747
41792878716
41792878494
41792878458
41792878412
41792878395
41792878476
41792878167
41792878538
41792878469
41792878707
41792878323
41792878586
41792878186
41792878406
41792878377
41792878811
41792878645
41792878670
41792878234
41792878905
41792878661
41792878456
41792878634
41792878460
41792878575
41792878571
41792878295
41792878644
41792878429
41792878398
41792878330
41792878982
41792878679
41792878963
41792878727
41792878578
41792878788
41792878396
41792878173
41792878414
41792878604
41792878427
41792878715
41792878486
41792878712
41792878522
41792878464
41792878579
41792878208
41792878164
41792878639
41792878359
41792878378
41792878376
41792878341
41792878216
41792878772
41792878836
41792878489
41792878342
41792878331
41792878603
41792878967
41792878887
41792878355
41792878780
41792878451
41792878433
41792878445
41792878493
41792878870
41792878339
41792878621
41792878619
41792878527
41792878796
41792878770
41792878530
41792878490
41792878730
41792878397
41792878773
41792878709
41792878394
41792878938
41792878890
41792878409
41792878914
41792878416
41792878444
41792878616
41792878868
41792878528
41792878532
41792878438
41792878789
41792878480
41792878615
41792878219
41792878758
41792878366
41792878572
41792878491
41792878626
41792878504
41792878509
41792878514
41792878682
41792878894
41792878573
41792878371
41792878690
41792878636
41792878539
41792878569
41792878767
41792878714
41792878664
41792878607
41792878972
41792878902
41792878222
41792878454
41792878830
41792878370
41792878693
41792878673
41792878746
41792878580
41792878452
41792878348
41792878534
41792878843
41792878548
41792878784
41792878508
41792878805
41792878700
41792878555
41792878557
41792878976
41792878975
41792878706
41792878962
41792878625
41792878688
41792878648
41792878533
41792878794
41792878952
41792878658
41792878809
41792878724
41792878775
41792878695
41792878882
41792878550
41792878660
41792878808
41792878499
41792878520
41792878754
41792878985
41792878506
41792878558
41792878877
41792878687
41792878285
41792878824
41792878826
41792878426
41792878089
41792878689
41792878951
41792878360
41792878676
41792878633
41792878718
41792878483
41792878560
41792878756
41792878992
41792878769
41792878888
41792878978
41792878729
41792878734
41792878798
41792878920
41792878838
41792878964
41792878844
41792878801
41792878899
41792878923
41792878762
41792878937
41792878931
41792878748
41792878683
41792878858
41792878720
41792878722
41792878774
41792878600
41792878995
41792878511
41792878468
41792878825
41792878681
41792878822
41792878993
41792878652
41792878786
41792878900
41792878815
41792878965
41792878818
41792878966
41792878869
41792878566
41792878518
41792878817
41792878627
41792878833
41792878663
41792878485
41792878846
41792878588
41792878764
41792878925
41792878546
41792878958
41792878744
41792878325
41792878650
41792878875
41792878628
41792878891
41792878810
41792878654
41792878642
41792878674
41792878692
41792878766
41792878909
41792878861
41792878505
41792878782
41792878802
41792878717
41792878563
41792878848
41792878623
41792878911
41792878542
41792878535
41792878912
41792878719
41792878942
41792878855
41792878852
41792878885
41792878950
41792878351
41792878477
41792878880
41792878696
41792878915
41792878829
41792878337
41792878968
41792878854
41792878655
41792878731
41792878842
41792878919
41792878872
41792878591
41792878922
41792878803
41792878886
41792878638
41792878898
41792878845
41792878726
41792878990
41792878441
41792878737
41792878841
41792878980
41792878820
41792878961
41792878906
41792878666
41792878814
41792878884
41792878668
41792878669
41792878807
41792878866
41792878755
41792878736
41792878986
41792878624
41792878750
41792878930
41792878955
41792878897
41792878800
41792878857
41792878903
41792878997
41792878960
41792878749
41792878823
41792878643
41792878806
41792878741
41792878928
41792878832
41792878865
41792878819
41792878771
41792878889
41792878675
41792878988
41792878879
41792878974
41792878787
41792878904
41792878901
41792878860
41792878862
41792878956
41792878926
41792878944
41792878924
41792878996
41792878957
41792878939
41792878991
41792877000
41792877013
41792877025
41792877003
41792877002
41792877015
41792877030
41792877022
41792877017
41792877032
41792877018
41792877004
41792877029
41792877012
41792877010
41792877014
41792877023
41792877020
41792877007
41792877031
41792877019
41792877005
41792877076
41792877078
41792877085
41792877057
41792877072
41792877040
41792877102
41792877338
41792877054
41792877067
41792877108
41792877038
41792877064
41792877052
41792877059
41792877065
41792877090
41792877086
41792877113
41792877148
41792877045
41792877055
41792877173
41792877124
41792877035
41792877082
41792877189
41792877033
41792877083
41792877034
41792877066
41792877123
41792877084
41792877063
41792877249
41792877250
41792877271
41792877053
41792877112
41792877080
41792877095
41792877303
41792877209
41792877166
41792877334
41792877087
41792877239
41792877273
41792877300
41792877075
41792877312
41792877050
41792877070
41792877188
41792877309
41792877056
41792877093
41792877127
41792877132
41792877041
41792877233
41792877116
41792877190
41792877094
41792877170
41792877181
41792877194
41792877349
41792877061
41792877283
41792877036
41792877252
41792877068
41792877128
41792877137
41792877297
41792877264
41792877117
41792877177
41792877111
41792877153
41792877175
41792877184
41792877228
41792877097
41792877109
41792877167
41792877144
41792877286
41792877115
41792877213
41792877220
41792877331
41792877071
41792877119
41792877295
41792877165
41792877098
41792877323
41792877121
41792877247
41792877216
41792877199
41792877130
41792877081
41792877136
41792877193
41792877237
41792877101
41792877091
41792877279
41792877100
41792877254
41792877339
41792877234
41792877259
41792877182
41792877317
41792877079
41792877131
41792877212
41792877186
41792877275
41792877191
41792877202
41792877270
41792877185
41792877133
41792877156
41792877324
41792877225
41792877346
41792877210
41792877276
41792877217
41792877157
41792877089
41792877073
41792877163
41792877343
41792877313
41792877342
41792877135
41792877251
41792877294
41792877211
41792877118
41792877322
41792877142
41792877158
41792877285
41792877120
41792877229
41792877180
41792877277
41792877328
41792877231
41792877321
41792877260
41792877325
41792877222
41792877235
41792877316
41792877262
41792877344
41792877302
41792877218
41792877257
41792877329
41792877192
41792877272
41792877226
41792877307
41792877207
41792877274
41792877139
41792877206
41792877269
41792877256
41792877350
41792877246
41792877336
41792877281
41792877214
41792877205
41792877291
41792877287
41792877304
41792877288
41792877241
41792877293
41792877358
41792877351
41792877356
41792877357
41792877382
41792877369
41792877381
41792877380
41792877359
41792877367
41792877361
41792877378
41792877371
41792877364
41792877365
41792877362
41792877370
41792877352
41792877355
41792877379
41792877354
41792877366
41792877377
41792877372
41792877374
41792877399
41792877401
41792877442
41792877387
41792877431
41792877420
41792877383
41792877398
41792877412
41792877410
41792877407
41792877411
41792877490
41792877633
41792877497
41792877425
41792877408
41792877440
41792877461
41792877480
41792877447
41792877389
41792877396
41792877505
41792877413
41792877509
41792877477
41792877427
41792877534
41792877465
41792877454
41792877467
41792877522
41792877433
41792877615
41792877617
41792877402
41792877511
41792877645
41792877501
41792877390
41792877475
41792877397
41792877616
41792877469
41792877483
41792877634
41792877664
41792877416
41792877432
41792877414
41792877676
41792877691
41792877589
41792877476
41792877468
41792877472
41792877417
41792877539
41792877504
41792877549
41792877600
41792877451
41792877524
41792877494
41792877542
41792877435
41792877572
41792877550
41792877516
41792877551
41792877602
41792877574
41792877430
41792877677
41792877445
41792877560
41792877587
41792877479
41792877437
41792877563
41792877422
41792877466
41792877488
41792877662
41792877672
41792877507
41792877393
41792877464
41792877386
41792877520
41792877590
41792877569
41792877540
41792877419
41792877462
41792877423
41792877513
41792877485
41792877597
41792877544
41792877696
41792877608
41792877591
41792877489
41792877424
41792877506
41792877668
41792877650
41792877595
41792877443
41792877455
41792877385
41792877567
41792877530
41792877502
41792877484
41792877526
41792877470
41792877613
41792877652
41792877536
41792877599
41792877441
41792877623
41792877564
41792877487
41792877614
41792877639
41792877541
41792877580
41792877557
41792877529
41792877626
41792877458
41792877492
41792877673
41792877667
41792877605
41792877493
41792877538
41792877692
41792877680
41792877525
41792877438
41792877651
41792877660
41792877491
41792877693
41792877655
41792877577
41792877460
41792877689
41792877552
41792877500
41792877654
41792877641
41792877625
41792877621
41792877686
41792877452
41792877661
41792877666
41792877604
41792877463
41792877531
41792877627
41792877631
41792877565
41792877640
41792877570
41792877606
41792877535
41792877658
41792877624
41792877603
41792877503
41792877638
41792877687
41792877558
41792877635
41792877688
41792877612
41792877644
41792877571
41792877556
41792877678
41792877657
41792877694
41792877683
41792877684
41792877610
41792877675
41792877671
41792877450
41792877628
41792877637
41792877642
41792877648
41792877719
41792877722
41792877705
41792877711
41792877701
41792877704
41792877709
41792877726
41792877703
41792877702
41792877721
41792877715
41792877712
41792877706
41792877730
41792877716
41792877717
41792877723
41792877718
41792877708
41792877740
41792877744
41792877764
41792877734
41792877757
41792877777
41792877791
41792877733
41792877771
41792877731
41792877742
41792877763
41792877765
41792877782
41792877790
41792877752
41792877769
41792877737
41792877748
41792877732
41792877770
41792877784
41792877735
41792877753
41792877743
41792877789
41792877749
41792877779
41792877746
41792877747
41792877739
41792877773
41792877776
41792877750
41792877772
41792877736
41792877778
41792877738
41792877755
41792877756
41792877783
41792877780
41792877787
41792877759
41792877758
41792877768
41792877775
41792877766
41792877786
41792877767
41792877788
41792877785
41792877774
41792877832
41792877845
41792877837
41792877812
41792877846
41792877867
41792877873
41792877799
41792877793
41792877796
41792877802
41792877803
41792877822
41792877830
41792877848
41792877839
41792877851
41792877868
41792877856
41792877870
41792877865
41792877849
41792877817
41792877853
41792877835
41792877869
41792877804
41792877819
41792877843
41792877807
41792877836
41792877860
41792877858
41792877809
41792877833
41792877827
41792877854
41792877794
41792877875
41792877831
41792877841
41792877877
41792877847
41792877857
41792877829
41792877876
41792877823
41792877816
41792877810
41792877818
41792877808
41792877834
41792877842
41792877866
41792877863
41792877872
41792877820
41792877813
41792877855
41792877852
41792877878
41792877861
41792877894
41792877895
41792877954
41792877963
41792877902
41792877923
41792877943
41792877893
41792877934
41792877882
41792877888
41792877918
41792877955
41792877927
41792877892
41792877891
41792877928
41792877883
41792877912
41792877915
41792877920
41792877903
41792877962
41792877950
41792877917
41792877906
41792877879
41792877921
41792877925
41792877880
41792877933
41792877946
41792877886
41792877911
41792877940
41792877930
41792877944
41792877907
41792877942
41792877939
41792877945
41792877935
41792877887
41792877881
41792877949
41792877909
41792877965
41792877884
41792877910
41792877960
41792877905
41792877922
41792877926
41792877958
41792877931
41792877964
41792877957
41792877900
41792877938
41792877990
41792877988
41792877974
41792877986
41792877994
41792877969
41792877989
41792877968
41792877993
41792877982
41792877980
41792877981
41792877996
41792877979
41792877998
41792877975
41792877972
41792877973
41792877967
41792877966
41792877992
41792877976
41792877977
41792877999
41792877984
41792877995
41792877970
41792877987
41792877997
