41762025000
41762025024
41762025006
41762025009
41762025028
41762025026
41762025031
41762025016
41762025002
41762025020
41762025015
41762025010
41762025001
41762025023
41762025005
41762025012
41762025014
41762025061
41762025077
41762025101
41762025139
41762025241
41762025240
41762025056
41762025033
41762025018
41762025148
41762025141
41762025067
41762025159
41762025097
41762025053
41762025035
41762025120
41762025135
41762025124
41762025189
41762025160
41762025161
41762025393
41762025151
41762025084
41762025307
41762025146
41762025037
41762025280
41762025109
41762025156
41762025122
41762025070
41762025140
41762025108
41762025277
41762025040
41762025254
41762025335
41762025250
41762025048
41762025069
41762025047
41762025165
41762025050
41762025051
41762025154
41762025107
41762025074
41762025174
41762025105
41762025200
41762025345
41762025110
41762025100
41762025464
41762025091
41762025369
41762025104
41762025155
41762025338
41762025133
41762025088
41762025276
41762025300
41762025251
41762025192
41762025305
41762025234
41762025249
41762025365
41762025171
41762025064
41762025408
41762025538
41762025255
41762025232
41762025283
41762025323
41762025288
41762025278
41762025090
41762025284
41762025439
41762025554
41762025524
41762025073
41762025324
41762025746
41762025460
41762025397
41762025424
41762025419
41762025099
41762025415
41762025624
41762025197
41762025271
41762025218
41762025366
41762025150
41762025224
41762025572
41762025390
41762025274
41762025242
41762025193
41762025172
41762025376
41762025354
41762025349
41762025102
41762025272
41762025751
41762025321
41762025370
41762025303
41762025289
41762025490
41762025125
41762025783
41762025548
41762025199
41762025575
41762025212
41762025337
41762025682
41762025533
41762025388
41762025454
41762025573
41762025721
41762025304
41762025380
41762025285
41762025186
41762025566
41762025377
41762025315
41762025890
41762025621
41762025291
41762025452
41762025656
41762025868
41762025540
41762025142
41762025637
41762025298
41762025501
41762025583
41762025286
41762025433
41762025462
41762025350
41762025411
41762025678
41762025446
41762025811
41762025177
41762025294
41762025516
41762025463
41762025367
41762025263
41762025762
41762025784
41762025525
41762025699
41762025252
41762025221
41762025795
41762025227
41762025797
41762025895
41762025400
41762025617
41762025364
41762025696
41762025709
41762025549
41762025351
41762025851
41762025608
41762025841
41762025528
41762025553
41762025759
41762025708
41762025737
41762025711
41762025777
41762025749
41762025407
41762025451
41762025527
41762025691
41762025395
41762025593
41762025655
41762025327
41762025658
41762025659
41762025428
41762025644
41762025790
41762025253
41762025931
41762025755
41762025611
41762025683
41762025594
41762025703
41762025804
41762025495
41762025322
41762025506
41762025653
41762025357
41762025757
41762025244
41762025985
41762025423
41762025442
41762025502
41762025531
41762025834
41762025978
41762025458
41762025799
41762025990
41762025750
41762025791
41762025807
41762025662
41762025564
41762025647
41762025438
41762025680
41762025499
41762025636
41762025782
41762025781
41762025312
41762025724
41762025547
41762025660
41762025663
41762025403
41762025801
41762025776
41762025544
41762025455
41762025634
41762025633
41762025685
41762025582
41762025340
41762025705
41762025756
41762025410
41762025920
41762025570
41762025672
41762025504
41762025800
41762025730
41762025761
41762025328
41762025723
41762025983
41762025967
41762025578
41762025626
41762025638
41762025808
41762025888
41762025948
41762025902
41762025713
41762025704
41762025826
41762025813
41762025901
41762025567
41762025970
41762025939
41762025882
41762025650
41762025788
41762025686
41762025865
41762025974
41762025519
41762025585
41762025886
41762025588
41762025878
41762025928
41762025989
41762025905
41762025613
41762025879
41762025846
41762025731
41762025952
41762025979
41762025673
41762025926
41762025514
41762025994
41762025976
41762025727
41762025929
41762025908
41762025844
41762025854
41762025657
41762025938
41762025959
41762025443
41762025620
41762025987
41762025866
41762025934
41762025848
41762025828
41762025953
41762025992
41762025858
41762025863
41762025910
41762025869
41762025897
41762025969
41762024000
41762024029
41762024002
41762024001
41762024005
41762024020
41762024010
41762024023
41762024015
41762024004
41762024003
41762024014
41762024028
41762024211
41762024038
41762024035
41762024026
41762024149
41762024146
41762024013
41762024170
41762024197
41762024046
41762024093
41762024234
41762024086
41762024210
41762024135
41762024133
41762024076
41762024176
41762024223
41762024353
41762024036
41762024221
41762024196
41762024120
41762024064
41762024070
41762024142
41762024109
41762024111
41762024041
41762024054
41762024319
41762024156
41762024316
41762024090
41762024169
41762024045
41762024065
41762024104
41762024255
41762024233
41762024040
41762024057
41762024150
41762024085
41762024375
41762024345
41762024095
41762024123
41762024183
41762024051
41762024049
41762024042
41762024100
41762024102
41762024117
41762024140
41762024033
41762024244
41762024165
41762024251
41762024280
41762024206
41762024161
41762024208
41762024128
41762024098
41762024069
41762024107
41762024160
41762024281
41762024209
41762024242
41762024266
41762024214
41762024191
41762024130
41762024119
41762024349
41762024204
41762024113
41762024243
41762024166
41762024301
41762024270
41762024077
41762024232
41762024355
41762024335
41762024043
41762024257
41762024503
41762024303
41762024174
41762024321
41762024216
41762024361
41762024153
41762024062
41762024190
41762024278
41762024263
41762024179
41762024290
41762024416
41762024322
41762024187
41762024253
41762024249
41762024436
41762024163
41762024346
41762024126
41762024168
41762024292
41762024522
41762024201
41762024180
41762024618
41762024284
41762024432
41762024585
41762024384
41762024584
41762024313
41762024300
41762024642
41762024510
41762024276
41762024352
41762024342
41762024092
41762024398
41762024177
41762024332
41762024550
41762024400
41762024541
41762024230
41762024193
41762024507
41762024588
41762024412
41762024413
41762024579
41762024419
41762024704
41762024677
41762024262
41762024769
41762024509
41762024344
41762024363
41762024519
41762024542
41762024409
41762024450
41762024481
41762024442
41762024575
41762024241
41762024454
41762024404
41762024563
41762024901
41762024265
41762024628
41762024598
41762024755
41762024198
41762024632
41762024796
41762024491
41762024411
41762024517
41762024467
41762024401
41762024551
41762024469
41762024310
41762024275
41762024574
41762024433
41762024443
41762024950
41762024626
41762024466
41762024688
41762024970
41762024494
41762024226
41762024699
41762024427
41762024590
41762024798
41762024762
41762024410
41762024387
41762024719
41762024876
41762024723
41762024545
41762024372
41762024327
41762024872
41762024785
41762024881
41762024534
41762024536
41762024557
41762024472
41762024554
41762024868
41762024658
41762024786
41762024463
41762024514
41762024892
41762024660
41762024845
41762024423
41762024783
41762024614
41762024725
41762024236
41762024415
41762024830
41762024765
41762024645
41762024989
41762024955
41762024953
41762024172
41762024753
41762024583
41762024795
41762024884
41762024479
41762024794
41762024860
41762024754
41762024732
41762024476
41762024611
41762024833
41762024818
41762024913
41762024548
41762024610
41762024852
41762024923
41762024477
41762024524
41762024304
41762024299
41762024959
41762024772
41762024809
41762024490
41762024898
41762024484
41762024605
41762024738
41762024540
41762024995
41762024687
41762024836
41762024824
41762024430
41762024922
41762024674
41762024974
41762024751
41762024437
41762024962
41762024944
41762024842
41762024544
41762024960
41762024668
41762024936
41762024582
41762024718
41762024805
41762024452
41762024715
41762024802
41762024907
41762024759
41762024631
41762024547
41762024370
41762024653
41762024665
41762024799
41762024780
41762024831
41762024956
41762024307
41762024708
41762024968
41762024596
41762024822
41762024682
41762024716
41762024977
41762024921
41762024906
41762024849
41762024726
41762024788
41762024816
41762024424
41762024991
41762024702
41762024858
41762024900
41762024812
41762024774
41762024828
41762024745
41762024890
41762024885
41762024964
41762024435
41762024978
41762024965
41762024848
41762024986
41762024746
41762024773
41762024672
41762024994
41762024564
41762024529
41762024850
41762024709
41762024648
41762024925
41762024851
41762024928
41762024480
41762024445
41762024905
41762024874
41762024740
41762024667
41762024807
41762024877
41762024671
41762024947
41762024744
41762024760
41762024735
41762024775
41762024940
41762024841
41762024980
41762024779
41762024919
41762024684
41762024761
41762024763
41762024813
41762024903
41762024806
41762024855
41762024747
41762024886
41762024778
41762026000
41762026030
41762026027
41762026015
41762026010
41762026005
41762026024
41762026007
41762026006
41762026011
41762026031
41762026008
41762026032
41762026020
41762026028
41762026016
41762026050
41762026035
41762026055
41762026128
41762026166
41762026212
41762026068
41762026063
41762026106
41762026037
41762026081
41762026066
41762026077
41762026097
41762026150
41762026117
41762026120
41762026093
41762026121
41762026178
41762026260
41762026207
41762026034
41762026263
41762026333
41762026061
41762026085
41762026100
41762026530
41762026042
41762026065
41762026279
41762026295
41762026261
41762026070
41762026447
41762026048
41762026073
41762026046
41762026147
41762026239
41762026074
41762026258
41762026091
41762026185
41762026111
41762026152
41762026033
41762026287
41762026043
41762026079
41762026768
41762026388
41762026123
41762026396
41762026214
41762026199
41762026497
41762026194
41762026464
41762026235
41762026371
41762026204
41762026247
41762026244
41762026250
41762026441
41762026320
41762026383
41762026254
41762026208
41762026220
41762026294
41762026076
41762026145
41762026170
41762026069
41762026234
41762026268
41762026419
41762026469
41762026223
41762026397
41762026163
41762026270
41762026574
41762026395
41762026209
41762026156
41762026332
41762026368
41762026538
41762026175
41762026744
41762026226
41762026470
41762026137
41762026457
41762026133
41762026921
41762026125
41762026586
41762026192
41762026430
41762026307
41762026264
41762026282
41762026370
41762026519
41762026067
41762026165
41762026644
41762026083
41762026563
41762026449
41762026560
41762026303
41762026526
41762026696
41762026372
41762026278
41762026771
41762026655
41762026360
41762026189
41762026794
41762026315
41762026496
41762026656
41762026556
41762026529
41762026253
41762026251
41762026387
41762026201
41762026673
41762026274
41762026229
41762026108
41762026631
41762026498
41762026394
41762026920
41762026978
41762026727
41762026868
41762026267
41762026518
41762026380
41762026533
41762026443
41762026146
41762026535
41762026550
41762026465
41762026770
41762026112
41762026511
41762026472
41762026537
41762026179
41762026861
41762026961
41762026384
41762026290
41762026308
41762026649
41762026684
41762026161
41762026687
41762026429
41762026503
41762026686
41762026626
41762026667
41762026718
41762026677
41762026255
41762026582
41762026248
41762026348
41762026327
41762026963
41762026314
41762026211
41762026400
41762026758
41762026957
41762026356
41762026458
41762026679
41762026851
41762026822
41762026335
41762026674
41762026411
41762026323
41762026867
41762026517
41762026584
41762026340
41762026625
41762026484
41762026614
41762026683
41762026835
41762026955
41762026605
41762026637
41762026616
41762026485
41762026658
41762026504
41762026628
41762026630
41762026701
41762026547
41762026561
41762026737
41762026818
41762026897
41762026276
41762026289
41762026415
41762026654
41762026756
41762026241
41762026750
41762026952
41762026672
41762026821
41762026539
41762026854
41762026880
41762026571
41762026755
41762026423
41762026923
41762026339
41762026445
41762026811
41762026849
41762026751
41762026413
41762026819
41762026324
41762026555
41762026646
41762026482
41762026964
41762026761
41762026707
41762026733
41762026913
41762026886
41762026363
41762026703
41762026233
41762026762
41762026366
41762026828
41762026609
41762026698
41762026781
41762026746
41762026885
41762026623
41762026675
41762026927
41762026488
41762026902
41762026481
41762026693
41762026763
41762026603
41762026742
41762026620
41762026790
41762026997
41762026428
41762026432
41762026881
41762026678
41762026775
41762026692
41762026787
41762026865
41762026910
41762026716
41762026305
41762026544
41762026940
41762026766
41762026490
41762026640
41762026438
41762026972
41762026367
41762026954
41762026848
41762026461
41762026820
41762026786
41762026959
41762026596
41762026975
41762026859
41762026944
41762026545
41762026840
41762026450
41762026942
41762026799
41762026869
41762026499
41762026691
41762026690
41762026919
41762026642
41762026843
41762026922
41762026639
41762026670
41762026643
41762026855
41762026407
41762026863
41762026809
41762026717
41762026965
41762026645
41762026852
41762026827
41762026877
41762026930
41762026702
41762026773
41762026651
41762026566
41762026953
41762026694
41762026956
41762026988
41762026812
41762026908
41762026576
41762026681
41762026421
41762026958
41762026660
41762026580
41762026823
41762026949
41762026987
41762026720
41762026474
41762026789
41762026891
41762026912
41762026917
41762026994
41762020000
41762020016
41762020012
41762020027
41762020031
41762020024
41762020013
41762020022
41762020011
41762020017
41762020007
41762020065
41762020121
41762020025
41762020207
41762020262
41762020048
41762020342
41762020289
41762020196
41762020057
41762020099
41762020015
41762020272
41762020100
41762020072
41762020067
41762020211
41762020205
41762020175
41762020111
41762020117
41762020179
41762020094
41762020041
41762020195
41762020277
41762020218
41762020047
41762020137
41762020143
41762020219
41762020125
41762020298
41762020033
41762020334
41762020420
41762020056
41762020217
41762020058
41762020083
41762020035
41762020107
41762020109
41762020156
41762020084
41762020076
41762020194
41762020151
41762020135
41762020049
41762020350
41762020183
41762020166
41762020231
41762020091
41762020052
41762020061
41762020036
41762020149
41762020069
41762020096
41762020139
41762020161
41762020071
41762020082
41762020307
41762020398
41762020250
41762020153
41762020362
41762020302
41762020138
41762020164
41762020246
41762020078
41762020312
41762020439
41762020188
41762020366
41762020448
41762020187
41762020145
41762020165
41762020208
41762020216
41762020348
41762020510
41762020043
41762020110
41762020129
41762020136
41762020436
41762020127
41762020320
41762020311
41762020301
41762020648
41762020324
41762020234
41762020346
41762020248
41762020538
41762020092
41762020106
41762020343
41762020556
41762020283
41762020214
41762020647
41762020102
41762020209
41762020849
41762020460
41762020158
41762020190
41762020356
41762020393
41762020401
41762020471
41762020212
41762020108
41762020467
41762020364
41762020233
41762020299
41762020189
41762020097
41762020351
41762020560
41762020331
41762020242
41762020321
41762020613
41762020332
41762020295
41762020809
41762020571
41762020162
41762020265
41762020746
41762020063
41762020119
41762020142
41762020220
41762020294
41762020225
41762020547
41762020358
41762020152
41762020154
41762020423
41762020694
41762020221
41762020668
41762020410
41762020527
41762020431
41762020504
41762020795
41762020578
41762020292
41762020599
41762020116
41762020309
41762020371
41762020333
41762020634
41762020140
41762020304
41762020738
41762020260
41762020271
41762020160
41762020411
41762020740
41762020750
41762020589
41762020377
41762020329
41762020780
41762020543
41762020687
41762020323
41762020716
41762020590
41762020370
41762020263
41762020468
41762020775
41762020338
41762020314
41762020319
41762020330
41762020230
41762020273
41762020354
41762020408
41762020159
41762020864
41762020572
41762020628
41762020293
41762020406
41762020456
41762020655
41762020540
41762020925
41762020407
41762020374
41762020429
41762020437
41762020349
41762020244
41762020811
41762020313
41762020652
41762020353
41762020631
41762020644
41762020472
41762020305
41762020818
41762020147
41762020360
41762020851
41762020267
41762020552
41762020558
41762020453
41762020287
41762020771
41762020335
41762020869
41762020483
41762020783
41762020615
41762020757
41762020844
41762020512
41762020481
41762020486
41762020867
41762020316
41762020682
41762020617
41762020434
41762020511
41762020452
41762020535
41762020488
41762020427
41762020673
41762020927
41762020841
41762020113
41762020931
41762020921
41762020603
41762020824
41762020710
41762020280
41762020755
41762020731
41762020430
41762020857
41762020256
41762020720
41762020713
41762020871
41762020546
41762020497
41762020748
41762020996
41762020470
41762020949
41762020506
41762020531
41762020565
41762020633
41762020616
41762020663
41762020502
41762020842
41762020507
41762020881
41762020247
41762020201
41762020961
41762020530
41762020229
41762020583
41762020425
41762020979
41762020954
41762020516
41762020651
41762020580
41762020576
41762020505
41762020489
41762020763
41762020610
41762020414
41762020966
41762020793
41762020807
41762020992
41762020525
41762020381
41762020641
41762020981
41762020892
41762020853
41762020562
41762020808
41762020418
41762020896
41762020709
41762020494
41762020778
41762020727
41762020937
41762020403
41762020664
41762020689
41762020417
41762020679
41762020591
41762020943
41762020797
41762020974
41762020934
41762020676
41762020976
41762020712
41762020719
41762020185
41762020786
41762020722
41762020659
41762020886
41762020658
41762020858
41762020416
41762020819
41762020315
41762020585
41762020993
41762020459
41762020865
41762020733
41762020697
41762020466
41762020707
41762020913
41762020706
41762020605
41762020598
41762020839
41762020860
41762020446
41762020828
41762020884
41762020768
41762020382
41762020671
41762020852
41762020718
41762020303
41762020608
41762020955
41762020762
41762020810
41762020745
41762020878
41762020924
41762020640
41762020816
41762020732
41762020820
41762020988
41762020742
41762020932
41762020758
41762020680
41762020990
41762020534
41762020433
41762020421
41762020717
41762020803
41762020564
41762020874
41762020854
41762020827
41762020518
41762020699
41762020986
41762020952
41762020834
41762020806
41762020917
41762020801
41762020919
41762020968
41762020845
41762020907
41762020915
41762020873
41762020958
41762020484
41762020879
41762020566
41762020890
41762020735
41762020972
41762020929
41762020660
41762020550
41762020846
41762020573
41762020862
41762020508
41762020895
41762020790
41762020940
41762020776
41762020872
41762020670
41762020705
41762020969
41762020914
41762020747
41762020971
41762020730
41762020741
41762020766
41762020891
41762020662
41762020967
41762020941
41762020923
41762029000
41762029027
41762029011
41762029019
41762029003
41762029028
41762029008
41762029026
41762029001
41762029015
41762029022
41762029007
41762029018
41762029079
41762029157
41762029070
41762029082
41762029096
41762029050
41762029072
41762029090
41762029097
41762029101
41762029232
41762029179
41762029098
41762029314
41762029091
41762029252
41762029063
41762029291
41762029056
41762029064
41762029093
41762029283
41762029036
41762029054
41762029043
41762029319
41762029188
41762029083
41762029061
41762029041
41762029035
41762029062
41762029040
41762029214
41762029060
41762029076
41762029034
41762029086
41762029128
41762029242
41762029305
41762029074
41762029194
41762029349
41762029125
41762029303
41762029099
41762029059
41762029196
41762029120
41762029266
41762029248
41762029168
41762029136
41762029069
41762029073
41762029285
41762029308
41762029169
41762029166
41762029209
41762029239
41762029159
41762029066
41762029189
41762029256
41762029033
41762029244
41762029208
41762029292
41762029221
41762029135
41762029109
41762029325
41762029215
41762029287
41762029089
41762029193
41762029080
41762029288
41762029182
41762029119
41762029258
41762029204
41762029122
41762029247
41762029105
41762029117
41762029275
41762029282
41762029198
41762029133
41762029230
41762029286
41762029246
41762029237
41762029290
41762029309
41762029276
41762029307
41762029229
41762029176
41762029323
41762029302
41762029170
41762029263
41762029219
41762029162
41762029249
41762029267
41762029327
41762029345
41762029184
41762029364
41762029352
41762029368
41762029357
41762029363
41762029382
41762029359
41762029375
41762029407
41762029390
41762029437
41762029396
41762029409
41762029418
41762029416
41762029523
41762029449
41762029573
41762029391
41762029469
41762029593
41762029527
41762029459
41762029438
41762029448
41762029454
41762029466
41762029446
41762029431
41762029401
41762029440
41762029499
41762029601
41762029392
41762029481
41762029483
41762029479
41762029478
41762029417
41762029521
41762029433
41762029395
41762029639
41762029427
41762029561
41762029415
41762029412
41762029476
41762029493
41762029477
41762029501
41762029463
41762029473
41762029452
41762029551
41762029500
41762029450
41762029489
41762029669
41762029657
41762029517
41762029532
41762029625
41762029567
41762029505
41762029578
41762029394
41762029471
41762029458
41762029451
41762029484
41762029487
41762029555
41762029389
41762029541
41762029520
41762029538
41762029571
41762029474
41762029660
41762029424
41762029540
41762029589
41762029502
41762029697
41762029429
41762029580
41762029646
41762029447
41762029508
41762029662
41762029667
41762029605
41762029513
41762029443
41762029533
41762029557
41762029556
41762029544
41762029441
41762029604
41762029585
41762029606
41762029422
41762029576
41762029592
41762029600
41762029554
41762029629
41762029595
41762029591
41762029550
41762029594
41762029688
41762029659
41762029511
41762029602
41762029643
41762029692
41762029711
41762029715
41762029717
41762029700
41762029704
41762029707
41762029737
41762029757
41762029764
41762029734
41762029744
41762029760
41762029796
41762029767
41762029776
41762029824
41762029848
41762029822
41762029825
41762029766
41762029792
41762029810
41762029787
41762029826
41762029793
41762029803
41762029814
41762029811
41762029779
41762029790
41762029808
41762029842
41762029832
41762029806
41762029847
41762029882
41762029863
41762029900
41762029872
41762029894
41762029905
41762029864
41762029867
41762029897
41762029879
41762029871
41762029896
41762029886
41762029909
41762029880
41762029907
41762029901
41762029889
41762029883
41762029938
41762029929
41762029931
41762029939
41762029959
41762029957
41762029963
41762029922
41762029916
41762029969
41762029944
41762029950
41762029952
41762029945
41762029923
41762029949
41762029954
41762029921
41762029918
41762029951
41762029990
41762029972
41762029975
41762029976
41762029992
41762029978
41762029989
41762029981
41762029977
41762029970
41762029984
41762023000
41762023001
41762023008
41762023007
41762023028
41762023013
41762023006
41762023018
41762023004
41762023020
41762023022
41762023005
41762023024
41762023019
41762023030
41762023010
41762023032
41762023041
41762023042
41762023094
41762023033
41762023134
41762023063
41762023067
41762023016
41762023070
41762023057
41762023055
41762023051
41762023116
41762023089
41762023098
41762023112
41762023105
41762023234
41762023131
41762023138
41762023144
41762023242
41762023270
41762023157
41762023081
41762023317
41762023173
41762023084
41762023359
41762023354
41762023327
41762023086
41762023121
41762023168
41762023114
41762023148
41762023079
41762023117
41762023145
41762023073
41762023206
41762023193
41762023107
41762023633
41762023054
41762023099
41762023171
41762023035
41762023235
41762023090
41762023068
41762023228
41762023300
41762023072
41762023332
41762023223
41762023088
41762023251
41762023452
41762023200
41762023330
41762023287
41762023285
41762023188
41762023353
41762023623
41762023135
41762023372
41762023115
41762023366
41762023201
41762023360
41762023443
41762023143
41762023178
41762023110
41762023364
41762023104
41762023442
41762023101
41762023091
41762023413
41762023124
41762023480
41762023482
41762023179
41762023370
41762023323
41762023338
41762023344
41762023293
41762023207
41762023268
41762023256
41762023516
41762023514
41762023410
41762023770
41762023155
41762023290
41762023302
41762023536
41762023394
41762023253
41762023312
41762023500
41762023310
41762023189
41762023241
41762023141
41762023464
41762023297
41762023644
41762023218
41762023273
41762023238
41762023272
41762023459
41762023077
41762023548
41762023936
41762023187
41762023749
41762023502
41762023265
41762023693
41762023240
41762023721
41762023271
41762023348
41762023388
41762023266
41762023836
41762023396
41762023339
41762023383
41762023369
41762023474
41762023232
41762023484
41762023662
41762023250
41762023699
41762023233
41762023667
41762023324
41762023311
41762023395
41762023531
41762023328
41762023451
41762023418
41762023532
41762023488
41762023515
41762023393
41762023308
41762023282
41762023306
41762023996
41762023713
41762023580
41762023564
41762023559
41762023727
41762023935
41762023719
41762023517
41762023778
41762023953
41762023408
41762023381
41762023696
41762023446
41762023526
41762023771
41762023560
41762023325
41762023555
41762023830
41762023764
41762023414
41762023756
41762023377
41762023638
41762023642
41762023208
41762023943
41762023295
41762023485
41762023572
41762023215
41762023552
41762023427
41762023961
41762023663
41762023635
41762023385
41762023611
41762023336
41762023933
41762023511
41762023694
41762023600
41762023286
41762023405
41762023489
41762023411
41762023841
41762023583
41762023615
41762023748
41762023554
41762023477
41762023463
41762023797
41762023513
41762023707
41762023586
41762023420
41762023801
41762023460
41762023392
41762023969
41762023318
41762023990
41762023509
41762023640
41762023726
41762023843
41762023717
41762023700
41762023723
41762023632
41762023367
41762023720
41762023375
41762023594
41762023737
41762023499
41762023774
41762023883
41762023789
41762023457
41762023646
41762023462
41762023944
41762023786
41762023490
41762023551
41762023355
41762023847
41762023625
41762023643
41762023904
41762023973
41762023588
41762023822
41762023853
41762023556
41762023547
41762023718
41762023421
41762023697
41762023788
41762023350
41762023455
41762023688
41762023294
41762023983
41762023628
41762023400
41762023837
41762023746
41762023358
41762023930
41762023753
41762023965
41762023613
41762023609
41762023993
41762023981
41762023676
41762023741
41762023918
41762023487
41762023948
41762023619
41762023840
41762023950
41762023479
41762023873
41762023779
41762023607
41762023839
41762023845
41762023684
41762023820
41762023890
41762023626
41762023620
41762023732
41762023710
41762023728
41762023907
41762023704
41762023259
41762023988
41762023949
41762023920
41762023808
41762023802
41762023941
41762023880
41762023874
41762023661
41762023322
41762023761
41762023887
41762023384
41762023652
41762023866
41762023389
41762023964
41762023903
41762023922
41762023804
41762023711
41762023995
41762023938
41762023595
41762023660
41762023867
41762023910
41762023826
41762023960
41762023283
41762023677
41762021007
41762021000
41762021017
41762021003
41762021030
41762021009
41762021008
41762021026
41762021025
41762021011
41762021027
41762021004
41762021001
41762021015
41762021090
41762021173
41762021046
41762021068
41762021052
41762021056
41762021155
41762021185
41762021221
41762021206
41762021285
41762021148
41762021318
41762021177
41762021082
41762021060
41762021072
41762021084
41762021110
41762021157
41762021121
41762021161
41762021231
41762021099
41762021243
41762021042
41762021230
41762021251
41762021069
41762021164
41762021064
41762021307
41762021247
41762021116
41762021131
41762021033
41762021039
41762021328
41762021138
41762021087
41762021045
41762021350
41762021284
41762021122
41762021163
41762021254
41762021393
41762021517
41762021089
41762021208
41762021107
41762021241
41762021224
41762021133
41762021269
41762021371
41762021325
41762021287
41762021109
41762021142
41762021312
41762021500
41762021113
41762021250
41762021478
41762021306
41762021117
41762021266
41762021134
41762021437
41762021295
41762021214
41762021461
41762021408
41762021315
41762021502
41762021326
41762021337
41762021195
41762021170
41762021290
41762021447
41762021129
41762021438
41762021147
41762021038
41762021165
41762021091
41762021169
41762021384
41762021292
41762021341
41762021614
41762021140
41762021261
41762021268
41762021258
41762021189
41762021242
41762021508
41762021112
41762021166
41762021180
41762021225
41762021303
41762021474
41762021152
41762021442
41762021485
41762021415
41762021564
41762021386
41762021544
41762021299
41762021462
41762021360
41762021853
41762021150
41762021538
41762021379
41762021367
41762021585
41762021411
41762021352
41762021280
41762021465
41762021207
41762021282
41762021766
41762021115
41762021569
41762021576
41762021472
41762021321
41762021962
41762021693
41762021908
41762021633
41762021627
41762021101
41762021300
41762021405
41762021441
41762021479
41762021875
41762021444
41762021382
41762021387
41762021333
41762021313
41762021529
41762021451
41762021527
41762021432
41762021583
41762021380
41762021279
41762021754
41762021595
41762021519
41762021421
41762021484
41762021308
41762021591
41762021188
41762021730
41762021717
41762021574
41762021806
41762021336
41762021611
41762021813
41762021494
41762021460
41762021413
41762021567
41762021760
41762021708
41762021808
41762021407
41762021744
41762021968
41762021454
41762021785
41762021365
41762021424
41762021902
41762021728
41762021342
41762021310
41762021418
41762021575
41762021448
41762021601
41762021948
41762021852
41762021473
41762021786
41762021391
41762021904
41762021514
41762021383
41762021707
41762021422
41762021651
41762021541
41762021248
41762021226
41762021725
41762021626
41762021598
41762021505
41762021455
41762021309
41762021217
41762021617
41762021621
41762021914
41762021602
41762021193
41762021283
41762021304
41762021554
41762021622
41762021604
41762021433
41762021887
41762021926
41762021203
41762021727
41762021530
41762021938
41762021613
41762021832
41762021703
41762021868
41762021579
41762021882
41762021805
41762021888
41762021974
41762021747
41762021316
41762021782
41762021847
41762021799
41762021969
41762021501
41762021921
41762021689
41762021918
41762021608
41762021260
41762021979
41762021997
41762021735
41762021526
41762021435
41762021976
41762021989
41762021301
41762021603
41762021729
41762021903
41762021889
41762021966
41762021716
41762021802
41762021945
41762021750
41762021970
41762021672
41762021897
41762021745
41762021995
41762021562
41762021740
41762021790
41762021363
41762021700
41762021587
41762021988
41762021871
41762021673
41762021957
41762021374
41762021896
41762021757
41762021953
41762021937
41762021404
41762021671
41762021878
41762021685
41762021726
41762021777
41762021850
41762021978
41762021923
41762021563
41762021507
41762021919
41762021851
41762021773
41762021763
41762021506
41762021709
41762021738
41762021634
41762021942
41762021862
41762021982
41762021677
41762021856
41762021922
41762021771
41762021951
41762021702
41762021965
41762021833
41762021991
41762021947
41762021723
41762021855
41762021660
41762021980
41762021935
41762021898
41762021975
41762021748
41762021095
41762021822
41762021800
41762021899
41762021955
41762021906
41762021949
41762021983
41762021807
41762021488
41762021967
41762021829
41762021884
41762021952
41762021014
41762021632
41762022000
41762022006
41762022016
41762022007
41762022010
41762022012
41762022024
41762022011
41762022020
41762022032
41762022073
41762022086
41762022143
41762022250
41762022234
41762022098
41762022077
41762022153
41762022041
41762022066
41762022035
41762022120
41762022116
41762022112
41762022215
41762022079
41762022187
41762022062
41762022044
41762022123
41762022046
41762022271
41762022087
41762022036
41762022274
41762022132
41762022142
41762022100
41762022300
41762022264
41762022268
41762022206
41762022093
41762022105
41762022183
41762022220
41762022076
41762022326
41762022075
41762022039
41762022204
41762022233
41762022063
41762022069
41762022400
41762022136
41762022034
41762022196
41762022169
41762022060
41762022231
41762022158
41762022168
41762022202
41762022129
41762022102
41762022141
41762022172
41762022280
41762022287
41762022303
41762022401
41762022458
41762022355
41762022191
41762022176
41762022085
41762022139
41762022358
41762022152
41762022140
41762022796
41762022218
41762022260
41762022203
41762022243
41762022131
41762022240
41762022353
41762022239
41762022308
41762022266
41762022110
41762022394
41762022107
41762022255
41762022781
41762022182
41762022208
41762022660
41762022245
41762022209
41762022413
41762022479
41762022558
41762022146
41762022275
41762022393
41762022480
41762022056
41762022167
41762022151
41762022288
41762022430
41762022523
41762022783
41762022157
41762022074
41762022297
41762022515
41762022342
41762022171
41762022154
41762022216
41762022550
41762022370
41762022626
41762022527
41762022455
41762022444
41762022244
41762022320
41762022412
41762022570
41762022709
41762022388
41762022633
41762022612
41762022516
41762022321
41762022230
41762022470
41762022246
41762022862
41762022339
41762022584
41762022338
41762022174
41762022525
41762022609
41762022323
41762022238
41762022119
41762022459
41762022443
41762022281
41762022466
41762022472
41762022423
41762022348
41762022496
41762022092
41762022594
41762022184
41762022802
41762022258
41762022637
41762022691
41762022740
41762022624
41762022293
41762022727
41762022544
41762022818
41762022354
41762022535
41762022514
41762022607
41762022072
41762022830
41762022343
41762022263
41762022578
41762022368
41762022662
41762022901
41762022464
41762022241
41762022541
41762022530
41762022411
41762022621
41762022128
41762022935
41762022863
41762022520
41762022248
41762022384
41762022659
41762022623
41762022331
41762022825
41762022286
41762022223
41762022874
41762022895
41762022352
41762022450
41762022497
41762022519
41762022668
41762022920
41762022657
41762022605
41762022531
41762022495
41762022751
41762022756
41762022440
41762022814
41762022670
41762022380
41762022821
41762022190
41762022591
41762022236
41762022425
41762022251
41762022376
41762022572
41762022420
41762022723
41762022780
41762022467
41762022729
41762022705
41762022640
41762022690
41762022316
41762022964
41762022402
41762022617
41762022845
41762022310
41762022345
41762022369
41762022759
41762022460
41762022682
41762022672
41762022698
41762022828
41762022794
41762022941
41762022708
41762022717
41762022360
41762022441
41762022285
41762022560
41762022755
41762022840
41762022417
41762022934
41762022431
41762022995
41762022869
41762022795
41762022330
41762022765
41762022434
41762022996
41762022950
41762022545
41762022829
41762022644
41762022407
41762022807
41762022955
41762022610
41762022927
41762022311
41762022601
41762022733
41762022832
41762022445
41762022537
41762022630
41762022706
41762022992
41762022888
41762022647
41762022930
41762022859
41762022770
41762022797
41762022625
41762022779
41762022811
41762022713
41762022414
41762022685
41762022956
41762022456
41762022703
41762022620
41762022548
41762022589
41762022921
41762022848
41762022382
41762022613
41762022851
41762022664
41762022619
41762022786
41762022961
41762022910
41762022892
41762022739
41762022997
41762022748
41762022837
41762022820
41762022761
41762022603
41762022726
41762022953
41762022611
41762022676
41762022812
41762022890
41762022951
41762022710
41762022976
41762022969
41762022893
41762022861
41762022902
41762022649
41762022980
41762022965
41762022971
41762022782
41762022844
41762022940
41762022850
41762022642
41762022994
41762022506
41762022984
41762022559
41762022918
41762022954
41762022817
41762022564
41762022752
41762022533
41762022871
41762022944
41762022945
41762022919
41762022518
41762022510
41762022989
41762022916
41762022693
41762022658
41762022790
41762022667
41762022834
41762022772
41762022924
41762022977
41762028000
41762028007
41762028025
41762028017
41762028021
41762028010
41762028002
41762028001
41762028026
41762028099
41762028161
41762028040
41762028058
41762028042
41762028073
41762028263
41762028118
41762028198
41762028087
41762028124
41762028051
41762028066
41762028102
41762028128
41762028059
41762028192
41762028047
41762028171
41762028179
41762028086
41762028097
41762028185
41762028207
41762028056
41762028070
41762028095
41762028104
41762028172
41762028250
41762028054
41762028162
41762028140
41762028157
41762028090
41762028286
41762028240
41762028163
41762028199
41762028187
41762028300
41762028078
41762028229
41762028297
41762028089
41762028113
41762028060
41762028071
41762028153
41762028246
41762028055
41762028200
41762028249
41762028132
41762028150
41762028239
41762028244
41762028323
41762028233
41762028270
41762028063
41762028298
41762028245
41762028312
41762028346
41762028209
41762028241
41762028272
41762028282
41762028302
41762028091
41762028201
41762028218
41762028254
41762028079
41762028182
41762028165
41762028175
41762028281
41762028330
41762028238
41762028083
41762028243
41762028319
41762028131
41762028048
41762028224
41762028320
41762028335
41762028283
41762028129
41762028180
41762028303
41762028251
41762028268
41762028291
41762028318
41762028339
41762028276
41762028166
41762028306
41762028296
41762028333
41762028349
41762028325
41762028327
41762028110
41762028337
41762028331
41762028340
41762028324
41762028275
41762028295
41762028376
41762028357
41762028359
41762028353
41762028381
41762028379
41762028382
41762028400
41762028499
41762028390
41762028425
41762028468
41762028464
41762028561
41762028475
41762028406
41762028516
41762028536
41762028433
41762028616
41762028653
41762028544
41762028664
41762028592
41762028398
41762028397
41762028567
41762028682
41762028481
41762028521
41762028496
41762028385
41762028436
41762028441
41762028410
41762028442
41762028403
41762028693
41762028411
41762028674
41762028573
41762028482
41762028414
41762028681
41762028538
41762028466
41762028408
41762028562
41762028568
41762028676
41762028647
41762028409
41762028648
41762028506
41762028529
41762028580
41762028522
41762028518
41762028698
41762028450
41762028591
41762028484
41762028589
41762028459
41762028563
41762028677
41762028487
41762028689
41762028585
41762028539
41762028665
41762028639
41762028500
41762028480
41762028505
41762028492
41762028387
41762028625
41762028586
41762028696
41762028498
41762028574
41762028607
41762028512
41762028495
41762028520
41762028557
41762028579
41762028552
41762028514
41762028508
41762028535
41762028667
41762028628
41762028560
41762028699
41762028473
41762028663
41762028686
41762028530
41762028666
41762028641
41762028588
41762028565
41762028691
41762028684
41762028670
41762028669
41762028692
41762028685
41762028703
41762028719
41762028711
41762028718
41762028704
41762028700
41762028720
41762028712
41762028727
41762028706
41762028722
41762028753
41762028744
41762028799
41762028812
41762028734
41762028776
41762028772
41762028801
41762028756
41762028766
41762028793
41762028745
41762028763
41762028740
41762028783
41762028758
41762028750
41762028770
41762028733
41762028787
41762028786
41762028808
41762028767
41762028788
41762028778
41762028796
41762028751
41762028762
41762028764
41762028789
41762028773
41762028813
41762028810
41762028736
41762028771
41762028806
41762028848
41762028820
41762028865
41762028874
41762028828
41762028842
41762028862
41762028880
41762028853
41762028833
41762028823
41762028869
41762028859
41762028866
41762028818
41762028861
41762028860
41762028819
41762028858
41762028831
41762028881
41762028840
41762028847
41762028836
41762028911
41762028953
41762028905
41762028904
41762028908
41762028936
41762028965
41762028898
41762028890
41762028913
41762028940
41762028949
41762028930
41762028901
41762028919
41762028893
41762028944
41762028909
41762028912
41762028957
41762028920
41762028935
41762028995
41762028988
41762028979
41762028986
41762028972
41762028987
41762028981
41762028984
41762028975
41762027000
41762027018
41762027003
41762027011
41762027020
41762027028
41762027012
41762027029
41762027010
41762027025
41762027002
41762027016
41762027014
41762027024
41762027009
41762027021
41762027048
41762027080
41762027109
41762027141
41762027268
41762027036
41762027052
41762027077
41762027084
41762027119
41762027270
41762027061
41762027128
41762027049
41762027079
41762027057
41762027200
41762027206
41762027122
41762027081
41762027055
41762027035
41762027183
41762027067
41762027168
41762027111
41762027201
41762027097
41762027072
41762027251
41762027316
41762027123
41762027231
41762027098
41762027114
41762027053
41762027054
41762027075
41762027221
41762027103
41762027246
41762027155
41762027261
41762027071
41762027296
41762027249
41762027259
41762027116
41762027099
41762027073
41762027336
41762027297
41762027124
41762027104
41762027219
41762027217
41762027121
41762027339
41762027337
41762027147
41762027203
41762027125
41762027260
41762027343
41762027137
41762027250
41762027327
41762027329
41762027056
41762027304
41762027227
41762027175
41762027136
41762027161
41762027145
41762027258
41762027176
41762027307
41762027223
41762027184
41762027194
41762027174
41762027157
41762027278
41762027191
41762027345
41762027102
41762027209
41762027279
41762027106
41762027341
41762027240
41762027311
41762027192
41762027293
41762027216
41762027288
41762027241
41762027300
41762027233
41762027334
41762027170
41762027199
41762027173
41762027133
41762027129
41762027319
41762027289
41762027274
41762027257
41762027310
41762027272
41762027313
41762027305
41762027277
41762027374
41762027373
41762027370
41762027357
41762027367
41762027351
41762027361
41762027376
41762027372
41762027360
41762027378
41762027355
41762027375
41762027380
41762027363
41762027366
41762027382
41762027414
41762027595
41762027400
41762027456
41762027603
41762027571
41762027593
41762027417
41762027427
41762027480
41762027416
41762027409
41762027450
41762027419
41762027437
41762027388
41762027404
41762027441
41762027623
41762027500
41762027426
41762027387
41762027577
41762027542
41762027672
41762027406
41762027446
41762027395
41762027654
41762027656
41762027533
41762027420
41762027401
41762027697
41762027399
41762027618
41762027552
41762027472
41762027632
41762027452
41762027403
41762027566
41762027483
41762027550
41762027546
41762027433
41762027582
41762027527
41762027489
41762027581
41762027671
41762027600
41762027588
41762027653
41762027522
41762027663
41762027474
41762027511
41762027602
41762027587
41762027575
41762027455
41762027430
41762027691
41762027624
41762027557
41762027609
41762027502
41762027506
41762027660
41762027535
41762027503
41762027445
41762027680
41762027572
41762027496
41762027574
41762027657
41762027667
41762027482
41762027487
41762027630
41762027652
41762027655
41762027525
41762027661
41762027565
41762027629
41762027625
41762027517
41762027679
41762027639
41762027665
41762027607
41762027694
41762027674
41762027690
41762027650
41762027666
41762027718
41762027701
41762027726
41762027720
41762027722
41762027702
41762027721
41762027717
41762027729
41762027768
41762027735
41762027780
41762027764
41762027754
41762027732
41762027774
41762027790
41762027749
41762027738
41762027745
41762027785
41762027731
41762027743
41762027744
41762027734
41762027788
41762027782
41762027759
41762027772
41762027781
41762027752
41762027792
41762027766
41762027786
41762027755
41762027771
41762027783
41762027763
41762027848
41762027799
41762027805
41762027825
41762027874
41762027810
41762027800
41762027843
41762027855
41762027809
41762027801
41762027827
41762027811
41762027793
41762027841
41762027860
41762027845
41762027840
41762027822
41762027868
41762027870
41762027803
41762027865
41762027851
41762027875
41762027820
41762027858
41762027872
41762027905
41762027913
41762027882
41762027926
41762027940
41762027880
41762027879
41762027900
41762027885
41762027911
41762027887
41762027928
41762027924
41762027902
41762027918
41762027929
41762027886
41762027934
41762027908
41762027922
41762027917
41762027907
41762027906
41762027919
41762027903
41762027956
41762027950
41762027971
41762027959
41762027970
41762027969
41762027967
41762027966
41762027987
41762027975
41762027992
41762027978
41762027982
41762027977
41762027999
41762027989
41762027996
41762027993
41762027976
