41782145005
41782145008
41782145015
41782145019
41782145023
41782145030
41782145024
41782145009
41782145010
41782145031
41782145026
41782145017
41782145018
41782145025
41782145014
41782145105
41782145035
41782145319
41782145060
41782145203
41782145202
41782145054
41782145153
41782145140
41782145141
41782145303
41782145116
41782145222
41782145034
41782145070
41782145328
41782145135
41782145064
41782145178
41782145172
41782145039
41782145255
41782145320
41782145046
41782145181
41782145120
41782145050
41782145163
41782145067
41782145106
41782145043
41782145310
41782145431
41782145197
41782145049
41782145055
41782145334
41782145100
41782145261
41782145101
41782145086
41782145134
41782145290
41782145174
41782145449
41782145207
41782145343
41782145154
41782145056
41782145208
41782145525
41782145065
41782145401
41782145251
41782145048
41782145206
41782145897
41782145311
41782145469
41782145336
41782145145
41782145059
41782145092
41782145189
41782145321
41782145159
41782145223
41782145393
41782145514
41782145453
41782145103
41782145464
41782145600
41782145526
41782145490
41782145631
41782145549
41782145451
41782145088
41782145371
41782145186
41782145111
41782145121
41782145576
41782145510
41782145200
41782145230
41782145151
41782145177
41782145443
41782145841
41782145499
41782145212
41782145300
41782145245
41782145868
41782145332
41782145400
41782145444
41782145553
41782145979
41782145508
41782145150
41782145183
41782145329
41782145524
41782145507
41782145131
41782145383
41782145132
41782145213
41782145157
41782145555
41782145554
41782145814
41782145458
41782145690
41782145158
41782145704
41782145171
41782145483
41782145502
41782145466
41782145455
41782145550
41782145487
41782145811
41782145450
41782145488
41782145986
41782145643
41782145595
41782145563
41782145192
41782145590
41782145511
41782145707
41782145474
41782145570
41782145501
41782145452
41782145851
41782145645
41782145585
41782145669
41782145435
41782145763
41782145905
41782145242
41782145784
41782145609
41782145602
41782145894
41782145599
41782145484
41782145330
41782145928
41782145199
41782145459
41782145559
41782145494
41782145152
41782145535
41782145533
41782145708
41782145956
41782145656
41782145512
41782145681
41782145557
41782145758
41782145388
41782145895
41782145856
41782145812
41782145892
41782145323
41782145974
41782145718
41782145995
41782145994
41782145363
41782145747
41782145700
41782145996
41782145422
41782145368
41782145872
41782145683
41782145614
41782145773
41782145548
41782145360
41782145558
41782145813
41782145377
41782145627
41782145923
41782145414
41782145628
41782145235
41782145875
41782145500
41782145404
41782145802
41782145908
41782145658
41782145574
41782145616
41782145561
41782145607
41782145698
41782145818
41782145858
41782145850
41782145930
41782145834
41782145888
41782145569
41782145515
41782145958
41782145646
41782145531
41782145277
41782145852
41782145717
41782145655
41782145902
41782145857
41782145859
41782145953
41782145896
41782145777
41782145820
41782145657
41782145889
41782145746
41782145608
41782145854
41782145638
41782145565
41782145572
41782145670
41782145618
41782145764
41782145870
41782145680
41782145808
41782145965
41782145710
41782145654
41782145800
41782145970
41782145354
41782145706
41782145832
41782145660
41782145699
41782145804
41782145771
41782145997
41782145757
41782145754
41782145931
41782145676
41782145904
41782145838
41782145887
41782145985
41782144000
41782144004
41782144006
41782144022
41782144008
41782144005
41782144021
41782144002
41782144001
41782144016
41782144010
41782144012
41782144032
41782144011
41782144014
41782144015
41782144028
41782144024
41782144009
41782144017
41782144025
41782144027
41782144033
41782144058
41782144070
41782144045
41782144043
41782144105
41782144212
41782144231
41782144052
41782144048
41782144192
41782144054
41782144047
41782144322
41782144126
41782144283
41782144146
41782144143
41782144168
41782144180
41782144071
41782144053
41782144046
41782144084
41782144240
41782144062
41782144148
41782144166
41782144113
41782144120
41782144176
41782144040
41782144041
41782144121
41782144064
41782144202
41782144044
41782144171
41782144110
41782144076
41782144222
41782144055
41782144194
41782144253
41782144085
41782144050
41782144230
41782144277
41782144311
41782144182
41782144103
41782144380
41782144051
41782144170
41782144506
41782144134
41782144214
41782144232
41782144353
41782144393
41782144118
41782144459
41782144108
41782144248
41782144174
41782144117
41782144467
41782144717
41782144454
41782144686
41782144226
41782144140
41782144060
41782144304
41782144555
41782144116
41782144082
41782144386
41782144077
41782144387
41782144122
41782144390
41782144422
41782144107
41782144145
41782144282
41782144483
41782144141
41782144486
41782144418
41782144210
41782144190
41782144187
41782144604
41782144142
41782144333
41782144247
41782144580
41782144731
41782144129
41782144995
41782144401
41782144114
41782144329
41782144403
41782144216
41782144419
41782144313
41782144763
41782144474
41782144191
41782144080
41782144221
41782144088
41782144075
41782144234
41782144217
41782144614
41782144225
41782144787
41782144306
41782144498
41782144538
41782144252
41782144242
41782144472
41782144301
41782144256
41782144305
41782144766
41782144366
41782144515
41782144646
41782144414
41782144552
41782144258
41782144831
41782144492
41782144455
41782144445
41782144218
41782144378
41782144600
41782144468
41782144334
41782144521
41782144470
41782144543
41782144244
41782144270
41782144350
41782144335
41782144549
41782144575
41782144939
41782144400
41782144495
41782144458
41782144780
41782144228
41782144772
41782144262
41782144354
41782144461
41782144530
41782144563
41782144362
41782144346
41782144404
41782144545
41782144714
41782144531
41782144540
41782144388
41782144409
41782144466
41782144720
41782144423
41782144452
41782144599
41782144560
41782144737
41782144090
41782144349
41782144395
41782144707
41782144278
41782144771
41782144556
41782144442
41782144478
41782144482
41782144974
41782144487
41782144849
41782144510
41782144410
41782144504
41782144367
41782144701
41782144847
41782144595
41782144710
41782144941
41782144681
41782144424
41782144704
41782144728
41782144421
41782144440
41782144341
41782144151
41782144843
41782144494
41782144343
41782144544
41782144500
41782144741
41782144965
41782144594
41782144841
41782144740
41782144886
41782144371
41782144924
41782144694
41782144909
41782144670
41782144499
41782144434
41782144765
41782144940
41782144363
41782144608
41782144668
41782144584
41782144554
41782144800
41782144855
41782144476
41782144747
41782144718
41782144496
41782144911
41782144724
41782144516
41782144660
41782144830
41782144757
41782144900
41782144988
41782144173
41782144953
41782144162
41782144914
41782144899
41782144375
41782144762
41782144433
41782144661
41782144672
41782144814
41782144489
41782144742
41782144755
41782144456
41782144477
41782144425
41782144989
41782144904
41782144890
41782144675
41782144550
41782144949
41782144887
41782144605
41782144786
41782144994
41782144919
41782144860
41782144535
41782144920
41782144585
41782144917
41782144624
41782144797
41782144426
41782144751
41782144828
41782144992
41782144848
41782144852
41782144858
41782144488
41782144626
41782144818
41782144284
41782144629
41782144958
41782144959
41782144946
41782144990
41782144938
41782144746
41782144874
41782144557
41782144749
41782144784
41782144913
41782144689
41782144372
41782144894
41782144666
41782144942
41782144833
41782144983
41782144972
41782144865
41782144723
41782144436
41782144688
41782144948
41782144777
41782144501
41782144978
41782144979
41782144542
41782144984
41782144446
41782144448
41782144462
41782144684
41782144745
41782146000
41782146007
41782146014
41782146002
41782146009
41782146015
41782146004
41782146003
41782146012
41782146023
41782146010
41782146027
41782146019
41782146006
41782146008
41782146013
41782146028
41782146017
41782146016
41782146060
41782146066
41782146075
41782146113
41782146026
41782146176
41782146040
41782146290
41782146350
41782146035
41782146143
41782146033
41782146220
41782146069
41782146086
41782146068
41782146099
41782146062
41782146071
41782146041
41782146164
41782146064
41782146153
41782146077
41782146168
41782146051
41782146079
41782146204
41782146091
41782146110
41782146244
41782146088
41782146368
41782146166
41782146311
41782146179
41782146093
41782146038
41782146111
41782146096
41782146056
41782146199
41782146073
41782146229
41782146151
41782146171
41782146067
41782146343
41782146300
41782146262
41782146070
41782146034
41782146076
41782146337
41782146044
41782146393
41782146165
41782146605
41782146224
41782146246
41782146158
41782146055
41782146796
41782146292
41782146299
41782146046
41782146150
41782146265
41782146261
41782146370
41782146205
41782146177
41782146232
41782146589
41782146100
41782146367
41782146540
41782146170
41782146712
41782146222
41782146258
41782146116
41782146208
41782146275
41782146345
41782146191
41782146183
41782146441
41782146327
41782146286
41782146194
41782146477
41782146585
41782146380
41782146226
41782146304
41782146637
41782146049
41782146057
41782146227
41782146235
41782146303
41782146203
41782146601
41782146508
41782146202
41782146255
41782146488
41782146090
41782146661
41782146480
41782146302
41782146907
41782146443
41782146360
41782146101
41782146484
41782146598
41782146123
41782146447
41782146263
41782146680
41782146330
41782146320
41782146446
41782146321
41782146729
41782146334
41782146459
41782146863
41782146121
41782146317
41782146832
41782146424
41782146219
41782146505
41782146210
41782146277
41782146399
41782146617
41782146852
41782146072
41782146289
41782146667
41782146597
41782146683
41782146658
41782146690
41782146635
41782146106
41782146665
41782146867
41782146410
41782146866
41782146282
41782146559
41782146639
41782146826
41782146753
41782146378
41782146715
41782146869
41782146476
41782146273
41782146911
41782146522
41782146402
41782146612
41782146353
41782146811
41782146336
41782146296
41782146774
41782146313
41782146701
41782146616
41782146280
41782146406
41782146600
41782146912
41782146308
41782146415
41782146944
41782146673
41782146373
41782146162
41782146676
41782146510
41782146363
41782146460
41782146725
41782146366
41782146525
41782146674
41782146615
41782146466
41782146660
41782146577
41782146917
41782146565
41782146916
41782146766
41782146145
41782146450
41782146627
41782146549
41782146560
41782146939
41782146732
41782146449
41782146122
41782146835
41782146381
41782146942
41782146668
41782146666
41782146747
41782146369
41782146552
41782146609
41782146467
41782146355
41782146307
41782146842
41782146733
41782146553
41782146421
41782146903
41782146784
41782146924
41782146422
41782146836
41782146703
41782146760
41782146462
41782146793
41782146991
41782146626
41782146808
41782146688
41782146898
41782146530
41782146434
41782146735
41782146465
41782146490
41782146494
41782146886
41782146645
41782146633
41782146511
41782146921
41782146630
41782146979
41782146909
41782146803
41782146975
41782146900
41782146669
41782146717
41782146588
41782146980
41782146955
41782146977
41782146878
41782146854
41782146681
41782146587
41782146548
41782146801
41782146631
41782146837
41782146904
41782146922
41782146653
41782146887
41782146844
41782146767
41782146902
41782146930
41782146623
41782146856
41782146672
41782146789
41782146861
41782146702
41782146622
41782146970
41782146946
41782146727
41782146761
41782146929
41782146953
41782146940
41782146910
41782146849
41782146579
41782146969
41782146831
41782146964
41782146883
41782146960
41782146990
41782146988
41782146958
41782146816
41782146892
41782140000
41782140007
41782140025
41782140004
41782140014
41782140003
41782140013
41782140006
41782140016
41782140012
41782140010
41782140017
41782140020
41782140026
41782140001
41782140022
41782140011
41782140009
41782140030
41782140021
41782140027
41782140029
41782140221
41782140056
41782140234
41782140050
41782140118
41782140224
41782140096
41782140065
41782140126
41782140039
41782140055
41782140079
41782140046
41782140078
41782140108
41782140141
41782140186
41782140203
41782140150
41782140227
41782140121
41782140069
41782140054
41782140073
41782140320
41782140170
41782140092
41782140072
41782140303
41782140256
41782140198
41782140191
41782140106
41782140120
41782140133
41782140088
41782140327
41782140067
41782140107
41782140129
41782140087
41782140142
41782140053
41782140218
41782140275
41782140103
41782140307
41782140232
41782140204
41782140036
41782140211
41782140052
41782140059
41782140082
41782140068
41782140301
41782140110
41782140137
41782140294
41782140102
41782140063
41782140348
41782140292
41782140212
41782140042
41782140207
41782140299
41782140085
41782140305
41782140158
41782140151
41782140252
41782140225
41782140331
41782140200
41782140247
41782140289
41782140244
41782140095
41782140213
41782140230
41782140240
41782140302
41782140298
41782140180
41782140209
41782140101
41782140197
41782140104
41782140194
41782140342
41782140253
41782140112
41782140223
41782140322
41782140143
41782140324
41782140341
41782140139
41782140300
41782140086
41782140117
41782140206
41782140202
41782140315
41782140089
41782140058
41782140312
41782140266
41782140222
41782140193
41782140208
41782140229
41782140182
41782140306
41782140262
41782140330
41782140309
41782140274
41782140333
41782140308
41782140364
41782140378
41782140380
41782140352
41782140376
41782140412
41782140444
41782140530
41782140415
41782140474
41782140388
41782140457
41782140467
41782140427
41782140414
41782140505
41782140464
41782140487
41782140481
41782140485
41782140501
41782140477
41782140385
41782140418
41782140422
41782140555
41782140504
41782140462
41782140482
41782140492
41782140480
41782140515
41782140421
41782140434
41782140535
41782140562
41782140408
41782140488
41782140440
41782140484
41782140423
41782140386
41782140522
41782140520
41782140560
41782140443
41782140632
41782140650
41782140663
41782140630
41782140458
41782140593
41782140452
41782140532
41782140430
41782140696
41782140500
41782140455
41782140466
41782140506
41782140413
41782140461
41782140433
41782140617
41782140601
41782140445
41782140648
41782140596
41782140498
41782140509
41782140644
41782140503
41782140670
41782140420
41782140508
41782140447
41782140454
41782140499
41782140424
41782140637
41782140570
41782140590
41782140546
41782140692
41782140683
41782140518
41782140688
41782140668
41782140636
41782140398
41782140516
41782140417
41782140494
41782140525
41782140686
41782140407
41782140684
41782140510
41782140616
41782140672
41782140552
41782140604
41782140629
41782140598
41782140690
41782140674
41782140409
41782140589
41782140566
41782140635
41782140588
41782140558
41782140476
41782140550
41782140602
41782140667
41782140606
41782140681
41782140714
41782140706
41782140725
41782140717
41782140704
41782140723
41782140722
41782140731
41782140716
41782140718
41782140703
41782140700
41782140721
41782140712
41782140720
41782140709
41782140701
41782140727
41782140730
41782140801
41782140745
41782140778
41782140777
41782140737
41782140793
41782140796
41782140810
41782140750
41782140818
41782140770
41782140768
41782140803
41782140786
41782140804
41782140787
41782140776
41782140800
41782140757
41782140812
41782140741
41782140790
41782140774
41782140813
41782140809
41782140738
41782140811
41782140760
41782140781
41782140808
41782140841
41782140869
41782140823
41782140828
41782140891
41782140842
41782140825
41782140858
41782140900
41782140844
41782140833
41782140889
41782140830
41782140873
41782140872
41782140875
41782140892
41782140884
41782140905
41782140848
41782140888
41782140886
41782140906
41782140904
41782140893
41782140898
41782140921
41782140942
41782140967
41782140964
41782140914
41782140908
41782140970
41782140911
41782140950
41782140936
41782140955
41782140993
41782140960
41782140920
41782140929
41782140909
41782140977
41782140961
41782140997
41782140931
41782140947
41782140919
41782140980
41782140963
41782140994
41782140990
41782140946
41782140989
41782149000
41782149008
41782149016
41782149023
41782149010
41782149011
41782149028
41782149022
41782149009
41782149005
41782149020
41782149027
41782149059
41782149080
41782149112
41782149262
41782149097
41782149117
41782149048
41782149184
41782149211
41782149124
41782149098
41782149259
41782149040
41782149294
41782149167
41782149087
41782149175
41782149141
41782149251
41782149185
41782149172
41782149178
41782149036
41782149111
41782149434
41782149090
41782149191
41782149045
41782149339
41782149066
41782149082
41782149100
41782149084
41782149151
41782149114
41782149092
41782149046
41782149174
41782149062
41782149159
41782149256
41782149170
41782149348
41782149528
41782149296
41782149101
41782149230
41782149126
41782149269
41782149333
41782149433
41782149290
41782149133
41782149409
41782149626
41782149200
41782149534
41782149277
41782149206
41782149193
41782149119
41782149491
41782149455
41782149408
41782149599
41782149343
41782149510
41782149180
41782149394
41782149194
41782149414
41782149555
41782149446
41782149422
41782149600
41782149310
41782149106
41782149345
41782149295
41782149659
41782149464
41782149305
41782149933
41782149448
41782149364
41782149391
41782149369
41782149316
41782149595
41782149089
41782149093
41782149388
41782149437
41782149270
41782149344
41782149293
41782149609
41782149311
41782149187
41782149320
41782149753
41782149565
41782149319
41782149428
41782149404
41782149281
41782149757
41782149777
41782149891
41782149535
41782149321
41782149420
41782149577
41782149222
41782149554
41782149181
41782149150
41782149313
41782149350
41782149303
41782149544
41782149258
41782149885
41782149412
41782149484
41782149968
41782149588
41782149530
41782149772
41782149383
41782149266
41782149355
41782149166
41782149444
41782149205
41782149660
41782149811
41782149662
41782149912
41782149072
41782149399
41782149585
41782149646
41782149301
41782149848
41782149536
41782149525
41782149381
41782149346
41782149468
41782149210
41782149545
41782149368
41782149499
41782149699
41782149454
41782149925
41782149574
41782149576
41782149275
41782149663
41782149435
41782149501
41782149493
41782149889
41782149795
41782149820
41782149513
41782149776
41782149886
41782149864
41782149390
41782149461
41782149678
41782149854
41782149373
41782149553
41782149498
41782149396
41782149656
41782149914
41782149877
41782149550
41782149722
41782149786
41782149884
41782149590
41782149661
41782149911
41782149700
41782149765
41782149715
41782149495
41782149959
41782149995
41782149449
41782149500
41782149668
41782149689
41782149686
41782149397
41782149421
41782149728
41782149466
41782149566
41782149634
41782149801
41782149418
41782149635
41782149948
41782149537
41782149983
41782149688
41782149937
41782149977
41782149819
41782149488
41782149915
41782149592
41782149675
41782149807
41782149392
41782149856
41782149866
41782149989
41782149472
41782149964
41782149800
41782149788
41782149676
41782149707
41782149639
41782149940
41782149551
41782149932
41782149692
41782149830
41782149720
41782149900
41782149775
41782149897
41782149893
41782149505
41782149899
41782149870
41782149907
41782149717
41782149614
41782149531
41782149821
41782149947
41782149780
41782149287
41782149667
41782149670
41782149858
41782149833
41782149910
41782149679
41782149755
41782149997
41782149666
41782149906
41782149587
41782149377
41782149834
41782149596
41782149787
41782149607
41782149887
41782149790
41782149696
41782149909
41782149610
41782149991
41782149996
41782149474
41782149797
41782149966
41782149922
41782149919
41782149970
41782149764
41782149839
41782149918
41782149768
41782149984
41782149850
41782149978
41782149946
41782149974
41782149935
41782149979
41782149988
41782149976
41782149560
41782149810
41782149691
41782149972
41782149949
41782149980
41782143000
41782143027
41782143017
41782143015
41782143001
41782143009
41782143014
41782143003
41782143010
41782143002
41782143012
41782143054
41782143130
41782143133
41782143042
41782143211
41782143049
41782143070
41782143224
41782143077
41782143090
41782143350
41782143100
41782143112
41782143037
41782143081
41782143181
41782143124
41782143035
41782143255
41782143034
41782143071
41782143050
41782143143
41782143094
41782143180
41782143303
41782143107
41782143215
41782143208
41782143045
41782143258
41782143089
41782143321
41782143126
41782143326
41782143044
41782143253
41782143171
41782143142
41782143334
41782143322
41782143047
41782143310
41782143174
41782143105
41782143252
41782143115
41782143199
41782143120
41782143121
41782143332
41782143123
41782143109
41782143280
41782143157
41782143285
41782143262
41782143153
41782143141
41782143190
41782143223
41782143314
41782143138
41782143201
41782143225
41782143233
41782143083
41782143132
41782143187
41782143237
41782143227
41782143315
41782143221
41782143212
41782143205
41782143331
41782143135
41782143292
41782143075
41782143345
41782143209
41782143206
41782143234
41782143156
41782143266
41782143095
41782143313
41782143339
41782143312
41782143319
41782143228
41782143349
41782143263
41782143336
41782143347
41782143317
41782143325
41782143284
41782143343
41782143311
41782143200
41782143080
41782143309
41782143102
41782143330
41782143248
41782143242
41782143335
41782143340
41782143259
41782143288
41782143360
41782143363
41782143376
41782143367
41782143351
41782143377
41782143370
41782143369
41782143381
41782143366
41782143375
41782143373
41782143507
41782143411
41782143390
41782143430
41782143422
41782143473
41782143396
41782143417
41782143388
41782143492
41782143484
41782143420
41782143456
41782143414
41782143399
41782143546
41782143626
41782143479
41782143500
41782143577
41782143494
41782143405
41782143421
41782143424
41782143394
41782143416
41782143640
41782143469
41782143439
41782143478
41782143449
41782143597
41782143503
41782143499
41782143554
41782143435
41782143660
41782143531
41782143431
41782143545
41782143482
41782143635
41782143536
41782143450
41782143669
41782143404
41782143664
41782143617
41782143508
41782143564
41782143698
41782143690
41782143585
41782143570
41782143502
41782143446
41782143514
41782143696
41782143533
41782143613
41782143604
41782143600
41782143587
41782143686
41782143612
41782143637
41782143590
41782143575
41782143588
41782143668
41782143515
41782143438
41782143614
41782143544
41782143525
41782143495
41782143691
41782143440
41782143633
41782143628
41782143565
41782143648
41782143517
41782143650
41782143539
41782143572
41782143615
41782143700
41782143729
41782143730
41782143714
41782143710
41782143705
41782143703
41782143727
41782143707
41782143772
41782143737
41782143777
41782143791
41782143739
41782143744
41782143773
41782143790
41782143774
41782143731
41782143766
41782143783
41782143757
41782143760
41782143765
41782143781
41782143799
41782143816
41782143820
41782143810
41782143845
41782143838
41782143797
41782143826
41782143852
41782143870
41782143846
41782143800
41782143834
41782143833
41782143804
41782143830
41782143842
41782143867
41782143832
41782143823
41782143858
41782143839
41782143855
41782143828
41782143880
41782143910
41782143890
41782143944
41782143954
41782143919
41782143906
41782143963
41782143929
41782143920
41782143892
41782143939
41782143950
41782143945
41782143922
41782143973
41782143969
41782143990
41782143999
41782143993
41782143986
41782143981
41782143991
41782143976
41782143966
41782143994
41782141014
41782141015
41782141008
41782141009
41782141001
41782141005
41782141031
41782141002
41782141017
41782141007
41782141023
41782141030
41782141006
41782141022
41782141021
41782141027
41782141055
41782141052
41782141149
41782141205
41782141041
41782141070
41782141050
41782141040
41782141195
41782141085
41782141066
41782141116
41782141103
41782141133
41782141134
41782141330
41782141111
41782141102
41782141224
41782141101
41782141233
41782141112
41782141242
41782141039
41782141193
41782141051
41782141114
41782141170
41782141262
41782141147
41782141105
41782141327
41782141048
41782141036
41782141375
41782141208
41782141211
41782141062
41782141299
41782141110
41782141099
41782141156
41782141424
41782141053
41782141131
41782141161
41782141159
41782141439
41782141095
41782141143
41782141135
41782141138
41782141204
41782141191
41782141247
41782141475
41782141084
41782141267
41782141420
41782141453
41782141121
41782141289
41782141486
41782141513
41782141401
41782141234
41782141313
41782141441
41782141214
41782141171
41782141124
41782141120
41782141090
41782141322
41782141311
41782141618
41782141144
41782141223
41782141157
41782141349
41782141240
41782141336
41782141222
41782141118
41782141353
41782141307
41782141278
41782141188
41782141409
41782141726
41782141433
41782141113
41782141650
41782141312
41782141100
41782141301
41782141877
41782141065
41782141610
41782141140
41782141485
41782141498
41782141287
41782141291
41782141166
41782141491
41782141415
41782141463
41782141303
41782141466
41782141244
41782141162
41782141645
41782141452
41782141864
41782141656
41782141404
41782141454
41782141370
41782141884
41782141616
41782141184
41782141238
41782141626
41782141292
41782141308
41782141740
41782141358
41782141550
41782141430
41782141508
41782141542
41782141266
41782141406
41782141153
41782141447
41782141421
41782141444
41782141429
41782141574
41782141316
41782141219
41782141541
41782141721
41782141509
41782141628
41782141530
41782141813
41782141548
41782141536
41782141331
41782141755
41782141365
41782141953
41782141310
41782141624
41782141181
41782141334
41782141196
41782141660
41782141427
41782141826
41782141462
41782141194
41782141389
41782141615
41782141363
41782141440
41782141511
41782141314
41782141304
41782141460
41782141405
41782141228
41782141399
41782141585
41782141257
41782141701
41782141413
41782141718
41782141443
41782141434
41782141669
41782141858
41782141924
41782141448
41782141598
41782141372
41782141484
41782141483
41782141606
41782141324
41782141799
41782141698
41782141422
41782141785
41782141164
41782141642
41782141470
41782141727
41782141464
41782141855
41782141377
41782141719
41782141563
41782141818
41782141400
41782141320
41782141318
41782141350
41782141848
41782141373
41782141503
41782141938
41782141239
41782141544
41782141614
41782141512
41782141207
41782141423
41782141950
41782141502
41782141777
41782141366
41782141684
41782141881
41782141510
41782141800
41782141763
41782141640
41782141518
41782141588
41782141554
41782141967
41782141185
41782141859
41782141489
41782141494
41782141934
41782141305
41782141806
41782141416
41782141720
41782141715
41782141522
41782141428
41782141425
41782141820
41782141590
41782141790
41782141713
41782141617
41782141622
41782141901
41782141750
41782141175
41782141442
41782141524
41782141904
41782141354
41782141857
41782141748
41782141815
41782141552
41782141572
41782141907
41782141414
41782141445
41782141261
41782141824
41782141990
41782141847
41782141580
41782141472
41782141570
41782141501
41782141604
41782141579
41782141862
41782141706
41782141450
41782141850
41782141807
41782141942
41782141817
41782141737
41782141621
41782141939
41782141699
41782141845
41782141584
41782141809
41782141974
41782141957
41782141833
41782141828
41782141505
41782141499
41782141811
41782141764
41782141225
41782141710
41782141704
41782141492
41782141630
41782141994
41782141951
41782141675
41782141730
41782141819
41782141872
41782141526
41782141975
41782141880
41782141469
41782141600
41782141920
41782141923
41782141943
41782141504
41782141612
41782141264
41782141948
41782141560
41782141885
41782141928
41782141773
41782141822
41782141898
41782141636
41782141875
41782141802
41782141576
41782141700
41782141625
41782141912
41782141962
41782141991
41782141808
41782141104
41782141525
41782141714
41782141940
41782141958
41782141717
41782141702
41782141821
41782141644
41782141976
41782141722
41782141919
41782141844
41782141690
41782141561
41782141973
41782141900
41782141981
41782141988
41782141744
41782141997
41782141867
41782141914
41782141830
41782141883
41782141969
41782142000
41782142001
41782142019
41782142021
41782142005
41782142007
41782142010
41782142009
41782142006
41782142008
41782142014
41782142004
41782142020
41782142002
41782142015
41782142026
41782142025
41782142029
41782142030
41782142382
41782142043
41782142141
41782142148
41782142123
41782142218
41782142227
41782142214
41782142254
41782142060
41782142108
41782142166
41782142161
41782142197
41782142092
41782142046
41782142077
41782142102
41782142071
41782142100
41782142202
41782142180
41782142131
41782142145
41782142034
41782142222
41782142213
41782142051
41782142334
41782142151
41782142147
41782142121
41782142345
41782142095
41782142107
41782142033
41782142407
41782142122
41782142113
41782142155
41782142040
41782142044
41782142189
41782142399
41782142548
41782142143
41782142215
41782142200
41782142157
41782142177
41782142388
41782142224
41782142369
41782142255
41782142284
41782142080
41782142104
41782142241
41782142425
41782142594
41782142129
41782142220
41782142633
41782142310
41782142153
41782142557
41782142294
41782142293
41782142091
41782142490
41782142205
41782142120
41782142572
41782142545
41782142235
41782142426
41782142304
41782142045
41782142387
41782142504
41782142150
41782142664
41782142251
41782142307
41782142420
41782142754
41782142560
41782142206
41782142737
41782142349
41782142360
41782142445
41782142062
41782142280
41782142480
41782142181
41782142424
41782142210
41782142223
41782142204
41782142226
41782142515
41782142421
41782142233
41782142707
41782142295
41782142247
41782142144
41782142275
41782142522
41782142366
41782142517
41782142199
41782142335
41782142492
41782142621
41782142456
41782142331
41782142615
41782142574
41782142243
41782142639
41782142394
41782142524
41782142258
41782142484
41782142613
41782142353
41782142721
41782142340
41782142208
41782142409
41782142559
41782142270
41782142518
41782142277
41782142657
41782142520
41782142623
41782142696
41782142740
41782142529
41782142909
41782142757
41782142414
41782142626
41782142505
41782142581
41782142713
41782142565
41782142377
41782142244
41782142636
41782142427
41782142927
41782142240
41782142899
41782142174
41782142552
41782142477
41782142502
41782142326
41782142642
41782142323
41782142422
41782142700
41782142333
41782142775
41782142282
41782142677
41782142555
41782142646
41782142482
41782142654
41782142869
41782142588
41782142253
41782142411
41782142959
41782142749
41782142800
41782142676
41782142720
41782142684
41782142472
41782142658
41782142328
41782142506
41782142440
41782142904
41782142822
41782142461
41782142314
41782142190
41782142338
41782142296
41782142444
41782142655
41782142839
41782142895
41782142806
41782142864
41782142814
41782142600
41782142449
41782142530
41782142996
41782142533
41782142457
41782142745
41782142566
41782142463
41782142537
41782142534
41782142844
41782142915
41782142281
41782142454
41782142928
41782142988
41782142727
41782142747
41782142820
41782142666
41782142778
41782142962
41782142993
41782142614
41782142458
41782142840
41782142564
41782142781
41782142662
41782142847
41782142724
41782142400
41782142925
41782142828
41782142746
41782142823
41782142467
41782142810
41782142851
41782142475
41782142708
41782142322
41782142423
41782142671
41782142868
41782142527
41782142586
41782142802
41782142767
41782142771
41782142792
41782142663
41782142573
41782142859
41782142811
41782142575
41782142788
41782142536
41782142950
41782142910
41782142714
41782142838
41782142651
41782142880
41782142794
41782142841
41782142678
41782142849
41782142994
41782142765
41782142710
41782142776
41782142884
41782142606
41782142892
41782142428
41782142750
41782142770
41782142789
41782142691
41782142888
41782142830
41782142955
41782142912
41782142939
41782142981
41782142900
41782142850
41782142923
41782142758
41782142478
41782142625
41782142816
41782142982
41782142974
41782142656
41782142712
41782142911
41782142926
41782142784
41782142887
41782142908
41782148007
41782148016
41782148013
41782148029
41782148008
41782148017
41782148005
41782148004
41782148024
41782148020
41782148014
41782148030
41782148021
41782148091
41782148050
41782148066
41782148043
41782148076
41782148081
41782148311
41782148118
41782148096
41782148352
41782148184
41782148195
41782148103
41782148223
41782148056
41782148264
41782148040
41782148277
41782148082
41782148025
41782148052
41782148077
41782148123
41782148181
41782148288
41782148060
41782148140
41782148189
41782148044
41782148110
41782148090
41782148084
41782148206
41782148083
41782148135
41782148285
41782148049
41782148062
41782148162
41782148321
41782148432
41782148141
41782148069
41782148401
41782148055
41782148190
41782148182
41782148263
41782148085
41782148319
41782148148
41782148178
41782148280
41782148218
41782148332
41782148286
41782148038
41782148692
41782148202
41782148259
41782148039
41782148142
41782148291
41782148075
41782148033
41782148204
41782148281
41782148095
41782148074
41782148188
41782148139
41782148251
41782148337
41782148198
41782148177
41782148205
41782148113
41782148149
41782148357
41782148350
41782148381
41782148042
41782148284
41782148501
41782148407
41782148171
41782148101
41782148282
41782148330
41782148065
41782148183
41782148161
41782148295
41782148242
41782148094
41782148464
41782148300
41782148088
41782148403
41782148380
41782148582
41782148294
41782148443
41782148287
41782148402
41782148115
41782148770
41782148238
41782148434
41782148855
41782148457
41782148554
41782148533
41782148243
41782148116
41782148404
41782148579
41782148561
41782148270
41782148627
41782148260
41782148643
41782148400
41782148199
41782148509
41782148301
41782148219
41782148292
41782148614
41782148445
41782148481
41782148302
41782148590
41782148599
41782148227
41782148456
41782148450
41782148131
41782148784
41782148390
41782148912
41782148505
41782148186
41782148086
41782148718
41782148431
41782148549
41782148477
41782148383
41782148393
41782148987
41782148520
41782148982
41782148714
41782148444
41782148146
41782148744
41782148422
41782148651
41782148262
41782148414
41782148460
41782148970
41782148521
41782148428
41782148398
41782148785
41782148482
41782148276
41782148373
41782148856
41782148780
41782148506
41782148679
41782148634
41782148558
41782148767
41782148686
41782148884
41782148489
41782148233
41782148810
41782148853
41782148392
41782148595
41782148840
41782148727
41782148440
41782148695
41782148701
41782148933
41782148658
41782148883
41782148454
41782148688
41782148452
41782148665
41782148268
41782148588
41782148310
41782148646
41782148166
41782148581
41782148657
41782148649
41782148862
41782148889
41782148885
41782148601
41782148602
41782148672
41782148835
41782148314
41782148633
41782148606
41782148712
41782148703
41782148550
41782148875
41782148773
41782148825
41782148808
41782148881
41782148313
41782148926
41782148552
41782148952
41782148986
41782148610
41782148846
41782148760
41782148812
41782148689
41782148839
41782148977
41782148366
41782148519
41782148815
41782148903
41782148800
41782148820
41782148801
41782148989
41782148631
41782148466
41782148948
41782148804
41782148700
41782148666
41782148811
41782148814
41782148949
41782148324
41782148553
41782148990
41782148336
41782148449
41782148687
41782148868
41782148930
41782148983
41782148805
41782148447
41782148824
41782148487
41782148878
41782148483
41782148929
41782148782
41782148717
41782148696
41782148891
41782148899
41782148399
41782148656
41782148778
41782148789
41782148897
41782148898
41782148677
41782148669
41782148981
41782148777
41782148680
41782148740
41782148844
41782148951
41782148738
41782148830
41782148900
41782148888
41782148870
41782148435
41782148710
41782148931
41782148473
41782148922
41782148803
41782148915
41782148843
41782148860
41782148910
41782148979
41782148861
41782148901
41782148600
41782148937
41782148827
41782148944
41782148592
41782148715
41782148494
41782148757
41782147000
41782147012
41782147003
41782147008
41782147015
41782147020
41782147006
41782147001
41782147010
41782147014
41782147016
41782147024
41782147028
41782147011
41782147122
41782147270
41782147274
41782147066
41782147091
41782147182
41782147112
41782147133
41782147088
41782147108
41782147045
41782147161
41782147321
41782147235
41782147175
41782147188
41782147039
41782147191
41782147251
41782147078
41782147194
41782147055
41782147378
41782147329
41782147101
41782147075
41782147422
41782147171
41782147125
41782147033
41782147150
41782147126
41782147176
41782147411
41782147310
41782147077
41782147058
41782147118
41782147114
41782147132
41782147241
41782147464
41782147413
41782147444
41782147590
41782147120
41782147107
41782147577
41782147073
41782147532
41782147104
41782147214
41782147565
41782147323
41782147271
41782147209
41782147603
41782147178
41782147292
41782147765
41782147072
41782147199
41782147212
41782147076
41782147141
41782147260
41782147386
41782147232
41782147438
41782147523
41782147472
41782147731
41782147135
41782147149
41782147277
41782147082
41782147307
41782147892
41782147217
41782147429
41782147455
41782147099
41782147514
41782147183
41782147172
41782147111
41782147402
41782147470
41782147181
41782147575
41782147337
41782147060
41782147302
41782147116
41782147316
41782147679
41782147494
41782147540
41782147372
41782147262
41782147400
41782147792
41782147230
41782147636
41782147542
41782147780
41782147379
41782147211
41782147147
41782147733
41782147275
41782147324
41782147686
41782147475
41782147202
41782147313
41782147268
41782147381
41782147353
41782147407
41782147177
41782147582
41782147644
41782147421
41782147404
41782147929
41782147247
41782147224
41782147888
41782147516
41782147741
41782147749
41782147585
41782147507
41782147479
41782147520
41782147526
41782147805
41782147512
41782147414
41782147336
41782147954
41782147722
41782147602
41782147460
41782147417
41782147727
41782147499
41782147347
41782147600
41782147322
41782147649
41782147090
41782147881
41782147773
41782147348
41782147506
41782147752
41782147760
41782147979
41782147451
41782147747
41782147761
41782147341
41782147474
41782147388
41782147790
41782147280
41782147330
41782147415
41782147478
41782147430
41782147556
41782147371
41782147308
41782147515
41782147473
41782147588
41782147500
41782147775
41782147285
41782147809
41782147769
41782147745
41782147913
41782147519
41782147777
41782147803
41782147754
41782147541
41782147640
41782147680
41782147788
41782147434
41782147510
41782147531
41782147391
41782147634
41782147599
41782147817
41782147620
41782147377
41782147545
41782147814
41782147481
41782147687
41782147849
41782147550
41782147950
41782147789
41782147793
41782147566
41782147454
41782147439
41782147579
41782147887
41782147802
41782147613
41782147836
41782147703
41782147936
41782147737
41782147844
41782147560
41782147700
41782147774
41782147678
41782147841
41782147610
41782147909
41782147818
41782147669
41782147949
41782147705
41782147646
41782147572
41782147662
41782147717
41782147714
41782147580
41782147670
41782147989
41782147858
41782147559
41782147656
41782147667
41782147709
41782147668
41782147838
41782147968
41782147619
41782147879
41782147614
41782147354
41782147951
41782147784
41782147704
41782147800
41782147865
41782147675
41782147945
41782147528
41782147960
41782147884
41782147872
41782147976
41782147702
41782147983
41782147848
41782147597
41782147676
41782147794
41782147974
41782147897
41782147893
41782147971
41782147930
41782147978
41782147796
41782147721
41782147586
41782147833
41782147880
41782147967
41782147910
41782147994
41782147946
41782147877
41782147878
41782147911
41782147953
41782147873
41782147828
41782147973
41782147657
41782147870
