41765045001
41765045028
41765045022
41765045019
41765045011
41765045005
41765045026
41765045115
41765045103
41765045041
41765045136
41765045048
41765045070
41765045064
41765045095
41765045055
41765045183
41765045065
41765045078
41765045086
41765045101
41765045192
41765045120
41765045049
41765045375
41765045559
41765045199
41765045053
41765045130
41765045113
41765045295
41765045328
41765045119
41765045182
41765045094
41765045060
41765045230
41765045089
41765045076
41765045106
41765045205
41765045084
41765045306
41765045298
41765045620
41765045159
41765045239
41765045143
41765045765
41765045079
41765045088
41765045074
41765045052
41765045804
41765045249
41765045107
41765045347
41765045117
41765045090
41765045280
41765045207
41765045191
41765045253
41765045166
41765045255
41765045077
41765045087
41765045091
41765045131
41765045137
41765045150
41765045262
41765045523
41765045245
41765045190
41765045220
41765045057
41765045194
41765045161
41765045197
41765045217
41765045344
41765045463
41765045068
41765045678
41765045256
41765045144
41765045359
41765045059
41765045128
41765045420
41765045351
41765045468
41765045269
41765045223
41765045267
41765045152
41765045252
41765045270
41765045346
41765045227
41765045303
41765045575
41765045674
41765045200
41765045127
41765045330
41765045291
41765045596
41765045352
41765045429
41765045124
41765045652
41765045304
41765045450
41765045116
41765045268
41765045432
41765045558
41765045155
41765045777
41765045392
41765045653
41765045454
41765045532
41765045378
41765045363
41765045258
41765045702
41765045556
41765045277
41765045438
41765045522
41765045340
41765045173
41765045360
41765045444
41765045238
41765045481
41765045343
41765045618
41765045133
41765045949
41765045176
41765045232
41765045525
41765045535
41765045234
41765045484
41765045439
41765045692
41765045300
41765045849
41765045216
41765045140
41765045507
41765045186
41765045705
41765045285
41765045355
41765045509
41765045308
41765045623
41765045323
41765045181
41765045460
41765045257
41765045810
41765045404
41765045286
41765045587
41765045477
41765045545
41765045544
41765045888
41765045961
41765045383
41765045260
41765045373
41765045639
41765045725
41765045707
41765045110
41765045512
41765045670
41765045272
41765045594
41765045274
41765045424
41765045584
41765045650
41765045288
41765045384
41765045773
41765045377
41765045852
41765045435
41765045645
41765045266
41765045382
41765045428
41765045528
41765045458
41765045606
41765045240
41765045455
41765045590
41765045561
41765045414
41765045431
41765045314
41765045738
41765045800
41765045393
41765045893
41765045511
41765045407
41765045557
41765045242
41765045928
41765045886
41765045803
41765045369
41765045549
41765045739
41765045979
41765045710
41765045680
41765045677
41765045401
41765045740
41765045608
41765045390
41765045796
41765045715
41765045981
41765045894
41765045671
41765045498
41765045567
41765045345
41765045610
41765045846
41765045602
41765045785
41765045778
41765045866
41765045794
41765045614
41765045513
41765045974
41765045483
41765045791
41765045449
41765045640
41765045955
41765045868
41765045878
41765045662
41765045989
41765045430
41765045830
41765045646
41765045746
41765045600
41765045326
41765045261
41765045358
41765045977
41765045341
41765045566
41765045833
41765045555
41765045927
41765045699
41765045924
41765045453
41765045562
41765045312
41765045518
41765045581
41765045966
41765045654
41765045775
41765045906
41765045821
41765045874
41765045760
41765045437
41765045865
41765045899
41765045769
41765045995
41765045829
41765045805
41765045657
41765045994
41765045580
41765045862
41765045436
41765045908
41765045676
41765045971
41765045841
41765045882
41765045592
41765045747
41765045832
41765045885
41765045881
41765045443
41765045896
41765045565
41765045807
41765045900
41765045840
41765045827
41765045876
41765045504
41765045986
41765045579
41765045890
41765045729
41765045622
41765045930
41765045633
41765045465
41765045854
41765045898
41765045612
41765045915
41765045929
41765045988
41765045385
41765045965
41765045698
41765045615
41765045938
41765045812
41765045683
41765045952
41765045751
41765045973
41765045935
41765045925
41765045855
41765045655
41765045969
41765045787
41765045987
41765045497
41765045647
41765045976
41765045933
41765045960
41765045951
41765045985
41765044019
41765044014
41765044020
41765044006
41765044026
41765044013
41765044012
41765044008
41765044017
41765044001
41765044004
41765044027
41765044131
41765044170
41765044032
41765044232
41765044080
41765044063
41765044066
41765044074
41765044068
41765044103
41765044092
41765044046
41765044058
41765044102
41765044178
41765044177
41765044187
41765044115
41765044351
41765044244
41765044135
41765044151
41765044091
41765044218
41765044072
41765044061
41765044229
41765044134
41765044030
41765044156
41765044090
41765044250
41765044035
41765044142
41765044289
41765044162
41765044086
41765044486
41765044231
41765044038
41765044059
41765044053
41765044183
41765044500
41765044529
41765044192
41765044133
41765044097
41765044169
41765044127
41765044141
41765044191
41765044261
41765044047
41765044049
41765044225
41765044185
41765044267
41765044652
41765044236
41765044438
41765044539
41765044212
41765044319
41765044159
41765044491
41765044505
41765044746
41765044079
41765044224
41765044335
41765044114
41765044399
41765044385
41765044113
41765044174
41765044041
41765044036
41765044054
41765044292
41765044413
41765044186
41765044117
41765044809
41765044301
41765044242
41765044270
41765044188
41765044067
41765044468
41765044060
41765044222
41765044342
41765044373
41765044428
41765044144
41765044419
41765044042
41765044211
41765044304
41765044234
41765044062
41765044252
41765044189
41765044626
41765044345
41765044599
41765044293
41765044420
41765044110
41765044306
41765044197
41765044201
41765044146
41765044336
41765044303
41765044544
41765044055
41765044386
41765044462
41765044309
41765044290
41765044492
41765044464
41765044665
41765044149
41765044213
41765044348
41765044559
41765044549
41765044498
41765044355
41765044613
41765044158
41765044890
41765044358
41765044268
41765044273
41765044557
41765044175
41765044440
41765044223
41765044430
41765044383
41765044126
41765044070
41765044332
41765044615
41765044627
41765044128
41765044499
41765044384
41765044271
41765044556
41765044105
41765044139
41765044515
41765044266
41765044198
41765044387
41765044281
41765044160
41765044340
41765044305
41765044349
41765044634
41765044778
41765044282
41765044449
41765044682
41765044241
41765044742
41765044112
41765044322
41765044676
41765044414
41765044459
41765044547
41765044622
41765044454
41765044943
41765044671
41765044817
41765044466
41765044749
41765044166
41765044254
41765044378
41765044203
41765044150
41765044642
41765044417
41765044431
41765044744
41765044457
41765044641
41765044569
41765044565
41765044750
41765044143
41765044277
41765044489
41765044504
41765044432
41765044204
41765044654
41765044503
41765044434
41765044719
41765044323
41765044402
41765044412
41765044845
41765044299
41765044424
41765044865
41765044918
41765044300
41765044407
41765044397
41765044787
41765044706
41765044748
41765044663
41765044766
41765044519
41765044346
41765044288
41765044801
41765044278
41765044764
41765044344
41765044653
41765044994
41765044403
41765044647
41765044341
41765044425
41765044481
41765044494
41765044451
41765044926
41765044761
41765044842
41765044463
41765044392
41765044855
41765044793
41765044421
41765044962
41765044841
41765044381
41765044821
41765044531
41765044396
41765044609
41765044825
41765044811
41765044551
41765044734
41765044729
41765044619
41765044938
41765044375
41765044895
41765044655
41765044844
41765044711
41765044391
41765044803
41765044754
41765044584
41765044239
41765044460
41765044382
41765044443
41765044607
41765044433
41765044639
41765044479
41765044712
41765044871
41765044758
41765044815
41765044552
41765044780
41765044808
41765044317
41765044699
41765044799
41765044514
41765044329
41765044664
41765044868
41765044768
41765044785
41765044354
41765044731
41765044485
41765044666
41765044684
41765044467
41765044572
41765044533
41765044429
41765044635
41765044820
41765044864
41765044436
41765044508
41765044452
41765044822
41765044540
41765044347
41765044724
41765044624
41765044606
41765044520
41765044650
41765044733
41765044788
41765044558
41765044870
41765044856
41765044818
41765044538
41765044986
41765044966
41765044824
41765044903
41765044636
41765044896
41765044899
41765044602
41765044517
41765044847
41765044908
41765044948
41765044853
41765044913
41765044496
41765044874
41765044597
41765044693
41765044889
41765044863
41765044477
41765044726
41765044883
41765044534
41765044826
41765044970
41765044661
41765044727
41765044991
41765044427
41765044996
41765044718
41765044760
41765044736
41765044377
41765044858
41765044886
41765044880
41765044924
41765044456
41765044625
41765044751
41765044713
41765044882
41765044511
41765044807
41765044857
41765044756
41765044640
41765044617
41765044771
41765044648
41765044887
41765044679
41765044605
41765044513
41765044997
41765044905
41765044709
41765044925
41765044728
41765044763
41765044869
41765044963
41765044614
41765044816
41765044969
41765044837
41765044774
41765044914
41765044810
41765044930
41765044745
41765044707
41765044860
41765044872
41765044560
41765044901
41765044812
41765044840
41765044985
41765044525
41765044989
41765044988
41765044828
41765044979
41765044910
41765044898
41765044933
41765044697
41765044929
41765044577
41765044747
41765044600
41765044941
41765044992
41765044767
41765046029
41765046022
41765046008
41765046005
41765046007
41765046001
41765046024
41765046032
41765046002
41765046010
41765046017
41765046006
41765046026
41765046019
41765046030
41765046052
41765046139
41765046040
41765046031
41765046060
41765046085
41765046076
41765046191
41765046162
41765046068
41765046118
41765046039
41765046122
41765046143
41765046159
41765046205
41765046212
41765046103
41765046064
41765046224
41765046066
41765046035
41765046401
41765046081
41765046221
41765046137
41765046062
41765046077
41765046089
41765046147
41765046073
41765046044
41765046267
41765046161
41765046105
41765046117
41765046125
41765046050
41765046101
41765046215
41765046368
41765046069
41765046186
41765046350
41765046261
41765046470
41765046130
41765046153
41765046218
41765046080
41765046157
41765046109
41765046151
41765046116
41765046128
41765046165
41765046318
41765046310
41765046168
41765046274
41765046144
41765046043
41765046364
41765046126
41765046305
41765046284
41765046136
41765046169
41765046252
41765046309
41765046417
41765046129
41765046166
41765046102
41765046222
41765046292
41765046145
41765046272
41765046149
41765046700
41765046233
41765046301
41765046268
41765046226
41765046313
41765046403
41765046163
41765046096
41765046619
41765046448
41765046455
41765046198
41765046476
41765046277
41765046631
41765046063
41765046633
41765046091
41765046300
41765046211
41765046285
41765046335
41765046594
41765046383
41765046203
41765046275
41765046150
41765046445
41765046474
41765046283
41765046367
41765046389
41765046256
41765046269
41765046550
41765046379
41765046419
41765046509
41765046281
41765046563
41765046595
41765046337
41765046497
41765046178
41765046338
41765046616
41765046194
41765046110
41765046542
41765046148
41765046399
41765046348
41765046942
41765046825
41765046623
41765046582
41765046974
41765046290
41765046645
41765046388
41765046319
41765046440
41765046216
41765046650
41765046896
41765046580
41765046188
41765046392
41765046339
41765046770
41765046200
41765046867
41765046695
41765046328
41765046210
41765046648
41765046402
41765046181
41765046566
41765046538
41765046630
41765046747
41765046314
41765046554
41765046611
41765046345
41765046183
41765046629
41765046344
41765046253
41765046461
41765046381
41765046632
41765046626
41765046591
41765046505
41765046760
41765046741
41765046709
41765046688
41765046933
41765046413
41765046961
41765046749
41765046800
41765046656
41765046208
41765046725
41765046901
41765046794
41765046787
41765046513
41765046622
41765046865
41765046809
41765046312
41765046828
41765046946
41765046691
41765046363
41765046530
41765046223
41765046738
41765046201
41765046870
41765046664
41765046735
41765046532
41765046421
41765046584
41765046570
41765046336
41765046378
41765046963
41765046494
41765046485
41765046458
41765046491
41765046900
41765046411
41765046613
41765046529
41765046478
41765046514
41765046266
41765046997
41765046726
41765046805
41765046654
41765046716
41765046567
41765046850
41765046606
41765046833
41765046773
41765046772
41765046578
41765046888
41765046459
41765046508
41765046444
41765046499
41765046861
41765046836
41765046346
41765046730
41765046525
41765046467
41765046672
41765046984
41765046498
41765046464
41765046546
41765046950
41765046987
41765046733
41765046818
41765046302
41765046686
41765046871
41765046681
41765046905
41765046990
41765046680
41765046694
41765046588
41765046482
41765046767
41765046690
41765046788
41765046649
41765046904
41765046522
41765046432
41765046922
41765046931
41765046807
41765046965
41765046655
41765046660
41765046602
41765046912
41765046769
41765046883
41765046852
41765046906
41765046699
41765046949
41765046557
41765046841
41765046891
41765046966
41765046585
41765046451
41765046993
41765046926
41765046778
41765046821
41765046612
41765046989
41765046641
41765046878
41765046777
41765046352
41765046812
41765046721
41765046723
41765046970
41765046887
41765046822
41765046701
41765046768
41765046771
41765046937
41765046929
41765046909
41765046864
41765046824
41765046986
41765040000
41765040021
41765040018
41765040013
41765040008
41765040003
41765040019
41765040017
41765040012
41765040015
41765040020
41765040005
41765040077
41765040058
41765040109
41765040069
41765040117
41765040205
41765040073
41765040208
41765040044
41765040120
41765040177
41765040072
41765040352
41765040050
41765040085
41765040123
41765040206
41765040071
41765040037
41765040098
41765040194
41765040076
41765040081
41765040341
41765040214
41765040104
41765040102
41765040039
41765040190
41765040140
41765040151
41765040227
41765040093
41765040065
41765040252
41765040036
41765040195
41765040066
41765040042
41765040125
41765040215
41765040513
41765040131
41765040046
41765040108
41765040099
41765040200
41765040307
41765040599
41765040070
41765040121
41765040075
41765040103
41765040035
41765040216
41765040360
41765040254
41765040116
41765040047
41765040067
41765040100
41765040089
41765040114
41765040112
41765040335
41765040193
41765040565
41765040126
41765040412
41765040168
41765040048
41765040240
41765040033
41765040038
41765040276
41765040083
41765040049
41765040045
41765040136
41765040079
41765040236
41765040087
41765040128
41765040160
41765040225
41765040118
41765040399
41765040199
41765040095
41765040211
41765040164
41765040175
41765040581
41765040139
41765040311
41765040187
41765040166
41765040088
41765040165
41765040359
41765040229
41765040210
41765040150
41765040345
41765040122
41765040176
41765040410
41765040158
41765040338
41765040294
41765040629
41765040381
41765040239
41765040422
41765040567
41765040447
41765040154
41765040590
41765040427
41765040450
41765040382
41765040262
41765040385
41765040218
41765040888
41765040473
41765040324
41765040414
41765040332
41765040141
41765040250
41765040591
41765040358
41765040370
41765040207
41765040479
41765040174
41765040202
41765040603
41765040717
41765040111
41765040273
41765040209
41765040480
41765040416
41765040645
41765040683
41765040287
41765040514
41765040309
41765040361
41765040317
41765040305
41765040235
41765040301
41765040489
41765040549
41765040461
41765040540
41765040493
41765040613
41765040148
41765040368
41765040571
41765040197
41765040329
41765040308
41765040402
41765040491
41765040425
41765040234
41765040284
41765040436
41765040485
41765040105
41765040608
41765040153
41765040593
41765040648
41765040280
41765040519
41765040203
41765040369
41765040217
41765040869
41765040785
41765040394
41765040400
41765040328
41765040344
41765040221
41765040442
41765040827
41765040499
41765040433
41765040291
41765040539
41765040186
41765040124
41765040657
41765040639
41765040838
41765040496
41765040188
41765040520
41765040395
41765040315
41765040486
41765040728
41765040322
41765040130
41765040556
41765040503
41765040423
41765040743
41765040407
41765040383
41765040277
41765040652
41765040627
41765040226
41765040293
41765040233
41765040366
41765040832
41765040712
41765040704
41765040651
41765040692
41765040757
41765040610
41765040292
41765040987
41765040505
41765040365
41765040761
41765040551
41765040429
41765040583
41765040661
41765040731
41765040594
41765040679
41765040494
41765040431
41765040220
41765040278
41765040767
41765040625
41765040714
41765040357
41765040248
41765040850
41765040759
41765040744
41765040776
41765040589
41765040775
41765040762
41765040843
41765040764
41765040646
41765040914
41765040931
41765040663
41765040750
41765040133
41765040279
41765040666
41765040877
41765040330
41765040633
41765040419
41765040817
41765040326
41765040192
41765040393
41765040558
41765040501
41765040738
41765040562
41765040310
41765040846
41765040443
41765040256
41765040546
41765040918
41765040526
41765040811
41765040981
41765040477
41765040616
41765040379
41765040024
41765040632
41765040350
41765040980
41765040800
41765040727
41765040715
41765040468
41765040611
41765040295
41765040724
41765040680
41765040878
41765040222
41765040355
41765040604
41765040323
41765040875
41765040484
41765040830
41765040554
41765040804
41765040270
41765040465
41765040488
41765040995
41765040826
41765040607
41765040818
41765040306
41765040396
41765040753
41765040768
41765040854
41765040510
41765040949
41765040992
41765040754
41765040602
41765040815
41765040444
41765040574
41765040507
41765040495
41765040790
41765040582
41765040059
41765040456
41765040910
41765040440
41765040316
41765040968
41765040922
41765040839
41765040560
41765040828
41765040721
41765040522
41765040449
41765040441
41765040363
41765040898
41765040390
41765040807
41765040812
41765040504
41765040529
41765040948
41765040445
41765040497
41765040466
41765040372
41765040783
41765040470
41765040630
41765040791
41765040923
41765040417
41765040863
41765040487
41765040576
41765040321
41765040518
41765040475
41765040595
41765040778
41765040618
41765040841
41765040983
41765040924
41765040705
41765040525
41765040789
41765040876
41765040842
41765040454
41765040515
41765040702
41765040534
41765040601
41765040851
41765040614
41765040736
41765040941
41765040957
41765040452
41765040996
41765040862
41765040694
41765040872
41765040482
41765040797
41765040844
41765040498
41765040624
41765040833
41765040930
41765040606
41765040720
41765040963
41765040919
41765040917
41765040658
41765040524
41765040670
41765040435
41765040566
41765040809
41765040644
41765040964
41765040707
41765040793
41765040974
41765040829
41765040884
41765040820
41765040699
41765040672
41765040748
41765040726
41765040650
41765040920
41765040856
41765040796
41765040946
41765040912
41765040939
41765040806
41765040879
41765040553
41765040597
41765040873
41765040864
41765040943
41765040737
41765040777
41765040883
41765040688
41765040892
41765040772
41765040899
41765040816
41765040947
41765040991
41765040962
41765040907
41765040902
41765040678
41765040901
41765040916
41765040855
41765040792
41765040831
41765040781
41765040993
41765040886
41765040803
41765040936
41765040969
41765040825
41765040908
41765040952
41765040619
41765040909
41765049016
41765049013
41765049004
41765049020
41765049022
41765049015
41765049008
41765049001
41765049019
41765049094
41765049147
41765049009
41765049128
41765049036
41765049229
41765049250
41765049231
41765049053
41765049161
41765049585
41765049268
41765049184
41765049258
41765049315
41765049277
41765049464
41765049343
41765049091
41765049264
41765049949
41765049021
41765049230
41765049322
41765049101
41765049236
41765049119
41765049080
41765049005
41765049360
41765049301
41765049173
41765049126
41765049284
41765049039
41765049134
41765049955
41765049029
41765049192
41765049152
41765049376
41765049811
41765049092
41765049422
41765049792
41765049191
41765049047
41765049307
41765049034
41765049434
41765049477
41765049185
41765049496
41765049402
41765049223
41765049444
41765049159
41765049603
41765049211
41765049333
41765049121
41765049075
41765049332
41765049699
41765049683
41765049410
41765049460
41765049197
41765049404
41765049169
41765049220
41765049428
41765049411
41765049209
41765049115
41765049363
41765049245
41765049370
41765049898
41765049618
41765049488
41765049471
41765049676
41765049658
41765049187
41765049507
41765049346
41765049680
41765049141
41765049048
41765049071
41765049509
41765049706
41765049172
41765049095
41765049761
41765049541
41765049437
41765049190
41765049511
41765049733
41765049291
41765049545
41765049280
41765049138
41765049065
41765049179
41765049214
41765049707
41765049427
41765049335
41765049534
41765049090
41765049158
41765049462
41765049673
41765049504
41765049221
41765049689
41765049976
41765049394
41765049978
41765049629
41765049086
41765049599
41765049035
41765049170
41765049257
41765049392
41765049501
41765049722
41765049263
41765049475
41765049061
41765049098
41765049497
41765049201
41765049554
41765049279
41765049619
41765049948
41765049382
41765049519
41765049160
41765049478
41765049597
41765049066
41765049549
41765049650
41765049300
41765049958
41765049606
41765049312
41765049259
41765049388
41765049224
41765049319
41765049989
41765049064
41765049378
41765049072
41765049556
41765049558
41765049377
41765049601
41765049399
41765049052
41765049448
41765049093
41765049508
41765049298
41765049078
41765049288
41765049535
41765049600
41765049611
41765049403
41765049186
41765049665
41765049100
41765049782
41765049530
41765049777
41765049734
41765049331
41765049780
41765049627
41765049909
41765049914
41765049579
41765049662
41765049565
41765049473
41765049188
41765049180
41765049111
41765049476
41765049873
41765049485
41765049804
41765049553
41765049930
41765049228
41765049797
41765049715
41765049569
41765049628
41765049608
41765049681
41765049877
41765049374
41765049922
41765049412
41765049077
41765049557
41765049200
41765049670
41765049592
41765049281
41765049776
41765049194
41765049790
41765049290
41765049304
41765049135
41765049060
41765049900
41765049893
41765049945
41765049466
41765049636
41765049070
41765049959
41765049691
41765049584
41765049421
41765049910
41765049292
41765049757
41765049767
41765049896
41765049483
41765049451
41765049326
41765049443
41765049575
41765049624
41765049470
41765049108
41765049482
41765049151
41765049455
41765049440
41765049740
41765049555
41765049984
41765049753
41765049484
41765049350
41765049962
41765049798
41765049364
41765049849
41765049514
41765049441
41765049678
41765049713
41765049770
41765049582
41765049365
41765049865
41765049726
41765049796
41765049977
41765049789
41765049781
41765049866
41765049510
41765049774
41765049725
41765049915
41765049494
41765049969
41765049904
41765049306
41765049812
41765049576
41765049244
41765049878
41765049415
41765049996
41765049974
41765049339
41765049952
41765049772
41765049729
41765049881
41765049720
41765049642
41765049918
41765049891
41765049690
41765049936
41765049536
41765049714
41765049890
41765049960
41765049309
41765049825
41765049932
41765049762
41765049983
41765049522
41765049943
41765049822
41765049521
41765049634
41765049626
41765049212
41765049970
41765049518
41765049879
41765049666
41765049409
41765049513
41765049692
41765049369
41765049731
41765049888
41765049994
41765049903
41765049594
41765049991
41765049739
41765049953
41765049721
41765049919
41765049870
41765049520
41765049744
41765049751
41765049971
41765049495
41765049872
41765049933
41765049566
41765049871
41765049674
41765049573
41765049274
41765049481
41765049876
41765049892
41765049982
41765049842
41765049803
41765049493
41765049886
41765049950
41765049968
41765049380
41765049688
41765049675
41765049868
41765049827
41765049850
41765049947
41765049490
41765049944
41765049542
41765049711
41765049897
41765049980
41765043009
41765043025
41765043011
41765043021
41765043012
41765043030
41765043033
41765043020
41765043007
41765043016
41765043028
41765043019
41765043003
41765043006
41765043029
41765043014
41765043002
41765043060
41765043095
41765043162
41765043059
41765043013
41765043146
41765043058
41765043027
41765043063
41765043108
41765043080
41765043039
41765043102
41765043136
41765043081
41765043076
41765043079
41765043115
41765043040
41765043165
41765043069
41765043034
41765043369
41765043242
41765043070
41765043282
41765043051
41765043224
41765043022
41765043110
41765043098
41765043035
41765043064
41765043274
41765043336
41765043061
41765043212
41765043177
41765043299
41765043153
41765043192
41765043370
41765043267
41765043509
41765043220
41765043159
41765043104
41765043200
41765043067
41765043374
41765043045
41765043193
41765043077
41765043304
41765043210
41765043091
41765043268
41765043255
41765043124
41765043188
41765043038
41765043072
41765043223
41765043276
41765043150
41765043199
41765043090
41765043109
41765043144
41765043158
41765043559
41765043373
41765043399
41765043269
41765043148
41765043323
41765043517
41765043536
41765043246
41765043272
41765043180
41765043473
41765043510
41765043409
41765043551
41765043305
41765043043
41765043281
41765043231
41765043265
41765043546
41765043166
41765043352
41765043046
41765043391
41765043139
41765043260
41765043186
41765043468
41765043345
41765043316
41765043360
41765043610
41765043432
41765043167
41765043247
41765043579
41765043561
41765043300
41765043358
41765043173
41765043596
41765043398
41765043400
41765043107
41765043054
41765043404
41765043266
41765043254
41765043452
41765043860
41765043460
41765043506
41765043303
41765043573
41765043401
41765043154
41765043941
41765043420
41765043479
41765043221
41765043525
41765043693
41765043290
41765043494
41765043519
41765043350
41765043347
41765043339
41765043540
41765043439
41765043971
41765043708
41765043396
41765043357
41765043376
41765043584
41765043797
41765043545
41765043467
41765043594
41765043916
41765043615
41765043085
41765043724
41765043436
41765043713
41765043309
41765043522
41765043187
41765043587
41765043312
41765043191
41765043461
41765043690
41765043868
41765043650
41765043386
41765043565
41765043211
41765043500
41765043647
41765043325
41765043395
41765043508
41765043662
41765043781
41765043205
41765043886
41765043366
41765043328
41765043747
41765043437
41765043410
41765043332
41765043541
41765043598
41765043286
41765043384
41765043574
41765043568
41765043459
41765043243
41765043499
41765043388
41765043463
41765043209
41765043470
41765043375
41765043639
41765043505
41765043443
41765043326
41765043614
41765043253
41765043668
41765043566
41765043135
41765043577
41765043766
41765043699
41765043882
41765043552
41765043141
41765043939
41765043416
41765043226
41765043764
41765043645
41765043901
41765043529
41765043705
41765043480
41765043767
41765043599
41765043984
41765043750
41765043711
41765043997
41765043547
41765043737
41765043879
41765043611
41765043501
41765043134
41765043672
41765043355
41765043412
41765043742
41765043745
41765043814
41765043597
41765043802
41765043623
41765043430
41765043861
41765043935
41765043842
41765043616
41765043469
41765043385
41765043739
41765043555
41765043988
41765043351
41765043677
41765043791
41765043227
41765043562
41765043940
41765043880
41765043735
41765043934
41765043665
41765043334
41765043630
41765043869
41765043887
41765043407
41765043851
41765043827
41765043799
41765043770
41765043837
41765043704
41765043772
41765043057
41765043930
41765043866
41765043447
41765043638
41765043734
41765043812
41765043453
41765043816
41765043870
41765043160
41765043853
41765043686
41765043556
41765043892
41765043637
41765043714
41765043958
41765043652
41765043914
41765043548
41765043831
41765043631
41765043848
41765043864
41765043603
41765043843
41765043765
41765043867
41765043969
41765043444
41765043728
41765043431
41765043464
41765043863
41765043845
41765043920
41765043907
41765043942
41765043377
41765043904
41765043554
41765043970
41765043722
41765043878
41765043838
41765043754
41765043530
41765043915
41765043885
41765043667
41765043917
41765043751
41765043857
41765043888
41765043601
41765043910
41765043846
41765043985
41765043881
41765043679
41765043936
41765043719
41765043830
41765043567
41765043709
41765043875
41765043801
41765043663
41765043825
41765043913
41765043487
41765043995
41765043993
41765043828
41765043655
41765043462
41765043963
41765043800
41765043748
41765043761
41765043785
41765043856
41765043956
41765043919
41765043957
41765043891
41765043320
41765043582
41765043926
41765041000
41765041008
41765041001
41765041014
41765041016
41765041010
41765041022
41765041002
41765041025
41765041027
41765041033
41765041003
41765041020
41765041028
41765041005
41765041004
41765041013
41765041023
41765041069
41765041030
41765041127
41765041049
41765041110
41765041085
41765041107
41765041116
41765041118
41765041212
41765041203
41765041162
41765041206
41765041231
41765041007
41765041057
41765041047
41765041250
41765041280
41765041114
41765041073
41765041063
41765041213
41765041233
41765041372
41765041124
41765041183
41765041269
41765041193
41765041034
41765041074
41765041159
41765041045
41765041201
41765041139
41765041059
41765041077
41765041174
41765041224
41765041144
41765041297
41765041090
41765041125
41765041226
41765041106
41765041158
41765041393
41765041336
41765041044
41765041056
41765041197
41765041129
41765041084
41765041096
41765041075
41765041119
41765041601
41765041079
41765041109
41765041054
41765041098
41765041436
41765041426
41765041688
41765041097
41765041249
41765041316
41765041211
41765041243
41765041278
41765041652
41765041113
41765041064
41765041126
41765041145
41765041120
41765041218
41765041215
41765041326
41765041294
41765041378
41765041328
41765041312
41765041252
41765041115
41765041263
41765041425
41765041292
41765041130
41765041288
41765041234
41765041276
41765041387
41765041325
41765041440
41765041284
41765041172
41765041612
41765041456
41765041348
41765041283
41765041505
41765041245
41765041374
41765041818
41765041376
41765041260
41765041983
41765041329
41765041922
41765041423
41765041184
41765041588
41765041540
41765041188
41765041414
41765041445
41765041261
41765041467
41765041331
41765041166
41765041173
41765041450
41765041586
41765041237
41765041577
41765041282
41765041344
41765041131
41765041395
41765041121
41765041266
41765041345
41765041473
41765041361
41765041407
41765041455
41765041389
41765041373
41765041143
41765041219
41765041340
41765041408
41765041625
41765041281
41765041222
41765041092
41765041481
41765041195
41765041176
41765041346
41765041311
41765041335
41765041611
41765041521
41765041240
41765041123
41765041458
41765041141
41765041690
41765041466
41765041449
41765041480
41765041323
41765041108
41765041583
41765041305
41765041225
41765041519
41765041627
41765041763
41765041702
41765041147
41765041735
41765041776
41765041437
41765041819
41765041452
41765041528
41765041333
41765041704
41765041530
41765041644
41765041259
41765041209
41765041208
41765041248
41765041703
41765041306
41765041295
41765041317
41765041168
41765041275
41765041716
41765041385
41765041845
41765041411
41765041186
41765041351
41765041132
41765041503
41765041268
41765041576
41765041377
41765041422
41765041524
41765041384
41765041535
41765041200
41765041499
41765041796
41765041412
41765041272
41765041427
41765041571
41765041823
41765041267
41765041088
41765041420
41765041192
41765041517
41765041632
41765041898
41765041893
41765041606
41765041170
41765041706
41765041277
41765041513
41765041800
41765041347
41765041788
41765041599
41765041774
41765041441
41765041413
41765041418
41765041285
41765041674
41765041753
41765041813
41765041548
41765041244
41765041624
41765041140
41765041355
41765041327
41765041715
41765041605
41765041500
41765041241
41765041565
41765041537
41765041522
41765041303
41765041122
41765041654
41765041697
41765041593
41765041135
41765041806
41765041642
41765041631
41765041616
41765041386
41765041750
41765041424
41765041492
41765041515
41765041815
41765041419
41765041662
41765041417
41765041585
41765041810
41765041738
41765041274
41765041538
41765041993
41765041489
41765041338
41765041504
41765041177
41765041315
41765041486
41765041743
41765041812
41765041906
41765041783
41765041555
41765041885
41765041620
41765041512
41765041551
41765041402
41765041443
41765041343
41765041883
41765041722
41765041404
41765041246
41765041830
41765041339
41765041904
41765041975
41765041446
41765041799
41765041676
41765041591
41765041663
41765041623
41765041762
41765041563
41765041518
41765041721
41765041820
41765041502
41765041901
41765041794
41765041881
41765041596
41765041803
41765041602
41765041635
41765041728
41765041900
41765041726
41765041844
41765041710
41765041711
41765041533
41765041964
41765041736
41765041163
41765041677
41765041727
41765041874
41765041400
41765041672
41765041902
41765041755
41765041634
41765041897
41765041864
41765041320
41765041310
41765041694
41765041734
41765041879
41765041903
41765041947
41765041509
41765041908
41765041811
41765041637
41765041354
41765041594
41765041508
41765041954
41765041318
41765041561
41765041911
41765041943
41765041884
41765041841
41765041961
41765041514
41765041592
41765041497
41765041905
41765041837
41765041848
41765041618
41765041614
41765041760
41765041962
41765041986
41765041888
41765041665
41765041966
41765041731
41765041442
41765041978
41765041709
41765041791
41765041890
41765041826
41765041491
41765041364
41765041729
41765041967
41765041558
41765041786
41765041886
41765041860
41765041932
41765041550
41765041880
41765041741
41765041910
41765041797
41765041990
41765041461
41765041825
41765041470
41765041739
41765041988
41765041920
41765041979
41765041913
41765041554
41765041802
41765041914
41765041534
41765041544
41765041817
41765041850
41765041718
41765041974
41765041670
41765041950
41765041809
41765041581
41765041615
41765041430
41765041712
41765041915
41765041691
41765041854
41765041700
41765041935
41765041759
41765041648
41765041963
41765041980
41765041925
41765041865
41765041928
41765041976
41765041705
41765041784
41765041669
41765041793
41765041777
41765041946
41765041873
41765041773
41765041775
41765041838
41765041560
41765041936
41765041708
41765041970
41765041764
41765041957
41765041877
41765041941
41765041981
41765041836
41765041989
41765041912
41765041843
41765041923
41765041948
41765041992
41765042000
41765042002
41765042028
41765042016
41765042025
41765042029
41765042006
41765042030
41765042018
41765042017
41765042008
41765042013
41765042021
41765042007
41765042026
41765042011
41765042019
41765042003
41765042009
41765042022
41765042004
41765042057
41765042014
41765042275
41765042313
41765042338
41765042064
41765042048
41765042051
41765042054
41765042041
41765042145
41765042175
41765042182
41765042073
41765042230
41765042288
41765042088
41765042122
41765042111
41765042071
41765042037
41765042163
41765042197
41765042038
41765042042
41765042034
41765042109
41765042108
41765042112
41765042049
41765042185
41765042124
41765042353
41765042231
41765042086
41765042218
41765042245
41765042090
41765042125
41765042341
41765042644
41765042147
41765042244
41765042047
41765042116
41765042289
41765042235
41765042390
41765042081
41765042403
41765042160
41765042335
41765042475
41765042192
41765042400
41765042070
41765042397
41765042178
41765042170
41765042105
41765042104
41765042128
41765042349
41765042210
41765042534
41765042268
41765042293
41765042626
41765042195
41765042100
41765042283
41765042266
41765042616
41765042129
41765042323
41765042238
41765042212
41765042045
41765042343
41765042444
41765042224
41765042302
41765042301
41765042344
41765042205
41765042135
41765042428
41765042430
41765042099
41765042367
41765042167
41765042429
41765042628
41765042223
41765042262
41765042187
41765042312
41765042120
41765042133
41765042242
41765042146
41765042364
41765042629
41765042229
41765042298
41765042285
41765042306
41765042384
41765042216
41765042140
41765042477
41765042169
41765042203
41765042657
41765042236
41765042632
41765042156
41765042252
41765042272
41765042416
41765042345
41765042098
41765042264
41765042152
41765042307
41765042409
41765042452
41765042246
41765042414
41765042358
41765042328
41765042627
41765042454
41765042484
41765042401
41765042382
41765042161
41765042504
41765042565
41765042546
41765042570
41765042151
41765042168
41765042396
41765042399
41765042329
41765042426
41765042679
41765042130
41765042227
41765042386
41765042413
41765042247
41765042528
41765042334
41765042340
41765042316
41765042435
41765042505
41765042267
41765042466
41765042427
41765042509
41765042408
41765042514
41765042701
41765042483
41765042761
41765042207
41765042945
41765042587
41765042370
41765042319
41765042322
41765042200
41765042299
41765042440
41765042311
41765042831
41765042609
41765042233
41765042547
41765042774
41765042174
41765042398
41765042768
41765042645
41765042522
41765042511
41765042508
41765042680
41765042787
41765042415
41765042659
41765042204
41765042220
41765042824
41765042448
41765042406
41765042445
41765042574
41765042652
41765042610
41765042294
41765042260
41765042472
41765042348
41765042255
41765042418
41765042795
41765042228
41765042813
41765042805
41765042758
41765042777
41765042256
41765042286
41765042744
41765042780
41765042581
41765042929
41765042735
41765042496
41765042692
41765042807
41765042515
41765042564
41765042615
41765042287
41765042974
41765042488
41765042707
41765042254
41765042222
41765042583
41765042560
41765042280
41765042914
41765042493
41765042412
41765042519
41765042206
41765042883
41765042924
41765042424
41765042532
41765042419
41765042722
41765042963
41765042811
41765042725
41765042441
41765042909
41765042499
41765042665
41765042902
41765042677
41765042797
41765042535
41765042460
41765042552
41765042290
41765042410
41765042295
41765042682
41765042447
41765042201
41765042879
41765042525
41765042858
41765042712
41765042303
41765042936
41765042700
41765042987
41765042716
41765042782
41765042750
41765042342
41765042332
41765042604
41765042554
41765042710
41765042642
41765042728
41765042699
41765042937
41765042698
41765042563
41765042686
41765042822
41765042636
41765042702
41765042823
41765042850
41765042676
41765042600
41765042433
41765042494
41765042567
41765042568
41765042542
41765042598
41765042709
41765042773
41765042876
41765042935
41765042721
41765042708
41765042533
41765042810
41765042793
41765042794
41765042771
41765042798
41765042819
41765042411
41765042887
41765042749
41765042800
41765042980
41765042732
41765042373
41765042925
41765042825
41765042320
41765042827
41765042625
41765042339
41765042896
41765042829
41765042601
41765042486
41765042704
41765042703
41765042603
41765042612
41765042959
41765042507
41765042715
41765042982
41765042985
41765042886
41765042941
41765042856
41765042802
41765042854
41765042853
41765042844
41765042906
41765042920
41765042518
41765042770
41765042898
41765042729
41765042623
41765042575
41765042759
41765042931
41765042434
41765042520
41765042950
41765042539
41765042380
41765042611
41765042580
41765042989
41765042656
41765042911
41765042633
41765042845
41765042884
41765042917
41765042928
41765042786
41765042871
41765042383
41765042910
41765042957
41765042916
41765042799
41765042530
41765042923
41765042566
41765042757
41765042866
41765042664
41765042872
41765042717
41765042874
41765042754
41765042986
41765042956
41765042613
41765042958
41765042964
41765042905
41765042718
41765042481
41765042720
41765042977
41765042849
41765042485
41765042779
41765042459
41765042885
41765042888
41765042870
41765042962
41765042553
41765042942
41765042960
41765042907
41765048000
41765048022
41765048009
41765048026
41765048013
41765048025
41765048021
41765048005
41765048099
41765048018
41765048012
41765048015
41765048064
41765048066
41765048061
41765048103
41765048001
41765048002
41765048130
41765048275
41765048003
41765048056
41765048486
41765048120
41765048070
41765048150
41765048034
41765048058
41765048204
41765048393
41765048335
41765048101
41765048108
41765048148
41765048228
41765048051
41765048060
41765048088
41765048110
41765048260
41765048215
41765048287
41765048772
41765048420
41765048439
41765048225
41765048162
41765048271
41765048525
41765048346
41765048313
41765048149
41765048117
41765048243
41765048078
41765048109
41765048618
41765048050
41765048522
41765048566
41765048387
41765048169
41765048289
41765048097
41765048330
41765048121
41765048166
41765048214
41765048285
41765048004
41765048518
41765048239
41765048872
41765048186
41765048286
41765048283
41765048123
41765048037
41765048205
41765048540
41765048042
41765048087
41765048131
41765048079
41765048077
41765048391
41765048434
41765048626
41765048384
41765048267
41765048594
41765048035
41765048713
41765048509
41765048007
41765048494
41765048055
41765048219
41765048593
41765048551
41765048135
41765048086
41765048263
41765048100
41765048027
41765048578
41765048537
41765048272
41765048245
41765048248
41765048303
41765048865
41765048112
41765048646
41765048065
41765048380
41765048032
41765048615
41765048689
41765048296
41765048155
41765048454
41765048209
41765048213
41765048573
41765048111
41765048134
41765048242
41765048595
41765048580
41765048737
41765048210
41765048306
41765048184
41765048552
41765048986
41765048751
41765048839
41765048188
41765048513
41765048098
41765048823
41765048604
41765048090
41765048634
41765048273
41765048496
41765048389
41765048082
41765048252
41765048281
41765048331
41765048157
41765048767
41765048163
41765048779
41765048484
41765048674
41765048534
41765048360
41765048769
41765048738
41765048592
41765048220
41765048778
41765048357
41765048556
41765048706
41765048727
41765048859
41765048104
41765048299
41765048402
41765048408
41765048190
41765048441
41765048653
41765048553
41765048536
41765048407
41765048794
41765048477
41765048107
41765048211
41765048775
41765048125
41765048923
41765048129
41765048481
41765048530
41765048885
41765048383
41765048532
41765048606
41765048446
41765048444
41765048735
41765048415
41765048353
41765048284
41765048301
41765048312
41765048300
41765048127
41765048583
41765048490
41765048686
41765048542
41765048212
41765048467
41765048819
41765048750
41765048554
41765048711
41765048142
41765048333
41765048450
41765048939
41765048404
41765048363
41765048976
41765048229
41765048317
41765048096
41765048691
41765048159
41765048720
41765048500
41765048607
41765048555
41765048310
41765048683
41765048888
41765048914
41765048704
41765048974
41765048203
41765048270
41765048857
41765048172
41765048508
41765048721
41765048654
41765048863
41765048047
41765048624
41765048558
41765048936
41765048643
41765048842
41765048543
41765048167
41765048995
41765048656
41765048511
41765048639
41765048421
41765048710
41765048765
41765048124
41765048459
41765048712
41765048574
41765048429
41765048457
41765048786
41765048688
41765048584
41765048895
41765048699
41765048492
41765048326
41765048589
41765048820
41765048292
41765048812
41765048854
41765048417
41765048610
41765048969
41765048835
41765048427
41765048495
41765048953
41765048909
41765048535
41765048650
41765048844
41765048665
41765048785
41765048501
41765048887
41765048897
41765048868
41765048810
41765048701
41765048598
41765048845
41765048695
41765048410
41765048882
41765048881
41765048425
41765048544
41765048605
41765048570
41765048790
41765048385
41765048600
41765048811
41765048734
41765048901
41765048967
41765048806
41765048852
41765048649
41765048696
41765048984
41765048896
41765048697
41765048471
41765048870
41765048827
41765048599
41765048401
41765048642
41765048623
41765048644
41765048640
41765048447
41765048804
41765048608
41765048616
41765048485
41765048382
41765048789
41765048453
41765048443
41765048645
41765048800
41765048174
41765048414
41765048619
41765048505
41765048648
41765048889
41765048788
41765048894
41765048647
41765048670
41765048776
41765048603
41765048831
41765048663
41765048992
41765048546
41765048755
41765048322
41765048830
41765048718
41765048430
41765048963
41765048682
41765048538
41765048703
41765048432
41765048667
41765048944
41765048883
41765048971
41765048899
41765048970
41765048462
41765048743
41765048725
41765048886
41765048837
41765048877
41765048922
41765048744
41765048991
41765048988
41765048620
41765048997
41765048829
41765048850
41765048902
41765048805
41765048871
41765048856
41765048756
41765048860
41765048965
41765048911
41765048960
41765047002
41765047018
41765047019
41765047012
41765047028
41765047021
41765047022
41765047005
41765047020
41765047023
41765047010
41765047017
41765047026
41765047052
41765047050
41765047035
41765047129
41765047231
41765047218
41765047256
41765047068
41765047140
41765047203
41765047112
41765047100
41765047246
41765047058
41765047274
41765047093
41765047086
41765047197
41765047034
41765047089
41765047186
41765047040
41765047033
41765047161
41765047207
41765047288
41765047278
41765047077
41765047088
41765047081
41765047277
41765047114
41765047134
41765047053
41765047335
41765047198
41765047485
41765047116
41765047462
41765047098
41765047233
41765047188
41765047307
41765047072
41765047126
41765047247
41765047217
41765047223
41765047619
41765047341
41765047404
41765047185
41765047519
41765047099
41765047056
41765047070
41765047190
41765047095
41765047138
41765047425
41765047071
41765047337
41765047376
41765047253
41765047230
41765047062
41765047618
41765047292
41765047221
41765047527
41765047228
41765047749
41765047571
41765047318
41765047344
41765047007
41765047239
41765047243
41765047368
41765047176
41765047275
41765047607
41765047601
41765047182
41765047713
41765047843
41765047298
41765047408
41765047794
41765047249
41765047400
41765047689
41765047118
41765047413
41765047488
41765047046
41765047414
41765047743
41765047312
41765047489
41765047350
41765047206
41765047640
41765047464
41765047538
41765047285
41765047420
41765047254
41765047319
41765047252
41765047195
41765047251
41765047474
41765047748
41765047167
41765047375
41765047532
41765047840
41765047644
41765047495
41765047482
41765047409
41765047578
41765047202
41765047304
41765047900
41765047165
41765047365
41765047144
41765047871
41765047662
41765047780
41765047406
41765047191
41765047456
41765047324
41765047437
41765047036
41765047331
41765047876
41765047558
41765047666
41765047097
41765047054
41765047890
41765047643
41765047255
41765047418
41765047585
41765047291
41765047576
41765047541
41765047508
41765047560
41765047270
41765047447
41765047257
41765047355
41765047407
41765047701
41765047590
41765047468
41765047419
41765047586
41765047518
41765047861
41765047475
41765047412
41765047372
41765047568
41765047442
41765047504
41765047528
41765047650
41765047677
41765047316
41765047238
41765047702
41765047212
41765047210
41765047433
41765047764
41765047566
41765047681
41765047826
41765047715
41765047889
41765047616
41765047248
41765047604
41765047746
41765047648
41765047778
41765047505
41765047726
41765047501
41765047724
41765047429
41765047232
41765047716
41765047526
41765047438
41765047622
41765047730
41765047791
41765047703
41765047426
41765047187
41765047783
41765047589
41765047655
41765047751
41765047434
41765047377
41765047658
41765047259
41765047936
41765047669
41765047979
41765047847
41765047334
41765047513
41765047220
41765047738
41765047868
41765047742
41765047688
41765047647
41765047272
41765047818
41765047422
41765047798
41765047471
41765047872
41765047476
41765047668
41765047467
41765047572
41765047360
41765047625
41765047753
41765047229
41765047930
41765047698
41765047441
41765047500
41765047653
41765047977
41765047781
41765047866
41765047455
41765047684
41765047793
41765047673
41765047908
41765047451
41765047503
41765047483
41765047435
41765047706
41765047623
41765047774
41765047670
41765047587
41765047802
41765047224
41765047806
41765047539
41765047588
41765047597
41765047892
41765047830
41765047803
41765047996
41765047939
41765047810
41765047912
41765047829
41765047237
41765047633
41765047629
41765047902
41765047382
41765047678
41765047860
41765047722
41765047777
41765047786
41765047506
41765047869
41765047833
41765047785
41765047970
41765047514
41765047911
41765047693
41765047712
41765047626
41765047962
41765047656
41765047941
41765047639
41765047935
41765047709
41765047811
41765047516
41765047968
41765047696
41765047719
41765047305
41765047444
41765047556
41765047654
41765047605
41765047555
41765047773
41765047750
41765047602
41765047637
41765047887
41765047610
41765047945
41765047980
41765047808
41765047548
41765047923
41765047928
41765047641
41765047827
41765047714
41765047338
41765047844
41765047768
41765047850
41765047775
41765047982
41765047540
41765047932
41765047800
41765047552
41765047987
41765047909
41765047787
41765047846
41765047549
41765047874
41765047858
41765047852
41765047905
41765047906
41765047933
41765047733
41765047853
41765047577
41765047620
41765047842
41765047973
41765047903
41765047984
41765047988
41765047981
41765047995
41765047888
41765047711
41765047849
41765047879
41765047965
