41763295005
41763295025
41763295006
41763295018
41763295003
41763295015
41763295007
41763295011
41763295010
41763295019
41763295008
41763295031
41763295020
41763295027
41763295030
41763295087
41763295036
41763295064
41763295076
41763295077
41763295080
41763295114
41763295071
41763295070
41763295225
41763295102
41763295155
41763295073
41763295297
41763295124
41763295172
41763295251
41763295175
41763295241
41763295255
41763295051
41763295293
41763295074
41763295079
41763295576
41763295046
41763295045
41763295359
41763295062
41763295232
41763295120
41763295115
41763295150
41763295028
41763295253
41763295158
41763295216
41763295406
41763295100
41763295056
41763295090
41763295368
41763295423
41763295224
41763295075
41763295236
41763295183
41763295261
41763295370
41763295134
41763295210
41763295441
41763295092
41763295188
41763295481
41763295214
41763295321
41763295650
41763295344
41763295320
41763295387
41763295196
41763295103
41763295268
41763295140
41763295078
41763295447
41763295169
41763295318
41763295258
41763295378
41763295201
41763295540
41763295263
41763295177
41763295055
41763295260
41763295802
41763295277
41763295343
41763295377
41763295180
41763295294
41763295452
41763295305
41763295280
41763295648
41763295575
41763295525
41763295327
41763295606
41763295323
41763295279
41763295745
41763295353
41763295098
41763295193
41763295570
41763295437
41763295584
41763295331
41763295455
41763295839
41763295529
41763295873
41763295246
41763295289
41763295383
41763295736
41763295355
41763295613
41763295334
41763295256
41763295451
41763295568
41763295688
41763295515
41763295335
41763295695
41763295357
41763295200
41763295555
41763295139
41763295182
41763295312
41763295432
41763295616
41763295941
41763295532
41763295505
41763295311
41763295275
41763295284
41763295211
41763295600
41763295272
41763295229
41763295565
41763295129
41763295420
41763295744
41763295467
41763295720
41763295701
41763295727
41763295513
41763295342
41763295598
41763295730
41763295347
41763295915
41763295558
41763295333
41763295632
41763295234
41763295391
41763295136
41763295854
41763295709
41763295958
41763295610
41763295161
41763295559
41763295454
41763295484
41763295815
41763295658
41763295712
41763295315
41763295400
41763295599
41763295500
41763295677
41763295970
41763295267
41763295424
41763295170
41763295414
41763295667
41763295404
41763295997
41763295755
41763295444
41763295858
41763295560
41763295507
41763295329
41763295351
41763295527
41763295153
41763295894
41763295266
41763295508
41763295520
41763295603
41763295223
41763295358
41763295641
41763295589
41763295821
41763295503
41763295722
41763295490
41763295443
41763295687
41763295511
41763295300
41763295445
41763295562
41763295314
41763295711
41763295801
41763295770
41763295501
41763295551
41763295763
41763295993
41763295231
41763295949
41763295430
41763295988
41763295956
41763295729
41763295509
41763295567
41763295521
41763295681
41763295742
41763295622
41763295886
41763295586
41763295536
41763295607
41763295463
41763295657
41763295549
41763295659
41763295554
41763295748
41763295539
41763295706
41763295601
41763295859
41763295980
41763295356
41763295448
41763295758
41763295713
41763295927
41763295614
41763295265
41763295897
41763295809
41763295922
41763295595
41763295557
41763295961
41763295543
41763295635
41763295836
41763295751
41763295655
41763295693
41763295672
41763295680
41763295749
41763295604
41763295678
41763295919
41763295964
41763295617
41763295502
41763295734
41763295640
41763295482
41763295654
41763295717
41763295757
41763295822
41763295957
41763295977
41763295700
41763295872
41763295429
41763295898
41763295832
41763295686
41763295771
41763295645
41763295804
41763295556
41763295865
41763295979
41763295874
41763295852
41763295844
41763295900
41763295439
41763295953
41763295834
41763295905
41763295901
41763295893
41763295777
41763295528
41763295545
41763295766
41763295805
41763295960
41763295926
41763295860
41763295929
41763295882
41763295962
41763295813
41763295966
41763295959
41763295588
41763295591
41763295668
41763295776
41763295889
41763295881
41763295888
41763295990
41763295848
41763295811
41763295870
41763295665
41763295896
41763295911
41763295950
41763295939
41763295991
41763295908
41763295942
41763295159
41763295710
41763294004
41763294005
41763294022
41763294010
41763294011
41763294026
41763294002
41763294009
41763294001
41763294015
41763294020
41763294027
41763294053
41763294140
41763294040
41763294057
41763294065
41763294037
41763294110
41763294113
41763294108
41763294038
41763294068
41763294055
41763294029
41763294213
41763294041
41763294165
41763294103
41763294047
41763294152
41763294117
41763294072
41763294131
41763294186
41763294122
41763294132
41763294242
41763294203
41763294332
41763294204
41763294211
41763294046
41763294058
41763294144
41763294407
41763294202
41763294052
41763294101
41763294367
41763294226
41763294039
41763294036
41763294149
41763294228
41763294074
41763294243
41763294197
41763294119
41763294034
41763294078
41763294148
41763294086
41763294059
41763294219
41763294354
41763294054
41763294042
41763294550
41763294254
41763294220
41763294431
41763294200
41763294141
41763294048
41763294159
41763294195
41763294470
41763294044
41763294128
41763294409
41763294419
41763294337
41763294464
41763294012
41763294477
41763294675
41763294222
41763294461
41763294360
41763294535
41763294166
41763294209
41763294321
41763294304
41763294218
41763294267
41763294492
41763294414
41763294287
41763294255
41763294347
41763294305
41763294137
41763294516
41763294154
41763294336
41763294340
41763294358
41763294191
41763294416
41763294090
41763294314
41763294100
41763294408
41763294411
41763294397
41763294420
41763294289
41763294425
41763294080
41763294161
41763294430
41763294281
41763294310
41763294401
41763294553
41763294531
41763294702
41763294334
41763294224
41763294324
41763294241
41763294462
41763294436
41763294244
41763294307
41763294097
41763294494
41763294210
41763294495
41763294160
41763294446
41763294232
41763294156
41763294508
41763294624
41763294400
41763294744
41763294273
41763294342
41763294060
41763294599
41763294982
41763294686
41763294322
41763294586
41763294525
41763294272
41763294405
41763294417
41763294178
41763294889
41763294556
41763294566
41763294756
41763294313
41763294805
41763294138
41763294455
41763294515
41763294463
41763294339
41763294536
41763294747
41763294827
41763294458
41763294708
41763294775
41763294562
41763294402
41763294530
41763294736
41763294860
41763294382
41763294900
41763294604
41763294759
41763294179
41763294648
41763294933
41763294318
41763294252
41763294440
41763294474
41763294949
41763294551
41763294667
41763294777
41763294662
41763294738
41763294812
41763294544
41763294061
41763294276
41763294674
41763294341
41763294435
41763294142
41763294622
41763294453
41763294488
41763294506
41763294844
41763294804
41763294466
41763294868
41763294427
41763294620
41763294426
41763294433
41763294501
41763294603
41763294739
41763294811
41763294964
41763294996
41763294600
41763294364
41763294391
41763294552
41763294809
41763294512
41763294343
41763294487
41763294663
41763294699
41763294349
41763294249
41763294534
41763294847
41763294574
41763294716
41763294601
41763294355
41763294543
41763294581
41763294406
41763294944
41763294767
41763294887
41763294447
41763294585
41763294644
41763294766
41763294921
41763294623
41763294194
41763294507
41763294768
41763294486
41763294545
41763294265
41763294664
41763294898
41763294468
41763294605
41763294953
41763294818
41763294505
41763294442
41763294645
41763294717
41763294460
41763294954
41763294434
41763294625
41763294294
41763294602
41763294676
41763294850
41763294941
41763294848
41763294700
41763294472
41763294968
41763294861
41763294912
41763294859
41763294616
41763294528
41763294890
41763294612
41763294554
41763294681
41763294541
41763294714
41763294356
41763294837
41763294690
41763294919
41763294791
41763294901
41763294549
41763294480
41763294755
41763294970
41763294497
41763294928
41763294499
41763294502
41763294615
41763294800
41763294711
41763294635
41763294943
41763294918
41763294839
41763294946
41763294520
41763294626
41763294750
41763294721
41763294548
41763294513
41763294991
41763294743
41763294960
41763294978
41763294646
41763294899
41763294862
41763294614
41763294825
41763294838
41763294729
41763294948
41763294879
41763294867
41763294629
41763294992
41763294597
41763294774
41763294650
41763294760
41763294857
41763294661
41763294924
41763294903
41763294665
41763294821
41763294842
41763294656
41763294490
41763294950
41763294986
41763294929
41763294888
41763294489
41763294851
41763294902
41763294994
41763294815
41763294936
41763294884
41763294748
41763294966
41763294849
41763294984
41763294969
41763294945
41763294917
41763296005
41763296004
41763296020
41763296030
41763296027
41763296019
41763296007
41763296011
41763296001
41763296009
41763296003
41763296014
41763296028
41763296002
41763296006
41763296023
41763296046
41763296076
41763296061
41763296136
41763296135
41763296175
41763296022
41763296179
41763296051
41763296041
41763296220
41763296079
41763296226
41763296277
41763296115
41763296271
41763296126
41763296034
41763296186
41763296096
41763296168
41763296237
41763296276
41763296071
41763296072
41763296082
41763296063
41763296113
41763296059
41763296307
41763296111
41763296077
41763296060
41763296065
41763296035
41763296339
41763296191
41763296177
41763296044
41763296101
41763296210
41763296038
41763296112
41763296128
41763296229
41763296078
41763296172
41763296040
41763296292
41763296262
41763296093
41763296171
41763296109
41763296050
41763296246
41763296383
41763296225
41763296399
41763296324
41763296130
41763296467
41763296258
41763296103
41763296142
41763296190
41763296120
41763296116
41763296454
41763296088
41763296280
41763296458
41763296202
41763296638
41763296174
41763296230
41763296196
41763296402
41763296131
41763296368
41763296090
41763296392
41763296091
41763296502
41763296208
41763296432
41763296804
41763296427
41763296166
41763296669
41763296433
41763296100
41763296439
41763296441
41763296338
41763296149
41763296141
41763296444
41763296390
41763296263
41763296058
41763296228
41763296619
41763296268
41763296184
41763296219
41763296216
41763296162
41763296679
41763296412
41763296678
41763296161
41763296353
41763296066
41763296781
41763296830
41763296515
41763296446
41763296320
41763296461
41763296562
41763296529
41763296245
41763296416
41763296355
41763296330
41763296606
41763296349
41763296424
41763296160
41763296865
41763296861
41763296366
41763296593
41763296311
41763296545
41763296609
41763296889
41763296265
41763296563
41763296411
41763296620
41763296591
41763296192
41763296775
41763296612
41763296248
41763296618
41763296471
41763296438
41763296643
41763296644
41763296626
41763296118
41763296811
41763296513
41763296264
41763296779
41763296240
41763296414
41763296373
41763296683
41763296633
41763296281
41763296410
41763296408
41763296426
41763296972
41763296305
41763296806
41763296284
41763296772
41763296511
41763296787
41763296960
41763296615
41763296377
41763296818
41763296498
41763296206
41763296405
41763296546
41763296688
41763296802
41763296969
41763296401
41763296724
41763296282
41763296658
41763296313
41763296700
41763296610
41763296862
41763296727
41763296503
41763296917
41763296647
41763296937
41763296445
41763296400
41763296625
41763296916
41763296303
41763296602
41763296662
41763296526
41763296603
41763296507
41763296569
41763296939
41763296654
41763296649
41763296922
41763296718
41763296501
41763296876
41763296318
41763296616
41763296909
41763296622
41763296156
41763296494
41763296921
41763296838
41763296333
41763296695
41763296699
41763296601
41763296924
41763296795
41763296989
41763296774
41763296554
41763296980
41763296222
41763296557
41763296790
41763296711
41763296911
41763296631
41763296465
41763296690
41763296541
41763296442
41763296948
41763296621
41763296970
41763296682
41763296430
41763296873
41763296655
41763296828
41763296996
41763296936
41763296934
41763296267
41763296875
41763296340
41763296660
41763296232
41763296657
41763296605
41763296968
41763296665
41763296588
41763296919
41763296797
41763296799
41763296776
41763296595
41763296535
41763296833
41763296550
41763296860
41763296466
41763296555
41763296973
41763296949
41763296490
41763296645
41763296808
41763296680
41763296791
41763296844
41763296717
41763296974
41763296460
41763296962
41763296474
41763296613
41763296706
41763296565
41763296959
41763296666
41763296896
41763296905
41763296670
41763296964
41763296464
41763296634
41763296961
41763296611
41763296434
41763296581
41763296568
41763296857
41763296757
41763296661
41763296656
41763296472
41763296504
41763296985
41763296869
41763296750
41763296966
41763296933
41763296596
41763296944
41763296730
41763296686
41763296901
41763296903
41763296786
41763296767
41763296770
41763296743
41763296788
41763296766
41763296883
41763296726
41763296886
41763296850
41763296614
41763296859
41763296872
41763296057
41763296870
41763296878
41763296211
41763296642
41763296651
41763296756
41763296931
41763296975
41763290015
41763290017
41763290012
41763290014
41763290004
41763290030
41763290023
41763290007
41763290025
41763290026
41763290019
41763290005
41763290010
41763290001
41763290018
41763290016
41763290022
41763290052
41763290084
41763290079
41763290057
41763290071
41763290288
41763290096
41763290107
41763290122
41763290062
41763290076
41763290117
41763290190
41763290090
41763290078
41763290129
41763290042
41763290294
41763290038
41763290063
41763290101
41763290185
41763290279
41763290227
41763290123
41763290197
41763290112
41763290406
41763290125
41763290326
41763290039
41763290097
41763290049
41763290208
41763290034
41763290072
41763290035
41763290214
41763290390
41763290032
41763290083
41763290113
41763290202
41763290115
41763290075
41763290240
41763290091
41763290194
41763290092
41763290081
41763290110
41763290155
41763290217
41763290229
41763290098
41763290200
41763290127
41763290203
41763290065
41763290053
41763290512
41763290095
41763290060
41763290131
41763290213
41763290093
41763290141
41763290299
41763290373
41763290412
41763290354
41763290056
41763290209
41763290104
41763290118
41763290085
41763290073
41763290303
41763290103
41763290395
41763290416
41763290263
41763290257
41763290204
41763290181
41763290408
41763290187
41763290191
41763290179
41763290322
41763290130
41763290089
41763290281
41763290364
41763290599
41763290522
41763290120
41763290070
41763290199
41763290106
41763290323
41763290340
41763290487
41763290135
41763290523
41763290074
41763290059
41763290505
41763290066
41763290407
41763290330
41763290121
41763290345
41763290119
41763290040
41763290372
41763290443
41763290308
41763290100
41763290502
41763290392
41763290507
41763290088
41763290226
41763290189
41763290401
41763290268
41763290428
41763290601
41763290300
41763290099
41763290137
41763290282
41763290224
41763290791
41763290306
41763290628
41763290338
41763290301
41763290604
41763290219
41763290316
41763290331
41763290277
41763290210
41763290320
41763290116
41763290230
41763290983
41763290307
41763290383
41763290260
41763290146
41763290470
41763290132
41763290284
41763290250
41763290555
41763290167
41763290417
41763290363
41763290409
41763290536
41763290094
41763290422
41763290455
41763290262
41763290184
41763290700
41763290180
41763290614
41763290384
41763290353
41763290157
41763290150
41763290274
41763290105
41763290305
41763290646
41763290061
41763290225
41763290351
41763290292
41763290615
41763290683
41763290245
41763290045
41763290497
41763290319
41763290467
41763290138
41763290357
41763290809
41763290551
41763290082
41763290166
41763290582
41763290571
41763290165
41763290174
41763290325
41763290139
41763290405
41763290760
41763290543
41763290350
41763290815
41763290550
41763290264
41763290302
41763290445
41763290640
41763290638
41763290539
41763290466
41763290672
41763290451
41763290410
41763290686
41763290336
41763290296
41763290526
41763290266
41763290215
41763290611
41763290205
41763290633
41763290565
41763290133
41763290222
41763290685
41763290087
41763290831
41763290576
41763290212
41763290839
41763290171
41763290419
41763290578
41763290600
41763290898
41763290438
41763290602
41763290500
41763290682
41763290693
41763290164
41763290293
41763290402
41763290573
41763290241
41763290722
41763290870
41763290423
41763290503
41763290269
41763290223
41763290589
41763290431
41763290285
41763290430
41763290272
41763290271
41763290619
41763290764
41763290480
41763290488
41763290144
41763290793
41763290790
41763290469
41763290657
41763290508
41763290400
41763290369
41763290289
41763290634
41763290671
41763290527
41763290889
41763290796
41763290515
41763290158
41763290484
41763290415
41763290541
41763290388
41763290475
41763290548
41763290893
41763290481
41763290220
41763290531
41763290641
41763290635
41763290711
41763290553
41763290518
41763290945
41763290779
41763290444
41763290705
41763290327
41763290937
41763290715
41763290934
41763290186
41763290233
41763290355
41763290777
41763290456
41763290554
41763290513
41763290315
41763290866
41763290899
41763290276
41763290403
41763290501
41763290339
41763290485
41763290612
41763290183
41763290566
41763290366
41763290358
41763290399
41763290613
41763290471
41763290429
41763290648
41763290626
41763290780
41763290636
41763290830
41763290498
41763290607
41763290561
41763290275
41763290728
41763290789
41763290718
41763290433
41763290666
41763290806
41763290727
41763290352
41763290420
41763290994
41763290678
41763290521
41763290932
41763290920
41763290942
41763290902
41763290516
41763290570
41763290535
41763290623
41763290877
41763290701
41763290797
41763290772
41763290922
41763290517
41763290961
41763290360
41763290717
41763290637
41763290378
41763290639
41763290676
41763290520
41763290958
41763290957
41763290664
41763290575
41763290959
41763290921
41763290504
41763290838
41763290665
41763290649
41763290393
41763290586
41763290622
41763290458
41763290335
41763290653
41763290460
41763290525
41763290907
41763290629
41763290404
41763290842
41763290606
41763290816
41763290943
41763290876
41763290894
41763290530
41763290739
41763290687
41763290413
41763290747
41763290847
41763290668
41763290910
41763290314
41763290993
41763290549
41763290964
41763290926
41763290708
41763290966
41763290721
41763290972
41763290673
41763290740
41763290944
41763290528
41763290632
41763290579
41763290663
41763290333
41763290916
41763290748
41763290667
41763290411
41763290511
41763290881
41763290387
41763290534
41763290997
41763290859
41763290731
41763290726
41763290744
41763290973
41763290695
41763290631
41763290650
41763290776
41763290773
41763290963
41763290882
41763290652
41763290996
41763290888
41763290955
41763290774
41763290662
41763290698
41763290703
41763290329
41763290697
41763290702
41763290990
41763290719
41763290468
41763290723
41763290771
41763290785
41763290675
41763290823
41763290863
41763290804
41763290659
41763290763
41763290660
41763290610
41763290851
41763290564
41763290871
41763290782
41763290967
41763290885
41763290913
41763290617
41763290887
41763290828
41763290818
41763290656
41763290808
41763290654
41763290984
41763290756
41763290848
41763290775
41763290855
41763290655
41763290995
41763290770
41763290857
41763290751
41763290621
41763290886
41763290979
41763290852
41763290781
41763290900
41763290883
41763290813
41763290787
41763290981
41763290908
41763290909
41763290692
41763290989
41763290896
41763290829
41763290609
41763290912
41763290925
41763290884
41763290846
41763290906
41763290935
41763290927
41763290930
41763290975
41763290915
41763290936
41763290956
41763290971
41763290917
41763290988
41763290940
41763299000
41763299001
41763299009
41763299007
41763299008
41763299005
41763299013
41763299019
41763299006
41763299010
41763299003
41763299011
41763299004
41763299025
41763299030
41763299044
41763299093
41763299112
41763299130
41763299194
41763299218
41763299153
41763299086
41763299111
41763299098
41763299118
41763299049
41763299120
41763299250
41763299090
41763299222
41763299123
41763299056
41763299144
41763299127
41763299085
41763299096
41763299079
41763299073
41763299107
41763299209
41763299262
41763299206
41763299065
41763299229
41763299201
41763299083
41763299092
41763299273
41763299099
41763299266
41763299081
41763299077
41763299124
41763299054
41763299119
41763299091
41763299145
41763299033
41763299333
41763299042
41763299078
41763299302
41763299616
41763299399
41763299301
41763299363
41763299226
41763299149
41763299074
41763299037
41763299034
41763299274
41763299063
41763299198
41763299227
41763299088
41763299367
41763299051
41763299156
41763299330
41763299115
41763299179
41763299253
41763299470
41763299138
41763299321
41763299223
41763299385
41763299101
41763299183
41763299087
41763299121
41763299485
41763299281
41763299095
41763299045
41763299097
41763299689
41763299496
41763299204
41763299239
41763299197
41763299651
41763299248
41763299412
41763299089
41763299298
41763299228
41763299310
41763299282
41763299554
41763299039
41763299219
41763299303
41763299375
41763299320
41763299246
41763299173
41763299639
41763299132
41763299205
41763299184
41763299439
41763299193
41763299488
41763299103
41763299072
41763299191
41763299158
41763299294
41763299247
41763299315
41763299142
41763299450
41763299164
41763299251
41763299908
41763299569
41763299047
41763299275
41763299196
41763299433
41763299185
41763299824
41763299592
41763299480
41763299390
41763299157
41763299328
41763299287
41763299259
41763299524
41763299445
41763299691
41763299491
41763299188
41763299638
41763299609
41763299557
41763299182
41763299429
41763299703
41763299692
41763299108
41763299419
41763299214
41763299268
41763299665
41763299572
41763299510
41763299730
41763299307
41763299431
41763299200
41763299100
41763299291
41763299464
41763299372
41763299455
41763299371
41763299573
41763299483
41763299384
41763299735
41763299894
41763299558
41763299280
41763299322
41763299377
41763299265
41763299261
41763299177
41763299258
41763299785
41763299104
41763299539
41763299270
41763299237
41763299646
41763299224
41763299264
41763299564
41763299324
41763299493
41763299181
41763299965
41763299495
41763299696
41763299233
41763299712
41763299436
41763299611
41763299504
41763299295
41763299398
41763299339
41763299358
41763299257
41763299061
41763299499
41763299141
41763299479
41763299080
41763299323
41763299352
41763299782
41763299443
41763299474
41763299654
41763299293
41763299718
41763299955
41763299669
41763299529
41763299435
41763299619
41763299391
41763299534
41763299889
41763299636
41763299446
41763299319
41763299989
41763299469
41763299195
41763299641
41763299924
41763299658
41763299932
41763299856
41763299699
41763299623
41763299606
41763299850
41763299389
41763299533
41763299305
41763299566
41763299770
41763299876
41763299422
41763299199
41763299380
41763299511
41763299829
41763299971
41763299337
41763299306
41763299487
41763299234
41763299563
41763299571
41763299316
41763299704
41763299349
41763299671
41763299577
41763299877
41763299366
41763299818
41763299655
41763299221
41763299978
41763299590
41763299634
41763299434
41763299820
41763299688
41763299593
41763299285
41763299457
41763299441
41763299958
41763299490
41763299763
41763299988
41763299615
41763299835
41763299595
41763299628
41763299792
41763299779
41763299941
41763299440
41763299911
41763299432
41763299844
41763299633
41763299697
41763299653
41763299899
41763299288
41763299336
41763299663
41763299804
41763299726
41763299555
41763299379
41763299701
41763299740
41763299927
41763299698
41763299767
41763299608
41763299920
41763299519
41763299852
41763299585
41763299813
41763299796
41763299755
41763299542
41763299720
41763299848
41763299155
41763299553
41763299972
41763299753
41763299803
41763299388
41763299662
41763299891
41763299966
41763299926
41763299812
41763299944
41763299781
41763299596
41763299588
41763299632
41763299949
41763299722
41763299900
41763299843
41763299396
41763299548
41763299690
41763299531
41763299912
41763299613
41763299521
41763299666
41763299161
41763299580
41763299787
41763299892
41763299798
41763299862
41763299538
41763299942
41763299859
41763299556
41763299605
41763299885
41763299693
41763299550
41763299940
41763299492
41763299597
41763299977
41763299946
41763299814
41763299913
41763299884
41763299768
41763299881
41763299866
41763299171
41763299983
41763299931
41763299930
41763299791
41763299921
41763299910
41763299915
41763299727
41763299873
41763299494
41763299505
41763299683
41763299729
41763299975
41763299887
41763299750
41763299777
41763299551
41763299790
41763299982
41763299969
41763299987
41763299878
41763299430
41763299960
41763299948
41763299668
41763299231
41763299951
41763299810
41763299537
41763299945
41763299962
41763299438
41763299939
41763299984
41763299888
41763299826
41763299996
41763299808
41763299943
41763299974
41763299599
41763299973
41763299094
41763299979
41763299334
41763299823
41763299594
41763299970
41763299503
41763299985
41763299925
41763299858
41763299342
41763299981
41763299950
41763299936
41763299890
41763299583
41763299909
41763299506
41763299799
41763299667
41763299954
41763299935
41763299851
41763299713
41763299967
41763293025
41763293002
41763293010
41763293001
41763293011
41763293031
41763293022
41763293007
41763293005
41763293017
41763293004
41763293019
41763293012
41763293003
41763293021
41763293014
41763293030
41763293024
41763293015
41763293032
41763293023
41763293020
41763293009
41763293028
41763293006
41763293008
41763293018
41763293029
41763293052
41763293095
41763293091
41763293185
41763293048
41763293074
41763293040
41763293047
41763293068
41763293087
41763293122
41763293033
41763293086
41763293166
41763293057
41763293257
41763293054
41763293131
41763293113
41763293138
41763293085
41763293247
41763293309
41763293241
41763293278
41763293108
41763293037
41763293234
41763293315
41763293082
41763293213
41763293145
41763293034
41763293292
41763293046
41763293075
41763293232
41763293107
41763293124
41763293128
41763293076
41763293329
41763293060
41763293230
41763293102
41763293141
41763293084
41763293229
41763293135
41763293169
41763293197
41763293306
41763293092
41763293055
41763293173
41763293121
41763293103
41763293245
41763293303
41763293110
41763293340
41763293293
41763293313
41763293038
41763293327
41763293317
41763293116
41763293061
41763293193
41763293165
41763293223
41763293143
41763293305
41763293308
41763293314
41763293080
41763293098
41763293049
41763293133
41763293336
41763293349
41763293177
41763293132
41763293186
41763293253
41763293238
41763293248
41763293215
41763293153
41763293090
41763293088
41763293139
41763293142
41763293275
41763293231
41763293218
41763293148
41763293151
41763293272
41763293344
41763293072
41763293198
41763293175
41763293297
41763293199
41763293179
41763293161
41763293203
41763293282
41763293332
41763293321
41763293290
41763293207
41763293233
41763293348
41763293206
41763293289
41763293195
41763293301
41763293225
41763293270
41763293210
41763293155
41763293311
41763293343
41763293333
41763293266
41763293209
41763293335
41763293237
41763293201
41763293269
41763293216
41763293283
41763293280
41763293300
41763293274
41763293307
41763293214
41763293240
41763293298
41763293277
41763293339
41763293331
41763293382
41763293360
41763293377
41763293375
41763293366
41763293351
41763293381
41763293355
41763293369
41763293380
41763293353
41763293372
41763293371
41763293361
41763293424
41763293446
41763293554
41763293385
41763293402
41763293393
41763293455
41763293386
41763293542
41763293443
41763293434
41763293460
41763293406
41763293579
41763293388
41763293503
41763293560
41763293528
41763293519
41763293496
41763293606
41763293517
41763293409
41763293646
41763293660
41763293404
41763293689
41763293666
41763293518
41763293653
41763293513
41763293588
41763293556
41763293570
41763293435
41763293525
41763293438
41763293429
41763293477
41763293677
41763293416
41763293400
41763293510
41763293449
41763293500
41763293611
41763293533
41763293541
41763293432
41763293600
41763293536
41763293456
41763293419
41763293469
41763293395
41763293450
41763293470
41763293412
41763293667
41763293392
41763293411
41763293562
41763293617
41763293454
41763293557
41763293444
41763293568
41763293693
41763293436
41763293691
41763293652
41763293636
41763293692
41763293426
41763293506
41763293635
41763293508
41763293511
41763293461
41763293621
41763293405
41763293445
41763293418
41763293616
41763293499
41763293537
41763293679
41763293634
41763293440
41763293613
41763293586
41763293590
41763293417
41763293671
41763293629
41763293540
41763293534
41763293524
41763293530
41763293466
41763293644
41763293680
41763293683
41763293657
41763293482
41763293676
41763293670
41763293595
41763293642
41763293664
41763293675
41763293599
41763293627
41763293685
41763293686
41763293484
41763293638
41763293601
41763293565
41763293650
41763293640
41763293633
41763293674
41763293658
41763293712
41763293701
41763293714
41763293707
41763293700
41763293729
41763293717
41763293721
41763293726
41763293704
41763293709
41763293702
41763293716
41763293727
41763293710
41763293725
41763293740
41763293747
41763293772
41763293770
41763293744
41763293766
41763293792
41763293750
41763293733
41763293767
41763293737
41763293769
41763293738
41763293775
41763293773
41763293739
41763293771
41763293759
41763293778
41763293789
41763293761
41763293787
41763293777
41763293762
41763293800
41763293806
41763293837
41763293799
41763293793
41763293798
41763293828
41763293852
41763293842
41763293810
41763293812
41763293831
41763293840
41763293820
41763293860
41763293870
41763293846
41763293850
41763293833
41763293808
41763293816
41763293868
41763293843
41763293838
41763293861
41763293804
41763293885
41763293895
41763293902
41763293924
41763293926
41763293958
41763293886
41763293920
41763293887
41763293879
41763293923
41763293952
41763293910
41763293931
41763293901
41763293904
41763293896
41763293881
41763293944
41763293883
41763293961
41763293938
41763293929
41763293947
41763293888
41763293903
41763293908
41763293917
41763293905
41763293955
41763293960
41763293956
41763293937
41763293962
41763293977
41763293988
41763293970
41763293966
41763293987
41763293989
41763293972
41763293993
41763293979
41763293996
41763293999
41763293994
41763293995
41763293968
41763293978
41763293980
41763293982
41763293991
41763293985
41763291003
41763291010
41763291005
41763291002
41763291017
41763291027
41763291001
41763291029
41763291013
41763291025
41763291004
41763291024
41763291031
41763291007
41763291020
41763291018
41763291015
41763291008
41763291009
41763291037
41763291036
41763291066
41763291069
41763291085
41763291082
41763291148
41763291155
41763291170
41763291207
41763291022
41763291060
41763291075
41763291115
41763291127
41763291091
41763291112
41763291104
41763291035
41763291121
41763291042
41763291032
41763291016
41763291283
41763291143
41763291080
41763291062
41763291065
41763291134
41763291201
41763291141
41763291103
41763291111
41763291218
41763291074
41763291240
41763291087
41763291064
41763291110
41763291246
41763291180
41763291245
41763291291
41763291197
41763291186
41763291050
41763291322
41763291176
41763291100
41763291138
41763291090
41763291109
41763291320
41763291058
41763291330
41763291053
41763291213
41763291295
41763291095
41763291311
41763291364
41763291345
41763291161
41763291051
41763291071
41763291162
41763291133
41763291107
41763291172
41763291413
41763291126
41763291200
41763291293
41763291366
41763291242
41763291088
41763291070
41763291132
41763291076
41763291194
41763291400
41763291106
41763291073
41763291122
41763291270
41763291292
41763291187
41763291211
41763291208
41763291079
41763291124
41763291105
41763291077
41763291377
41763291157
41763291199
41763291158
41763291581
41763291156
41763291261
41763291684
41763291673
41763291296
41763291129
41763291234
41763291334
41763291189
41763291250
41763291173
41763291307
41763291229
41763291517
41763291333
41763291401
41763291056
41763291228
41763291360
41763291182
41763291643
41763291417
41763291098
41763291478
41763291253
41763291222
41763291421
41763291185
41763291383
41763291297
41763291585
41763291655
41763291610
41763291149
41763291254
41763291530
41763291284
41763291375
41763291262
41763291168
41763291285
41763291150
41763291546
41763291277
41763291061
41763291286
41763291337
41763291387
41763291225
41763291301
41763291711
41763291215
41763291406
41763291179
41763291312
41763291340
41763291171
41763291336
41763291290
41763291927
41763291260
41763291272
41763291475
41763291661
41763291501
41763291513
41763291348
41763291166
41763291448
41763291531
41763291418
41763291230
41763291188
41763291177
41763291302
41763291096
41763291415
41763291057
41763291416
41763291309
41763291388
41763291461
41763291667
41763291411
41763291981
41763291508
41763291232
41763291582
41763291294
41763291316
41763291305
41763291558
41763291565
41763291368
41763291264
41763291256
41763291310
41763291471
41763291089
41763291479
41763291405
41763291447
41763291363
41763291303
41763291181
41763291410
41763291214
41763291690
41763291154
41763291227
41763291086
41763291381
41763291995
41763291357
41763291195
41763291300
41763291116
41763291896
41763291306
41763291257
41763291175
41763291402
41763291304
41763291390
41763291456
41763291588
41763291463
41763291430
41763291252
41763291317
41763291945
41763291329
41763291503
41763291636
41763291505
41763291706
41763291273
41763291700
41763291321
41763291409
41763291241
41763291754
41763291174
41763291518
41763291515
41763291315
41763291265
41763291358
41763291449
41763291454
41763291680
41763291281
41763291378
41763291771
41763291275
41763291198
41763291101
41763291861
41763291553
41763291611
41763291510
41763291626
41763291499
41763291511
41763291773
41763291875
41763291660
41763291404
41763291224
41763291528
41763291373
41763291859
41763291549
41763291323
41763291600
41763291935
41763291120
41763291808
41763291392
41763291669
41763291819
41763291347
41763291687
41763291644
41763291431
41763291446
41763291516
41763291702
41763291233
41763291477
41763291212
41763291547
41763291991
41763291685
41763291519
41763291591
41763291507
41763291604
41763291608
41763291145
41763291820
41763291712
41763291335
41763291204
41763291899
41763291231
41763291568
41763291744
41763291703
41763291795
41763291654
41763291996
41763291190
41763291809
41763291797
41763291209
41763291787
41763291975
41763291890
41763291960
41763291220
41763291563
41763291704
41763291888
41763291520
41763291635
41763291559
41763291571
41763291356
41763291514
41763291506
41763291741
41763291408
41763291681
41763291794
41763291556
41763291694
41763291251
41763291443
41763291840
41763291818
41763291802
41763291384
41763291733
41763291775
41763291497
41763291743
41763291470
41763291898
41763291435
41763291750
41763291243
41763291605
41763291491
41763291893
41763291983
41763291710
41763291777
41763291370
41763291889
41763291599
41763291464
41763291850
41763291441
41763291609
41763291841
41763291817
41763291709
41763291596
41763291593
41763291753
41763291772
41763291718
41763291811
41763291705
41763291346
41763291668
41763291757
41763291500
41763291554
41763291719
41763291920
41763291598
41763291883
41763291349
41763291525
41763291701
41763291640
41763291613
41763291676
41763291692
41763291816
41763291526
41763291924
41763291770
41763291724
41763291354
41763291614
41763291907
41763291940
41763291917
41763291973
41763291666
41763291313
41763291728
41763291601
41763291379
41763291828
41763291780
41763291799
41763291509
41763291729
41763291849
41763291774
41763291419
41763291716
41763291815
41763291835
41763291422
41763291963
41763291714
41763291922
41763291658
41763291552
41763291844
41763291848
41763291767
41763291956
41763291949
41763291908
41763291839
41763291852
41763291827
41763291579
41763291885
41763291603
41763291909
41763291862
41763291913
41763291825
41763291986
41763291946
41763291807
41763291952
41763291969
41763291965
41763291790
41763291632
41763291867
41763291911
41763291617
41763291929
41763291782
41763291931
41763291814
41763291953
41763291918
41763291826
41763291964
41763291933
41763291919
41763291923
41763291722
41763291891
41763291992
41763291550
41763291967
41763291962
41763291677
41763291803
41763291838
41763291427
41763291914
41763291831
41763291892
41763291664
41763291619
41763291950
41763291916
41763291732
41763291725
41763291997
41763291982
41763291592
41763291978
41763291958
41763291937
41763291597
41763291650
41763291801
41763291955
41763291912
41763291906
41763291970
41763291860
41763291921
41763291665
41763291994
41763291966
41763291954
41763291707
41763291821
41763291901
41763291979
41763291615
41763291915
41763291971
41763291779
41763291968
41763291810
41763291977
41763291985
41763291822
41763291623
41763291989
41763291984
41763291948
41763291993
41763291544
41763291910
41763291879
41763291708
41763291951
41763291974
41763291905
41763291792
41763291972
41763291957
41763292007
41763292028
41763292004
41763292010
41763292003
41763292009
41763292001
41763292022
41763292021
41763292032
41763292024
41763292029
41763292014
41763292006
41763292008
41763292030
41763292023
41763292012
41763292011
41763292015
41763292016
41763292026
41763292018
41763292116
41763292033
41763292257
41763292103
41763292118
41763292096
41763292101
41763292129
41763292128
41763292049
41763292208
41763292097
41763292117
41763292113
41763292228
41763292141
41763292154
41763292120
41763292058
41763292048
41763292104
41763292059
41763292322
41763292125
41763292111
41763292311
41763292046
41763292088
41763292167
41763292131
41763292035
41763292179
41763292043
41763292219
41763292086
41763292085
41763292075
41763292034
41763292347
41763292077
41763292295
41763292127
41763292066
41763292149
41763292224
41763292299
41763292279
41763292211
41763292084
41763292273
41763292060
41763292303
41763292071
41763292132
41763292050
41763292202
41763292080
41763292174
41763292087
41763292270
41763292263
41763292330
41763292260
41763292040
41763292044
41763292055
41763292272
41763292275
41763292068
41763292106
41763292045
41763292082
41763292110
41763292297
41763292190
41763292095
41763292282
41763292203
41763292112
41763292063
41763292142
41763292250
41763292098
41763292204
41763292226
41763292309
41763292249
41763292227
41763292346
41763292238
41763292232
41763292223
41763292123
41763292281
41763292191
41763292274
41763292108
41763292192
41763292305
41763292348
41763292160
41763292100
41763292248
41763292328
41763292212
41763292315
41763292156
41763292153
41763292214
41763292230
41763292181
41763292091
41763292135
41763292306
41763292105
41763292285
41763292251
41763292261
41763292130
41763292070
41763292245
41763292265
41763292287
41763292220
41763292286
41763292188
41763292242
41763292173
41763292310
41763292182
41763292199
41763292234
41763292200
41763292195
41763292102
41763292189
41763292302
41763292316
41763292307
41763292283
41763292255
41763292206
41763292187
41763292334
41763292277
41763292205
41763292337
41763292304
41763292300
41763292280
41763292243
41763292276
41763292278
41763292246
41763292319
41763292326
41763292218
41763292329
41763292332
41763292240
41763292201
41763292213
41763292288
41763292290
41763292301
41763292259
41763292229
41763292320
41763292289
41763292314
41763292340
41763292363
41763292378
41763292380
41763292379
41763292355
41763292382
41763292364
41763292351
41763292373
41763292368
41763292352
41763292366
41763292356
41763292370
41763292405
41763292409
41763292406
41763292452
41763292385
41763292383
41763292401
41763292404
41763292425
41763292429
41763292391
41763292505
41763292468
41763292403
41763292461
41763292453
41763292528
41763292560
41763292499
41763292398
41763292443
41763292503
41763292509
41763292474
41763292501
41763292531
41763292479
41763292502
41763292514
41763292434
41763292548
41763292570
41763292459
41763292422
41763292521
41763292640
41763292571
41763292393
41763292438
41763292555
41763292433
41763292390
41763292389
41763292396
41763292465
41763292446
41763292579
41763292525
41763292496
41763292574
41763292407
41763292484
41763292583
41763292584
41763292585
41763292512
41763292538
41763292539
41763292490
41763292511
41763292550
41763292420
41763292464
41763292536
41763292558
41763292557
41763292412
41763292544
41763292541
41763292563
41763292580
41763292524
41763292451
41763292565
41763292688
41763292620
41763292535
41763292492
41763292553
41763292463
41763292402
41763292647
41763292656
41763292658
41763292619
41763292526
41763292523
41763292504
41763292421
41763292581
41763292627
41763292644
41763292507
41763292458
41763292513
41763292609
41763292690
41763292481
41763292480
41763292547
41763292440
41763292671
41763292462
41763292605
41763292697
41763292586
41763292564
41763292603
41763292650
41763292410
41763292488
41763292663
41763292635
41763292626
41763292602
41763292500
41763292693
41763292551
41763292624
41763292621
41763292552
41763292651
41763292691
41763292669
41763292489
41763292639
41763292515
41763292522
41763292698
41763292399
41763292607
41763292699
41763292680
41763292448
41763292618
41763292559
41763292666
41763292577
41763292611
41763292569
41763292684
41763292675
41763292628
41763292692
41763292667
41763292455
41763292608
41763292612
41763292645
41763292623
41763292662
41763292486
41763292689
41763292668
41763292530
41763292610
41763292705
41763292728
41763292709
41763292717
41763292700
41763292715
41763292725
41763292718
41763292729
41763292702
41763292723
41763292722
41763292724
41763292707
41763292704
41763292714
41763292703
41763292711
41763292727
41763292746
41763292760
41763292741
41763292740
41763292761
41763292763
41763292744
41763292752
41763292748
41763292754
41763292734
41763292737
41763292759
41763292778
41763292779
41763292808
41763292769
41763292786
41763292803
41763292775
41763292797
41763292823
41763292772
41763292792
41763292798
41763292818
41763292777
41763292810
41763292780
41763292774
41763292809
41763292776
41763292785
41763292817
41763292766
41763292819
41763292788
41763292796
41763292800
41763292804
41763292805
41763292771
41763292820
41763292801
41763292768
41763292812
41763292813
41763292861
41763292869
41763292835
41763292870
41763292866
41763292830
41763292843
41763292827
41763292855
41763292863
41763292829
41763292824
41763292839
41763292844
41763292879
41763292848
41763292871
41763292878
41763292857
41763292837
41763292831
41763292833
41763292881
41763292825
41763292888
41763292908
41763292901
41763292882
41763292927
41763292892
41763292911
41763292923
41763292931
41763292916
41763292924
41763292917
41763292905
41763292900
41763292932
41763292935
41763292889
41763292912
41763292902
41763292909
41763292903
41763292910
41763292940
41763292913
41763292928
41763292906
41763292919
41763292933
41763292898
41763292929
41763292937
41763292939
41763292904
41763292963
41763292942
41763292958
41763292954
41763292951
41763292941
41763292953
41763292968
41763292971
41763292970
41763292955
41763292965
41763292949
41763292956
41763292950
41763292966
41763292961
41763292960
41763292967
41763292969
41763292982
41763292976
41763292973
41763292978
41763292985
41763292989
41763292988
41763292997
41763292980
41763292991
41763292975
41763292974
41763292994
41763292996
41763292983
41763292999
41763292986
41763292992
41763292998
41763298020
41763298026
41763298008
41763298001
41763298004
41763298030
41763298019
41763298024
41763298007
41763298014
41763298017
41763298010
41763298011
41763298021
41763298013
41763298039
41763298037
41763298058
41763298083
41763298112
41763298232
41763298033
41763298064
41763298292
41763298093
41763298151
41763298036
41763298060
41763298109
41763298136
41763298113
41763298050
41763298069
41763298084
41763298057
41763298123
41763298210
41763298142
41763298202
41763298130
41763298100
41763298089
41763298344
41763298086
41763298299
41763298041
41763298338
41763298111
41763298051
41763298117
41763298164
41763298105
41763298099
41763298280
41763298148
41763298330
41763298040
41763298689
41763298312
41763298046
41763298234
41763298090
41763298172
41763298126
41763298062
41763298326
41763298059
41763298139
41763298104
41763298765
41763298400
41763298096
41763298217
41763298813
41763298379
41763298091
41763298045
41763298075
41763298263
41763298170
41763298168
41763298087
41763298367
41763298200
41763298327
41763298517
41763298325
41763298209
41763298193
41763298246
41763298310
41763298220
41763298226
41763298408
41763298277
41763298396
41763298158
41763298063
41763298586
41763298384
41763298189
41763298223
41763298514
41763298426
41763298281
41763298848
41763298470
41763298575
41763298345
41763298225
41763298282
41763298308
41763298381
41763298821
41763298118
41763298530
41763298194
41763298337
41763298216
41763298316
41763298261
41763298047
41763298098
41763298181
41763298406
41763298377
41763298154
41763298174
41763298266
41763298788
41763298576
41763298238
41763298604
41763298201
41763298229
41763298510
41763298228
41763298402
41763298137
41763298471
41763298362
41763298443
41763298134
41763298434
41763298300
41763298303
41763298247
41763298145
41763298550
41763298866
41763298253
41763298437
41763298359
41763298183
41763298878
41763298370
41763298616
41763298329
41763298425
41763298753
41763298383
41763298480
41763298814
41763298702
41763298135
41763298525
41763298583
41763298841
41763298455
41763298652
41763298857
41763298212
41763298412
41763298409
41763298371
41763298642
41763298876
41763298444
41763298573
41763298484
41763298627
41763298630
41763298334
41763298250
41763298477
41763298706
41763298464
41763298286
41763298633
41763298454
41763298851
41763298391
41763298418
41763298907
41763298276
41763298830
41763298331
41763298560
41763298203
41763298447
41763298917
41763298795
41763298987
41763298620
41763298820
41763298619
41763298761
41763298714
41763298487
41763298891
41763298732
41763298725
41763298556
41763298969
41763298855
41763298605
41763298833
41763298196
41763298801
41763298871
41763298304
41763298711
41763298684
41763298899
41763298449
41763298333
41763298828
41763298867
41763298687
41763298925
41763298336
41763298522
41763298979
41763298809
41763298886
41763298750
41763298322
41763298803
41763298580
41763298896
41763298478
41763298686
41763298728
41763298420
41763298599
41763298739
41763298707
41763298812
41763298825
41763298499
41763298852
41763298664
41763298332
41763298981
41763298889
41763298307
41763298606
41763298544
41763298668
41763298769
41763298777
41763298721
41763298774
41763298666
41763298590
41763298373
41763298811
41763298874
41763298585
41763298858
41763298584
41763298888
41763298723
41763298595
41763298853
41763298445
41763298823
41763298407
41763298646
41763298900
41763298737
41763298504
41763298902
41763298435
41763298829
41763298705
41763298815
41763298946
41763298931
41763298709
41763298816
41763298992
41763298800
41763298819
41763298975
41763298734
41763298905
41763298822
41763298485
41763298933
41763298909
41763298502
41763298808
41763298772
41763298441
41763298861
41763298919
41763298681
41763298864
41763298844
41763298785
41763298610
41763298850
41763298716
41763298881
41763298450
41763298996
41763298699
41763298656
41763298887
41763298805
41763298863
41763298806
41763298923
41763298600
41763298985
41763298735
41763298949
41763298885
41763298767
41763298698
41763298660
41763298636
41763298810
41763298904
41763298939
41763298897
41763298953
41763298543
41763298527
41763298859
41763298818
41763298892
41763298837
41763298964
41763298757
41763298592
41763298862
41763298883
41763298875
41763298762
41763298611
41763298990
41763298989
41763298667
41763298880
41763298966
41763298995
41763298893
41763298957
41763298960
41763298982
41763298980
41763298988
41763297013
41763297008
41763297019
41763297009
41763297004
41763297012
41763297005
41763297021
41763297007
41763297017
41763297031
41763297018
41763297020
41763297030
41763297122
41763297049
41763297104
41763297112
41763297109
41763297041
41763297299
41763297114
41763297188
41763297116
41763297098
41763297093
41763297077
41763297076
41763297170
41763297050
41763297045
41763297121
41763297054
41763297095
41763297055
41763297100
41763297070
41763297066
41763297241
41763297177
41763297161
41763297065
41763297148
41763297048
41763297222
41763297075
41763297036
41763297212
41763297288
41763297231
41763297079
41763297090
41763297092
41763297180
41763297074
41763297073
41763297080
41763297264
41763297059
41763297129
41763297242
41763297252
41763297040
41763297150
41763297061
41763297200
41763297130
41763297057
41763297174
41763297052
41763297207
41763297245
41763297149
41763297219
41763297221
41763297216
41763297139
41763297297
41763297228
41763297254
41763297211
41763297329
41763297310
41763297201
41763297311
41763297189
41763297183
41763297218
41763297123
41763297309
41763297060
41763297155
41763297277
41763297275
41763297058
41763297171
41763297234
41763297256
41763297258
41763297294
41763297133
41763297220
41763297303
41763297289
41763297226
41763297101
41763297119
41763297274
41763297270
41763297191
41763297296
41763297276
41763297110
41763297225
41763297280
41763297227
41763297165
41763297331
41763297156
41763297323
41763297342
41763297285
41763297217
41763297203
41763297229
41763297266
41763297287
41763297271
41763297172
41763297290
41763297272
41763297343
41763297307
41763297316
41763297313
41763297364
41763297369
41763297371
41763297353
41763297376
41763297355
41763297366
41763297359
41763297373
41763297374
41763297379
41763297377
41763297443
41763297535
41763297417
41763297474
41763297391
41763297399
41763297424
41763297388
41763297464
41763297519
41763297448
41763297485
41763297550
41763297473
41763297595
41763297517
41763297632
41763297662
41763297488
41763297514
41763297475
41763297440
41763297472
41763297672
41763297625
41763297407
41763297419
41763297666
41763297446
41763297508
41763297643
41763297499
41763297575
41763297565
41763297646
41763297478
41763297654
41763297590
41763297530
41763297427
41763297585
41763297527
41763297671
41763297409
41763297673
41763297613
41763297412
41763297500
41763297533
41763297422
41763297560
41763297644
41763297562
41763297633
41763297614
41763297493
41763297431
41763297570
41763297544
41763297661
41763297576
41763297687
41763297549
41763297586
41763297421
41763297450
41763297652
41763297404
41763297447
41763297664
41763297695
41763297676
41763297444
41763297599
41763297678
41763297566
41763297670
41763297598
41763297624
41763297667
41763297628
41763297686
41763297563
41763297458
41763297512
41763297655
41763297578
41763297484
41763297606
41763297532
41763297408
41763297520
41763297522
41763297601
41763297638
41763297582
41763297657
41763297680
41763297623
41763297649
41763297540
41763297555
41763297594
41763297556
41763297660
41763297619
41763297698
41763297564
41763297647
41763297487
41763297710
41763297714
41763297711
41763297719
41763297709
41763297720
41763297706
41763297708
41763297704
41763297702
41763297718
41763297707
41763297701
41763297717
41763297703
41763297722
41763297727
41763297735
41763297750
41763297738
41763297760
41763297773
41763297752
41763297778
41763297740
41763297737
41763297766
41763297748
41763297791
41763297780
41763297742
41763297749
41763297736
41763297788
41763297767
41763297762
41763297733
41763297777
41763297776
41763297753
41763297755
41763297744
41763297775
41763297772
41763297754
41763297769
41763297770
41763297774
41763297771
41763297798
41763297809
41763297830
41763297828
41763297833
41763297845
41763297840
41763297800
41763297793
41763297795
41763297794
41763297839
41763297799
41763297804
41763297801
41763297826
41763297817
41763297815
41763297823
41763297821
41763297818
41763297880
41763297888
41763297907
41763297862
41763297855
41763297891
41763297890
41763297885
41763297896
41763297894
41763297909
41763297869
41763297865
41763297870
41763297903
41763297879
41763297881
41763297876
41763297899
41763297898
41763297878
41763297877
41763297867
41763297887
41763297910
41763297871
41763297918
41763297949
41763297985
41763297920
41763297990
41763297950
41763297989
41763297980
41763297937
41763297917
41763297988
41763297977
41763297914
41763297992
41763297994
41763297922
41763297929
41763297973
41763297955
41763297971
41763297935
41763297984
41763297944
41763297925
41763297979
41763297916
41763297983
41763297963
41763297978
41763297982
41763297960
41763297987
