41762315008
41762315021
41762315013
41762315032
41762315023
41762315028
41762315019
41762315003
41762315007
41762315071
41762315037
41762315053
41762315089
41762315111
41762315081
41762315140
41762315191
41762315155
41762315177
41762315056
41762315117
41762315105
41762315280
41762315100
41762315186
41762315079
41762315059
41762315230
41762315152
41762315063
41762315121
41762315055
41762315343
41762315034
41762315072
41762315116
41762315106
41762315181
41762315092
41762315085
41762315290
41762315332
41762315232
41762315157
41762315317
41762315320
41762315357
41762315486
41762315183
41762315352
41762315213
41762315051
41762315097
41762315255
41762315353
41762315062
41762315215
41762315224
41762315541
41762315418
41762315135
41762315400
41762315172
41762315344
41762315247
41762315052
41762315279
41762315355
41762315229
41762315200
41762315212
41762315159
41762315364
41762315128
41762315151
41762315108
41762315227
41762315185
41762315248
41762315664
41762315339
41762315513
41762315190
41762315336
41762315292
41762315133
41762315677
41762315345
41762315463
41762315115
41762315205
41762315321
41762315296
41762315306
41762315688
41762315256
41762315438
41762315300
41762315254
41762315393
41762315428
41762315395
41762315310
41762315285
41762315271
41762315325
41762315650
41762315578
41762315455
41762315242
41762315756
41762315747
41762315849
41762315408
41762315525
41762315354
41762315150
41762315228
41762315656
41762315404
41762315766
41762315458
41762315269
41762315501
41762315894
41762315493
41762315869
41762315556
41762315872
41762315445
41762315482
41762315628
41762315421
41762315886
41762315637
41762315581
41762315504
41762315399
41762315594
41762315598
41762315450
41762315881
41762315720
41762315474
41762315903
41762315911
41762315699
41762315659
41762315441
41762315571
41762315388
41762315597
41762315885
41762315515
41762315315
41762315666
41762315113
41762315410
41762315790
41762315545
41762315588
41762315484
41762315592
41762315668
41762315582
41762315567
41762315922
41762315793
41762315785
41762315350
41762315787
41762315523
41762315467
41762315326
41762315989
41762315813
41762315731
41762315926
41762315129
41762315772
41762315440
41762315816
41762315618
41762315442
41762315874
41762315543
41762315746
41762315723
41762315727
41762315679
41762315995
41762315633
41762315937
41762315914
41762315750
41762315963
41762315564
41762315919
41762315840
41762315715
41762315980
41762315491
41762315550
41762315610
41762315826
41762315771
41762315640
41762315930
41762315765
41762315892
41762315646
41762315729
41762315798
41762315992
41762315944
41762315804
41762315532
41762315678
41762315660
41762315928
41762315938
41762315900
41762315708
41762315923
41762315760
41762315522
41762315824
41762315844
41762315838
41762315949
41762315755
41762315950
41762315539
41762315993
41762315929
41762315831
41762315759
41762315933
41762315607
41762315797
41762315551
41762315898
41762315935
41762315974
41762315857
41762315967
41762315906
41762315991
41762315799
41762315800
41762315815
41762315909
41762314027
41762314013
41762314007
41762314001
41762314021
41762314020
41762314008
41762314028
41762314095
41762314088
41762314236
41762314104
41762314054
41762314092
41762314042
41762314046
41762314262
41762314142
41762314159
41762314103
41762314136
41762314246
41762314173
41762314225
41762314192
41762314501
41762314137
41762314068
41762314041
41762314179
41762314155
41762314141
41762314101
41762314038
41762314081
41762314443
41762314069
41762314211
41762314074
41762314131
41762314182
41762314187
41762314114
41762314186
41762314411
41762314070
41762314049
41762314257
41762314455
41762314121
41762314259
41762314312
41762314193
41762314190
41762314200
41762314405
41762314202
41762314354
41762314256
41762314820
41762314201
41762314050
41762314429
41762314360
41762314076
41762314110
41762314133
41762314235
41762314237
41762314263
41762314484
41762314255
41762314556
41762314138
41762314099
41762314579
41762314369
41762314654
41762314355
41762314098
41762314610
41762314191
41762314270
41762314473
41762314493
41762314629
41762314454
41762314348
41762314215
41762314224
41762314522
41762314326
41762314277
41762314688
41762314300
41762314540
41762314392
41762314707
41762314728
41762314204
41762314112
41762314808
41762314288
41762314546
41762314490
41762314803
41762314601
41762314655
41762314379
41762314431
41762314238
41762314508
41762314571
41762314848
41762314362
41762314717
41762314911
41762314413
41762314638
41762314147
41762314548
41762314849
41762314247
41762314325
41762314913
41762314700
41762314406
41762314659
41762314941
41762314499
41762314731
41762314528
41762314220
41762314715
41762314304
41762314126
41762314389
41762314463
41762314435
41762314599
41762314404
41762314684
41762314416
41762314617
41762314472
41762314570
41762314395
41762314744
41762314301
41762314448
41762314923
41762314321
41762314788
41762314789
41762314524
41762314469
41762314594
41762314317
41762314407
41762314798
41762314834
41762314328
41762314611
41762314967
41762314738
41762314708
41762314783
41762314592
41762314876
41762314628
41762314303
41762314450
41762314685
41762314836
41762314371
41762314466
41762314673
41762314471
41762314307
41762314667
41762314462
41762314897
41762314763
41762314856
41762314826
41762314358
41762314693
41762314615
41762314887
41762314690
41762314761
41762314600
41762314985
41762314844
41762314972
41762314453
41762314914
41762314977
41762314974
41762314746
41762314723
41762314535
41762314639
41762314872
41762314933
41762314656
41762314725
41762314984
41762314554
41762314777
41762314614
41762314860
41762314869
41762314644
41762314705
41762314907
41762314892
41762314822
41762314994
41762314805
41762314888
41762314645
41762314963
41762314778
41762314883
41762314682
41762314935
41762314893
41762314829
41762314792
41762314880
41762314990
41762314931
41762316030
41762316009
41762316016
41762316019
41762316023
41762316021
41762316022
41762316005
41762316026
41762316013
41762316031
41762316008
41762316002
41762316076
41762316111
41762316116
41762316127
41762316037
41762316056
41762316101
41762316090
41762316270
41762316126
41762316040
41762316058
41762316062
41762316086
41762316033
41762316134
41762316091
41762316074
41762316213
41762316154
41762316151
41762316288
41762316113
41762316129
41762316081
41762316266
41762316077
41762316199
41762316085
41762316054
41762316079
41762316198
41762316103
41762316117
41762316294
41762316166
41762316141
41762316068
41762316350
41762316191
41762316192
41762316055
41762316140
41762316142
41762316162
41762316242
41762316285
41762316143
41762316211
41762316260
41762316163
41762316189
41762316254
41762316292
41762316135
41762316252
41762316286
41762316120
41762316248
41762316320
41762316146
41762316231
41762316123
41762316273
41762316193
41762316303
41762316342
41762316311
41762316226
41762316169
41762316263
41762316319
41762316200
41762316238
41762316372
41762316366
41762316351
41762316367
41762316373
41762316363
41762316368
41762316375
41762316354
41762316356
41762316352
41762316360
41762316379
41762316357
41762316432
41762316391
41762316523
41762316536
41762316449
41762316438
41762316401
41762316383
41762316474
41762316411
41762316466
41762316506
41762316600
41762316415
41762316542
41762316516
41762316463
41762316500
41762316443
41762316485
41762316464
41762316661
41762316441
41762316460
41762316636
41762316558
41762316626
41762316417
41762316611
41762316672
41762316697
41762316556
41762316551
41762316507
41762316575
41762316397
41762316404
41762316498
41762316634
41762316688
41762316527
41762316504
41762316633
41762316567
41762316423
41762316553
41762316614
41762316446
41762316547
41762316644
41762316565
41762316520
41762316564
41762316667
41762316569
41762316690
41762316528
41762316615
41762316592
41762316605
41762316639
41762316555
41762316695
41762316472
41762316552
41762316585
41762316677
41762316462
41762316599
41762316622
41762316607
41762316686
41762316623
41762316654
41762316628
41762316643
41762316682
41762316586
41762316588
41762316635
41762316603
41762316683
41762316727
41762316722
41762316706
41762316728
41762316723
41762316733
41762316787
41762316735
41762316769
41762316770
41762316767
41762316791
41762316752
41762316745
41762316739
41762316785
41762316731
41762316746
41762316777
41762316782
41762316794
41762316837
41762316845
41762316862
41762316861
41762316856
41762316822
41762316876
41762316801
41762316800
41762316809
41762316872
41762316836
41762316868
41762316803
41762316815
41762316851
41762316814
41762316830
41762316854
41762316828
41762316885
41762316898
41762316900
41762316890
41762316879
41762316894
41762316909
41762316929
41762316889
41762316882
41762316897
41762316891
41762316884
41762316915
41762316892
41762316927
41762316914
41762316908
41762316947
41762316951
41762316960
41762316968
41762316950
41762316969
41762316972
41762316980
41762316977
41762316979
41762316988
41762316981
41762316982
41762316996
41762316995
41762316978
41762316998
41762316994
41762316973
41762316999
41762310006
41762310026
41762310032
41762310015
41762310020
41762310024
41762310016
41762310017
41762310001
41762310031
41762310004
41762310097
41762310165
41762310177
41762310163
41762310205
41762310070
41762310056
41762310140
41762310110
41762310183
41762310168
41762310069
41762310233
41762310096
41762310085
41762310062
41762310067
41762310107
41762310037
41762310151
41762310243
41762310191
41762310251
41762310247
41762310045
41762310102
41762310204
41762310198
41762310160
41762310081
41762310240
41762310323
41762310454
41762310033
41762310063
41762310245
41762310211
41762310101
41762310123
41762310057
41762310314
41762310083
41762310079
41762310387
41762310145
41762310226
41762310320
41762310167
41762310172
41762310039
41762310044
41762310093
41762310121
41762310406
41762310412
41762310651
41762310268
41762310188
41762310149
41762310535
41762310087
41762310565
41762310335
41762310203
41762310623
41762310418
41762310216
41762310164
41762310229
41762310373
41762310139
41762310331
41762310218
41762310146
41762310365
41762310201
41762310120
41762310166
41762310199
41762310876
41762310259
41762310428
41762310361
41762310241
41762310540
41762310775
41762310569
41762310349
41762310414
41762310200
41762310446
41762310650
41762310490
41762310144
41762310345
41762310436
41762310212
41762310380
41762310092
41762310713
41762310184
41762310187
41762310580
41762310660
41762310351
41762310834
41762310622
41762310705
41762310279
41762310346
41762310631
41762310803
41762310330
41762310238
41762310836
41762310295
41762310710
41762310763
41762310439
41762310325
41762310388
41762310290
41762310549
41762310192
41762310508
41762310522
41762310792
41762310619
41762310797
41762310352
41762310444
41762310854
41762310754
41762310505
41762310173
41762310228
41762310560
41762310559
41762310703
41762310536
41762310142
41762310433
41762310363
41762310409
41762310541
41762310355
41762310916
41762310662
41762310246
41762310194
41762310353
41762310478
41762310697
41762310733
41762310694
41762310933
41762310501
41762310720
41762310431
41762310480
41762310618
41762310400
41762310747
41762310556
41762310657
41762310838
41762310410
41762310485
41762310378
41762310695
41762310960
41762310503
41762310421
41762310907
41762310510
41762310591
41762310686
41762310066
41762310880
41762310773
41762310674
41762310751
41762310979
41762310917
41762310585
41762310344
41762310424
41762310554
41762310724
41762310897
41762310465
41762310679
41762310488
41762310525
41762310435
41762310666
41762310573
41762310581
41762310846
41762310910
41762310980
41762310568
41762310943
41762310806
41762310190
41762310959
41762310700
41762310822
41762310726
41762310928
41762310337
41762310938
41762310887
41762310673
41762310592
41762310742
41762310690
41762310607
41762310881
41762310640
41762310932
41762310683
41762310661
41762310811
41762310833
41762310491
41762310453
41762310809
41762310786
41762310779
41762310813
41762310993
41762310729
41762310767
41762310886
41762310677
41762310699
41762310566
41762310706
41762310635
41762310892
41762310875
41762310974
41762310888
41762310937
41762310819
41762310644
41762310572
41762310911
41762310764
41762310922
41762310918
41762310990
41762310804
41762310975
41762310721
41762310768
41762310826
41762310935
41762319032
41762319027
41762319001
41762319003
41762319021
41762319002
41762319013
41762319006
41762319063
41762319034
41762319037
41762319072
41762319086
41762319090
41762319232
41762319046
41762319038
41762319201
41762319112
41762319149
41762319160
41762319078
41762319299
41762319051
41762319103
41762319097
41762319252
41762319192
41762319079
41762319083
41762319066
41762319111
41762319040
41762319049
41762319221
41762319161
41762319186
41762319157
41762319073
41762319214
41762319207
41762319197
41762319362
41762319223
41762319069
41762319113
41762319080
41762319555
41762319074
41762319512
41762319045
41762319229
41762319084
41762319217
41762319383
41762319109
41762319179
41762319151
41762319434
41762319517
41762319211
41762319208
41762319191
41762319104
41762319209
41762319210
41762319327
41762319057
41762319237
41762319100
41762319203
41762319119
41762319277
41762319250
41762319248
41762319405
41762319141
41762319492
41762319133
41762319528
41762319566
41762319588
41762319758
41762319580
41762319055
41762319213
41762319414
41762319333
41762319162
41762319255
41762319259
41762319643
41762319413
41762319317
41762319393
41762319657
41762319619
41762319218
41762319441
41762319618
41762319624
41762319116
41762319469
41762319261
41762319286
41762319477
41762319323
41762319811
41762319884
41762319531
41762319467
41762319339
41762319216
41762319516
41762319235
41762319283
41762319344
41762319765
41762319525
41762319704
41762319264
41762319783
41762319357
41762319733
41762319251
41762319155
41762319621
41762319500
41762319187
41762319903
41762319847
41762319784
41762319348
41762319671
41762319798
41762319741
41762319135
41762319388
41762319219
41762319872
41762319541
41762319703
41762319626
41762319363
41762319395
41762319444
41762319799
41762319752
41762319552
41762319740
41762319598
41762319316
41762319748
41762319502
41762319644
41762319450
41762319750
41762319310
41762319475
41762319567
41762319680
41762319584
41762319753
41762319772
41762319353
41762319803
41762319423
41762319718
41762319571
41762319320
41762319539
41762319700
41762319805
41762319591
41762319815
41762319751
41762319800
41762319660
41762319841
41762319822
41762319946
41762319690
41762319445
41762319907
41762319683
41762319898
41762319804
41762319975
41762319950
41762319767
41762319787
41762319620
41762319600
41762319558
41762319559
41762319465
41762319420
41762319523
41762319605
41762319848
41762319759
41762319646
41762319887
41762319920
41762319664
41762319482
41762319386
41762319685
41762319981
41762319955
41762319437
41762319736
41762319869
41762319724
41762319923
41762319878
41762319634
41762319314
41762319908
41762319868
41762319851
41762319830
41762319857
41762319901
41762319669
41762319455
41762319599
41762319915
41762319864
41762319766
41762319711
41762319845
41762319737
41762319838
41762319931
41762319681
41762319688
41762319507
41762319728
41762319937
41762319647
41762319998
41762319904
41762319696
41762319677
41762319770
41762319876
41762319949
41762319607
41762319858
41762319824
41762319656
41762319713
41762319544
41762319961
41762319894
41762319719
41762319873
41762319773
41762319886
41762319989
41762319795
41762319924
41762319891
41762319871
41762319957
41762319956
41762319994
41762319860
41762313022
41762313007
41762313005
41762313010
41762313024
41762313002
41762313026
41762313011
41762313004
41762313014
41762313021
41762313008
41762313017
41762313205
41762313154
41762313036
41762313077
41762313073
41762313097
41762313038
41762313052
41762313080
41762313067
41762313039
41762313159
41762313252
41762313108
41762313156
41762313140
41762313231
41762313149
41762313113
41762313267
41762313062
41762313233
41762313106
41762313111
41762313093
41762313218
41762313309
41762313333
41762313065
41762313325
41762313191
41762313321
41762313462
41762313453
41762313155
41762313338
41762313340
41762313450
41762313090
41762313221
41762313350
41762313074
41762313290
41762313144
41762313222
41762313100
41762313326
41762313178
41762313395
41762313147
41762313415
41762313345
41762313268
41762313196
41762313208
41762313442
41762313164
41762313160
41762313181
41762313482
41762313529
41762313510
41762313363
41762313595
41762313235
41762313507
41762313114
41762313260
41762313464
41762313210
41762313211
41762313342
41762313311
41762313472
41762313392
41762313161
41762313446
41762313142
41762313173
41762313202
41762313402
41762313300
41762313378
41762313445
41762313243
41762313282
41762313184
41762313176
41762313323
41762313356
41762313121
41762313663
41762313283
41762313583
41762313457
41762313676
41762313399
41762313229
41762313565
41762313337
41762313336
41762313556
41762313969
41762313212
41762313331
41762313373
41762313458
41762313152
41762313648
41762313680
41762313590
41762313370
41762313494
41762313500
41762313429
41762313560
41762313525
41762313332
41762313637
41762313518
41762313377
41762313277
41762313650
41762313351
41762313217
41762313899
41762313767
41762313747
41762313553
41762313610
41762313346
41762313489
41762313270
41762313408
41762313477
41762313539
41762313520
41762313631
41762313926
41762313508
41762313316
41762313818
41762313824
41762313273
41762313440
41762313334
41762313919
41762313784
41762313344
41762313997
41762313353
41762313281
41762313875
41762313262
41762313536
41762313355
41762313515
41762313497
41762313671
41762313849
41762313263
41762313703
41762313665
41762313687
41762313613
41762313452
41762313261
41762313656
41762313602
41762313558
41762313624
41762313577
41762313499
41762313588
41762313271
41762313971
41762313379
41762313967
41762313742
41762313630
41762313651
41762313619
41762313938
41762313934
41762313633
41762313831
41762313789
41762313707
41762313976
41762313776
41762313513
41762313900
41762313741
41762313836
41762313441
41762313984
41762313909
41762313733
41762313652
41762313618
41762313612
41762313839
41762313699
41762313437
41762313835
41762313910
41762313436
41762313947
41762313514
41762313752
41762313709
41762313912
41762313797
41762313886
41762313840
41762313773
41762313865
41762313937
41762313808
41762313722
41762313978
41762313866
41762313778
41762313750
41762313738
41762313660
41762313885
41762313796
41762313443
41762313846
41762313841
41762313966
41762313706
41762313653
41762313944
41762313916
41762313964
41762313936
41762313821
41762313763
41762313965
41762313894
41762313955
41762313981
41762313994
41762313019
41762313931
41762313985
41762313861
41762313827
41762313887
41762313732
41762311019
41762311006
41762311025
41762311018
41762311028
41762311010
41762311009
41762311002
41762311030
41762311007
41762311013
41762311012
41762311021
41762311098
41762311035
41762311048
41762311067
41762311056
41762311085
41762311149
41762311097
41762311093
41762311080
41762311058
41762311107
41762311040
41762311142
41762311179
41762311356
41762311123
41762311128
41762311200
41762311036
41762311039
41762311133
41762311055
41762311090
41762311236
41762311386
41762311033
41762311351
41762311353
41762311204
41762311548
41762311262
41762311106
41762311147
41762311015
41762311092
41762311435
41762311188
41762311346
41762311213
41762311161
41762311172
41762311516
41762311134
41762311082
41762311034
41762311312
41762311454
41762311387
41762311549
41762311399
41762311291
41762311105
41762311681
41762311639
41762311517
41762311416
41762311284
41762311152
41762311198
41762311254
41762311250
41762311591
41762311212
41762311125
41762311412
41762311135
41762311688
41762311169
41762311568
41762311377
41762311178
41762311282
41762311162
41762311612
41762311150
41762311789
41762311709
41762311042
41762311217
41762311275
41762311209
41762311716
41762311297
41762311619
41762311372
41762311361
41762311108
41762311060
41762311281
41762311445
41762311295
41762311279
41762311433
41762311199
41762311585
41762311408
41762311701
41762311595
41762311129
41762311621
41762311715
41762311405
41762311054
41762311992
41762311191
41762311689
41762311143
41762311483
41762311196
41762311343
41762311253
41762311329
41762311059
41762311806
41762311233
41762311336
41762311826
41762311401
41762311402
41762311316
41762311484
41762311324
41762311642
41762311644
41762311245
41762311515
41762311193
41762311348
41762311309
41762311555
41762311264
41762311417
41762311539
41762311523
41762311357
41762311488
41762311654
41762311573
41762311144
41762311683
41762311308
41762311414
41762311696
41762311909
41762311355
41762311502
41762311847
41762311283
41762311369
41762311660
41762311302
41762311374
41762311545
41762311319
41762311511
41762311171
41762311888
41762311659
41762311328
41762311798
41762311101
41762311533
41762311673
41762311491
41762311634
41762311464
41762311919
41762311444
41762311747
41762311978
41762311947
41762311874
41762311195
41762311473
41762311820
41762311939
41762311714
41762311367
41762311192
41762311605
41762311441
41762311527
41762311330
41762311538
41762311160
41762311959
41762311890
41762311559
41762311873
41762311321
41762311875
41762311462
41762311331
41762311778
41762311471
41762311616
41762311400
41762311535
41762311924
41762311995
41762311908
41762311802
41762311550
41762311569
41762311406
41762311686
41762311817
41762311609
41762311994
41762311525
41762311815
41762311726
41762311807
41762311889
41762311917
41762311786
41762311903
41762311598
41762311443
41762311884
41762311422
41762311816
41762311610
41762311524
41762311574
41762311662
41762311898
41762311733
41762311886
41762311456
41762311601
41762311958
41762311938
41762311776
41762311963
41762311452
41762311767
41762311490
41762311900
41762311989
41762311656
41762311842
41762311883
41762311520
41762311481
41762311861
41762311905
41762311859
41762311997
41762311915
41762311552
41762311794
41762311877
41762311864
41762311534
41762311860
41762311856
41762311974
41762311771
41762311774
41762311391
41762311554
41762311636
41762311906
41762311950
41762311791
41762311809
41762311614
41762311828
41762311931
41762311866
41762311819
41762311781
41762311768
41762311721
41762311424
41762311987
41762311993
41762311930
41762311754
41762311933
41762311378
41762311948
41762311782
41762311973
41762311755
41762311954
41762311977
41762311567
41762311979
41762311972
41762311800
41762311988
41762311669
41762311980
41762311887
41762311982
41762312011
41762312006
41762312002
41762312029
41762312018
41762312019
41762312023
41762312005
41762312009
41762312032
41762312016
41762312026
41762312038
41762312042
41762312065
41762312100
41762312107
41762312142
41762312141
41762312121
41762312233
41762312055
41762312061
41762312250
41762312271
41762312120
41762312136
41762312059
41762312353
41762312104
41762312078
41762312060
41762312114
41762312035
41762312048
41762312062
41762312145
41762312127
41762312177
41762312093
41762312158
41762312103
41762312343
41762312254
41762312049
41762312073
41762312191
41762312095
41762312220
41762312171
41762312309
41762312252
41762312164
41762312179
41762312172
41762312303
41762312463
41762312291
41762312454
41762312217
41762312581
41762312311
41762312086
41762312227
41762312415
41762312237
41762312129
41762312113
41762312330
41762312664
41762312381
41762312134
41762312500
41762312328
41762312523
41762312149
41762312313
41762312347
41762312321
41762312112
41762312442
41762312468
41762312079
41762312461
41762312830
41762312342
41762312408
41762312155
41762312302
41762312401
41762312102
41762312299
41762312659
41762312737
41762312402
41762312152
41762312511
41762312139
41762312334
41762312198
41762312226
41762312245
41762312320
41762312407
41762312621
41762312272
41762312457
41762312236
41762312153
41762312488
41762312304
41762312341
41762312211
41762312276
41762312371
41762312357
41762312591
41762312812
41762312540
41762312790
41762312331
41762312443
41762312470
41762312819
41762312418
41762312655
41762312234
41762312505
41762312167
41762312707
41762312373
41762312575
41762312521
41762312687
41762312256
41762312088
41762312721
41762312449
41762312469
41762312627
41762312586
41762312218
41762312188
41762312296
41762312421
41762312374
41762312319
41762312565
41762312548
41762312318
41762312927
41762312329
41762312360
41762312333
41762312969
41762312881
41762312232
41762312601
41762312859
41762312829
41762312253
41762312776
41762312362
41762312643
41762312231
41762312884
41762312600
41762312824
41762312568
41762312515
41762312741
41762312377
41762312453
41762312583
41762312403
41762312294
41762312733
41762312628
41762312384
41762312720
41762312791
41762312911
41762312649
41762312396
41762312465
41762312626
41762312509
41762312335
41762312559
41762312530
41762312239
41762312428
41762312482
41762312971
41762312405
41762312711
41762312788
41762312398
41762312569
41762312425
41762312782
41762312364
41762312796
41762312366
41762312502
41762312478
41762312535
41762312190
41762312828
41762312404
41762312543
41762312811
41762312578
41762312151
41762312571
41762312437
41762312793
41762312730
41762312908
41762312644
41762312746
41762312613
41762312410
41762312947
41762312905
41762312845
41762312814
41762312960
41762312914
41762312967
41762312635
41762312744
41762312848
41762312966
41762312931
41762312739
41762312936
41762312952
41762312556
41762312487
41762312727
41762312701
41762312795
41762312712
41762312178
41762312520
41762312646
41762312867
41762312603
41762312474
41762312873
41762312683
41762312316
41762312851
41762312725
41762312705
41762312951
41762312713
41762312823
41762312669
41762312740
41762312607
41762312786
41762312525
41762312831
41762312427
41762312512
41762312900
41762312735
41762312874
41762312710
41762312913
41762312693
41762312715
41762312929
41762312948
41762312466
41762312818
41762312939
41762312611
41762312777
41762312676
41762312774
41762312857
41762312678
41762312588
41762312919
41762312689
41762312757
41762312854
41762312522
41762312906
41762312887
41762312625
41762312618
41762312992
41762318001
41762318012
41762318017
41762318022
41762318020
41762318028
41762318074
41762318100
41762318243
41762318339
41762318052
41762318115
41762318191
41762318122
41762318315
41762318055
41762318139
41762318053
41762318037
41762318066
41762318058
41762318393
41762318295
41762318177
41762318040
41762318461
41762318192
41762318044
41762318282
41762318306
41762318272
41762318108
41762318046
41762318098
41762318469
41762318200
41762318188
41762318119
41762318281
41762318117
41762318180
41762318194
41762318140
41762318432
41762318268
41762318095
41762318338
41762318080
41762318240
41762318431
41762318168
41762318223
41762318056
41762318269
41762318234
41762318593
41762318099
41762318113
41762318090
41762318131
41762318623
41762318236
41762318375
41762318429
41762318595
41762318418
41762318455
41762318093
41762318050
41762318289
41762318151
41762318506
41762318556
41762318468
41762318279
41762318337
41762318109
41762318408
41762318795
41762318160
41762318360
41762318448
41762318485
41762318558
41762318466
41762318700
41762318441
41762318512
41762318449
41762318436
41762318377
41762318302
41762318874
41762318497
41762318384
41762318404
41762318444
41762318482
41762318379
41762318435
41762318586
41762318242
41762318460
41762318841
41762318241
41762318930
41762318886
41762318540
41762318464
41762318924
41762318562
41762318737
41762318850
41762318640
41762318451
41762318252
41762318808
41762318398
41762318209
41762318450
41762318204
41762318637
41762318181
41762318231
41762318250
41762318542
41762318633
41762318797
41762318788
41762318842
41762318551
41762318536
41762318433
41762318641
41762318156
41762318362
41762318685
41762318997
41762318617
41762318307
41762318906
41762318543
41762318347
41762318481
41762318853
41762318866
41762318701
41762318852
41762318313
41762318914
41762318845
41762318793
41762318285
41762318478
41762318899
41762318447
41762318585
41762318834
41762318218
41762318581
41762318726
41762318613
41762318801
41762318287
41762318764
41762318666
41762318904
41762318425
41762318589
41762318644
41762318493
41762318487
41762318401
41762318890
41762318453
41762318572
41762318426
41762318676
41762318507
41762318395
41762318781
41762318896
41762318894
41762318878
41762318682
41762318688
41762318859
41762318776
41762318770
41762318784
41762318978
41762318951
41762318584
41762318925
41762318717
41762318521
41762318535
41762318571
41762318803
41762318937
41762318634
41762318555
41762318736
41762318733
41762318747
41762318905
41762318719
41762318916
41762318470
41762318786
41762318977
41762318761
41762318805
41762318969
41762318811
41762318806
41762318870
41762318714
41762318854
41762318789
41762318802
41762318410
41762318686
41762318828
41762318335
41762318946
41762318912
41762318926
41762318488
41762318960
41762318934
41762318945
41762318674
41762318715
41762318953
41762318879
41762318422
41762318948
41762318671
41762318494
41762318900
41762318857
41762317005
41762317019
41762317032
41762317010
41762317002
41762317004
41762317018
41762317031
41762317012
41762317021
41762317030
41762317014
41762317138
41762317033
41762317083
41762317073
41762317103
41762317201
41762317035
41762317061
41762317102
41762317044
41762317168
41762317173
41762317188
41762317045
41762317091
41762317159
41762317036
41762317175
41762317236
41762317043
41762317166
41762317244
41762317334
41762317195
41762317213
41762317114
41762317066
41762317217
41762317277
41762317191
41762317219
41762317218
41762317106
41762317343
41762317088
41762317117
41762317306
41762317298
41762317264
41762317335
41762317223
41762317171
41762317327
41762317151
41762317196
41762317170
41762317225
41762317078
41762317220
41762317377
41762317051
41762317189
41762317293
41762317125
41762317156
41762317221
41762317098
41762317346
41762317322
41762317372
41762317130
41762317282
41762317321
41762317491
41762317448
41762317422
41762317488
41762317200
41762317510
41762317285
41762317157
41762317262
41762317349
41762317524
41762317606
41762317305
41762317180
41762317275
41762317557
41762317212
41762317147
41762317313
41762317115
41762317194
41762317787
41762317748
41762317456
41762317174
41762317622
41762317272
41762317222
41762317538
41762317303
41762317203
41762317437
41762317400
41762317472
41762317267
41762317651
41762317778
41762317640
41762317393
41762317129
41762317338
41762317712
41762317762
41762317623
41762317600
41762317631
41762317209
41762317736
41762317375
41762317457
41762317401
41762317455
41762317618
41762317532
41762317913
41762317207
41762317519
41762317273
41762317652
41762317492
41762317290
41762317629
41762317752
41762317411
41762317409
41762317917
41762317588
41762317260
41762317361
41762317545
41762317632
41762317721
41762317385
41762317669
41762317415
41762317541
41762317483
41762317351
41762317667
41762317733
41762317444
41762317280
41762317911
41762317847
41762317449
41762317614
41762317604
41762317513
41762317989
41762317295
41762317979
41762317685
41762317948
41762317452
41762317722
41762317848
41762317405
41762317700
41762317977
41762317737
41762317771
41762317527
41762317990
41762317743
41762317720
41762317727
41762317810
41762317289
41762317679
41762317530
41762317469
41762317836
41762317756
41762317842
41762317793
41762317750
41762317516
41762317924
41762317704
41762317925
41762317526
41762317542
41762317644
41762317777
41762317902
41762317939
41762317834
41762317797
41762317443
41762317624
41762317531
41762317694
41762317973
41762317849
41762317747
41762317556
41762317466
41762317645
41762317603
41762317605
41762317501
41762317798
41762317543
41762317961
41762317680
41762317933
41762317755
41762317698
41762317905
41762317482
41762317900
41762317894
41762317744
41762317965
41762317479
41762317662
41762317846
41762317666
41762317610
41762317980
41762317841
41762317601
41762317678
41762317875
41762317765
41762317592
41762317950
41762317703
41762317506
41762317985
41762317881
41762317813
41762317909
41762317872
41762317767
41762317954
41762317929
41762317808
41762317895
41762317946
41762317972
41762317825
41762317949
41762317958
41762317746
