41792665000
41792665018
41792665011
41792665012
41792665019
41792665010
41792665024
41792665002
41792665017
41792665003
41792665021
41792665001
41792665006
41792665020
41792665013
41792665023
41792665030
41792665015
41792665025
41792665028
41792665067
41792665132
41792665175
41792665268
41792665099
41792665033
41792665072
41792665075
41792665134
41792665048
41792665133
41792665061
41792665086
41792665117
41792665113
41792665064
41792665130
41792665185
41792665093
41792665037
41792665144
41792665151
41792665168
41792665182
41792665092
41792665190
41792665078
41792665038
41792665081
41792665139
41792665111
41792665327
41792665043
41792665146
41792665243
41792665041
41792665171
41792665069
41792665281
41792665080
41792665143
41792665152
41792665193
41792665082
41792665102
41792665162
41792665172
41792665332
41792665229
41792665342
41792665253
41792665046
41792665163
41792665077
41792665045
41792665272
41792665040
41792665219
41792665049
41792665208
41792665140
41792665047
41792665044
41792665057
41792665076
41792665116
41792665100
41792665158
41792665066
41792665115
41792665338
41792665065
41792665142
41792665325
41792665154
41792665234
41792665054
41792665125
41792665112
41792665284
41792665315
41792665223
41792665131
41792665300
41792665088
41792665301
41792665298
41792665214
41792665121
41792665201
41792665304
41792665197
41792665167
41792665052
41792665051
41792665098
41792665105
41792665228
41792665071
41792665124
41792665321
41792665095
41792665215
41792665226
41792665183
41792665195
41792665289
41792665224
41792665326
41792665317
41792665203
41792665255
41792665241
41792665273
41792665329
41792665166
41792665161
41792665204
41792665118
41792665257
41792665237
41792665310
41792665295
41792665271
41792665091
41792665079
41792665264
41792665303
41792665240
41792665181
41792665180
41792665320
41792665297
41792665340
41792665153
41792665348
41792665063
41792665108
41792665179
41792665261
41792665164
41792665265
41792665270
41792665341
41792665094
41792665177
41792665220
41792665227
41792665170
41792665292
41792665288
41792665307
41792665279
41792665186
41792665211
41792665344
41792665339
41792665232
41792665155
41792665345
41792665209
41792665230
41792665150
41792665282
41792665157
41792665260
41792665318
41792665207
41792665278
41792665277
41792665217
41792665238
41792665256
41792665246
41792665312
41792665239
41792665287
41792665330
41792665316
41792665291
41792665188
41792665296
41792665250
41792665311
41792665189
41792665120
41792665294
41792665343
41792665333
41792665319
41792665322
41792665350
41792665335
41792665337
41792665355
41792665376
41792665363
41792665359
41792665358
41792665360
41792665382
41792665379
41792665365
41792665356
41792665367
41792665378
41792665370
41792665354
41792665374
41792665351
41792665369
41792665372
41792665373
41792665529
41792665619
41792665506
41792665416
41792665390
41792665459
41792665419
41792665452
41792665437
41792665462
41792665413
41792665475
41792665474
41792665384
41792665498
41792665385
41792665524
41792665527
41792665389
41792665407
41792665408
41792665575
41792665492
41792665449
41792665477
41792665591
41792665481
41792665628
41792665618
41792665391
41792665520
41792665525
41792665387
41792665488
41792665629
41792665654
41792665663
41792665470
41792665574
41792665392
41792665493
41792665562
41792665595
41792665658
41792665501
41792665461
41792665479
41792665615
41792665428
41792665602
41792665405
41792665608
41792665683
41792665426
41792665559
41792665684
41792665447
41792665542
41792665427
41792665636
41792665553
41792665624
41792665516
41792665577
41792665572
41792665564
41792665417
41792665471
41792665423
41792665522
41792665454
41792665555
41792665402
41792665535
41792665489
41792665634
41792665505
41792665502
41792665565
41792665694
41792665616
41792665534
41792665521
41792665500
41792665614
41792665490
41792665513
41792665466
41792665473
41792665440
41792665550
41792665536
41792665587
41792665678
41792665548
41792665446
41792665460
41792665669
41792665433
41792665558
41792665469
41792665547
41792665422
41792665649
41792665406
41792665412
41792665576
41792665431
41792665456
41792665549
41792665681
41792665519
41792665607
41792665637
41792665627
41792665670
41792665666
41792665578
41792665538
41792665571
41792665430
41792665455
41792665640
41792665617
41792665674
41792665453
41792665612
41792665581
41792665580
41792665484
41792665673
41792665682
41792665633
41792665601
41792665533
41792665656
41792665573
41792665496
41792665613
41792665691
41792665600
41792665645
41792665622
41792665567
41792665660
41792665623
41792665420
41792665685
41792665545
41792665630
41792665464
41792665604
41792665583
41792665692
41792665698
41792665693
41792665689
41792665486
41792665478
41792665504
41792665676
41792665652
41792665642
41792665655
41792665659
41792665688
41792665671
41792665657
41792665593
41792665697
41792665653
41792665584
41792665621
41792665650
41792665543
41792665606
41792665582
41792665672
41792665644
41792665467
41792665592
41792665512
41792665610
41792665544
41792665661
41792665709
41792665700
41792665708
41792665706
41792665721
41792665726
41792665723
41792665724
41792665718
41792665715
41792665710
41792665713
41792665712
41792665717
41792665719
41792665747
41792665738
41792665778
41792665731
41792665742
41792665746
41792665756
41792665755
41792665768
41792665733
41792665786
41792665741
41792665767
41792665773
41792665774
41792665784
41792665743
41792665770
41792665777
41792665736
41792665740
41792665744
41792665732
41792665760
41792665779
41792665758
41792665762
41792665763
41792665748
41792665789
41792665753
41792665791
41792665761
41792665781
41792665787
41792665785
41792665790
41792665826
41792665809
41792665845
41792665823
41792665852
41792665872
41792665811
41792665799
41792665828
41792665863
41792665865
41792665796
41792665805
41792665833
41792665843
41792665854
41792665815
41792665848
41792665836
41792665810
41792665793
41792665819
41792665814
41792665841
41792665816
41792665817
41792665832
41792665853
41792665856
41792665797
41792665835
41792665844
41792665827
41792665855
41792665864
41792665840
41792665812
41792665822
41792665859
41792665877
41792665878
41792665959
41792665925
41792665910
41792665891
41792665961
41792665879
41792665906
41792665890
41792665911
41792665898
41792665907
41792665943
41792665952
41792665922
41792665946
41792665918
41792665955
41792665937
41792665950
41792665958
41792665957
41792665903
41792665888
41792665917
41792665884
41792665954
41792665930
41792665953
41792665908
41792665881
41792665905
41792665920
41792665924
41792665936
41792665933
41792665912
41792665904
41792665944
41792665934
41792665919
41792665947
41792665949
41792665962
41792665991
41792665993
41792665973
41792665966
41792665971
41792665970
41792665982
41792665996
41792665968
41792665999
41792665984
41792665967
41792665992
41792665975
41792665994
41792665995
41792665997
41792665990
41792665988
41792665980
41792664000
41792664009
41792664005
41792664006
41792664002
41792664030
41792664003
41792664020
41792664004
41792664022
41792664019
41792664026
41792664029
41792664027
41792664001
41792664008
41792664021
41792664028
41792664018
41792664011
41792664031
41792664040
41792664075
41792664136
41792664190
41792664046
41792664069
41792664064
41792664034
41792664042
41792664062
41792664050
41792664337
41792664077
41792664083
41792664107
41792664134
41792664124
41792664099
41792664037
41792664061
41792664254
41792664071
41792664104
41792664060
41792664122
41792664276
41792664252
41792664111
41792664148
41792664161
41792664056
41792664178
41792664155
41792664053
41792664211
41792664038
41792664066
41792664085
41792664035
41792664090
41792664479
41792664139
41792664051
41792664126
41792664063
41792664059
41792664279
41792664041
41792664141
41792664247
41792664269
41792664164
41792664101
41792664067
41792664212
41792664147
41792664223
41792664045
41792664048
41792664150
41792664195
41792664210
41792664207
41792664263
41792664216
41792664176
41792664203
41792664154
41792664082
41792664036
41792664043
41792664231
41792664314
41792664385
41792664105
41792664295
41792664140
41792664358
41792664052
41792664226
41792664421
41792664296
41792664108
41792664454
41792664145
41792664130
41792664241
41792664467
41792664058
41792664175
41792664262
41792664100
41792664088
41792664137
41792664084
41792664138
41792664534
41792664261
41792664322
41792664117
41792664233
41792664288
41792664133
41792664347
41792664506
41792664157
41792664251
41792664095
41792664180
41792664193
41792664305
41792664532
41792664445
41792664612
41792664065
41792664608
41792664378
41792664264
41792664426
41792664638
41792664292
41792664151
41792664089
41792664451
41792664121
41792664129
41792664091
41792664086
41792664772
41792664577
41792664308
41792664225
41792664167
41792664284
41792664112
41792664615
41792664174
41792664214
41792664299
41792664323
41792664329
41792664209
41792664500
41792664280
41792664342
41792664166
41792664277
41792664687
41792664245
41792664330
41792664365
41792664146
41792664181
41792664094
41792664475
41792664055
41792664294
41792664682
41792664298
41792664491
41792664184
41792664185
41792664466
41792664448
41792664321
41792664076
41792664525
41792664368
41792664339
41792664291
41792664132
41792664325
41792664787
41792664470
41792664380
41792664149
41792664333
41792664318
41792664414
41792664341
41792664566
41792664093
41792664708
41792664221
41792664162
41792664408
41792664744
41792664159
41792664587
41792664493
41792664080
41792664324
41792664747
41792664235
41792664073
41792664393
41792664452
41792664529
41792664381
41792664689
41792664315
41792664116
41792664836
41792664313
41792664191
41792664219
41792664156
41792664240
41792664680
41792664420
41792664896
41792664255
41792664646
41792664740
41792664427
41792664455
41792664340
41792664127
41792664186
41792664776
41792664331
41792664353
41792664536
41792664572
41792664200
41792664513
41792664589
41792664307
41792664725
41792664635
41792664473
41792664807
41792664158
41792664655
41792664113
41792664230
41792664286
41792664458
41792664495
41792664517
41792664707
41792664271
41792664518
41792664567
41792664562
41792664332
41792664110
41792664722
41792664224
41792664686
41792664547
41792664507
41792664328
41792664243
41792664778
41792664418
41792664610
41792664490
41792664543
41792664839
41792664376
41792664222
41792664335
41792664588
41792664599
41792664440
41792664449
41792664327
41792664545
41792664672
41792664501
41792664820
41792664586
41792664188
41792664392
41792664774
41792664762
41792664144
41792664626
41792664791
41792664571
41792664899
41792664436
41792664575
41792664218
41792664382
41792664419
41792664409
41792664688
41792664673
41792664202
41792664304
41792664338
41792664911
41792664250
41792664516
41792664767
41792664694
41792664833
41792664472
41792664629
41792664215
41792664574
41792664521
41792664594
41792664485
41792664424
41792664821
41792664872
41792664383
41792664698
41792664991
41792664763
41792664260
41792664433
41792664446
41792664556
41792664168
41792664483
41792664795
41792664239
41792664604
41792664990
41792664581
41792664876
41792664661
41792664153
41792664824
41792664406
41792664728
41792664860
41792664632
41792664275
41792664675
41792664390
41792664650
41792664653
41792664570
41792664417
41792664399
41792664643
41792664734
41792664835
41792664877
41792664621
41792664702
41792664422
41792664453
41792664480
41792664160
41792664692
41792664497
41792664539
41792664511
41792664530
41792664765
41792664372
41792664598
41792664533
41792664662
41792664679
41792664696
41792664405
41792664918
41792664977
41792664727
41792664704
41792664523
41792664379
41792664510
41792664912
41792664842
41792664606
41792664274
41792664665
41792664780
41792664457
41792664487
41792664897
41792664538
41792664346
41792664937
41792664790
41792664844
41792664301
41792664163
41792664733
41792664199
41792664808
41792664438
41792664488
41792664695
41792664882
41792664356
41792664435
41792664622
41792664813
41792664982
41792664668
41792664901
41792664751
41792664855
41792664403
41792664616
41792664944
41792664768
41792664492
41792664645
41792664789
41792664563
41792664828
41792664554
41792664676
41792664464
41792664555
41792664644
41792664630
41792664527
41792664741
41792664560
41792664482
41792664303
41792664957
41792664714
41792664544
41792664374
41792664620
41792664413
41792664710
41792664524
41792664613
41792664874
41792664962
41792664357
41792664384
41792664947
41792664366
41792664856
41792664760
41792664773
41792664656
41792664204
41792664579
41792664875
41792664742
41792664541
41792664785
41792664603
41792664265
41792664520
41792664803
41792664569
41792664926
41792664749
41792664862
41792664526
41792664952
41792664905
41792664928
41792664738
41792664973
41792664781
41792664750
41792664847
41792664910
41792664941
41792664871
41792664888
41792664546
41792664486
41792664441
41792664716
41792664752
41792664293
41792664960
41792664416
41792664745
41792664573
41792664439
41792664932
41792664997
41792664443
41792664647
41792664648
41792664934
41792664891
41792664985
41792664887
41792664902
41792664805
41792664285
41792664788
41792664731
41792664462
41792664913
41792664628
41792664723
41792664942
41792664975
41792664289
41792664717
41792664758
41792664769
41792664878
41792664806
41792664880
41792664904
41792664814
41792664609
41792664631
41792664819
41792664885
41792664684
41792664505
41792664966
41792664943
41792664906
41792664831
41792664823
41792664754
41792664812
41792664666
41792664540
41792664549
41792664879
41792664430
41792664908
41792664259
41792664858
41792664667
41792664945
41792664948
41792664657
41792664955
41792664919
41792664992
41792664802
41792664900
41792664625
41792664825
41792664600
41792664703
41792664950
41792664674
41792664935
41792664850
41792664890
41792664970
41792664709
41792664375
41792664746
41792664761
41792664894
41792664720
41792664832
41792664658
41792664557
41792664898
41792664766
41792664614
41792664753
41792664815
41792664980
41792664683
41792664870
41792664978
41792664993
41792664909
41792664699
41792664852
41792664853
41792666000
41792666013
41792666021
41792666018
41792666022
41792666023
41792666029
41792666031
41792666019
41792666020
41792666002
41792666026
41792666025
41792666001
41792666010
41792666011
41792666027
41792666017
41792666004
41792666003
41792666007
41792666030
41792666032
41792666057
41792666056
41792666036
41792666041
41792666052
41792666059
41792666066
41792666070
41792666048
41792666300
41792666097
41792666141
41792666091
41792666049
41792666197
41792666074
41792666067
41792666180
41792666235
41792666190
41792666237
41792666058
41792666193
41792666307
41792666035
41792666220
41792666114
41792666146
41792666075
41792666073
41792666060
41792666065
41792666196
41792666370
41792666086
41792666171
41792666349
41792666081
41792666046
41792666155
41792666274
41792666064
41792666194
41792666131
41792666145
41792666063
41792666225
41792666211
41792666184
41792666055
41792666239
41792666165
41792666174
41792666088
41792666267
41792666101
41792666080
41792666191
41792666121
41792666179
41792666127
41792666219
41792666166
41792666505
41792666039
41792666474
41792666262
41792666094
41792666356
41792666072
41792666050
41792666418
41792666092
41792666224
41792666108
41792666176
41792666348
41792666153
41792666623
41792666133
41792666204
41792666134
41792666109
41792666210
41792666299
41792666266
41792666083
41792666425
41792666277
41792666651
41792666154
41792666311
41792666475
41792666254
41792666393
41792666206
41792666130
41792666344
41792666095
41792666102
41792666232
41792666172
41792666162
41792666439
41792666268
41792666148
41792666265
41792666181
41792666169
41792666802
41792666371
41792666517
41792666136
41792666478
41792666203
41792666342
41792666212
41792666499
41792666372
41792666189
41792666223
41792666416
41792666502
41792666373
41792666084
41792666152
41792666368
41792666467
41792666137
41792666309
41792666173
41792666318
41792666432
41792666192
41792666170
41792666252
41792666457
41792666156
41792666568
41792666135
41792666646
41792666433
41792666479
41792666532
41792666814
41792666334
41792666305
41792666376
41792666228
41792666090
41792666229
41792666488
41792666270
41792666272
41792666396
41792666278
41792666115
41792666284
41792666442
41792666634
41792666248
41792666547
41792666484
41792666293
41792666186
41792666316
41792666287
41792666281
41792666536
41792666806
41792666551
41792666361
41792666188
41792666450
41792666290
41792666343
41792666323
41792666226
41792666515
41792666503
41792666593
41792666256
41792666403
41792666705
41792666383
41792666273
41792666150
41792666599
41792666555
41792666241
41792666424
41792666412
41792666481
41792666408
41792666231
41792666345
41792666385
41792666550
41792666612
41792666251
41792666817
41792666279
41792666559
41792666464
41792666411
41792666326
41792666495
41792666483
41792666205
41792666511
41792666799
41792666569
41792666549
41792666487
41792666473
41792666673
41792666610
41792666834
41792666888
41792666780
41792666119
41792666182
41792666280
41792666597
41792666362
41792666255
41792666379
41792666595
41792666413
41792666827
41792666310
41792666340
41792666686
41792666149
41792666519
41792666728
41792666415
41792666476
41792666656
41792666317
41792666765
41792666573
41792666382
41792666726
41792666524
41792666636
41792666377
41792666530
41792666900
41792666619
41792666538
41792666724
41792666622
41792666271
41792666363
41792666282
41792666233
41792666737
41792666699
41792666936
41792666399
41792666732
41792666617
41792666693
41792666347
41792666611
41792666357
41792666718
41792666460
41792666387
41792666234
41792666577
41792666208
41792666218
41792666391
41792666508
41792666725
41792666571
41792666723
41792666497
41792666574
41792666688
41792666336
41792666635
41792666291
41792666805
41792666500
41792666575
41792666302
41792666913
41792666381
41792666351
41792666449
41792666456
41792666956
41792666389
41792666441
41792666359
41792666694
41792666482
41792666545
41792666332
41792666692
41792666638
41792666878
41792666779
41792666923
41792666514
41792666420
41792666994
41792666703
41792666552
41792666671
41792666221
41792666683
41792666380
41792666640
41792666540
41792666763
41792666654
41792666586
41792666512
41792666910
41792666567
41792666804
41792666556
41792666839
41792666546
41792666374
41792666824
41792666727
41792666746
41792666578
41792666616
41792666644
41792666531
41792666600
41792666245
41792666884
41792666633
41792666700
41792666974
41792666427
41792666296
41792666862
41792666886
41792666303
41792666828
41792666541
41792666539
41792666979
41792666388
41792666826
41792666744
41792666354
41792666868
41792666466
41792666755
41792666297
41792666836
41792666367
41792666286
41792666678
41792666791
41792666853
41792666572
41792666736
41792666436
41792666566
41792666510
41792666890
41792666647
41792666760
41792666788
41792666462
41792666773
41792666485
41792666554
41792666543
41792666560
41792666585
41792666970
41792666973
41792666628
41792666854
41792666851
41792666561
41792666581
41792666461
41792666903
41792666860
41792666674
41792666822
41792666360
41792666398
41792666968
41792666667
41792666733
41792666716
41792666778
41792666990
41792666951
41792666613
41792666930
41792666867
41792666542
41792666630
41792666629
41792666875
41792666837
41792666707
41792666655
41792666749
41792666443
41792666665
41792666873
41792666583
41792666698
41792666829
41792666844
41792666529
41792666513
41792666966
41792666876
41792666838
41792666632
41792666591
41792666521
41792666719
41792666390
41792666818
41792666712
41792666905
41792666958
41792666691
41792666775
41792666871
41792666922
41792666863
41792666601
41792666729
41792666769
41792666675
41792666938
41792666747
41792666902
41792666800
41792666606
41792666772
41792666676
41792666672
41792666866
41792666709
41792666562
41792666740
41792666496
41792666852
41792666677
41792666681
41792666975
41792666639
41792666984
41792666588
41792666935
41792666758
41792666932
41792666894
41792666614
41792666848
41792666789
41792666845
41792666713
41792666823
41792666679
41792666690
41792666650
41792666971
41792666507
41792666977
41792666743
41792666355
41792666669
41792666920
41792666904
41792666766
41792666925
41792666889
41792666697
41792666944
41792666954
41792666570
41792666645
41792666887
41792666856
41792666915
41792666714
41792666563
41792666929
41792666914
41792666847
41792666840
41792666948
41792666522
41792666916
41792666795
41792666892
41792666962
41792666608
41792666767
41792666949
41792666810
41792666841
41792666621
41792666857
41792666858
41792666849
41792666941
41792666738
41792666777
41792666605
41792666803
41792666893
41792666815
41792666741
41792666924
41792666668
41792666907
41792666659
41792666764
41792666921
41792666986
41792666995
41792666978
41792666961
41792666859
41792666991
41792666952
41792666794
41792666909
41792666835
41792666896
41792666833
41792666993
41792666580
41792666992
41792666996
41792666603
41792666756
41792666808
41792660000
41792660002
41792660024
41792660031
41792660011
41792660026
41792660003
41792660005
41792660012
41792660007
41792660030
41792660014
41792660006
41792660021
41792660022
41792660009
41792660018
41792660015
41792660033
41792660020
41792660029
41792660025
41792660016
41792660008
41792660023
41792660032
41792660053
41792660063
41792660066
41792660110
41792660149
41792660188
41792660059
41792660308
41792660092
41792660041
41792660111
41792660042
41792660034
41792660046
41792660070
41792660212
41792660036
41792660084
41792660258
41792660139
41792660054
41792660294
41792660097
41792660064
41792660087
41792660108
41792660192
41792660146
41792660388
41792660069
41792660199
41792660236
41792660271
41792660244
41792660098
41792660182
41792660079
41792660050
41792660086
41792660286
41792660216
41792660152
41792660165
41792660080
41792660067
41792660173
41792660369
41792660058
41792660078
41792660068
41792660073
41792660260
41792660391
41792660077
41792660137
41792660047
41792660207
41792660366
41792660364
41792660290
41792660094
41792660037
41792660043
41792660497
41792660219
41792660299
41792660303
41792660422
41792660191
41792660634
41792660083
41792660124
41792660187
41792660105
41792660304
41792660406
41792660229
41792660195
41792660264
41792660454
41792660121
41792660382
41792660265
41792660257
41792660445
41792660302
41792660161
41792660243
41792660249
41792660319
41792660333
41792660131
41792660076
41792660397
41792660313
41792660546
41792660617
41792660325
41792660356
41792660208
41792660381
41792660755
41792660107
41792660413
41792660088
41792660100
41792660215
41792660449
41792660281
41792660277
41792660430
41792660351
41792660496
41792660353
41792660234
41792660268
41792660194
41792660791
41792660104
41792660155
41792660409
41792660159
41792660625
41792660400
41792660402
41792660525
41792660310
41792660910
41792660568
41792660806
41792660292
41792660246
41792660361
41792660504
41792660545
41792660436
41792660485
41792660151
41792660467
41792660685
41792660404
41792660530
41792660252
41792660363
41792660255
41792660435
41792660637
41792660096
41792660684
41792660390
41792660569
41792660563
41792660866
41792660228
41792660270
41792660709
41792660120
41792660334
41792660550
41792660614
41792660266
41792660564
41792660276
41792660312
41792660168
41792660261
41792660547
41792660636
41792660450
41792660432
41792660650
41792660204
41792660118
41792660386
41792660531
41792660101
41792660329
41792660247
41792660202
41792660500
41792660186
41792660476
41792660175
41792660157
41792660571
41792660463
41792660109
41792660612
41792660779
41792660575
41792660745
41792660256
41792660562
41792660703
41792660501
41792660635
41792660408
41792660389
41792660293
41792660633
41792660549
41792660702
41792660610
41792660125
41792660492
41792660682
41792660177
41792660189
41792660620
41792660707
41792660321
41792660254
41792660223
41792660731
41792660666
41792660528
41792660116
41792660882
41792660171
41792660474
41792660978
41792660446
41792660716
41792660487
41792660440
41792660602
41792660713
41792660301
41792660648
41792660576
41792660585
41792660407
41792660466
41792660282
41792660250
41792660419
41792660336
41792660185
41792660367
41792660148
41792660679
41792660810
41792660477
41792660349
41792660983
41792660878
41792660726
41792660275
41792660823
41792660176
41792660174
41792660989
41792660461
41792660206
41792660548
41792660316
41792660787
41792660720
41792660357
41792660274
41792660780
41792660845
41792660285
41792660665
41792660511
41792660643
41792660371
41792660621
41792660240
41792660560
41792660326
41792660868
41792660661
41792660227
41792660376
41792660411
41792660829
41792660936
41792660318
41792660721
41792660847
41792660646
41792660557
41792660344
41792660922
41792660790
41792660770
41792660320
41792660950
41792660473
41792660762
41792660519
41792660307
41792660629
41792660706
41792660916
41792660613
41792660251
41792660748
41792660453
41792660523
41792660834
41792660410
41792660306
41792660589
41792660618
41792660416
41792660833
41792660582
41792660538
41792660645
41792660681
41792660375
41792660489
41792660494
41792660933
41792660314
41792660583
41792660516
41792660926
41792660777
41792660786
41792660638
41792660478
41792660420
41792660697
41792660534
41792660493
41792660441
41792660809
41792660345
41792660960
41792660836
41792660800
41792660659
41792660724
41792660423
41792660903
41792660832
41792660680
41792660579
41792660664
41792660669
41792660412
41792660526
41792660686
41792660616
41792660581
41792660527
41792660807
41792660862
41792660831
41792660380
41792660904
41792660689
41792660693
41792660577
41792660818
41792660683
41792660609
41792660843
41792660764
41792660919
41792660631
41792660443
41792660837
41792660782
41792660808
41792660262
41792660484
41792660930
41792660607
41792660649
41792660864
41792660849
41792660719
41792660514
41792660678
41792660675
41792660701
41792660883
41792660798
41792660475
41792660885
41792660688
41792660872
41792660456
41792660865
41792660746
41792660877
41792660975
41792660828
41792660814
41792660884
41792660599
41792660942
41792660963
41792660718
41792660668
41792660784
41792660758
41792660894
41792660533
41792660556
41792660593
41792660743
41792660840
41792660327
41792660591
41792660558
41792660619
41792660273
41792660747
41792660595
41792660794
41792660269
41792660486
41792660687
41792660332
41792660937
41792660522
41792660427
41792660642
41792660385
41792660915
41792660844
41792660827
41792660908
41792660601
41792660291
41792660641
41792660912
41792660482
41792660931
41792660765
41792660957
41792660392
41792660592
41792660839
41792660584
41792660672
41792660632
41792660379
41792660712
41792660695
41792660855
41792660732
41792660596
41792660914
41792660970
41792660624
41792660906
41792660508
41792660820
41792660594
41792660907
41792660535
41792660788
41792660360
41792660399
41792660886
41792660783
41792660517
41792660986
41792660655
41792660384
41792660699
41792660822
41792660767
41792660861
41792660711
41792660505
41792660838
41792660851
41792660905
41792660959
41792660651
41792660967
41792660993
41792660934
41792660676
41792660821
41792660929
41792660346
41792660615
41792660667
41792660972
41792660768
41792660969
41792660753
41792660759
41792660982
41792660879
41792660744
41792660451
41792660472
41792660424
41792660793
41792660710
41792660939
41792660729
41792660995
41792660801
41792660913
41792660749
41792660974
41792660769
41792660945
41792660935
41792660901
41792660976
41792660977
41792660774
41792660997
41792660708
41792660952
41792660580
41792660816
41792660854
41792660700
41792660705
41792660981
41792660927
41792660991
41792660880
41792660605
41792660985
41792660722
41792660802
41792660954
41792660858
41792660799
41792660811
41792660796
41792660911
41792660727
41792660763
41792660846
41792660756
41792660874
41792660812
41792660943
41792660871
41792660984
41792660918
41792660717
41792660471
41792660900
41792660573
41792660994
41792660611
41792660961
41792660704
41792660804
41792660923
41792660442
41792660757
41792660776
41792660873
41792660941
41792660600
41792660772
41792660819
41792660826
41792660902
41792669000
41792669004
41792669021
41792669002
41792669019
41792669029
41792669003
41792669013
41792669023
41792669011
41792669026
41792669007
41792669008
41792669001
41792669012
41792669017
41792669009
41792669033
41792669006
41792669032
41792669015
41792669041
41792669054
41792669070
41792669078
41792669094
41792669106
41792669109
41792669144
41792669035
41792669234
41792669386
41792669034
41792669063
41792669038
41792669068
41792669098
41792669100
41792669278
41792669146
41792669075
41792669079
41792669080
41792669176
41792669232
41792669155
41792669251
41792669437
41792669195
41792669051
41792669380
41792669046
41792669123
41792669217
41792669374
41792669115
41792669381
41792669530
41792669296
41792669037
41792669156
41792669228
41792669112
41792669057
41792669175
41792669049
41792669036
41792669073
41792669093
41792669061
41792669173
41792669090
41792669223
41792669097
41792669519
41792669062
41792669134
41792669198
41792669050
41792669114
41792669262
41792669258
41792669154
41792669235
41792669065
41792669184
41792669138
41792669283
41792669048
41792669304
41792669693
41792669197
41792669102
41792669343
41792669356
41792669218
41792669088
41792669212
41792669016
41792669162
41792669471
41792669494
41792669220
41792669474
41792669257
41792669237
41792669709
41792669205
41792669143
41792669488
41792669558
41792669464
41792669744
41792669476
41792669456
41792669230
41792669436
41792669246
41792669522
41792669632
41792669135
41792669147
41792669040
41792669521
41792669219
41792669241
41792669683
41792669463
41792669187
41792669116
41792669226
41792669267
41792669214
41792669281
41792669222
41792669602
41792669485
41792669161
41792669119
41792669835
41792669284
41792669290
41792669614
41792669372
41792669325
41792669131
41792669171
41792669334
41792669563
41792669777
41792669229
41792669276
41792669946
41792669379
41792669299
41792669170
41792669942
41792669288
41792669421
41792669473
41792669174
41792669582
41792669207
41792669529
41792669312
41792669179
41792669966
41792669412
41792669711
41792669256
41792669988
41792669199
41792669496
41792669790
41792669741
41792669140
41792669315
41792669736
41792669642
41792669544
41792669362
41792669690
41792669764
41792669839
41792669576
41792669669
41792669363
41792669554
41792669233
41792669624
41792669448
41792669450
41792669468
41792669297
41792669610
41792669300
41792669824
41792669308
41792669460
41792669352
41792669245
41792669243
41792669136
41792669358
41792669681
41792669865
41792669910
41792669359
41792669371
41792669980
41792669268
41792669280
41792669477
41792669754
41792669396
41792669141
41792669900
41792669651
41792669227
41792669429
41792669843
41792669327
41792669465
41792669591
41792669566
41792669531
41792669682
41792669452
41792669621
41792669291
41792669378
41792669338
41792669644
41792669906
41792669837
41792669956
41792669204
41792669908
41792669404
41792669275
41792669702
41792669336
41792669190
41792669608
41792669898
41792669969
41792669520
41792669417
41792669439
41792669252
41792669820
41792669528
41792669383
41792669722
41792669213
41792669993
41792669457
41792669298
41792669780
41792669329
41792669877
41792669964
41792669810
41792669459
41792669511
41792669209
41792669667
41792669715
41792669919
41792669719
41792669355
41792669510
41792669354
41792669541
41792669767
41792669384
41792669584
41792669912
41792669422
41792669571
41792669360
41792669470
41792669934
41792669411
41792669587
41792669691
41792669361
41792669688
41792669740
41792669492
41792669892
41792669730
41792669320
41792669911
41792669335
41792669952
41792669834
41792669745
41792669920
41792669435
41792669941
41792669453
41792669506
41792669864
41792669491
41792669787
41792669487
41792669401
41792669503
41792669341
41792669467
41792669598
41792669975
41792669932
41792669353
41792669502
41792669466
41792669438
41792669444
41792669939
41792669489
41792669867
41792669926
41792669884
41792669698
41792669600
41792669936
41792669538
41792669656
41792669746
41792669766
41792669967
41792669829
41792669579
41792669671
41792669447
41792669631
41792669680
41792669997
41792669636
41792669798
41792669660
41792669590
41792669965
41792669761
41792669505
41792669772
41792669992
41792669836
41792669655
41792669643
41792669391
41792669832
41792669957
41792669930
41792669419
41792669672
41792669755
41792669871
41792669526
41792669773
41792669914
41792669394
41792669616
41792669924
41792669585
41792669557
41792669583
41792669808
41792669987
41792669366
41792669527
41792669678
41792669318
41792669697
41792669716
41792669731
41792669562
41792669567
41792669995
41792669533
41792669418
41792669542
41792669400
41792669799
41792669497
41792669692
41792669732
41792669604
41792669828
41792669779
41792669800
41792669626
41792669876
41792669774
41792669844
41792669630
41792669398
41792669675
41792669647
41792669580
41792669676
41792669472
41792669783
41792669568
41792669927
41792669962
41792669826
41792669878
41792669577
41792669430
41792669700
41792669728
41792669811
41792669739
41792669982
41792669662
41792669943
41792669887
41792669862
41792669894
41792669905
41792669954
41792669903
41792669794
41792669833
41792669763
41792669863
41792669935
41792669870
41792669785
41792669640
41792669918
41792669652
41792669978
41792669861
41792669564
41792669748
41792669973
41792669923
41792669849
41792669948
41792669718
41792669756
41792669931
41792669815
41792669945
41792669881
41792669831
41792669947
41792669856
41792669896
41792669817
41792669874
41792669725
41792669938
41792669851
41792669859
41792669758
41792669847
41792669889
41792669921
41792669668
41792669990
41792669904
41792669089
41792669949
41792669933
41792669963
41792669206
41792669972
41792669977
41792669959
41792669440
41792663000
41792663021
41792663026
41792663024
41792663004
41792663019
41792663023
41792663030
41792663016
41792663007
41792663032
41792663033
41792663001
41792663027
41792663011
41792663003
41792663002
41792663020
41792663005
41792663022
41792663010
41792663060
41792663046
41792663054
41792663078
41792663069
41792663062
41792663067
41792663108
41792663113
41792663116
41792663133
41792663228
41792663083
41792663086
41792663093
41792663098
41792663034
41792663070
41792663148
41792663109
41792663316
41792663177
41792663164
41792663110
41792663052
41792663095
41792663235
41792663099
41792663040
41792663074
41792663126
41792663280
41792663045
41792663150
41792663092
41792663118
41792663162
41792663138
41792663043
41792663358
41792663372
41792663185
41792663130
41792663073
41792663216
41792663180
41792663056
41792663047
41792663225
41792663146
41792663125
41792663049
41792663157
41792663087
41792663238
41792663317
41792663128
41792663140
41792663102
41792663335
41792663283
41792663039
41792663467
41792663050
41792663160
41792663202
41792663182
41792663171
41792663206
41792663444
41792663218
41792663127
41792663107
41792663247
41792663609
41792663170
41792663183
41792663103
41792663347
41792663261
41792663129
41792663145
41792663303
41792663586
41792663215
41792663124
41792663279
41792663426
41792663523
41792663041
41792663213
41792663401
41792663077
41792663181
41792663604
41792663224
41792663366
41792663292
41792663211
41792663433
41792663345
41792663300
41792663237
41792663189
41792663048
41792663058
41792663255
41792663277
41792663407
41792663289
41792663143
41792663154
41792663350
41792663132
41792663290
41792663331
41792663250
41792663339
41792663360
41792663153
41792663226
41792663106
41792663666
41792663643
41792663324
41792663527
41792663516
41792663178
41792663230
41792663244
41792663514
41792663217
41792663193
41792663435
41792663165
41792663248
41792663369
41792663131
41792663605
41792663068
41792663275
41792663286
41792663443
41792663051
41792663232
41792663265
41792663210
41792663304
41792663119
41792663330
41792663322
41792663371
41792663278
41792663172
41792663340
41792663163
41792663364
41792663079
41792663120
41792663267
41792663414
41792663298
41792663233
41792663243
41792663378
41792663336
41792663568
41792663741
41792663284
41792663333
41792663787
41792663134
41792663343
41792663389
41792663506
41792663349
41792663559
41792663590
41792663151
41792663400
41792663416
41792663315
41792663245
41792663646
41792663449
41792663455
41792663379
41792663543
41792663257
41792663313
41792663456
41792663220
41792663637
41792663686
41792663242
41792663768
41792663302
41792663239
41792663563
41792663246
41792663466
41792663728
41792663647
41792663941
41792663374
41792663480
41792663503
41792663613
41792663505
41792663375
41792663445
41792663454
41792663471
41792663656
41792663890
41792663843
41792663332
41792663669
41792663234
41792663327
41792663101
41792663388
41792663393
41792663930
41792663648
41792663671
41792663562
41792663121
41792663601
41792663432
41792663538
41792663241
41792663411
41792663461
41792663307
41792663485
41792663231
41792663175
41792663481
41792663422
41792663573
41792663716
41792663452
41792663622
41792663269
41792663678
41792663159
41792663626
41792663166
41792663219
41792663448
41792663614
41792663893
41792663474
41792663200
41792663541
41792663555
41792663105
41792663625
41792663428
41792663682
41792663594
41792663876
41792663199
41792663644
41792663938
41792663659
41792663788
41792663606
41792663894
41792663804
41792663556
41792663627
41792663408
41792663977
41792663487
41792663530
41792663704
41792663499
41792663579
41792663091
41792663621
41792663896
41792663911
41792663510
41792663677
41792663147
41792663484
41792663828
41792663645
41792663356
41792663700
41792663311
41792663972
41792663865
41792663329
41792663588
41792663252
41792663661
41792663520
41792663236
41792663402
41792663785
41792663651
41792663273
41792663655
41792663650
41792663775
41792663469
41792663852
41792663905
41792663707
41792663357
41792663802
41792663612
41792663531
41792663986
41792663209
41792663859
41792663504
41792663229
41792663502
41792663667
41792663477
41792663439
41792663570
41792663297
41792663352
41792663500
41792663437
41792663288
41792663587
41792663636
41792663665
41792663521
41792663860
41792663881
41792663464
41792663918
41792663679
41792663698
41792663886
41792663580
41792663582
41792663967
41792663699
41792663420
41792663508
41792663711
41792663535
41792663509
41792663933
41792663836
41792663745
41792663603
41792663778
41792663549
41792663566
41792663689
41792663370
41792663772
41792663660
41792663912
41792663748
41792663406
41792663903
41792663830
41792663948
41792663585
41792663825
41792663526
41792663447
41792663036
41792663546
41792663342
41792663868
41792663628
41792663966
41792663777
41792663984
41792663794
41792663382
41792663811
41792663870
41792663201
41792663453
41792663323
41792663492
41792663727
41792663459
41792663970
41792663554
41792663900
41792663377
41792663674
41792663565
41792663518
41792663472
41792663425
41792663429
41792663635
41792663806
41792663673
41792663889
41792663567
41792663923
41792663662
41792663441
41792663262
41792663629
41792663258
41792663936
41792663697
41792663909
41792663770
41792663525
41792663873
41792663958
41792663668
41792663537
41792663988
41792663783
41792663501
41792663739
41792663726
41792663882
41792663158
41792663951
41792663260
41792663834
41792663769
41792663774
41792663791
41792663599
41792663684
41792663861
41792663917
41792663851
41792663844
41792663858
41792663553
41792663908
41792663862
41792663710
41792663914
41792663431
41792663749
41792663922
41792663756
41792663765
41792663390
41792663822
41792663829
41792663965
41792663847
41792663891
41792663717
41792663928
41792663902
41792663732
41792663287
41792663959
41792663569
41792663460
41792663759
41792663515
41792663595
41792663630
41792663888
41792663855
41792663815
41792663952
41792663430
41792663702
41792663723
41792663947
41792663841
41792663799
41792663883
41792663824
41792663954
41792663980
41792663869
41792663169
41792663985
41792663557
41792663571
41792663879
41792663532
41792663598
41792663837
41792663895
41792663835
41792663642
41792663633
41792663924
41792663877
41792663773
41792663971
41792663816
41792663478
41792663685
41792663494
41792663994
41792663976
41792663981
41792663690
41792663524
41792663813
41792663942
41792663552
41792663693
41792663901
41792663575
41792663961
41792663931
41792663577
41792663808
41792663724
41792663956
41792663839
41792663854
41792663576
41792663885
41792663602
41792663766
41792663746
41792663664
41792663863
41792663752
41792663857
41792663943
41792663818
41792663950
41792663736
41792663937
41792663784
41792663856
41792663925
41792663842
41792663743
41792663755
41792663782
41792663483
41792663491
41792663729
41792661027
41792661025
41792661016
41792661005
41792661022
41792661010
41792661001
41792661006
41792661003
41792661013
41792661011
41792661009
41792661032
41792661023
41792661014
41792661030
41792661026
41792661018
41792661021
41792661004
41792661015
41792661007
41792661029
41792661042
41792661110
41792661129
41792661056
41792661073
41792661119
41792661046
41792661034
41792661055
41792661068
41792661040
41792661048
41792661044
41792661050
41792661051
41792661070
41792661177
41792661079
41792661107
41792661163
41792661033
41792661123
41792661057
41792661131
41792661133
41792661102
41792661154
41792661144
41792661143
41792661043
41792661121
41792661039
41792661086
41792661041
41792661062
41792661157
41792661260
41792661151
41792661108
41792661251
41792661084
41792661162
41792661099
41792661279
41792661215
41792661066
41792661093
41792661112
41792661216
41792661081
41792661200
41792661234
41792661150
41792661243
41792661053
41792661202
41792661219
41792661061
41792661049
41792661261
41792661035
41792661284
41792661201
41792661149
41792661198
41792661082
41792661180
41792661095
41792661223
41792661116
41792661345
41792661305
41792661230
41792661128
41792661296
41792661060
41792661186
41792661161
41792661078
41792661236
41792661221
41792661176
41792661222
41792661319
41792661076
41792661314
41792661290
41792661130
41792661083
41792661330
41792661063
41792661101
41792661125
41792661293
41792661153
41792661036
41792661147
41792661104
41792661140
41792661148
41792661172
41792661114
41792661117
41792661054
41792661164
41792661334
41792661105
41792661091
41792661118
41792661077
41792661242
41792661059
41792661185
41792661252
41792661309
41792661287
41792661207
41792661342
41792661139
41792661165
41792661275
41792661322
41792661288
41792661193
41792661166
41792661111
41792661191
41792661094
41792661274
41792661311
41792661259
41792661245
41792661127
41792661321
41792661336
41792661181
41792661257
41792661156
41792661197
41792661183
41792661088
41792661229
41792661231
41792661120
41792661113
41792661272
41792661270
41792661213
41792661169
41792661210
41792661179
41792661080
41792661168
41792661248
41792661289
41792661206
41792661262
41792661220
41792661247
41792661106
41792661237
41792661235
41792661211
41792661155
41792661347
41792661294
41792661145
41792661218
41792661100
41792661335
41792661324
41792661208
41792661280
41792661225
41792661340
41792661292
41792661244
41792661338
41792661256
41792661132
41792661267
41792661212
41792661142
41792661325
41792661240
41792661328
41792661301
41792661318
41792661369
41792661360
41792661366
41792661377
41792661357
41792661351
41792661370
41792661381
41792661382
41792661380
41792661365
41792661361
41792661372
41792661371
41792661353
41792661379
41792661398
41792661455
41792661404
41792661576
41792661492
41792661413
41792661510
41792661423
41792661417
41792661428
41792661536
41792661436
41792661563
41792661392
41792661463
41792661458
41792661507
41792661490
41792661499
41792661487
41792661451
41792661387
41792661429
41792661431
41792661459
41792661432
41792661557
41792661573
41792661446
41792661440
41792661384
41792661633
41792661566
41792661426
41792661541
41792661644
41792661488
41792661452
41792661638
41792661415
41792661414
41792661628
41792661579
41792661597
41792661461
41792661407
41792661580
41792661412
41792661386
41792661516
41792661631
41792661435
41792661448
41792661524
41792661434
41792661517
41792661612
41792661588
41792661696
41792661495
41792661531
41792661540
41792661529
41792661425
41792661662
41792661620
41792661570
41792661535
41792661680
41792661577
41792661635
41792661595
41792661679
41792661401
41792661565
41792661433
41792661397
41792661582
41792661657
41792661480
41792661424
41792661688
41792661482
41792661561
41792661466
41792661478
41792661411
41792661477
41792661559
41792661660
41792661408
41792661489
41792661676
41792661640
41792661523
41792661677
41792661474
41792661449
41792661544
41792661470
41792661616
41792661438
41792661687
41792661598
41792661567
41792661518
41792661476
41792661514
41792661537
41792661683
41792661668
41792661549
41792661543
41792661664
41792661639
41792661481
41792661527
41792661602
41792661430
41792661694
41792661604
41792661450
41792661509
41792661674
41792661646
41792661652
41792661530
41792661666
41792661555
41792661493
41792661456
41792661618
41792661614
41792661619
41792661416
41792661691
41792661667
41792661629
41792661594
41792661515
41792661504
41792661560
41792661511
41792661609
41792661642
41792661520
41792661613
41792661647
41792661653
41792661698
41792661486
41792661581
41792661574
41792661583
41792661671
41792661649
41792661600
41792661589
41792661606
41792661682
41792661645
41792661648
41792661575
41792661705
41792661716
41792661710
41792661719
41792661728
41792661701
41792661722
41792661720
41792661707
41792661711
41792661721
41792661718
41792661702
41792661730
41792661703
41792661723
41792661725
41792661760
41792661750
41792661759
41792661757
41792661740
41792661753
41792661743
41792661734
41792661749
41792661739
41792661752
41792661744
41792661736
41792661843
41792661804
41792661773
41792661778
41792661770
41792661771
41792661795
41792661801
41792661819
41792661824
41792661814
41792661811
41792661777
41792661825
41792661837
41792661803
41792661783
41792661767
41792661769
41792661780
41792661841
41792661835
41792661784
41792661842
41792661840
41792661800
41792661797
41792661772
41792661799
41792661785
41792661822
41792661774
41792661776
41792661765
41792661833
41792661836
41792661788
41792661849
41792661791
41792661802
41792661818
41792661828
41792661831
41792661865
41792661870
41792661852
41792661888
41792661860
41792661856
41792661873
41792661874
41792661858
41792661866
41792661876
41792661903
41792661911
41792661881
41792661872
41792661908
41792661905
41792661868
41792661878
41792661901
41792661880
41792661890
41792661886
41792661889
41792661893
41792661871
41792661894
41792661859
41792661910
41792661891
41792661904
41792661899
41792661925
41792661931
41792661946
41792661927
41792661921
41792661973
41792661929
41792661958
41792661974
41792661969
41792661939
41792661917
41792661923
41792661912
41792661913
41792661972
41792661926
41792661975
41792661953
41792661959
41792661962
41792661922
41792661965
41792661980
41792661992
41792661971
41792661996
41792661961
41792661976
41792661915
41792661916
41792661934
41792661937
41792661920
41792661985
41792661957
41792661938
41792661960
41792661919
41792661967
41792661963
41792661964
41792661932
41792661995
41792661981
41792661933
41792661966
41792662000
41792662002
41792662008
41792662013
41792662003
41792662007
41792662031
41792662027
41792662028
41792662009
41792662020
41792662001
41792662021
41792662029
41792662026
41792662011
41792662024
41792662025
41792662014
41792662005
41792662023
41792662006
41792662032
41792662143
41792662168
41792662046
41792662126
41792662177
41792662094
41792662092
41792662117
41792662206
41792662127
41792662103
41792662049
41792662102
41792662048
41792662044
41792662076
41792662065
41792662115
41792662085
41792662210
41792662057
41792662124
41792662066
41792662130
41792662121
41792662340
41792662133
41792662033
41792662249
41792662150
41792662156
41792662274
41792662311
41792662120
41792662101
41792662305
41792662109
41792662330
41792662151
41792662215
41792662139
41792662135
41792662070
41792662098
41792662327
41792662064
41792662285
41792662081
41792662091
41792662067
41792662055
41792662040
41792662111
41792662097
41792662231
41792662142
41792662089
41792662202
41792662107
41792662281
41792662336
41792662213
41792662063
41792662035
41792662244
41792662221
41792662162
41792662078
41792662051
41792662186
41792662304
41792662333
41792662260
41792662297
41792662082
41792662147
41792662234
41792662176
41792662287
41792662093
41792662323
41792662225
41792662227
41792662319
41792662116
41792662090
41792662196
41792662341
41792662266
41792662295
41792662074
41792662250
41792662272
41792662233
41792662267
41792662205
41792662175
41792662171
41792662114
41792662146
41792662104
41792662137
41792662315
41792662255
41792662252
41792662188
41792662312
41792662219
41792662136
41792662223
41792662224
41792662158
41792662262
41792662128
41792662053
41792662235
41792662337
41792662141
41792662061
41792662282
41792662174
41792662096
41792662242
41792662222
41792662271
41792662119
41792662211
41792662169
41792662154
41792662314
41792662184
41792662299
41792662289
41792662256
41792662248
41792662152
41792662290
41792662062
41792662278
41792662339
41792662286
41792662303
41792662192
41792662204
41792662288
41792662191
41792662273
41792662179
41792662214
41792662245
41792662309
41792662300
41792662268
41792662197
41792662324
41792662292
41792662232
41792662187
41792662328
41792662226
41792662220
41792662203
41792662313
41792662185
41792662316
41792662258
41792662284
41792662360
41792662377
41792662355
41792662352
41792662362
41792662365
41792662371
41792662372
41792662373
41792662364
41792662367
41792662379
41792662369
41792662376
41792662382
41792662381
41792662353
41792662351
41792662366
41792662380
41792662359
41792662356
41792662532
41792662397
41792662413
41792662561
41792662420
41792662406
41792662466
41792662467
41792662390
41792662383
41792662453
41792662416
41792662418
41792662424
41792662425
41792662436
41792662428
41792662445
41792662457
41792662440
41792662472
41792662387
41792662409
41792662411
41792662523
41792662479
41792662434
41792662542
41792662571
41792662459
41792662628
41792662507
41792662558
41792662521
41792662519
41792662648
41792662421
41792662565
41792662455
41792662622
41792662586
41792662536
41792662579
41792662624
41792662427
41792662617
41792662649
41792662414
41792662665
41792662458
41792662447
41792662626
41792662686
41792662553
41792662551
41792662557
41792662454
41792662438
41792662594
41792662441
41792662389
41792662446
41792662618
41792662484
41792662489
41792662679
41792662432
41792662513
41792662638
41792662560
41792662469
41792662452
41792662401
41792662569
41792662474
41792662442
41792662465
41792662592
41792662394
41792662636
41792662530
41792662388
41792662537
41792662404
41792662631
41792662615
41792662678
41792662552
41792662554
41792662508
41792662468
41792662426
41792662562
41792662693
41792662437
41792662408
41792662580
41792662422
41792662510
41792662673
41792662637
41792662544
41792662478
41792662602
41792662490
41792662443
41792662462
41792662675
41792662577
41792662591
41792662600
41792662632
41792662564
41792662512
41792662661
41792662650
41792662644
41792662559
41792662674
41792662487
41792662585
41792662611
41792662491
41792662509
41792662481
41792662555
41792662682
41792662684
41792662657
41792662505
41792662556
41792662566
41792662660
41792662473
41792662620
41792662515
41792662549
41792662596
41792662546
41792662483
41792662518
41792662570
41792662601
41792662654
41792662450
41792662494
41792662581
41792662605
41792662606
41792662676
41792662616
41792662526
41792662641
41792662482
41792662613
41792662527
41792662609
41792662614
41792662698
41792662645
41792662621
41792662662
41792662540
41792662582
41792662529
41792662543
41792662664
41792662691
41792662623
41792662690
41792662533
41792662504
41792662610
41792662697
41792662576
41792662578
41792662593
41792662642
41792662719
41792662725
41792662715
41792662726
41792662729
41792662700
41792662713
41792662723
41792662720
41792662711
41792662707
41792662717
41792662705
41792662724
41792662731
41792662765
41792662746
41792662755
41792662760
41792662764
41792662745
41792662790
41792662743
41792662732
41792662738
41792662779
41792662786
41792662791
41792662748
41792662753
41792662784
41792662737
41792662787
41792662761
41792662767
41792662751
41792662775
41792662747
41792662777
41792662770
41792662780
41792662754
41792662774
41792662811
41792662815
41792662810
41792662852
41792662807
41792662800
41792662804
41792662835
41792662802
41792662825
41792662824
41792662831
41792662820
41792662842
41792662816
41792662843
41792662850
41792662830
41792662794
41792662833
41792662817
41792662828
41792662834
41792662849
41792662844
41792662874
41792662894
41792662855
41792662853
41792662877
41792662884
41792662907
41792662905
41792662911
41792662868
41792662871
41792662864
41792662862
41792662900
41792662899
41792662885
41792662879
41792662866
41792662854
41792662888
41792662856
41792662873
41792662903
41792662870
41792662890
41792662861
41792662889
41792662895
41792662901
41792662906
41792662875
41792662865
41792662908
41792662915
41792662940
41792662956
41792662927
41792662914
41792662923
41792662922
41792662934
41792662964
41792662926
41792662924
41792662939
41792662916
41792662937
41792662961
41792662967
41792662954
41792662957
41792662944
41792662912
41792662919
41792662920
41792662932
41792662925
41792662938
41792662917
41792662969
41792662965
41792662946
41792662930
41792662948
41792662918
41792662963
41792662952
41792662980
41792662976
41792662987
41792662978
41792662988
41792662989
41792662994
41792662971
41792662973
41792662991
41792662999
41792662984
41792662982
41792662992
41792662986
41792668017
41792668031
41792668002
41792668015
41792668030
41792668029
41792668004
41792668001
41792668023
41792668028
41792668020
41792668019
41792668011
41792668032
41792668006
41792668101
41792668169
41792668177
41792668042
41792668061
41792668040
41792668090
41792668102
41792668097
41792668010
41792668100
41792668121
41792668149
41792668163
41792668046
41792668205
41792668073
41792668190
41792668243
41792668227
41792668283
41792668012
41792668037
41792668044
41792668049
41792668083
41792668305
41792668308
41792668228
41792668127
41792668050
41792668068
41792668256
41792668082
41792668162
41792668202
41792668089
41792668086
41792668284
41792668024
41792668051
41792668070
41792668038
41792668066
41792668033
41792668164
41792668064
41792668184
41792668139
41792668404
41792668034
41792668039
41792668480
41792668126
41792668275
41792668191
41792668129
41792668203
41792668347
41792668135
41792668130
41792668317
41792668134
41792668244
41792668316
41792668183
41792668268
41792668113
41792668343
41792668405
41792668099
41792668388
41792668055
41792668156
41792668290
41792668058
41792668252
41792668373
41792668157
41792668261
41792668182
41792668104
41792668112
41792668332
41792668131
41792668193
41792668048
41792668059
41792668207
41792668185
41792668287
41792668056
41792668107
41792668273
41792668304
41792668281
41792668240
41792668052
41792668374
41792668364
41792668356
41792668062
41792668210
41792668238
41792668120
41792668402
41792668389
41792668438
41792668358
41792668211
41792668081
41792668444
41792668479
41792668403
41792668604
41792668477
41792668306
41792668318
41792668365
41792668454
41792668590
41792668155
41792668265
41792668091
41792668253
41792668137
41792668753
41792668167
41792668247
41792668815
41792668331
41792668370
41792668084
41792668345
41792668600
41792668717
41792668293
41792668300
41792668488
41792668506
41792668489
41792668221
41792668360
41792668729
41792668429
41792668145
41792668551
41792668215
41792668128
41792668422
41792668808
41792668138
41792668263
41792668428
41792668294
41792668598
41792668095
41792668414
41792668260
41792668515
41792668474
41792668647
41792668719
41792668212
41792668362
41792668609
41792668328
41792668213
41792668462
41792668584
41792668554
41792668144
41792668381
41792668814
41792668384
41792668181
41792668409
41792668513
41792668742
41792668242
41792668175
41792668532
41792668248
41792668832
41792668854
41792668397
41792668543
41792668225
41792668392
41792668166
41792668452
41792668278
41792668855
41792668400
41792668619
41792668707
41792668534
41792668458
41792668259
41792668700
41792668312
41792668303
41792668410
41792668500
41792668232
41792668334
41792668710
41792668366
41792668390
41792668828
41792668538
41792668421
41792668301
41792668615
41792668651
41792668750
41792668524
41792668868
41792668786
41792668614
41792668682
41792668394
41792668727
41792668537
41792668179
41792668672
41792668612
41792668475
41792668485
41792668983
41792668220
41792668473
41792668254
41792668918
41792668217
41792668239
41792668535
41792668354
41792668514
41792668646
41792668282
41792668201
41792668847
41792668469
41792668621
41792668353
41792668678
41792668419
41792668689
41792668257
41792668625
41792668790
41792668209
41792668536
41792668498
41792668377
41792668744
41792668483
41792668456
41792668758
41792668886
41792668423
41792668679
41792668596
41792668457
41792668686
41792668437
41792668572
41792668482
41792668272
41792668339
41792668779
41792668314
41792668674
41792668699
41792668575
41792668235
41792668752
41792668142
41792668974
41792668352
41792668267
41792668669
41792668812
41792668250
41792668799
41792668601
41792668592
41792668523
41792668512
41792668574
41792668761
41792668791
41792668856
41792668431
41792668165
41792668231
41792668852
41792668222
41792668449
41792668424
41792668885
41792668450
41792668490
41792668726
41792668229
41792668627
41792668739
41792668873
41792668550
41792668837
41792668724
41792668660
41792668529
41792668769
41792668439
41792668807
41792668714
41792668909
41792668749
41792668931
41792668676
41792668426
41792668622
41792668696
41792668756
41792668292
41792668806
41792668335
41792668461
41792668813
41792668465
41792668859
41792668233
41792668606
41792668673
41792668443
41792668636
41792668340
41792668005
41792668788
41792668412
41792668747
41792668396
41792668466
41792668725
41792668386
41792668822
41792668468
41792668528
41792668690
41792668939
41792668821
41792668703
41792668610
41792668433
41792668994
41792668459
41792668862
41792668870
41792668478
41792668883
41792668820
41792668594
41792668751
41792668949
41792668801
41792668432
41792668624
41792668921
41792668957
41792668517
41792668763
41792668620
41792668778
41792668956
41792668942
41792668826
41792668508
41792668716
41792668618
41792668327
41792668944
41792668481
41792668521
41792668510
41792668568
41792668721
41792668767
41792668666
41792668492
41792668840
41792668863
41792668662
41792668310
41792668890
41792668526
41792668988
41792668923
41792668723
41792668836
41792668471
41792668667
41792668834
41792668603
41792668718
41792668803
41792668775
41792668877
41792668587
41792668395
41792668809
41792668936
41792668617
41792668964
41792668648
41792668932
41792668442
41792668746
41792668920
41792668519
41792668848
41792668990
41792668901
41792668961
41792668659
41792668675
41792668948
41792668687
41792668789
41792668934
41792668845
41792668633
41792668745
41792668819
41792668800
41792668816
41792668794
41792668935
41792668962
41792668607
41792668670
41792668630
41792668704
41792668844
41792668582
41792668309
41792668907
41792668251
41792668915
41792668520
41792668843
41792668811
41792668899
41792668671
41792668910
41792668914
41792668781
41792668611
41792668951
41792668613
41792668904
41792668857
41792668833
41792668876
41792668774
41792668969
41792668785
41792668979
41792668911
41792668539
41792668322
41792668945
41792668829
41792668279
41792668685
41792668884
41792668838
41792668986
41792668850
41792668925
41792668371
41792668952
41792668841
41792668712
41792668484
41792668867
41792668992
41792668570
41792668943
41792668981
41792668652
41792668972
41792668893
41792668975
41792668683
41792668709
41792668933
41792668818
41792668849
41792668950
41792668966
41792667010
41792667011
41792667027
41792667032
41792667026
41792667020
41792667024
41792667002
41792667028
41792667008
41792667025
41792667029
41792667007
41792667001
41792667005
41792667006
41792667009
41792667013
41792667018
41792667065
41792667086
41792667191
41792667034
41792667048
41792667037
41792667036
41792667043
41792667052
41792667102
41792667105
41792667134
41792667213
41792667169
41792667164
41792667242
41792667022
41792667044
41792667055
41792667082
41792667273
41792667282
41792667059
41792667114
41792667117
41792667077
41792667161
41792667041
41792667174
41792667038
41792667072
41792667099
41792667047
41792667049
41792667403
41792667042
41792667104
41792667286
41792667085
41792667068
41792667073
41792667118
41792667217
41792667122
41792667109
41792667207
41792667527
41792667233
41792667094
41792667260
41792667176
41792667051
41792667227
41792667330
41792667090
41792667268
41792667115
41792667249
41792667146
41792667067
41792667133
41792667261
41792667093
41792667180
41792667050
41792667334
41792667140
41792667327
41792667382
41792667056
41792667340
41792667064
41792667302
41792667078
41792667062
41792667154
41792667132
41792667222
41792667069
41792667314
41792667343
41792667481
41792667137
41792667147
41792667454
41792667341
41792667125
41792667362
41792667150
41792667218
41792667378
41792667173
41792667462
41792667338
41792667478
41792667300
41792667468
41792667504
41792667262
41792667095
41792667103
41792667179
41792667091
41792667294
41792667237
41792667360
41792667255
41792667230
41792667119
41792667307
41792667111
41792667061
41792667254
41792667145
41792667258
41792667101
41792667211
41792667429
41792667670
41792667539
41792667306
41792667679
41792667238
41792667809
41792667156
41792667200
41792667113
41792667127
41792667107
41792667424
41792667267
41792667789
41792667636
41792667523
41792667801
41792667489
41792667531
41792667399
41792667703
41792667475
41792667130
41792667329
41792667206
41792667616
41792667685
41792667388
41792667152
41792667324
41792667311
41792667570
41792667365
41792667363
41792667727
41792667202
41792667251
41792667350
41792667925
41792667182
41792667500
41792667464
41792667353
41792667181
41792667414
41792667199
41792667274
41792667404
41792667241
41792667141
41792667135
41792667541
41792667205
41792667289
41792667305
41792667151
41792667219
41792667560
41792667426
41792667153
41792667594
41792667557
41792667559
41792667257
41792667220
41792667379
41792667356
41792667425
41792667120
41792667335
41792667244
41792667833
41792667336
41792667167
41792667070
41792667376
41792667461
41792667515
41792667480
41792667692
41792667579
41792667157
41792667980
41792667561
41792667604
41792667332
41792667159
41792667777
41792667576
41792667310
41792667239
41792667608
41792667323
41792667373
41792667320
41792667538
41792667442
41792667525
41792667891
41792667116
41792667383
41792667676
41792667456
41792667646
41792667823
41792667195
41792667647
41792667509
41792667505
41792667487
41792667301
41792667528
41792667807
41792667344
41792667542
41792667375
41792667386
41792667187
41792667377
41792667516
41792667381
41792667549
41792667591
41792667354
41792667491
41792667503
41792667964
41792667198
41792667288
41792667436
41792667601
41792667342
41792667224
41792667578
41792667325
41792667184
41792667259
41792667240
41792667494
41792667183
41792667345
41792667470
41792667333
41792667337
41792667372
41792667765
41792667619
41792667189
41792667519
41792667162
41792667303
41792667309
41792667621
41792667597
41792667368
41792667466
41792667623
41792667626
41792667272
41792667641
41792667662
41792667724
41792667463
41792667756
41792667613
41792667447
41792667416
41792667961
41792667928
41792667738
41792667698
41792667563
41792667873
41792667421
41792667990
41792667805
41792667794
41792667726
41792667741
41792667339
41792667348
41792667767
41792667471
41792667318
41792667392
41792667279
41792667719
41792667208
41792667611
41792667989
41792667799
41792667315
41792667654
41792667275
41792667441
41792667245
41792667985
41792667680
41792667879
41792667899
41792667346
41792667966
41792667526
41792667472
41792667595
41792667451
41792667857
41792667225
41792667357
41792667387
41792667908
41792667635
41792667721
41792667493
41792667933
41792667644
41792667694
41792667316
41792667215
41792667568
41792667942
41792667520
41792667389
41792667919
41792667757
41792667710
41792667876
41792667411
41792667370
41792667402
41792667547
41792667650
41792667717
41792667351
41792667532
41792667444
41792667511
41792667467
41792667672
41792667759
41792667599
41792667548
41792667304
41792667748
41792667761
41792667798
41792667502
41792667236
41792667482
41792667714
41792667927
41792667834
41792667749
41792667439
41792667556
41792667781
41792667263
41792667838
41792667409
41792667589
41792667751
41792667849
41792667883
41792667882
41792667264
41792667428
41792667855
41792667931
41792667546
41792667731
41792667875
41792667405
41792667418
41792667602
41792667287
41792667770
41792667550
41792667709
41792667930
41792667780
41792667733
41792667787
41792667469
41792667492
41792667957
41792667742
41792667820
41792667638
41792667661
41792667322
41792667768
41792667740
41792667499
41792667917
41792667772
41792667490
41792667642
41792667571
41792667458
41792667675
41792667769
41792667716
41792667871
41792667779
41792667639
41792667371
41792667574
41792667566
41792667776
41792667673
41792667488
41792667477
41792667817
41792667858
41792667691
41792667881
41792667806
41792667870
41792667417
41792667410
41792667997
41792667415
41792667361
41792667867
41792667763
41792667955
41792667665
41792667979
41792667569
41792667852
41792667390
41792667868
41792667921
41792667909
41792667712
41792667420
41792667506
41792667850
41792667391
41792667649
41792667880
41792667773
41792667842
41792667408
41792667663
41792667551
41792667374
41792667812
41792667501
41792667946
41792667627
41792667513
41792667625
41792667606
41792667819
41792667976
41792667970
41792667943
41792667610
41792667854
41792667587
41792667704
41792667369
41792667872
41792667824
41792667393
41792667460
41792667920
41792667543
41792667435
41792667645
41792667624
41792667544
41792667760
41792667565
41792667900
41792667926
41792667554
41792667971
41792667808
41792667856
41792667814
41792667746
41792667632
41792667711
41792667648
41792667949
41792667702
41792667677
41792667732
41792667968
41792667977
41792667975
41792667988
41792667766
41792667832
41792667903
41792667816
41792667584
41792667786
41792667982
41792667950
41792667984
41792667851
41792667802
41792667906
41792667826
41792667951
41792667775
41792667660
41792667844
41792667800
41792667885
41792667915
41792667476
41792667791
41792667669
41792667750
41792667764
41792667890
41792667994
41792667935
41792667713
41792667963
41792667778
41792667952
41792667987
41792667553
41792667659
41792667864
41792667700
41792667981
41792667735
41792667803
41792667695
41792667754
41792667862
41792667940
41792667707
41792667696
41792667865
41792667811
41792667747
41792667863
41792667831
41792667715
41792667918
41792667939
41792667898
41792667869
41792667937
41792667910
41792667995
41792667956
41792667840
41792667978
41792667945
41792667830
41792667785
41792667893
41792667993
41792667907
41792667934
41792667924
