41794455000
41794455008
41794455021
41794455025
41794455010
41794455005
41794455002
41794455004
41794455031
41794455024
41794455003
41794455027
41794455006
41794455007
41794455009
41794455022
41794455030
41794455013
41794455029
41794455014
41794455051
41794455066
41794455052
41794455101
41794455104
41794455128
41794455140
41794455163
41794455132
41794455037
41794455087
41794455139
41794455152
41794455059
41794455055
41794455174
41794455076
41794455227
41794455122
41794455249
41794455072
41794455102
41794455115
41794455080
41794455158
41794455167
41794455094
41794455211
41794455150
41794455123
41794455217
41794455316
41794455223
41794455190
41794455050
41794455133
41794455221
41794455047
41794455213
41794455232
41794455081
41794455143
41794455048
41794455053
41794455071
41794455514
41794455074
41794455320
41794455079
41794455245
41794455054
41794455242
41794455561
41794455307
41794455127
41794455090
41794455470
41794455065
41794455193
41794455600
41794455105
41794455039
41794455028
41794455281
41794455113
41794455192
41794455049
41794455112
41794455058
41794455075
41794455312
41794455145
41794455093
41794455044
41794455235
41794455290
41794455111
41794455095
41794455168
41794455078
41794455131
41794455085
41794455202
41794455244
41794455107
41794455243
41794455130
41794455099
41794455036
41794455354
41794455061
41794455060
41794455257
41794455183
41794455194
41794455439
41794455179
41794455149
41794455239
41794455544
41794455172
41794455451
41794455219
41794455153
41794455114
41794455136
41794455454
41794455459
41794455377
41794455457
41794455400
41794455313
41794455188
41794455271
41794455311
41794455536
41794455381
41794455344
41794455088
41794455329
41794455205
41794455506
41794455040
41794455186
41794455137
41794455362
41794455231
41794455576
41794455598
41794455201
41794455250
41794455339
41794455399
41794455360
41794455758
41794455343
41794455414
41794455347
41794455578
41794455637
41794455359
41794455404
41794455422
41794455067
41794455532
41794455499
41794455110
41794455236
41794455124
41794455341
41794455308
41794455206
41794455599
41794455777
41794455892
41794455160
41794455276
41794455494
41794455269
41794455662
41794455465
41794455230
41794455096
41794455714
41794455533
41794455228
41794455340
41794455450
41794455811
41794455718
41794455289
41794455233
41794455416
41794455270
41794455092
41794455507
41794455789
41794455303
41794455575
41794455154
41794455204
41794455432
41794455275
41794455461
41794455694
41794455170
41794455151
41794455974
41794455135
41794455293
41794455185
41794455405
41794455434
41794455512
41794455748
41794455268
41794455413
41794455853
41794455220
41794455225
41794455203
41794455774
41794455302
41794455497
41794455068
41794455262
41794455333
41794455446
41794455886
41794455288
41794455118
41794455338
41794455816
41794455318
41794455369
41794455505
41794455178
41794455226
41794455365
41794455584
41794455200
41794455420
41794455191
41794455442
41794455702
41794455300
41794455571
41794455390
41794455604
41794455309
41794455386
41794455779
41794455840
41794455663
41794455502
41794455564
41794455634
41794455348
41794455264
41794455552
41794455278
41794455875
41794455515
41794455177
41794455540
41794455237
41794455768
41794455280
41794455645
41794455375
41794455648
41794455314
41794455477
41794455428
41794455682
41794455384
41794455425
41794455586
41794455508
41794455304
41794455525
41794455267
41794455431
41794455722
41794455601
41794455519
41794455296
41794455455
41794455458
41794455464
41794455332
41794455924
41794455378
41794455577
41794455673
41794455518
41794455556
41794455350
41794455335
41794455215
41794455294
41794455618
41794455687
41794455940
41794455546
41794455251
41794455641
41794455810
41794455453
41794455899
41794455421
41794455255
41794455409
41794455327
41794455709
41794455587
41794455990
41794455199
41794455730
41794455555
41794455388
41794455523
41794455161
41794455353
41794455471
41794455166
41794455368
41794455517
41794455760
41794455106
41794455535
41794455565
41794455483
41794455759
41794455319
41794455646
41794455951
41794455334
41794455489
41794455609
41794455620
41794455240
41794455945
41794455406
41794455664
41794455411
41794455547
41794455681
41794455524
41794455654
41794455889
41794455727
41794455793
41794455468
41794455346
41794455868
41794455890
41794455873
41794455460
41794455775
41794455815
41794455551
41794455573
41794455653
41794455666
41794455376
41794455797
41794455716
41794455891
41794455932
41794455387
41794455733
41794455671
41794455541
41794455254
41794455827
41794455258
41794455724
41794455861
41794455590
41794455900
41794455764
41794455665
41794455704
41794455299
41794455982
41794455585
41794455615
41794455330
41794455445
41794455855
41794455593
41794455773
41794455503
41794455616
41794455247
41794455812
41794455894
41794455306
41794455831
41794455735
41794455632
41794455355
41794455739
41794455382
41794455373
41794455570
41794455820
41794455623
41794455705
41794455692
41794455916
41794455642
41794455553
41794455282
41794455778
41794455435
41794455846
41794455630
41794455513
41794455562
41794455685
41794455717
41794455407
41794455385
41794455942
41794455660
41794455337
41794455857
41794455824
41794455328
41794455980
41794455607
41794455883
41794455567
41794455583
41794455975
41794455625
41794455274
41794455711
41794455326
41794455674
41794455698
41794455787
41794455954
41794455667
41794455720
41794455838
41794455401
41794455688
41794455957
41794455581
41794455628
41794455537
41794455372
41794455925
41794455484
41794455823
41794455969
41794455675
41794455430
41794455769
41794455830
41794455881
41794455859
41794455782
41794455697
41794455493
41794455447
41794455490
41794455403
41794455788
41794455352
41794455526
41794455770
41794455950
41794455712
41794455554
41794455744
41794455801
41794455657
41794455433
41794455776
41794455968
41794455486
41794455636
41794455680
41794455911
41794455374
41794455767
41794455763
41794455736
41794455983
41794455566
41794455656
41794455679
41794455832
41794455676
41794455844
41794455871
41794455897
41794455678
41794455606
41794455749
41794455948
41794455721
41794455638
41794455474
41794455842
41794455903
41794455847
41794455794
41794455963
41794455610
41794455715
41794455809
41794455955
41794455762
41794455550
41794455780
41794455997
41794455919
41794455828
41794455356
41794455914
41794455880
41794455960
41794455877
41794455658
41794455814
41794455771
41794455818
41794455841
41794455626
41794455972
41794455703
41794455835
41794455510
41794455485
41794455959
41794455488
41794455901
41794455985
41794455837
41794455927
41794455795
41794455936
41794455596
41794455509
41794455834
41794455965
41794455867
41794455689
41794455482
41794455792
41794455364
41794455745
41794455967
41794455683
41794455991
41794455516
41794455885
41794455931
41794455843
41794455845
41794455966
41794455987
41794455984
41794455677
41794455907
41794455976
41794455979
41794455973
41794455588
41794455988
41794455750
41794455938
41794455394
41794455848
41794455699
41794455864
41794455934
41794455949
41794455986
41794455849
41794455740
41794455992
41794455904
41794455887
41794455937
41794455713
41794455802
41794455765
41794455878
41794455876
41794455511
41794455970
41794455684
41794455910
41794455888
41794454000
41794454021
41794454019
41794454032
41794454003
41794454023
41794454018
41794454008
41794454002
41794454025
41794454026
41794454009
41794454024
41794454029
41794454020
41794454038
41794454078
41794454049
41794454036
41794454079
41794454087
41794454056
41794454082
41794454094
41794454335
41794454119
41794454172
41794454091
41794454174
41794454200
41794454131
41794454097
41794454243
41794454055
41794454248
41794454124
41794454311
41794454273
41794454105
41794454035
41794454046
41794454101
41794454143
41794454052
41794454274
41794454047
41794454303
41794454042
41794454106
41794454175
41794454068
41794454076
41794454206
41794454213
41794454072
41794454044
41794454098
41794454063
41794454189
41794454040
41794454365
41794454351
41794454450
41794454058
41794454109
41794454145
41794454033
41794454344
41794454298
41794454048
41794454138
41794454107
41794454039
41794454181
41794454086
41794454227
41794454062
41794454469
41794454104
41794454468
41794454268
41794454090
41794454065
41794454209
41794454237
41794454126
41794454594
41794454266
41794454285
41794454309
41794454480
41794454349
41794454129
41794454130
41794454392
41794454037
41794454050
41794454233
41794454066
41794454539
41794454559
41794454075
41794454171
41794454041
41794454193
41794454202
41794454123
41794454318
41794454427
41794454306
41794454743
41794454178
41794454183
41794454350
41794454611
41794454490
41794454354
41794454149
41794454220
41794454692
41794454120
41794454154
41794454179
41794454366
41794454185
41794454403
41794454431
41794454259
41794454163
41794454239
41794454115
41794454339
41794454161
41794454135
41794454598
41794454338
41794454045
41794454169
41794454689
41794454278
41794454288
41794454187
41794454217
41794454548
41794454675
41794454188
41794454382
41794454504
41794454602
41794454535
41794454240
41794454319
41794454289
41794454271
41794454345
41794454376
41794454125
41794454393
41794454128
41794454224
41794454114
41794454362
41794454389
41794454463
41794454746
41794454402
41794454328
41794454286
41794454371
41794454992
41794454251
41794454701
41794454458
41794454553
41794454509
41794454159
41794454334
41794454720
41794454772
41794454160
41794454195
41794454733
41794454394
41794454146
41794454844
41794454359
41794454497
41794454867
41794454637
41794454448
41794454141
41794454342
41794454455
41794454177
41794454655
41794454429
41794454583
41794454071
41794454653
41794454153
41794454419
41794454127
41794454092
41794454874
41794454412
41794454811
41794454426
41794454247
41794454326
41794454361
41794454329
41794454528
41794454385
41794454410
41794454252
41794454384
41794454407
41794454093
41794454966
41794454395
41794454430
41794454531
41794454708
41794454519
41794454524
41794454522
41794454232
41794454492
41794454370
41794454643
41794454405
41794454353
41794454282
41794454315
41794454913
41794454379
41794454388
41794454214
41794454501
41794454054
41794454347
41794454800
41794454222
41794454244
41794454327
41794454331
41794454375
41794454165
41794454768
41794454930
41794454369
41794454304
41794454628
41794454457
41794454668
41794454920
41794454290
41794454591
41794454967
41794454663
41794454191
41794454806
41794454443
41794454284
41794454281
41794454549
41794454893
41794454292
41794454605
41794454250
41794454399
41794454650
41794454425
41794454467
41794454541
41794454383
41794454894
41794454494
41794454449
41794454674
41794454534
41794454358
41794454936
41794454270
41794454400
41794454616
41794454256
41794454699
41794454600
41794454715
41794454866
41794454718
41794454586
41794454148
41794454711
41794454773
41794454817
41794454137
41794454452
41794454373
41794454439
41794454568
41794454411
41794454747
41794454314
41794454253
41794454526
41794454324
41794454477
41794454340
41794454475
41794454573
41794454147
41794454756
41794454246
41794454807
41794454194
41794454631
41794454308
41794454865
41794454949
41794454451
41794454332
41794454736
41794454566
41794454456
41794454512
41794454577
41794454962
41794454615
41794454378
41794454839
41794454562
41794454470
41794454363
41794454633
41794454565
41794454446
41794454435
41794454464
41794454533
41794454499
41794454624
41794454644
41794454487
41794454819
41794454622
41794454587
41794454473
41794454545
41794454503
41794454556
41794454719
41794454420
41794454592
41794454978
41794454946
41794454581
41794454774
41794454518
41794454840
41794454505
41794454737
41794454610
41794454786
41794454520
41794454734
41794454892
41794454671
41794454589
41794454500
41794454588
41794454536
41794454683
41794454508
41794454684
41794454623
41794454254
41794454540
41794454836
41794454694
41794454693
41794454593
41794454803
41794454488
41794454493
41794454830
41794454572
41794454317
41794454474
41794454780
41794454915
41794454155
41794454960
41794454979
41794454787
41794454670
41794454905
41794454418
41794454769
41794454917
41794454626
41794454617
41794454436
41794454776
41794454649
41794454833
41794454657
41794454929
41794454296
41794454537
41794454801
41794454722
41794454636
41794454648
41794454742
41794454885
41794454988
41794454904
41794454341
41794454783
41794454613
41794454798
41794454496
41794454789
41794454969
41794454877
41794454680
41794454527
41794454795
41794454854
41794454302
41794454557
41794454597
41794454911
41794454952
41794454941
41794454656
41794454827
41794454390
41794454888
41794454901
41794454645
41794454964
41794454713
41794454546
41794454881
41794454895
41794454758
41794454813
41794454667
41794454816
41794454569
41794454957
41794454860
41794454750
41794454580
41794454873
41794454732
41794454700
41794454422
41794454908
41794454829
41794454514
41794454571
41794454745
41794454682
41794454731
41794454498
41794454555
41794454472
41794454974
41794454788
41794454850
41794454986
41794454757
41794454634
41794454880
41794454925
41794454977
41794454938
41794454823
41794454647
41794454584
41794454855
41794454886
41794454923
41794454717
41794454934
41794454842
41794454754
41794454984
41794454910
41794454822
41794454777
41794454959
41794454791
41794454748
41794454608
41794454666
41794454696
41794454476
41794454744
41794454862
41794454738
41794454825
41794454976
41794454570
41794454868
41794454741
41794454661
41794454601
41794454981
41794454948
41794454618
41794454831
41794454659
41794454914
41794454391
41794454766
41794454926
41794454906
41794454805
41794454928
41794454704
41794454994
41794454882
41794454872
41794454709
41794454502
41794454918
41794454932
41794454690
41794454804
41794454775
41794454714
41794454935
41794454989
41794454471
41794454751
41794454922
41794454996
41794454824
41794454698
41794454963
41794454902
41794454727
41794454771
41794454856
41794454940
41794454896
41794454909
41794454968
41794454404
41794454912
41794456030
41794456003
41794456005
41794456032
41794456031
41794456019
41794456012
41794456020
41794456006
41794456014
41794456007
41794456001
41794456002
41794456004
41794456008
41794456017
41794456028
41794456025
41794456015
41794456021
41794456040
41794456048
41794456046
41794456058
41794456060
41794456113
41794456158
41794456228
41794456246
41794456037
41794456249
41794456124
41794456109
41794456129
41794456145
41794456151
41794456167
41794456160
41794456049
41794456062
41794456052
41794456102
41794456045
41794456222
41794456093
41794456061
41794456105
41794456115
41794456107
41794456056
41794456088
41794456117
41794456064
41794456112
41794456120
41794456165
41794456188
41794456216
41794456190
41794456232
41794456382
41794456034
41794456217
41794456180
41794456287
41794456362
41794456302
41794456224
41794456053
41794456070
41794456336
41794456379
41794456072
41794456059
41794456100
41794456361
41794456368
41794456044
41794456462
41794456084
41794456033
41794456073
41794456569
41794456473
41794456338
41794456295
41794456191
41794456110
41794456283
41794456257
41794456256
41794456086
41794456197
41794456315
41794456076
41794456560
41794456667
41794456050
41794456083
41794456147
41794456123
41794456208
41794456223
41794456121
41794456343
41794456531
41794456219
41794456348
41794456114
41794456333
41794456374
41794456407
41794456079
41794456238
41794456541
41794456470
41794456553
41794456337
41794456104
41794456274
41794456319
41794456314
41794456358
41794456616
41794456660
41794456125
41794456166
41794456176
41794456300
41794456420
41794456365
41794456394
41794456307
41794456075
41794456451
41794456074
41794456235
41794456814
41794456327
41794456127
41794456403
41794456270
41794456498
41794456619
41794456303
41794456090
41794456144
41794456092
41794456643
41794456150
41794456411
41794456236
41794456163
41794456387
41794456692
41794456346
41794456945
41794456466
41794456311
41794456471
41794456041
41794456507
41794456130
41794456352
41794456291
41794456281
41794456772
41794456698
41794456284
41794456452
41794456304
41794456444
41794456614
41794456637
41794456733
41794456477
41794456098
41794456077
41794456463
41794456359
41794456253
41794456666
41794456226
41794456780
41794456372
41794456756
41794456187
41794456269
41794456781
41794456242
41794456421
41794456503
41794456248
41794456461
41794456078
41794456445
41794456375
41794456861
41794456400
41794456552
41794456128
41794456709
41794456545
41794456139
41794456159
41794456215
41794456441
41794456424
41794456640
41794456036
41794456320
41794456268
41794456432
41794456543
41794456290
41794456532
41794456906
41794456529
41794456669
41794456724
41794456515
41794456106
41794456702
41794456443
41794456367
41794456131
41794456143
41794456618
41794456908
41794456458
41794456175
41794456577
41794456464
41794456626
41794456271
41794456328
41794456318
41794456685
41794456395
41794456661
41794456600
41794456431
41794456288
41794456229
41794456273
41794456506
41794456486
41794456651
41794456987
41794456157
41794456467
41794456697
41794456820
41794456653
41794456488
41794456316
41794456818
41794456536
41794456696
41794456289
41794456873
41794456642
41794456252
41794456280
41794456251
41794456644
41794456266
41794456349
41794456335
41794456297
41794456980
41794456563
41794456699
41794456310
41794456655
41794456504
41794456383
41794456404
41794456530
41794456967
41794456465
41794456355
41794456604
41794456345
41794456510
41794456201
41794456255
41794456401
41794456726
41794456720
41794456439
41794456169
41794456392
41794456528
41794456581
41794456317
41794456722
41794456609
41794456279
41794456716
41794456427
41794456540
41794456321
41794456282
41794456713
41794456916
41794456679
41794456196
41794456583
41794456585
41794456991
41794456209
41794456370
41794456472
41794456728
41794456544
41794456629
41794456496
41794456658
41794456822
41794456693
41794456933
41794456765
41794456227
41794456608
41794456469
41794456366
41794456480
41794456409
41794456715
41794456760
41794456518
41794456657
41794456482
41794456938
41794456508
41794456218
41794456632
41794456277
41794456718
41794456239
41794456433
41794456412
41794456777
41794456555
41794456926
41794456527
41794456259
41794456225
41794456286
41794456459
41794456636
41794456810
41794456292
41794456691
41794456514
41794456416
41794456535
41794456489
41794456247
41794456437
41794456593
41794456752
41794456807
41794456723
41794456896
41794456449
41794456389
41794456825
41794456539
41794456487
41794456537
41794456548
41794456688
41794456899
41794456519
41794456936
41794456549
41794456645
41794456517
41794456564
41794456418
41794456559
41794456512
41794456446
41794456866
41794456339
41794456734
41794456599
41794456595
41794456429
41794456434
41794456681
41794456847
41794456582
41794456806
41794456635
41794456573
41794456796
41794456623
41794456664
41794456778
41794456194
41794456700
41794456554
41794456306
41794456440
41794456511
41794456377
41794456754
41794456854
41794456591
41794456735
41794456567
41794456558
41794456322
41794456997
41794456612
41794456912
41794456481
41794456574
41794456860
41794456631
41794456668
41794456880
41794456652
41794456447
41794456748
41794456710
41794456351
41794456944
41794456883
41794456775
41794456468
41794456550
41794456687
41794456744
41794456750
41794456450
41794456742
41794456534
41794456650
41794456656
41794456369
41794456996
41794456875
41794456646
41794456751
41794456800
41794456977
41794456882
41794456376
41794456894
41794456768
41794456753
41794456628
41794456546
41794456736
41794456354
41794456492
41794456786
41794456557
41794456556
41794456565
41794456730
41794456712
41794456863
41794456918
41794456344
41794456815
41794456862
41794456588
41794456647
41794456764
41794456803
41794456738
41794456835
41794456221
41794456659
41794456694
41794456931
41794456846
41794456919
41794456703
41794456891
41794456758
41794456979
41794456353
41794456819
41794456495
41794456940
41794456547
41794456250
41794456729
41794456479
41794456886
41794456984
41794456968
41794456779
41794456864
41794456743
41794456934
41794456947
41794456622
41794456787
41794456678
41794456783
41794456925
41794456360
41794456801
41794456884
41794456812
41794456974
41794456576
41794456923
41794456455
41794456887
41794456855
41794456774
41794456633
41794456785
41794456384
41794456816
41794456990
41794456856
41794456941
41794456639
41794456964
41794456959
41794456844
41794456833
41794456929
41794456621
41794456762
41794456870
41794456624
41794456603
41794456832
41794456867
41794456690
41794456828
41794456851
41794456975
41794456948
41794456950
41794456961
41794456670
41794456963
41794456857
41794456797
41794456606
41794456386
41794456586
41794456993
41794456802
41794456704
41794456972
41794456986
41794456969
41794456971
41794456790
41794456638
41794456826
41794456878
41794456869
41794456755
41794456953
41794456617
41794456596
41794456909
41794456907
41794456749
41794456988
41794456380
41794456924
41794456914
41794456943
41794456983
41794456502
41794456611
41794456982
41794456994
41794456641
41794456747
41794456677
41794456674
41794456784
41794456811
41794456841
41794456865
41794456960
41794456995
41794456042
41794456132
41794456357
41794456390
41794456584
41794456615
41794456741
41794450001
41794450016
41794450000
41794450004
41794450014
41794450013
41794450026
41794450021
41794450029
41794450015
41794450023
41794450009
41794450010
41794450011
41794450012
41794450028
41794450003
41794450006
41794450020
41794450007
41794450030
41794450031
41794450032
41794450022
41794450025
41794450050
41794450156
41794450159
41794450225
41794450044
41794450047
41794450060
41794450091
41794450090
41794450092
41794450088
41794450122
41794450127
41794450104
41794450143
41794450182
41794450218
41794450195
41794450052
41794450250
41794450260
41794450027
41794450055
41794450278
41794450099
41794450086
41794450165
41794450111
41794450062
41794450153
41794450038
41794450035
41794450048
41794450056
41794450221
41794450212
41794450087
41794450069
41794450057
41794450039
41794450132
41794450251
41794450179
41794450107
41794450105
41794450059
41794450093
41794450081
41794450126
41794450223
41794450101
41794450108
41794450100
41794450072
41794450275
41794450314
41794450166
41794450162
41794450228
41794450235
41794450199
41794450167
41794450147
41794450226
41794450205
41794450161
41794450230
41794450058
41794450253
41794450049
41794450215
41794450053
41794450066
41794450130
41794450198
41794450097
41794450120
41794450078
41794450102
41794450343
41794450210
41794450347
41794450152
41794450219
41794450064
41794450353
41794450043
41794450148
41794450094
41794450181
41794450124
41794450083
41794450308
41794450125
41794450344
41794450085
41794450163
41794450265
41794450118
41794450095
41794450423
41794450204
41794450207
41794450144
41794450416
41794450621
41794450660
41794450475
41794450174
41794450259
41794450517
41794450316
41794450364
41794450294
41794450242
41794450535
41794450114
41794450121
41794450262
41794450135
41794450406
41794450431
41794450216
41794450188
41794450201
41794450173
41794450254
41794450634
41794450110
41794450140
41794450348
41794450413
41794450164
41794450185
41794450322
41794450150
41794450311
41794450291
41794450555
41794450178
41794450492
41794450328
41794450187
41794450362
41794450477
41794450494
41794450288
41794450666
41794450577
41794450307
41794450371
41794450446
41794450115
41794450192
41794450578
41794450190
41794450244
41794450337
41794450184
41794450112
41794450169
41794450145
41794450290
41794450138
41794450273
41794450389
41794450141
41794450084
41794450313
41794450339
41794450287
41794450128
41794450096
41794450309
41794450046
41794450329
41794450267
41794450338
41794450454
41794450340
41794450317
41794450240
41794450823
41794450515
41794450247
41794450264
41794450681
41794450434
41794450327
41794450566
41794450326
41794450414
41794450281
41794450345
41794450674
41794450498
41794450238
41794450428
41794450711
41794450558
41794450243
41794450618
41794450276
41794450703
41794450193
41794450351
41794450365
41794450236
41794450176
41794450567
41794450443
41794450613
41794450231
41794450421
41794450620
41794450402
41794450602
41794450692
41794450668
41794450417
41794450137
41794450850
41794450468
41794450591
41794450395
41794450248
41794450484
41794450295
41794450565
41794450408
41794450405
41794450455
41794450241
41794450461
41794450532
41794450168
41794450386
41794450422
41794450569
41794450374
41794450380
41794450341
41794450437
41794450131
41794450669
41794450333
41794450300
41794450202
41794450980
41794450543
41794450301
41794450447
41794450799
41794450356
41794450526
41794450519
41794450643
41794450358
41794450366
41794450189
41794450859
41794450530
41794450324
41794450349
41794450838
41794450747
41794450761
41794450336
41794450875
41794450320
41794450272
41794450482
41794450599
41794450812
41794450378
41794450575
41794450464
41794450502
41794450415
41794450638
41794450552
41794450483
41794450245
41794450588
41794450597
41794450506
41794450961
41794450440
41794450537
41794450696
41794450403
41794450470
41794450708
41794450289
41794450436
41794450186
41794450562
41794450269
41794450331
41794450574
41794450191
41794450429
41794450463
41794450342
41794450514
41794450933
41794450843
41794450359
41794450527
41794450330
41794450302
41794450524
41794450255
41794450418
41794450553
41794450542
41794450726
41794450286
41794450735
41794450956
41794450516
41794450784
41794450411
41794450780
41794450623
41794450401
41794450908
41794450404
41794450658
41794450631
41794450793
41794450501
41794450742
41794450472
41794450653
41794450357
41794450237
41794450920
41794450373
41794450879
41794450444
41794450224
41794450906
41794450763
41794450400
41794450350
41794450419
41794450777
41794450676
41794450557
41794450491
41794450932
41794450934
41794450544
41794450598
41794450534
41794450715
41794450393
41794450682
41794450677
41794450568
41794450372
41794450629
41794450586
41794450745
41794450678
41794450607
41794450847
41794450409
41794450655
41794450346
41794450298
41794450746
41794450910
41794450368
41794450671
41794450801
41794450410
41794450785
41794450303
41794450822
41794450503
41794450473
41794450899
41794450563
41794450430
41794450789
41794450748
41794450521
41794450794
41794450593
41794450953
41794450988
41794450743
41794450670
41794450518
41794450874
41794450363
41794450706
41794450249
41794450892
41794450606
41794450550
41794450648
41794450723
41794450646
41794450382
41794450426
41794450376
41794450675
41794450914
41794450445
41794450412
41794450277
41794450969
41794450571
41794450512
41794450941
41794450257
41794450432
41794450381
41794450739
41794450782
41794450579
41794450456
41794450741
41794450995
41794450976
41794450600
41794450485
41794450788
41794450495
41794450719
41794450766
41794450725
41794450433
41794450759
41794450751
41794450435
41794450854
41794450334
41794450385
41794450767
41794450396
41794450595
41794450833
41794450948
41794450704
41794450486
41794450722
41794450797
41794450808
41794450871
41794450946
41794450609
41794450909
41794450680
41794450709
41794450973
41794450693
41794450728
41794450754
41794450589
41794450886
41794450983
41794450355
41794450857
41794450650
41794450504
41794450523
41794450584
41794450773
41794450762
41794450451
41794450663
41794450922
41794450757
41794450911
41794450981
41794450641
41794450508
41794450883
41794450974
41794450971
41794450500
41794450391
41794450831
41794450538
41794450533
41794450928
41794450771
41794450809
41794450936
41794450507
41794450865
41794450907
41794450842
41794450889
41794450481
41794450807
41794450619
41794450781
41794450832
41794450977
41794450803
41794450509
41794450488
41794450750
41794450957
41794450903
41794450614
41794450603
41794450825
41794450551
41794450868
41794450986
41794450966
41794450895
41794450656
41794450939
41794450913
41794450424
41794450778
41794450945
41794450853
41794450548
41794450904
41794450963
41794450644
41794450947
41794450993
41794450867
41794450845
41794450701
41794450882
41794450992
41794450727
41794450714
41794450805
41794450790
41794450529
41794450513
41794450616
41794450539
41794450872
41794450592
41794450490
41794450855
41794450469
41794450796
41794450694
41794450672
41794450457
41794450438
41794450902
41794450795
41794450691
41794450639
41794450800
41794450861
41794450890
41794450610
41794450839
41794450975
41794450950
41794450984
41794450545
41794450738
41794450717
41794450979
41794450959
41794450479
41794450925
41794450686
41794450930
41794450918
41794450684
41794450964
41794450989
41794450840
41794450690
41794450721
41794450888
41794450659
41794450828
41794450837
41794450955
41794450702
41794450776
41794450764
41794450737
41794450905
41794450965
41794450487
41794450916
41794450688
41794450954
41794450873
41794450520
41794450713
41794450819
41794450887
41794450836
41794450917
41794450827
41794450952
41794450978
41794450816
41794450852
41794450870
41794450960
41794450636
41794450893
41794459000
41794459009
41794459008
41794459030
41794459013
41794459022
41794459006
41794459021
41794459005
41794459017
41794459027
41794459019
41794459015
41794459028
41794459010
41794459033
41794459020
41794459031
41794459023
41794459103
41794459183
41794459296
41794459302
41794459166
41794459174
41794459056
41794459062
41794459114
41794459202
41794459132
41794459087
41794459058
41794459141
41794459043
41794459098
41794459040
41794459066
41794459092
41794459044
41794459055
41794459313
41794459117
41794459099
41794459256
41794459252
41794459084
41794459124
41794459111
41794459228
41794459263
41794459201
41794459164
41794459085
41794459037
41794459050
41794459105
41794459128
41794459078
41794459160
41794459042
41794459053
41794459047
41794459115
41794459034
41794459295
41794459049
41794459276
41794459051
41794459305
41794459361
41794459223
41794459230
41794459036
41794459137
41794459145
41794459108
41794459331
41794459345
41794459122
41794459210
41794459079
41794459149
41794459315
41794459129
41794459045
41794459231
41794459219
41794459153
41794459353
41794459171
41794459077
41794459126
41794459255
41794459069
41794459182
41794459151
41794459100
41794459200
41794459217
41794459074
41794459048
41794459089
41794459205
41794459365
41794459154
41794459265
41794459112
41794459245
41794459275
41794459341
41794459187
41794459060
41794459322
41794459220
41794459246
41794459172
41794459289
41794459163
41794459314
41794459303
41794459150
41794459190
41794459257
41794459135
41794459279
41794459189
41794459156
41794459253
41794459209
41794459090
41794459333
41794459146
41794459218
41794459343
41794459123
41794459181
41794459110
41794459195
41794459268
41794459203
41794459165
41794459169
41794459170
41794459193
41794459300
41794459101
41794459310
41794459225
41794459063
41794459325
41794459248
41794459184
41794459226
41794459324
41794459347
41794459243
41794459118
41794459323
41794459272
41794459207
41794459342
41794459167
41794459321
41794459131
41794459120
41794459125
41794459308
41794459339
41794459186
41794459328
41794459334
41794459280
41794459147
41794459148
41794459320
41794459291
41794459293
41794459360
41794459054
41794459254
41794459350
41794459284
41794459238
41794459285
41794459327
41794459081
41794459097
41794459233
41794459250
41794459349
41794459306
41794459208
41794459214
41794459116
41794459136
41794459140
41794459274
41794459229
41794459264
41794459307
41794459363
41794459258
41794459282
41794459329
41794459364
41794459317
41794459354
41794459198
41794459316
41794459247
41794459348
41794459266
41794459270
41794459059
41794459227
41794459382
41794459374
41794459380
41794459368
41794459367
41794459389
41794459373
41794459381
41794459384
41794459391
41794459369
41794459399
41794459393
41794459383
41794459375
41794459377
41794459395
41794459388
41794459370
41794459385
41794459392
41794459408
41794459431
41794459469
41794459584
41794459407
41794459418
41794459444
41794459419
41794459414
41794459412
41794459425
41794459545
41794459443
41794459446
41794459492
41794459511
41794459509
41794459622
41794459537
41794459541
41794459487
41794459455
41794459491
41794459585
41794459574
41794459461
41794459595
41794459641
41794459430
41794459507
41794459406
41794459458
41794459485
41794459499
41794459517
41794459498
41794459440
41794459596
41794459400
41794459427
41794459460
41794459401
41794459653
41794459533
41794459409
41794459422
41794459527
41794459601
41794459729
41794459470
41794459594
41794459508
41794459453
41794459616
41794459403
41794459474
41794459465
41794459719
41794459543
41794459561
41794459467
41794459728
41794459505
41794459559
41794459464
41794459510
41794459573
41794459523
41794459695
41794459476
41794459442
41794459495
41794459681
41794459558
41794459493
41794459621
41794459471
41794459648
41794459560
41794459535
41794459475
41794459462
41794459466
41794459410
41794459629
41794459679
41794459490
41794459553
41794459691
41794459608
41794459667
41794459662
41794459722
41794459605
41794459646
41794459619
41794459557
41794459657
41794459643
41794459550
41794459631
41794459454
41794459578
41794459577
41794459649
41794459549
41794459519
41794459632
41794459635
41794459551
41794459536
41794459706
41794459586
41794459627
41794459606
41794459538
41794459718
41794459610
41794459486
41794459504
41794459472
41794459593
41794459709
41794459708
41794459724
41794459548
41794459707
41794459659
41794459723
41794459626
41794459554
41794459634
41794459552
41794459532
41794459572
41794459600
41794459633
41794459661
41794459639
41794459598
41794459710
41794459628
41794459526
41794459501
41794459625
41794459711
41794459500
41794459647
41794459730
41794459603
41794459652
41794459644
41794459637
41794459565
41794459656
41794459660
41794459725
41794459666
41794459693
41794459618
41794459579
41794459688
41794459630
41794459676
41794459689
41794459611
41794459677
41794459542
41794459713
41794459663
41794459604
41794459614
41794459726
41794459697
41794459650
41794459658
41794459700
41794459692
41794459699
41794459640
41794459714
41794459741
41794459736
41794459755
41794459759
41794459748
41794459753
41794459743
41794459746
41794459732
41794459744
41794459763
41794459733
41794459731
41794459740
41794459742
41794459745
41794459757
41794459754
41794459749
41794459762
41794459739
41794459760
41794459765
41794459780
41794459771
41794459787
41794459764
41794459778
41794459779
41794459769
41794459798
41794459791
41794459790
41794459775
41794459788
41794459785
41794459781
41794459770
41794459767
41794459768
41794459773
41794459793
41794459823
41794459857
41794459808
41794459801
41794459803
41794459822
41794459834
41794459840
41794459849
41794459817
41794459858
41794459804
41794459846
41794459814
41794459815
41794459800
41794459844
41794459816
41794459806
41794459807
41794459810
41794459854
41794459828
41794459850
41794459835
41794459838
41794459852
41794459836
41794459868
41794459875
41794459906
41794459873
41794459870
41794459863
41794459876
41794459886
41794459884
41794459900
41794459910
41794459905
41794459890
41794459880
41794459871
41794459894
41794459916
41794459907
41794459895
41794459865
41794459869
41794459888
41794459882
41794459860
41794459891
41794459883
41794459878
41794459864
41794459866
41794459913
41794459911
41794459892
41794459896
41794459893
41794459887
41794459919
41794459904
41794459912
41794459908
41794459899
41794459872
41794459915
41794459923
41794459942
41794459939
41794459934
41794459941
41794459926
41794459925
41794459940
41794459948
41794459947
41794459945
41794459949
41794459929
41794459924
41794459927
41794459932
41794459936
41794459931
41794459937
41794459922
41794459933
41794459954
41794459935
41794459950
41794459928
41794459956
41794459962
41794459963
41794459955
41794459960
41794459979
41794459993
41794459996
41794459986
41794459992
41794459988
41794459966
41794459994
41794459968
41794459995
41794459985
41794459977
41794459973
41794459999
41794459965
41794459975
41794459969
41794459964
41794459972
41794459981
41794459967
41794453000
41794453003
41794453011
41794453006
41794453021
41794453020
41794453023
41794453028
41794453031
41794453002
41794453029
41794453025
41794453010
41794453001
41794453017
41794453022
41794453005
41794453008
41794453016
41794453009
41794453014
41794453032
41794453024
41794453035
41794453040
41794453066
41794453080
41794453083
41794453088
41794453126
41794453150
41794453139
41794453225
41794453258
41794453055
41794453298
41794453311
41794453116
41794453313
41794453063
41794453194
41794453373
41794453089
41794453045
41794453046
41794453119
41794453034
41794453155
41794453077
41794453115
41794453052
41794453096
41794453109
41794453061
41794453051
41794453041
41794453068
41794453125
41794453379
41794453142
41794453243
41794453246
41794453075
41794453226
41794453140
41794453405
41794453265
41794453239
41794453204
41794453090
41794453133
41794453036
41794453350
41794453043
41794453525
41794453233
41794453172
41794453093
41794453067
41794453104
41794453074
41794453135
41794453393
41794453037
41794453157
41794453087
41794453127
41794453164
41794453242
41794453044
41794453049
41794453059
41794453193
41794453076
41794453169
41794453097
41794453388
41794453071
41794453161
41794453303
41794453499
41794453320
41794453266
41794453612
41794453334
41794453254
41794453187
41794453215
41794453276
41794453227
41794453401
41794453221
41794453381
41794453307
41794453329
41794453336
41794453259
41794453279
41794453356
41794453450
41794453141
41794453506
41794453263
41794453210
41794453423
41794453330
41794453332
41794453268
41794453137
41794453232
41794453118
41794453270
41794453209
41794453132
41794453162
41794453583
41794453283
41794453153
41794453222
41794453281
41794453314
41794453098
41794453411
41794453170
41794453383
41794453038
41794453079
41794453147
41794453199
41794453599
41794453235
41794453340
41794453231
41794453700
41794453429
41794453256
41794453582
41794453112
41794453868
41794453205
41794453300
41794453466
41794453619
41794453384
41794453489
41794453315
41794453488
41794453229
41794453385
41794453249
41794453343
41794453121
41794453558
41794453058
41794453206
41794453322
41794453085
41794453441
41794453269
41794453312
41794453108
41794453522
41794453167
41794453447
41794453552
41794453681
41794453653
41794453472
41794453123
41794453228
41794453442
41794453310
41794453184
41794453342
41794453584
41794453149
41794453430
41794453642
41794453082
41794453301
41794453158
41794453202
41794453371
41794453623
41794453415
41794453237
41794453308
41794453160
41794453753
41794453253
41794453377
41794453285
41794453971
41794453545
41794453358
41794453302
41794453366
41794453483
41794453575
41794453563
41794453640
41794453273
41794453255
41794453443
41794453236
41794453394
41794453688
41794453534
41794453165
41794453495
41794453537
41794453179
41794453693
41794453376
41794453341
41794453261
41794453675
41794453480
41794453289
41794453223
41794453297
41794453264
41794453676
41794453603
41794453176
41794453333
41794453274
41794453260
41794453646
41794453339
41794453257
41794453528
41794453143
41794453561
41794453353
41794453435
41794453272
41794453474
41794453729
41794453417
41794453954
41794453318
41794453644
41794453771
41794453669
41794453666
41794453544
41794453344
41794453600
41794453304
41794453448
41794453687
41794453399
41794453218
41794453457
41794453372
41794453454
41794453501
41794453784
41794453171
41794453615
41794453348
41794453993
41794453815
41794453212
41794453548
41794453526
41794453471
41794453359
41794453486
41794453251
41794453602
41794453234
41794453531
41794453410
41794453777
41794453290
41794453156
41794453400
41794453679
41794453581
41794453131
41794453505
41794453527
41794453560
41794453524
41794453478
41794453627
41794453781
41794453767
41794453378
41794453208
41794453387
41794453802
41794453434
41794453375
41794453391
41794453421
41794453629
41794453432
41794453632
41794453498
41794453422
41794453508
41794453280
41794453335
41794453275
41794453810
41794453324
41794453763
41794453832
41794453252
41794453305
41794453370
41794453191
41794453553
41794453713
41794453460
41794453540
41794453577
41794453658
41794453520
41794453386
41794453769
41794453402
41794453953
41794453407
41794453574
41794453579
41794453494
41794453397
41794453846
41794453327
41794453805
41794453661
41794453433
41794453479
41794453785
41794453288
41794453580
41794453556
41794453945
41794453437
41794453990
41794453338
41794453515
41794453656
41794453317
41794453464
41794453509
41794453760
41794453728
41794453724
41794453513
41794453456
41794453747
41794453657
41794453465
41794453733
41794453684
41794453812
41794453848
41794453712
41794453523
41794453935
41794453967
41794453482
41794453396
41794453469
41794453475
41794453964
41794453749
41794453906
41794453492
41794453828
41794453698
41794453440
41794453759
41794453551
41794453651
41794453861
41794453570
41794453714
41794453770
41794453588
41794453181
41794453571
41794453365
41794453438
41794453800
41794453662
41794453462
41794453850
41794453500
41794453445
41794453323
41794453745
41794453913
41794453948
41794453484
41794453673
41794453638
41794453562
41794453621
41794453936
41794453857
41794453974
41794453238
41794453349
41794453608
41794453617
41794453758
41794453836
41794453476
41794453535
41794453741
41794453863
41794453514
41794453845
41794453547
41794453655
41794453678
41794453533
41794453744
41794453979
41794453840
41794453883
41794453823
41794453905
41794453721
41794453831
41794453869
41794453841
41794453773
41794453578
41794453427
41794453813
41794453900
41794453565
41794453736
41794453564
41794453426
41794453966
41794453610
41794453901
41794453631
41794453609
41794453689
41794453711
41794453928
41794453477
41794453601
41794453851
41794453731
41794453766
41794453817
41794453566
41794453911
41794453858
41794453530
41794453972
41794453819
41794453804
41794453742
41794453788
41794453768
41794453413
41794453737
41794453821
41794453882
41794453663
41794453780
41794453818
41794453368
41794453686
41794453606
41794453949
41794453925
41794453594
41794453889
41794453628
41794453755
41794453559
41794453643
41794453739
41794453875
41794453659
41794453856
41794453975
41794453811
41794453877
41794453799
41794453886
41794453618
41794453620
41794453923
41794453677
41794453830
41794453977
41794453862
41794453824
41794453720
41794453989
41794453978
41794453616
41794453541
41794453725
41794453870
41794453797
41794453691
41794453519
41794453825
41794453897
41794453757
41794453778
41794453950
41794453895
41794453692
41794453892
41794453980
41794453887
41794453946
41794453930
41794453894
41794453924
41794453726
41794453829
41794453794
41794453992
41794453968
41794453346
41794453918
41794453660
41794453865
41794453904
41794453718
41794453958
41794453986
41794453960
41794453801
41794453554
41794453715
41794453550
41794453981
41794453912
41794453555
41794453963
41794453746
41794453719
41794453814
41794453878
41794453910
41794453787
41794453944
41794453872
41794453783
41794453899
41794453834
41794453820
41794453994
41794453696
41794453730
41794451000
41794451012
41794451029
41794451016
41794451003
41794451007
41794451004
41794451033
41794451020
41794451027
41794451019
41794451025
41794451026
41794451023
41794451008
41794451021
41794451028
41794451018
41794451001
41794451032
41794451014
41794451031
41794451009
41794451011
41794451002
41794451010
41794451044
41794451005
41794451041
41794451048
41794451071
41794451066
41794451072
41794451036
41794451055
41794451051
41794451123
41794451024
41794451152
41794451116
41794451075
41794451085
41794451185
41794451192
41794451115
41794451242
41794451267
41794451096
41794451094
41794451220
41794451088
41794451147
41794451053
41794451043
41794451106
41794451050
41794451058
41794451062
41794451056
41794451127
41794451093
41794451117
41794451052
41794451303
41794451153
41794451049
41794451054
41794451045
41794451326
41794451190
41794451589
41794451297
41794451334
41794451073
41794451407
41794451135
41794451169
41794451424
41794451218
41794451165
41794451366
41794451136
41794451154
41794451453
41794451121
41794451098
41794451199
41794451079
41794451146
41794451151
41794451186
41794451080
41794451467
41794451110
41794451207
41794451047
41794451278
41794451057
41794451213
41794451105
41794451139
41794451221
41794451141
41794451435
41794451239
41794451170
41794451039
41794451087
41794451197
41794451413
41794451108
41794451643
41794451078
41794451328
41794451449
41794451271
41794451099
41794451059
41794451082
41794451074
41794451101
41794451546
41794451299
41794451132
41794451175
41794451292
41794451203
41794451539
41794451251
41794451223
41794451335
41794451212
41794451120
41794451260
41794451385
41794451415
41794451171
41794451238
41794451177
41794451211
41794451119
41794451291
41794451068
41794451210
41794451089
41794451194
41794451201
41794451144
41794451609
41794451367
41794451200
41794451084
41794451176
41794451247
41794451107
41794451155
41794451134
41794451340
41794451391
41794451255
41794451280
41794451245
41794451346
41794451109
41794451567
41794451445
41794451393
41794451315
41794451332
41794451198
41794451468
41794451320
41794451118
41794451111
41794451607
41794451357
41794451414
41794451140
41794451241
41794451586
41794451081
41794451495
41794451623
41794451388
41794451160
41794451372
41794451205
41794451191
41794451182
41794451640
41794451178
41794451461
41794451622
41794451308
41794451216
41794451157
41794451202
41794451398
41794451355
41794451842
41794451464
41794451779
41794451208
41794451172
41794451275
41794451166
41794451744
41794451460
41794451459
41794451791
41794451233
41794451501
41794451219
41794451204
41794451302
41794451692
41794451665
41794451387
41794451244
41794451237
41794451288
41794451279
41794451409
41794451300
41794451360
41794451686
41794451626
41794451319
41794451565
41794451148
41794451309
41794451343
41794451294
41794451114
41794451619
41794451412
41794451215
41794451161
41794451601
41794451209
41794451434
41794451095
41794451707
41794451658
41794451195
41794451663
41794451914
41794451487
41794451436
41794451786
41794451133
41794451514
41794451246
41794451359
41794451537
41794451253
41794451584
41794451560
41794451379
41794451450
41794451835
41794451674
41794451163
41794451934
41794451668
41794451411
41794451258
41794451524
41794451967
41794451696
41794451130
41794451618
41794451420
41794451821
41794451314
41794451439
41794451316
41794451676
41794451277
41794451829
41794451770
41794451270
41794451230
41794451882
41794451649
41794451493
41794451479
41794451844
41794451774
41794451306
41794451321
41794451423
41794451474
41794451549
41794451455
41794451264
41794451614
41794451381
41794451339
41794451380
41794451602
41794451761
41794451422
41794451266
41794451323
41794451313
41794451532
41794451976
41794451938
41794451704
41794451429
41794451276
41794451548
41794451995
41794451825
41794451217
41794451878
41794451250
41794451301
41794451678
41794451394
41794451488
41794451158
41794451803
41794451368
41794451483
41794451312
41794451671
41794451290
41794451558
41794451484
41794451856
41794451444
41794451236
41794451318
41794451611
41794451480
41794451695
41794451741
41794451305
41794451533
41794451646
41794451330
41794451964
41794451224
41794451654
41794451592
41794451440
41794451500
41794451788
41794451451
41794451494
41794451731
41794451268
41794451873
41794451491
41794451432
41794451438
41794451776
41794451939
41794451403
41794451717
41794451553
41794451256
41794451726
41794451706
41794451457
41794451946
41794451431
41794451884
41794451399
41794451600
41794451656
41794451506
41794451344
41794451777
41794451426
41794451639
41794451684
41794451395
41794451282
41794451701
41794451508
41794451719
41794451720
41794451594
41794451489
41794451874
41794451452
41794451613
41794451834
41794451427
41794451715
41794451694
41794451759
41794451666
41794451616
41794451369
41794451792
41794451843
41794451390
41794451886
41794451389
41794451477
41794451338
41794451811
41794451959
41794451608
41794451544
41794451758
41794451505
41794451180
41794451577
41794451348
41794451743
41794451782
41794451680
41794451763
41794451852
41794451317
41794451898
41794451418
41794451814
41794451265
41794451593
41794451581
41794451541
41794451563
41794451400
41794451516
41794451705
41794451561
41794451637
41794451881
41794451286
41794451504
41794451425
41794451817
41794451662
41794451337
41794451657
41794451304
41794451889
41794451961
41794451527
41794451806
41794451526
41794451428
41794451711
41794451713
41794451780
41794451754
41794451281
41794451469
41794451916
41794451652
41794451543
41794451755
41794451496
41794451931
41794451850
41794451462
41794451907
41794451716
41794451765
41794451708
41794451972
41794451771
41794451790
41794451805
41794451996
41794451458
41794451885
41794451989
41794451645
41794451778
41794451556
41794451632
41794451685
41794451952
41794451917
41794451767
41794451728
41794451727
41794451709
41794451937
41794451861
41794451580
41794451670
41794451528
41794451807
41794451787
41794451922
41794451802
41794451860
41794451538
41794451845
41794451857
41794451604
41794451876
41794451699
41794451908
41794451936
41794451732
41794451904
41794451871
41794451536
41794451833
41794451485
41794451820
41794451669
41794451700
41794451783
41794451756
41794451809
41794451371
41794451525
41794451944
41794451404
41794451690
41794451789
41794451655
41794451909
41794451610
41794451481
41794451566
41794451569
41794451760
41794451975
41794451981
41794451846
41794451868
41794451773
41794451718
41794451633
41794451920
41794451822
41794451897
41794451990
41794451921
41794451986
41794451819
41794451723
41794451724
41794451804
41794451900
41794451851
41794451499
41794451840
41794451571
41794451635
41794451962
41794451985
41794451877
41794451813
41794451896
41794451969
41794451733
41794451722
41794451945
41794451848
41794451591
41794451854
41794451941
41794451542
41794451793
41794451906
41794451929
41794451624
41794451597
41794451977
41794451992
41794451745
41794451940
41794451926
41794451932
41794451923
41794451559
41794451978
41794451864
41794451725
41794451949
41794451486
41794451943
41794451775
41794451562
41794451947
41794451629
41794451769
41794451784
41794451935
41794451905
41794451747
41794451994
41794451891
41794451796
41794451970
41794451564
41794451628
41794451661
41794451828
41794451955
41794451957
41794451966
41794451933
41794451799
41794451800
41794451973
41794451928
41794451893
41794451875
41794451927
41794451903
41794451963
41794451869
41794452000
41794452001
41794452015
41794452002
41794452007
41794452016
41794452019
41794452005
41794452032
41794452012
41794452022
41794452026
41794452009
41794452011
41794452031
41794452030
41794452008
41794452020
41794452013
41794452029
41794452023
41794452021
41794452028
41794452017
41794452018
41794452038
41794452208
41794452040
41794452065
41794452079
41794452082
41794452267
41794452051
41794452066
41794452155
41794452166
41794452175
41794452202
41794452121
41794452221
41794452224
41794452238
41794452055
41794452042
41794452081
41794452275
41794452049
41794452045
41794452078
41794452095
41794452131
41794452311
41794452164
41794452332
41794452117
41794452169
41794452245
41794452154
41794452036
41794452142
41794452050
41794452086
41794452062
41794452043
41794452053
41794452071
41794452193
41794452295
41794452171
41794452123
41794452114
41794452188
41794452163
41794452158
41794452209
41794452138
41794452200
41794452326
41794452073
41794452035
41794452085
41794452286
41794452225
41794452287
41794452067
41794452063
41794452333
41794452168
41794452130
41794452122
41794452068
41794452080
41794452249
41794452395
41794452170
41794452059
41794452161
41794452205
41794452454
41794452160
41794452075
41794452144
41794452320
41794452280
41794452370
41794452173
41794452111
41794452100
41794452054
41794452201
41794452217
41794452540
41794452181
41794452495
41794452277
41794452141
41794452136
41794452092
41794452398
41794452338
41794452179
41794452258
41794452046
41794452355
41794452165
41794452273
41794452125
41794452401
41794452052
41794452167
41794452178
41794452060
41794452242
41794452357
41794452257
41794452483
41794452101
41794452308
41794452187
41794452263
41794452337
41794452458
41794452499
41794452522
41794452329
41794452206
41794452587
41794452413
41794452736
41794452444
41794452345
41794452411
41794452381
41794452262
41794452340
41794452322
41794452282
41794452223
41794452628
41794452507
41794452362
41794452128
41794452298
41794452180
41794452115
41794452182
41794452354
41794452039
41794452058
41794452297
41794452118
41794452232
41794452671
41794452268
41794452335
41794452331
41794452176
41794452480
41794452822
41794452270
41794452047
41794452190
41794452233
41794452626
41794452214
41794452236
41794452513
41794452327
41794452531
41794452588
41794452372
41794452213
41794452293
41794452814
41794452291
41794452414
41794452715
41794452613
41794452222
41794452120
41794452461
41794452423
41794452403
41794452674
41794452255
41794452428
41794452591
41794452494
41794452465
41794452367
41794452887
41794452310
41794452319
41794452746
41794452194
41794452525
41794452510
41794452632
41794452650
41794452285
41794452433
41794452419
41794452594
41794452227
41794452661
41794452516
41794452555
41794452112
41794452346
41794452244
41794452330
41794452539
41794452393
41794452116
41794452315
41794452300
41794452204
41794452265
41794452254
41794452713
41794452321
41794452148
41794452601
41794452692
41794452593
41794452361
41794452993
41794452646
41794452149
41794452274
41794452630
41794452406
41794452623
41794452256
41794452334
41794452246
41794452400
41794452579
41794452701
41794452457
41794452416
41794452497
41794452837
41794452124
41794452829
41794452473
41794452248
41794452475
41794452506
41794452210
41794452339
41794452377
41794452134
41794452684
41794452714
41794452344
41794452439
41794452534
41794452358
41794452542
41794452196
41794452900
41794452775
41794452733
41794452430
41794452699
41794452266
41794452928
41794452363
41794452466
41794452573
41794452546
41794452689
41794452755
41794452554
41794452146
41794452595
41794452627
41794452312
41794452432
41794452568
41794452537
41794452801
41794452290
41794452306
41794452724
41794452230
41794452512
41794452756
41794452388
41794452412
41794452341
41794452797
41794452348
41794452478
41794452501
41794452402
41794452351
41794452672
41794452940
41794452780
41794452740
41794452631
41794452605
41794452690
41794452456
41794452763
41794452387
41794452490
41794452726
41794452795
41794452596
41794452729
41794452288
41794452284
41794452296
41794452723
41794452472
41794452824
41794452964
41794452482
41794452536
41794452431
41794452785
41794452548
41794452584
41794452772
41794452741
41794452722
41794452353
41794452383
41794452349
41794452438
41794452598
41794452450
41794452698
41794452464
41794452625
41794452679
41794452407
41794452916
41794452965
41794452553
41794452552
41794452830
41794452259
41794452389
41794452396
41794452859
41794452397
41794452276
41794452842
41794452586
41794452557
41794452871
41794452316
41794452488
41794452677
41794452212
41794452590
41794452807
41794452518
41794452866
41794452894
41794452739
41794452571
41794452921
41794452418
41794452800
41794452709
41794452342
41794452471
41794452517
41794452391
41794452804
41794452682
41794452585
41794452798
41794452656
41794452833
41794452602
41794452835
41794452712
41794452425
41794452809
41794452467
41794452424
41794452526
41794452380
41794452399
41794452463
41794452810
41794452918
41794452817
41794452806
41794452825
41794452624
41794452440
41794452818
41794452566
41794452538
41794452989
41794452451
41794452973
41794452565
41794452592
41794452347
41794452657
41794452535
41794452992
41794452979
41794452730
41794452460
41794452435
41794452750
41794452735
41794452745
41794452839
41794452923
41794452408
41794452550
41794452845
41794452691
41794452184
41794452470
41794452503
41794452748
41794452932
41794452643
41794452758
41794452891
41794452711
41794452995
41794452873
41794452994
41794452508
41794452481
41794452668
41794452491
41794452371
41794452840
41794452882
41794452911
41794452652
41794452462
41794452541
41794452559
41794452789
41794452611
41794452867
41794452927
41794452860
41794452524
41794452875
41794452589
41794452793
41794452644
41794452660
41794452676
41794452855
41794452610
41794452827
41794452897
41794452666
41794452981
41794452934
41794452791
41794452581
41794452849
41794452926
41794452948
41794452963
41794452678
41794452441
41794452805
41794452815
41794452654
41794452990
41794452812
41794452577
41794452687
41794452974
41794452683
41794452514
41794452863
41794452821
41794452606
41794452779
41794452980
41794452942
41794452982
41794452528
41794452905
41794452968
41794452765
41794452640
41794452834
41794452802
41794452645
41794452493
41794452445
41794452967
41794452879
41794452787
41794452856
41794452731
41794452570
41794452803
41794452978
41794452852
41794452771
41794452954
41794452944
41794452781
41794452667
41794452861
41794452455
41794452991
41794452880
41794452909
41794452636
41794452913
41794452620
41794452960
41794452985
41794452655
41794452983
41794452869
41794452924
41794452686
41794452941
41794452945
41794452908
41794452996
41794452956
41794452792
41794452988
41794452604
41794452744
41794452749
41794452878
41794452673
41794452843
41794452597
41794452707
41794452705
41794452847
41794452813
41794452846
41794452886
41794452935
41794452757
41794452938
41794452811
41794452915
41794452904
41794452851
41794452902
41794452853
41794452220
41794452922
41794452872
41794452943
41794452426
41794452970
41794452864
41794452920
41794452925
41794452939
41794452951
41794452569
41794452958
41794452754
41794452868
41794452953
41794452663
41794452966
41794452808
41794452469
41794452574
41794452710
41794452914
41794458000
41794458002
41794458012
41794458028
41794458029
41794458020
41794458005
41794458010
41794458006
41794458016
41794458015
41794458004
41794458014
41794458022
41794458017
41794458027
41794458026
41794458019
41794458007
41794458025
41794458024
41794458018
41794458023
41794458033
41794458107
41794458136
41794458083
41794458182
41794458056
41794458040
41794458146
41794458046
41794458069
41794458039
41794458047
41794458063
41794458048
41794458064
41794458312
41794458168
41794458106
41794458101
41794458051
41794458140
41794458137
41794458045
41794458278
41794458178
41794458261
41794458080
41794458242
41794458093
41794458214
41794458110
41794458321
41794458096
41794458054
41794458260
41794458280
41794458151
41794458162
41794458177
41794458067
41794458119
41794458085
41794458038
41794458094
41794458053
41794458238
41794458043
41794458050
41794458174
41794458078
41794458262
41794458075
41794458079
41794458333
41794458132
41794458052
41794458246
41794458124
41794458091
41794458049
41794458184
41794458122
41794458100
41794458158
41794458058
41794458303
41794458156
41794458133
41794458126
41794458128
41794458157
41794458236
41794458175
41794458042
41794458057
41794458267
41794458081
41794458198
41794458062
41794458116
41794458245
41794458200
41794458176
41794458112
41794458143
41794458131
41794458295
41794458195
41794458170
41794458202
41794458148
41794458120
41794458072
41794458234
41794458172
41794458189
41794458097
41794458152
41794458263
41794458071
41794458228
41794458338
41794458315
41794458318
41794458306
41794458320
41794458127
41794458218
41794458335
41794458271
41794458188
41794458125
41794458208
41794458276
41794458206
41794458086
41794458294
41794458282
41794458164
41794458215
41794458293
41794458109
41794458348
41794458201
41794458327
41794458211
41794458292
41794458147
41794458309
41794458307
41794458346
41794458247
41794458191
41794458248
41794458233
41794458088
41794458305
41794458203
41794458219
41794458274
41794458144
41794458227
41794458268
41794458190
41794458169
41794458310
41794458180
41794458251
41794458342
41794458059
41794458324
41794458160
41794458273
41794458135
41794458298
41794458302
41794458289
41794458173
41794458117
41794458325
41794458308
41794458311
41794458153
41794458230
41794458277
41794458341
41794458313
41794458264
41794458205
41794458275
41794458279
41794458224
41794458241
41794458185
41794458237
41794458288
41794458345
41794458250
41794458296
41794458171
41794458255
41794458290
41794458301
41794458347
41794458300
41794458362
41794458372
41794458360
41794458354
41794458368
41794458364
41794458370
41794458357
41794458381
41794458374
41794458367
41794458361
41794458353
41794458355
41794458380
41794458616
41794458467
41794458449
41794458508
41794458453
41794458459
41794458390
41794458392
41794458401
41794458408
41794458404
41794458546
41794458446
41794458462
41794458465
41794458469
41794458410
41794458395
41794458593
41794458409
41794458411
41794458644
41794458406
41794458542
41794458387
41794458589
41794458552
41794458471
41794458428
41794458529
41794458535
41794458489
41794458389
41794458419
41794458525
41794458396
41794458516
41794458398
41794458502
41794458572
41794458632
41794458651
41794458583
41794458611
41794458656
41794458444
41794458385
41794458479
41794458560
41794458397
41794458424
41794458386
41794458512
41794458547
41794458434
41794458579
41794458433
41794458475
41794458432
41794458466
41794458463
41794458464
41794458383
41794458393
41794458426
41794458591
41794458558
41794458483
41794458511
41794458492
41794458481
41794458519
41794458490
41794458692
41794458566
41794458430
41794458414
41794458682
41794458447
41794458452
41794458556
41794458417
41794458413
41794458403
41794458415
41794458581
41794458456
41794458689
41794458634
41794458606
41794458612
41794458638
41794458485
41794458571
41794458615
41794458671
41794458405
41794458448
41794458658
41794458494
41794458554
41794458524
41794458450
41794458550
41794458484
41794458407
41794458576
41794458617
41794458569
41794458476
41794458420
41794458482
41794458662
41794458574
41794458555
41794458561
41794458521
41794458653
41794458474
41794458532
41794458522
41794458686
41794458545
41794458565
41794458501
41794458643
41794458645
41794458442
41794458559
41794458575
41794458694
41794458647
41794458510
41794458536
41794458549
41794458435
41794458573
41794458597
41794458440
41794458544
41794458438
41794458690
41794458696
41794458586
41794458627
41794458664
41794458563
41794458636
41794458590
41794458429
41794458539
41794458652
41794458541
41794458693
41794458687
41794458698
41794458437
41794458697
41794458493
41794458661
41794458659
41794458673
41794458637
41794458654
41794458517
41794458567
41794458619
41794458507
41794458505
41794458681
41794458642
41794458499
41794458665
41794458666
41794458488
41794458599
41794458655
41794458491
41794458635
41794458594
41794458602
41794458548
41794458631
41794458672
41794458702
41794458726
41794458728
41794458725
41794458704
41794458707
41794458703
41794458700
41794458713
41794458730
41794458720
41794458717
41794458710
41794458706
41794458701
41794458712
41794458724
41794458716
41794458718
41794458721
41794458719
41794458709
41794458715
41794458738
41794458733
41794458748
41794458739
41794458741
41794458740
41794458751
41794458754
41794458736
41794458755
41794458757
41794458735
41794458745
41794458742
41794458762
41794458749
41794458760
41794458820
41794458817
41794458818
41794458784
41794458807
41794458785
41794458805
41794458792
41794458770
41794458806
41794458781
41794458797
41794458779
41794458800
41794458786
41794458766
41794458771
41794458787
41794458794
41794458774
41794458783
41794458816
41794458765
41794458790
41794458788
41794458804
41794458819
41794458814
41794458801
41794458821
41794458782
41794458834
41794458858
41794458880
41794458853
41794458838
41794458876
41794458839
41794458845
41794458846
41794458872
41794458871
41794458878
41794458881
41794458861
41794458844
41794458869
41794458856
41794458877
41794458857
41794458828
41794458830
41794458851
41794458837
41794458866
41794458847
41794458827
41794458826
41794458868
41794458867
41794458875
41794458825
41794458865
41794458843
41794458831
41794458864
41794458855
41794458879
41794458874
41794458860
41794458832
41794458920
41794458883
41794458900
41794458919
41794458938
41794458940
41794458896
41794458902
41794458914
41794458917
41794458895
41794458930
41794458898
41794458910
41794458890
41794458888
41794458894
41794458909
41794458929
41794458916
41794458922
41794458927
41794458913
41794458921
41794458891
41794458904
41794458928
41794458935
41794458939
41794458937
41794458934
41794458944
41794458949
41794458957
41794458941
41794458948
41794458954
41794458942
41794458962
41794458945
41794458972
41794458968
41794458953
41794458952
41794458951
41794458955
41794458943
41794458961
41794458969
41794458971
41794458987
41794458992
41794458998
41794458993
41794458980
41794458991
41794458988
41794458974
41794458999
41794458981
41794458973
41794458994
41794457005
41794457017
41794457011
41794457023
41794457029
41794457002
41794457020
41794457025
41794457024
41794457030
41794457006
41794457013
41794457031
41794457019
41794457012
41794457021
41794457010
41794457004
41794457009
41794457038
41794457055
41794457078
41794457092
41794457091
41794457144
41794457134
41794457162
41794457218
41794457236
41794457196
41794457079
41794457052
41794457060
41794457139
41794457147
41794457057
41794457054
41794457069
41794457075
41794457064
41794457111
41794457087
41794457043
41794457047
41794457266
41794457094
41794457373
41794457097
41794457143
41794457113
41794457037
41794457175
41794457109
41794457115
41794457173
41794457142
41794457145
41794457090
41794457061
41794457164
41794457138
41794457252
41794457219
41794457073
41794457106
41794457337
41794457259
41794457264
41794457045
41794457110
41794457554
41794457312
41794457568
41794457088
41794457050
41794457129
41794457575
41794457186
41794457102
41794457053
41794457307
41794457074
41794457077
41794457123
41794457104
41794457577
41794457160
41794457084
41794457033
41794457112
41794457141
41794457040
41794457281
41794457385
41794457177
41794457229
41794457693
41794457477
41794457080
41794457121
41794457181
41794457042
41794457172
41794457150
41794457119
41794457133
41794457032
41794457267
41794457313
41794457041
41794457277
41794457336
41794457149
41794457327
41794457341
41794457035
41794457491
41794457202
41794457155
41794457135
41794457476
41794457036
41794457201
41794457587
41794457056
41794457081
41794457249
41794457410
41794457263
41794457198
41794457067
41794457273
41794457846
41794457146
41794457118
41794457290
41794457274
41794457331
41794457159
41794457326
41794457068
41794457296
41794457151
41794457483
41794457190
41794457320
41794457640
41794457233
41794457240
41794457325
41794457311
41794457210
41794457486
41794457329
41794457131
41794457225
41794457543
41794457216
41794457423
41794457103
41794457203
41794457282
41794457367
41794457532
41794457070
41794457445
41794457572
41794457634
41794457284
41794457062
41794457597
41794457302
41794457408
41794457703
41794457153
41794457388
41794457168
41794457137
41794457760
41794457330
41794457235
41794457262
41794457192
41794457128
41794457232
41794457226
41794457362
41794457122
41794457255
41794457508
41794457217
41794457799
41794457309
41794457340
41794457353
41794457613
41794457334
41794457468
41794457339
41794457527
41794457712
41794457434
41794457291
41794457245
41794457204
41794457310
41794457248
41794457574
41794457541
41794457253
41794457299
41794457348
41794457405
41794457308
41794457549
41794457537
41794457098
41794457624
41794457967
41794457654
41794457750
41794457242
41794457545
41794457222
41794457615
41794457639
41794457158
41794457333
41794457804
41794457616
41794457870
41794457176
41794457890
41794457185
41794457321
41794457178
41794457530
41794457675
41794457478
41794457709
41794457345
41794457355
41794457271
41794457550
41794457954
41794457457
41794457461
41794457359
41794457374
41794457559
41794457745
41794457528
41794457482
41794457268
41794457394
41794457519
41794457283
41794457209
41794457578
41794457990
41794457715
41794457352
41794457298
41794457377
41794457966
41794457547
41794457487
41794457270
41794457633
41794457354
41794457449
41794457462
41794457166
41794457665
41794457492
41794457860
41794457702
41794457458
41794457573
41794457561
41794457635
41794457714
41794457983
41794457294
41794457363
41794457589
41794457892
41794457221
41794457884
41794457504
41794457775
41794457746
41794457893
41794457825
41794457425
41794457763
41794457328
41794457852
41794457984
41794457317
41794457989
41794457324
41794457534
41794457514
41794457343
41794457548
41794457419
41794457427
41794457422
41794457805
41794457612
41794457522
41794457305
41794457529
41794457494
41794457446
41794457513
41794457768
41794457351
41794457501
41794457933
41794457556
41794457798
41794457723
41794457656
41794457542
41794457474
41794457379
41794457787
41794457344
41794457958
41794457402
41794457600
41794457415
41794457571
41794457774
41794457601
41794457395
41794457485
41794457949
41794457719
41794457430
41794457346
41794457896
41794457879
41794457435
41794457498
41794457524
41794457576
41794457885
41794457566
41794457244
41794457772
41794457909
41794457944
41794457844
41794457540
41794457800
41794457810
41794457584
41794457888
41794457992
41794457356
41794457347
41794457831
41794457859
41794457878
41794457502
41794457608
41794457873
41794457357
41794457754
41794457625
41794457939
41794457920
41794457621
41794457974
41794457969
41794457391
41794457685
41794457823
41794457786
41794457383
41794457748
41794457869
41794457908
41794457753
41794457622
41794457562
41794457544
41794457414
41794457845
41794457742
41794457827
41794457560
41794457439
41794457455
41794457783
41794457762
41794457661
41794457507
41794457659
41794457641
41794457512
41794457393
41794457469
41794457279
41794457915
41794457803
41794457828
41794457260
41794457677
41794457756
41794457669
41794457806
41794457843
41794457662
41794457643
41794457964
41794457278
41794457691
41794457420
41794457515
41794457521
41794457856
41794457389
41794457780
41794457655
41794457464
41794457496
41794457755
41794457525
41794457591
41794457590
41794457834
41794457710
41794457875
41794457563
41794457567
41794457471
41794457815
41794457551
41794457724
41794457835
41794457727
41794457848
41794457808
41794457538
41794457900
41794457698
41794457837
41794457211
41794457648
41794457558
41794457935
41794457585
41794457424
41794457444
41794457510
41794457776
41794457484
41794457472
41794457653
41794457380
41794457692
41794457932
41794457666
41794457766
41794457623
41794457683
41794457929
41794457660
41794457533
41794457251
41794457473
41794457959
41794457664
41794457977
41794457913
41794457842
41794457555
41794457982
41794457645
41794457717
41794457905
41794457793
41794457629
41794457726
41794457897
41794457886
41794457672
41794457592
41794457407
41794457581
41794457868
41794457847
41794457877
41794457475
41794457506
41794457947
41794457836
41794457826
41794457937
41794457771
41794457769
41794457744
41794457667
41794457864
41794457789
41794457626
41794457945
41794457509
41794457720
41794457838
41794457761
41794457618
41794457811
41794457649
41794457593
41794457809
41794457272
41794457733
41794457759
41794457925
41794457680
41794457315
41794457986
41794457889
41794457951
41794457950
41794457940
41794457647
41794457922
41794457604
41794457861
41794457849
41794457736
41794457818
41794457979
41794457596
41794457970
41794457735
41794457539
41794457928
41794457902
41794457891
41794457942
41794457765
41794457898
41794457867
41794457916
41794457918
41794457948
41794457866
41794457876
41794457955
41794457857
41794457738
41794457968
41794457650
41794457773
41794457833
41794457962
41794457930
41794457973
41794457546
41794457874
41794457777
41794457652
41794457883
41794457996
41794457822
41794457606
41794457894
41794457941
41794457904
41794457609
41794457636
41794457911
41794457995
41794457599
41794457638
41794457646
41794457729
41794457688
41794457899
41794457957
