41763605012
41763605025
41763605028
41763605018
41763605027
41763605015
41763605021
41763605024
41763605005
41763605014
41763605022
41763605032
41763605010
41763605006
41763605023
41763605039
41763605052
41763605081
41763605100
41763605121
41763605135
41763605140
41763605158
41763605213
41763605222
41763605245
41763605082
41763605054
41763605101
41763605066
41763605107
41763605064
41763605178
41763605070
41763605073
41763605163
41763605048
41763605077
41763605055
41763605097
41763605202
41763605116
41763605272
41763605248
41763605223
41763605059
41763605383
41763605187
41763605142
41763605045
41763605146
41763605170
41763605113
41763605040
41763605042
41763605231
41763605034
41763605051
41763605306
41763605510
41763605214
41763605076
41763605122
41763605159
41763605110
41763605194
41763605173
41763605203
41763605050
41763605246
41763605060
41763605072
41763605065
41763605109
41763605198
41763605365
41763605279
41763605262
41763605111
41763605035
41763605058
41763605095
41763605083
41763605321
41763605180
41763605287
41763605271
41763605195
41763605251
41763605503
41763605056
41763605556
41763605224
41763605098
41763605280
41763605253
41763605138
41763605291
41763605233
41763605535
41763605468
41763605193
41763605453
41763605523
41763605284
41763605235
41763605087
41763605578
41763605141
41763605136
41763605529
41763605409
41763605318
41763605620
41763605330
41763605448
41763605093
41763605514
41763605336
41763605190
41763605092
41763605516
41763605255
41763605227
41763605115
41763605414
41763605062
41763605434
41763605310
41763605220
41763605300
41763605199
41763605346
41763605250
41763605150
41763605169
41763605317
41763605205
41763605380
41763605397
41763605607
41763605296
41763605494
41763605266
41763605174
41763605481
41763605511
41763605583
41763605357
41763605428
41763605264
41763605418
41763605350
41763605584
41763605355
41763605573
41763605293
41763605118
41763605411
41763605992
41763605243
41763605512
41763605242
41763605274
41763605508
41763605364
41763605289
41763605476
41763605302
41763605405
41763605385
41763605757
41763605485
41763605312
41763605822
41763605421
41763605456
41763605374
41763605775
41763605628
41763605542
41763605258
41763605351
41763605425
41763605472
41763605420
41763605422
41763605352
41763605445
41763605371
41763605797
41763605167
41763605545
41763605451
41763605454
41763605505
41763605522
41763605442
41763605259
41763605771
41763605157
41763605353
41763605588
41763605580
41763605439
41763605347
41763605594
41763605593
41763605471
41763605459
41763605591
41763605269
41763605197
41763605375
41763605441
41763605234
41763605343
41763605562
41763605244
41763605714
41763605581
41763605888
41763605348
41763605349
41763605452
41763605668
41763605484
41763605381
41763605354
41763605938
41763605488
41763605557
41763605990
41763605525
41763605701
41763605699
41763605433
41763605717
41763605779
41763605733
41763605829
41763605624
41763605904
41763605765
41763605572
41763605811
41763605492
41763605185
41763605304
41763605394
41763605423
41763605857
41763605419
41763605659
41763605438
41763605498
41763605878
41763605359
41763605553
41763605372
41763605502
41763605544
41763605796
41763605920
41763605800
41763605396
41763605911
41763605709
41763605520
41763605546
41763605288
41763605898
41763605849
41763605600
41763605787
41763605486
41763605928
41763605551
41763605934
41763605613
41763605490
41763605290
41763605648
41763605386
41763605875
41763605515
41763605376
41763605763
41763605708
41763605340
41763605437
41763605926
41763605741
41763605667
41763605652
41763605552
41763605474
41763605674
41763605582
41763605462
41763605916
41763605840
41763605899
41763605610
41763605697
41763605907
41763605626
41763605558
41763605914
41763605565
41763605500
41763605946
41763605723
41763605767
41763605833
41763605436
41763605576
41763605392
41763605635
41763605314
41763605824
41763605518
41763605596
41763605495
41763605536
41763605534
41763605684
41763605929
41763605751
41763605847
41763605869
41763605909
41763605590
41763605991
41763605758
41763605657
41763605955
41763605678
41763605566
41763605555
41763605952
41763605887
41763605742
41763605415
41763605867
41763605695
41763605540
41763605332
41763605589
41763605658
41763605703
41763605561
41763605843
41763605795
41763605619
41763605229
41763605935
41763605754
41763605760
41763605691
41763605850
41763605743
41763605461
41763605587
41763605656
41763605689
41763605615
41763605625
41763605756
41763605750
41763605854
41763605808
41763605519
41763605736
41763605507
41763605785
41763605876
41763605915
41763605710
41763605901
41763605965
41763605636
41763605647
41763605692
41763605969
41763605855
41763605866
41763605885
41763605868
41763605917
41763605793
41763605694
41763605432
41763605737
41763605749
41763605444
41763605599
41763605944
41763605959
41763605807
41763605958
41763605860
41763605979
41763605755
41763605792
41763605922
41763605810
41763605463
41763605970
41763605693
41763605874
41763605616
41763605740
41763605882
41763605971
41763605550
41763605945
41763605768
41763605780
41763605611
41763605953
41763605894
41763605837
41763605942
41763605748
41763605655
41763605980
41763605851
41763605646
41763605902
41763605871
41763605941
41763605814
41763605873
41763605627
41763605967
41763605912
41763605896
41763605644
41763605642
41763605919
41763605900
41763605645
41763605702
41763605932
41763605789
41763605975
41763605880
41763605766
41763605943
41763605132
41763605148
41763605937
41763605995
41763605338
41763605951
41763605501
41763605575
41763605813
41763604026
41763604005
41763604010
41763604009
41763604015
41763604019
41763604032
41763604007
41763604011
41763604029
41763604021
41763604028
41763604017
41763604008
41763604045
41763604072
41763604034
41763604044
41763604055
41763604041
41763604121
41763604114
41763604038
41763604133
41763604164
41763604240
41763604325
41763604221
41763604102
41763604056
41763604310
41763604037
41763604141
41763604158
41763604111
41763604505
41763604115
41763604355
41763604153
41763604151
41763604095
41763604245
41763604097
41763604048
41763604070
41763604104
41763604132
41763604110
41763604071
41763604312
41763604043
41763604080
41763604088
41763604052
41763604081
41763604275
41763604481
41763604066
41763604139
41763604106
41763604252
41763604487
41763604054
41763604247
41763604258
41763604124
41763604302
41763604180
41763604150
41763604365
41763604202
41763604320
41763604067
41763604033
41763604105
41763604334
41763604478
41763604127
41763604278
41763604116
41763604650
41763604101
41763604145
41763604057
41763604435
41763604751
41763604040
41763604036
41763604049
41763604545
41763604131
41763604648
41763604224
41763604361
41763604229
41763604058
41763604096
41763604401
41763604432
41763604696
41763604282
41763604228
41763604280
41763604459
41763604290
41763604406
41763604214
41763604089
41763604174
41763604335
41763604381
41763604340
41763604196
41763604193
41763604423
41763604079
41763604602
41763604620
41763604087
41763604231
41763604213
41763604199
41763604194
41763604701
41763604144
41763604568
41763604384
41763604582
41763604659
41763604460
41763604234
41763604461
41763604757
41763604209
41763604220
41763604612
41763604512
41763604146
41763604446
41763604062
41763604201
41763604203
41763604236
41763604332
41763604233
41763604169
41763604094
41763604605
41763604091
41763604560
41763604521
41763604288
41763604077
41763604766
41763604743
41763604217
41763604702
41763604197
41763604536
41763604263
41763604879
41763604262
41763604471
41763604476
41763604347
41763604765
41763604486
41763604535
41763604178
41763604405
41763604634
41763604248
41763604226
41763604251
41763604350
41763604223
41763604321
41763604722
41763604441
41763604125
41763604237
41763604907
41763604420
41763604450
41763604558
41763604877
41763604497
41763604705
41763604935
41763604160
41763604654
41763604307
41763604218
41763604402
41763604399
41763604235
41763604552
41763604356
41763604430
41763604585
41763604165
41763604719
41763604825
41763604404
41763604742
41763604850
41763604434
41763604703
41763604338
41763604927
41763604270
41763604657
41763604277
41763604589
41763604918
41763604482
41763604910
41763604640
41763604933
41763604788
41763604318
41763604148
41763604242
41763604603
41763604597
41763604293
41763604488
41763604817
41763604946
41763604598
41763604447
41763604633
41763604883
41763604484
41763604966
41763604372
41763604191
41763604473
41763604562
41763604424
41763604304
41763604609
41763604458
41763604777
41763604442
41763604297
41763604981
41763604284
41763604732
41763604579
41763604353
41763604546
41763604555
41763604498
41763604296
41763604163
41763604403
41763604595
41763604667
41763604714
41763604888
41763604661
41763604889
41763604881
41763604509
41763604681
41763604690
41763604807
41763604313
41763604349
41763604548
41763604470
41763604170
41763604408
41763604590
41763604832
41763604651
41763604422
41763604294
41763604683
41763604615
41763604749
41763604530
41763604745
41763604371
41763604987
41763604556
41763604366
41763604457
41763604645
41763604594
41763604692
41763604768
41763604912
41763604982
41763604593
41763604443
41763604909
41763604668
41763604868
41763604700
41763604504
41763604754
41763604531
41763604738
41763604600
41763604619
41763604413
41763604755
41763604324
41763604866
41763604710
41763604857
41763604464
41763604725
41763604675
41763604567
41763604643
41763604664
41763604544
41763604741
41763604537
41763604823
41763604623
41763604950
41763604830
41763604718
41763604900
41763604812
41763604737
41763604926
41763604967
41763604415
41763604557
41763604525
41763604767
41763604526
41763604527
41763604858
41763604724
41763604444
41763604592
41763604770
41763604803
41763604739
41763604787
41763604534
41763604533
41763604890
41763604791
41763604608
41763604570
41763604561
41763604795
41763604804
41763604916
41763604990
41763604588
41763604445
41763604923
41763604727
41763604515
41763604826
41763604780
41763604903
41763604541
41763604712
41763604669
41763604838
41763604818
41763604851
41763604551
41763604698
41763604709
41763604919
41763604979
41763604899
41763604839
41763604816
41763604820
41763604776
41763604974
41763604707
41763604898
41763604932
41763604882
41763604971
41763604627
41763604992
41763604689
41763604677
41763604914
41763604867
41763604895
41763604613
41763604925
41763604972
41763604760
41763604921
41763604779
41763604706
41763604644
41763604905
41763604969
41763604860
41763604837
41763604735
41763604744
41763604924
41763604809
41763604870
41763604922
41763604539
41763604994
41763604801
41763604747
41763604959
41763604956
41763604848
41763604962
41763604828
41763604625
41763604655
41763604901
41763604970
41763604387
41763604934
41763606000
41763606013
41763606016
41763606019
41763606022
41763606018
41763606012
41763606015
41763606014
41763606007
41763606008
41763606005
41763606003
41763606011
41763606025
41763606001
41763606004
41763606031
41763606089
41763606153
41763606083
41763606038
41763606143
41763606079
41763606074
41763606071
41763606273
41763606073
41763606051
41763606034
41763606037
41763606065
41763606091
41763606113
41763606125
41763606053
41763606256
41763606055
41763606056
41763606070
41763606059
41763606127
41763606255
41763606116
41763606150
41763606095
41763606231
41763606193
41763606157
41763606100
41763606057
41763606062
41763606132
41763606098
41763606128
41763606033
41763606052
41763606139
41763606137
41763606140
41763606101
41763606203
41763606302
41763606202
41763606224
41763606334
41763606188
41763606044
41763606345
41763606233
41763606321
41763606094
41763606339
41763606263
41763606122
41763606133
41763606329
41763606264
41763606324
41763606129
41763606036
41763606111
41763606156
41763606124
41763606187
41763606309
41763606077
41763606218
41763606265
41763606247
41763606180
41763606248
41763606167
41763606319
41763606165
41763606308
41763606154
41763606236
41763606268
41763606283
41763606117
41763606104
41763606181
41763606241
41763606346
41763606300
41763606261
41763606072
41763606249
41763606304
41763606333
41763606235
41763606217
41763606120
41763606213
41763606110
41763606267
41763606090
41763606322
41763606336
41763606262
41763606238
41763606299
41763606343
41763606222
41763606281
41763606118
41763606121
41763606338
41763606176
41763606170
41763606155
41763606337
41763606210
41763606297
41763606278
41763606119
41763606205
41763606318
41763606330
41763606196
41763606344
41763606311
41763606041
41763606296
41763606227
41763606197
41763606245
41763606251
41763606271
41763606259
41763606301
41763606316
41763606242
41763606228
41763606270
41763606189
41763606171
41763606314
41763606204
41763606229
41763606190
41763606290
41763606348
41763606347
41763606349
41763606356
41763606355
41763606378
41763606361
41763606365
41763606364
41763606354
41763606377
41763606381
41763606368
41763606369
41763606360
41763606362
41763606449
41763606433
41763606395
41763606592
41763606456
41763606393
41763606419
41763606436
41763606429
41763606432
41763606602
41763606515
41763606634
41763606459
41763606425
41763606446
41763606524
41763606494
41763606479
41763606604
41763606597
41763606505
41763606519
41763606637
41763606568
41763606434
41763606645
41763606485
41763606415
41763606442
41763606557
41763606399
41763606535
41763606482
41763606404
41763606394
41763606431
41763606639
41763606391
41763606591
41763606388
41763606500
41763606543
41763606465
41763606437
41763606501
41763606452
41763606609
41763606443
41763606423
41763606652
41763606454
41763606512
41763606384
41763606439
41763606441
41763606396
41763606400
41763606387
41763606533
41763606554
41763606658
41763606605
41763606667
41763606528
41763606575
41763606530
41763606635
41763606486
41763606539
41763606601
41763606475
41763606383
41763606447
41763606697
41763606616
41763606624
41763606610
41763606672
41763606558
41763606448
41763606677
41763606693
41763606545
41763606678
41763606408
41763606469
41763606574
41763606580
41763606585
41763606621
41763606577
41763606611
41763606522
41763606520
41763606671
41763606445
41763606673
41763606619
41763606600
41763606581
41763606698
41763606623
41763606590
41763606608
41763606657
41763606455
41763606538
41763606641
41763606565
41763606640
41763606553
41763606536
41763606532
41763606632
41763606523
41763606450
41763606699
41763606551
41763606563
41763606651
41763606461
41763606630
41763606598
41763606618
41763606582
41763606589
41763606498
41763606660
41763606614
41763606576
41763606534
41763606517
41763606653
41763606679
41763606550
41763606572
41763606617
41763606666
41763606689
41763606638
41763606655
41763606647
41763606606
41763606688
41763606694
41763606633
41763606570
41763606593
41763606644
41763606670
41763606675
41763606631
41763606725
41763606730
41763606718
41763606712
41763606711
41763606707
41763606703
41763606720
41763606722
41763606710
41763606727
41763606709
41763606726
41763606700
41763606717
41763606752
41763606763
41763606743
41763606737
41763606739
41763606731
41763606735
41763606754
41763606760
41763606759
41763606745
41763606736
41763606738
41763606764
41763606740
41763606795
41763606797
41763606783
41763606843
41763606803
41763606778
41763606777
41763606776
41763606765
41763606807
41763606786
41763606815
41763606806
41763606832
41763606769
41763606841
41763606779
41763606789
41763606774
41763606794
41763606816
41763606790
41763606771
41763606793
41763606830
41763606800
41763606838
41763606829
41763606842
41763606819
41763606820
41763606799
41763606791
41763606848
41763606788
41763606792
41763606836
41763606818
41763606781
41763606823
41763606831
41763606847
41763606846
41763606855
41763606875
41763606876
41763606905
41763606870
41763606889
41763606860
41763606907
41763606854
41763606886
41763606868
41763606851
41763606893
41763606888
41763606883
41763606882
41763606857
41763606895
41763606909
41763606869
41763606910
41763606862
41763606884
41763606865
41763606911
41763606890
41763606908
41763606871
41763606891
41763606856
41763606904
41763606933
41763606960
41763606969
41763606921
41763606913
41763606926
41763606942
41763606938
41763606981
41763606920
41763606957
41763606962
41763606963
41763606950
41763606999
41763606916
41763606976
41763606955
41763606965
41763606929
41763606977
41763606974
41763606998
41763606922
41763606986
41763606990
41763606997
41763606958
41763606940
41763606967
41763606959
41763606944
41763606973
41763600000
41763600006
41763600012
41763600027
41763600014
41763600025
41763600019
41763600016
41763600013
41763600018
41763600245
41763600059
41763600064
41763600138
41763600107
41763600166
41763600041
41763600054
41763600056
41763600076
41763600244
41763600077
41763600257
41763600087
41763600067
41763600102
41763600113
41763600126
41763600322
41763600365
41763600214
41763600046
41763600055
41763600114
41763600069
41763600105
41763600043
41763600242
41763600116
41763600072
41763600101
41763600062
41763600144
41763600091
41763600063
41763600109
41763600082
41763600047
41763600206
41763600112
41763600161
41763600053
41763600230
41763600154
41763600351
41763600207
41763600079
41763600145
41763600110
41763600205
41763600399
41763600052
41763600172
41763600249
41763600095
41763600060
41763600246
41763600106
41763600039
41763600089
41763600276
41763600123
41763600168
41763600199
41763600080
41763600155
41763600330
41763600408
41763600191
41763600186
41763600417
41763600705
41763600094
41763600090
41763600423
41763600183
41763600305
41763600134
41763600282
41763600415
41763600254
41763600320
41763600129
41763600121
41763600066
41763600724
41763600300
41763600232
41763600501
41763600251
41763600314
41763600139
41763600477
41763600507
41763600124
41763600438
41763600433
41763600272
41763600131
41763600234
41763600425
41763600219
41763600440
41763600290
41763600302
41763600277
41763600239
41763600092
41763600215
41763600042
41763600513
41763600150
41763600494
41763600714
41763600201
41763600120
41763600363
41763600309
41763600306
41763600506
41763600263
41763600269
41763600321
41763600174
41763600208
41763600279
41763600688
41763600280
41763600081
41763600287
41763600772
41763600614
41763600259
41763600481
41763600209
41763600414
41763600187
41763600130
41763600588
41763600519
41763600385
41763600275
41763600256
41763600638
41763600445
41763600856
41763600343
41763600499
41763600446
41763600298
41763600398
41763600248
41763600142
41763600220
41763600353
41763600369
41763600561
41763600337
41763600210
41763600349
41763600304
41763600193
41763600503
41763600671
41763600436
41763600128
41763600514
41763600518
41763600386
41763600495
41763600549
41763600236
41763600303
41763600390
41763600935
41763600485
41763600243
41763600312
41763600493
41763600192
41763600839
41763600612
41763600607
41763600665
41763600175
41763600523
41763600255
41763600556
41763600108
41763600427
41763600525
41763600516
41763600308
41763600381
41763600444
41763600250
41763600377
41763600204
41763600296
41763600914
41763600410
41763600909
41763600352
41763600346
41763600217
41763600401
41763600530
41763600146
41763600334
41763600824
41763600814
41763600432
41763600736
41763600567
41763600775
41763600882
41763600512
41763600743
41763600333
41763600311
41763600167
41763600648
41763600610
41763600928
41763600375
41763600462
41763600521
41763600118
41763600376
41763600366
41763600955
41763600457
41763600794
41763600548
41763600855
41763600336
41763600600
41763600801
41763600409
41763600310
41763600645
41763600868
41763600974
41763600560
41763600407
41763600449
41763600544
41763600266
41763600271
41763600778
41763600430
41763600260
41763600611
41763600557
41763600583
41763600487
41763600967
41763600529
41763600682
41763600744
41763600085
41763600404
41763600395
41763600685
41763600420
41763600163
41763600883
41763600324
41763600812
41763600394
41763600970
41763600442
41763600231
41763600393
41763600522
41763600294
41763600630
41763600636
41763600619
41763600473
41763600597
41763600660
41763600795
41763600195
41763600435
41763600497
41763600991
41763600640
41763600667
41763600605
41763600563
41763600621
41763600842
41763600804
41763600601
41763600763
41763600681
41763600996
41763600520
41763600960
41763600355
41763600359
41763600364
41763600959
41763600910
41763600229
41763600419
41763600830
41763600470
41763600760
41763600595
41763600571
41763600649
41763600995
41763600566
41763600885
41763600964
41763600642
41763600329
41763600362
41763600579
41763600405
41763600863
41763600540
41763600693
41763600437
41763600686
41763600639
41763600194
41763600466
41763600373
41763600535
41763600668
41763600299
41763600609
41763600586
41763600734
41763600702
41763600286
41763600509
41763600622
41763600821
41763600625
41763600787
41763600382
41763600550
41763600903
41763600873
41763600690
41763600735
41763600356
41763600504
41763600953
41763600273
41763600796
41763600643
41763600680
41763600572
41763600749
41763600696
41763600606
41763600357
41763600750
41763600968
41763600533
41763600391
41763600666
41763600486
41763600708
41763600613
41763600777
41763600773
41763600539
41763600926
41763600721
41763600709
41763600927
41763600644
41763600887
41763600293
41763600624
41763600489
41763600629
41763600478
41763600392
41763600706
41763600673
41763600678
41763600403
41763600654
41763600661
41763600834
41763600886
41763600633
41763600701
41763600919
41763600632
41763600954
41763600406
41763600769
41763600728
41763600881
41763600627
41763600720
41763600899
41763600505
41763600827
41763600608
41763600951
41763600416
41763600421
41763600828
41763600791
41763600936
41763600653
41763600555
41763600655
41763600626
41763600411
41763600307
41763600979
41763600664
41763600676
41763600570
41763600971
41763600762
41763600528
41763600985
41763600780
41763600825
41763600843
41763600884
41763600969
41763600805
41763600994
41763600865
41763600912
41763600482
41763600879
41763600637
41763600799
41763600547
41763600952
41763600758
41763600916
41763600958
41763600975
41763600803
41763600335
41763600836
41763600788
41763600587
41763600829
41763600929
41763600585
41763600577
41763600604
41763600880
41763600947
41763600980
41763600818
41763600797
41763600923
41763600904
41763600962
41763600878
41763600837
41763600859
41763600840
41763600810
41763600717
41763600866
41763600844
41763600647
41763600956
41763600816
41763600932
41763600945
41763600857
41763600988
41763600809
41763600943
41763600930
41763600689
41763600820
41763600901
41763600848
41763600989
41763600924
41763600966
41763600770
41763600017
41763600908
41763600338
41763600922
41763600508
41763600617
41763600715
41763600845
41763600852
41763600616
41763600670
41763600679
41763600838
41763600876
41763600948
41763609023
41763609002
41763609011
41763609008
41763609017
41763609004
41763609016
41763609032
41763609006
41763609001
41763609031
41763609028
41763609012
41763609019
41763609022
41763609025
41763609015
41763609048
41763609052
41763609218
41763609063
41763609034
41763609074
41763609065
41763609133
41763609049
41763609181
41763609078
41763609086
41763609139
41763609275
41763609088
41763609073
41763609051
41763609042
41763609033
41763609366
41763609227
41763609089
41763609064
41763609197
41763609169
41763609108
41763609353
41763609123
41763609053
41763609427
41763609125
41763609039
41763609054
41763609131
41763609132
41763609037
41763609210
41763609294
41763609283
41763609186
41763609213
41763609062
41763609339
41763609041
41763609223
41763609126
41763609046
41763609043
41763609096
41763609361
41763609099
41763609100
41763609056
41763609077
41763609068
41763609191
41763609057
41763609194
41763609142
41763609079
41763609263
41763609268
41763609102
41763609071
41763609128
41763609157
41763609541
41763609165
41763609067
41763609484
41763609443
41763609072
41763609093
41763609095
41763609129
41763609783
41763609105
41763609190
41763609138
41763609136
41763609119
41763609224
41763609106
41763609393
41763609230
41763609144
41763609091
41763609240
41763609254
41763609604
41763609359
41763609141
41763609396
41763609114
41763609130
41763609149
41763609535
41763609160
41763609764
41763609523
41763609378
41763609588
41763609641
41763609337
41763609320
41763609189
41763609140
41763609306
41763609513
41763609362
41763609509
41763609311
41763609529
41763609259
41763609199
41763609314
41763609439
41763609168
41763609538
41763609281
41763609566
41763609444
41763609177
41763609697
41763609216
41763609335
41763609453
41763609338
41763609185
41763609202
41763609116
41763609193
41763609497
41763609371
41763609563
41763609127
41763609217
41763609233
41763609582
41763609720
41763609251
41763609830
41763609521
41763609385
41763609297
41763609242
41763609430
41763609596
41763609357
41763609173
41763609226
41763609426
41763609107
41763609667
41763609494
41763609463
41763609212
41763609423
41763609447
41763609624
41763609245
41763609285
41763609363
41763609312
41763609101
41763609170
41763609651
41763609350
41763609092
41763609284
41763609465
41763609342
41763609436
41763609629
41763609266
41763609201
41763609325
41763609555
41763609960
41763609289
41763609211
41763609154
41763609496
41763609575
41763609472
41763609464
41763609097
41763609416
41763609491
41763609252
41763609401
41763609209
41763609534
41763609419
41763609860
41763609433
41763609336
41763609163
41763609195
41763609315
41763609445
41763609313
41763609482
41763609318
41763609324
41763609520
41763609537
41763609600
41763609486
41763609290
41763609395
41763609351
41763609120
41763609389
41763609778
41763609383
41763609605
41763609772
41763609404
41763609156
41763609302
41763609654
41763609469
41763609474
41763609522
41763609094
41763609911
41763609232
41763609343
41763609379
41763609665
41763609424
41763609609
41763609743
41763609662
41763609498
41763609467
41763609162
41763609291
41763609550
41763609407
41763609388
41763609296
41763609418
41763609355
41763609943
41763609559
41763609492
41763609434
41763609798
41763609462
41763609618
41763609456
41763609381
41763609161
41763609799
41763609205
41763609636
41763609892
41763609671
41763609876
41763609846
41763609978
41763609648
41763609807
41763609493
41763609589
41763609592
41763609405
41763609796
41763609890
41763609344
41763609122
41763609767
41763609450
41763609483
41763609506
41763609984
41763609843
41763609414
41763609573
41763609507
41763609565
41763609606
41763609348
41763609602
41763609442
41763609323
41763609530
41763609664
41763609875
41763609417
41763609900
41763609740
41763609765
41763609377
41763609680
41763609454
41763609964
41763609656
41763609411
41763609599
41763609987
41763609658
41763609885
41763609809
41763609748
41763609632
41763609500
41763609801
41763609958
41763609919
41763609706
41763609477
41763609973
41763609700
41763609585
41763609621
41763609828
41763609408
41763609552
41763609728
41763609187
41763609638
41763609855
41763609912
41763609790
41763609922
41763609481
41763609797
41763609515
41763609713
41763609937
41763609934
41763609991
41763609872
41763609499
41763609626
41763609810
41763609598
41763609994
41763609848
41763609735
41763609849
41763609549
41763609908
41763609374
41763609956
41763609904
41763609906
41763609980
41763609652
41763609591
41763609476
41763609584
41763609551
41763609930
41763609829
41763609611
41763609734
41763609386
41763609466
41763609932
41763609616
41763609577
41763609333
41763609916
41763609939
41763609898
41763609909
41763609595
41763609933
41763609921
41763609525
41763609977
41763609754
41763609639
41763609903
41763609723
41763609675
41763609953
41763609622
41763609877
41763609928
41763609995
41763609471
41763609923
41763609931
41763609894
41763609777
41763609617
41763609779
41763609929
41763609597
41763609788
41763609868
41763609770
41763609975
41763609755
41763609886
41763609851
41763609968
41763609823
41763609985
41763609961
41763609694
41763609742
41763609548
41763609787
41763609840
41763609834
41763609793
41763609863
41763609949
41763609838
41763609944
41763609997
41763609945
41763609951
41763609753
41763609913
41763609915
41763609791
41763609989
41763609981
41763609746
41763609704
41763609789
41763609842
41763609950
41763609670
41763609669
41763609938
41763609630
41763609907
41763609794
41763609936
41763609696
41763609910
41763609880
41763609979
41763609918
41763609988
41763609781
41763609924
41763609982
41763609959
41763609942
41763609833
41763609962
41763609963
41763609831
41763609879
41763603031
41763603028
41763603016
41763603005
41763603004
41763603021
41763603008
41763603032
41763603025
41763603023
41763603011
41763603012
41763603018
41763603015
41763603013
41763603027
41763603033
41763603067
41763603072
41763603209
41763603049
41763603038
41763603064
41763603105
41763603134
41763603059
41763603156
41763603058
41763603110
41763603218
41763603162
41763603137
41763603039
41763603062
41763603099
41763603295
41763603122
41763603202
41763603143
41763603103
41763603117
41763603199
41763603212
41763603113
41763603233
41763603043
41763603313
41763603130
41763603266
41763603063
41763603138
41763603239
41763603346
41763603089
41763603086
41763603079
41763603087
41763603213
41763603328
41763603140
41763603096
41763603114
41763603076
41763603118
41763603057
41763603111
41763603075
41763603215
41763603169
41763603123
41763603221
41763603188
41763603232
41763603229
41763603168
41763603186
41763603139
41763603178
41763603267
41763603154
41763603343
41763603036
41763603126
41763603131
41763603222
41763603112
41763603161
41763603223
41763603254
41763603077
41763603204
41763603056
41763603078
41763603088
41763603181
41763603344
41763603220
41763603292
41763603164
41763603102
41763603315
41763603174
41763603217
41763603330
41763603305
41763603256
41763603141
41763603259
41763603149
41763603182
41763603288
41763603183
41763603314
41763603283
41763603279
41763603191
41763603208
41763603320
41763603144
41763603290
41763603347
41763603206
41763603311
41763603321
41763603173
41763603081
41763603108
41763603291
41763603276
41763603055
41763603264
41763603312
41763603061
41763603244
41763603327
41763603340
41763603242
41763603225
41763603084
41763603253
41763603201
41763603350
41763603334
41763603297
41763603280
41763603160
41763603316
41763603342
41763603192
41763603115
41763603278
41763603205
41763603318
41763603151
41763603268
41763603336
41763603270
41763603210
41763603348
41763603332
41763603234
41763603338
41763603306
41763603125
41763603326
41763603322
41763603227
41763603163
41763603185
41763603260
41763603300
41763603200
41763603366
41763603378
41763603369
41763603354
41763603373
41763603359
41763603363
41763603381
41763603367
41763603370
41763603382
41763603380
41763603375
41763603539
41763603442
41763603402
41763603396
41763603422
41763603432
41763603453
41763603480
41763603391
41763603413
41763603472
41763603404
41763603397
41763603427
41763603393
41763603452
41763603441
41763603522
41763603530
41763603409
41763603542
41763603590
41763603551
41763603588
41763603618
41763603661
41763603395
41763603418
41763603621
41763603613
41763603626
41763603622
41763603436
41763603580
41763603515
41763603693
41763603394
41763603435
41763603385
41763603501
41763603598
41763603408
41763603508
41763603456
41763603439
41763603520
41763603490
41763603524
41763603507
41763603510
41763603662
41763603608
41763603564
41763603525
41763603390
41763603649
41763603399
41763603688
41763603519
41763603455
41763603482
41763603603
41763603511
41763603486
41763603664
41763603604
41763603503
41763603538
41763603499
41763603466
41763603523
41763603617
41763603532
41763603475
41763603388
41763603535
41763603479
41763603469
41763603454
41763603597
41763603675
41763603471
41763603571
41763603518
41763603562
41763603692
41763603607
41763603644
41763603596
41763603457
41763603426
41763603438
41763603473
41763603462
41763603500
41763603579
41763603550
41763603605
41763603612
41763603557
41763603656
41763603437
41763603433
41763603636
41763603440
41763603642
41763603468
41763603680
41763603667
41763603477
41763603695
41763603543
41763603614
41763603611
41763603616
41763603685
41763603461
41763603549
41763603447
41763603533
41763603573
41763603572
41763603606
41763603677
41763603496
41763603561
41763603619
41763603476
41763603615
41763603620
41763603631
41763603639
41763603624
41763603694
41763603546
41763603570
41763603654
41763603669
41763603556
41763603699
41763603446
41763603627
41763603650
41763603663
41763603601
41763603690
41763603634
41763603574
41763603502
41763603638
41763603633
41763603674
41763603637
41763603643
41763603610
41763603578
41763603716
41763603710
41763603721
41763603711
41763603702
41763603701
41763603700
41763603726
41763603713
41763603729
41763603793
41763603768
41763603809
41763603779
41763603806
41763603741
41763603735
41763603790
41763603802
41763603752
41763603819
41763603736
41763603737
41763603791
41763603774
41763603766
41763603760
41763603740
41763603755
41763603775
41763603739
41763603800
41763603758
41763603783
41763603777
41763603810
41763603799
41763603811
41763603764
41763603767
41763603788
41763603815
41763603804
41763603761
41763603818
41763603773
41763603807
41763603797
41763603825
41763603822
41763603821
41763603858
41763603880
41763603826
41763603866
41763603827
41763603834
41763603835
41763603865
41763603872
41763603851
41763603828
41763603848
41763603837
41763603877
41763603839
41763603832
41763603853
41763603831
41763603871
41763603820
41763603874
41763603870
41763603907
41763603923
41763603952
41763603947
41763603903
41763603900
41763603912
41763603951
41763603883
41763603898
41763603884
41763603941
41763603886
41763603926
41763603913
41763603955
41763603889
41763603911
41763603929
41763603932
41763603917
41763603957
41763603965
41763603896
41763603960
41763603922
41763603936
41763603939
41763603890
41763603882
41763603893
41763603933
41763603897
41763603908
41763603885
41763603930
41763603940
41763603954
41763603967
41763603975
41763603976
41763603994
41763603991
41763603989
41763603982
41763603973
41763603971
41763603987
41763603977
41763603990
41763603969
41763603983
41763603999
41763603974
41763603998
41763603986
41763603995
41763603997
41763601000
41763601004
41763601010
41763601028
41763601025
41763601009
41763601011
41763601005
41763601026
41763601001
41763601012
41763601023
41763601015
41763601019
41763601022
41763601020
41763601013
41763601017
41763601029
41763601024
41763601050
41763601123
41763601044
41763601167
41763601148
41763601067
41763601055
41763601081
41763601116
41763601260
41763601066
41763601194
41763601111
41763601035
41763601061
41763601065
41763601084
41763601088
41763601145
41763601182
41763601096
41763601108
41763601062
41763601100
41763601072
41763601322
41763601126
41763601103
41763601315
41763601129
41763601246
41763601157
41763601277
41763601237
41763601250
41763601318
41763601033
41763601164
41763601342
41763601110
41763601125
41763601068
41763601119
41763601172
41763601268
41763601117
41763601051
41763601042
41763601101
41763601118
41763601147
41763601313
41763601107
41763601122
41763601185
41763601136
41763601302
41763601202
41763601130
41763601057
41763601056
41763601231
41763601146
41763601199
41763601086
41763601187
41763601045
41763601228
41763601106
41763601212
41763601285
41763601236
41763601060
41763601124
41763601115
41763601181
41763601133
41763601191
41763601317
41763601089
41763601064
41763601176
41763601112
41763601287
41763601309
41763601079
41763601295
41763601331
41763601255
41763601074
41763601138
41763601075
41763601262
41763601179
41763601155
41763601120
41763601165
41763601076
41763601232
41763601308
41763601326
41763601290
41763601102
41763601160
41763601286
41763601092
41763601104
41763601227
41763601209
41763601083
41763601220
41763601303
41763601293
41763601299
41763601150
41763601314
41763601335
41763601151
41763601183
41763601196
41763601156
41763601278
41763601158
41763601323
41763601177
41763601211
41763601347
41763601201
41763601327
41763601207
41763601329
41763601294
41763601215
41763601267
41763601190
41763601256
41763601113
41763601247
41763601206
41763601269
41763601334
41763601242
41763601193
41763601340
41763601289
41763601244
41763601127
41763601173
41763601276
41763601324
41763601333
41763601218
41763601311
41763601305
41763601279
41763601241
41763601178
41763601205
41763601245
41763601339
41763601282
41763601283
41763601344
41763601345
41763601221
41763601195
41763601348
41763601210
41763601291
41763601272
41763601328
41763601270
41763601197
41763601213
41763601350
41763601343
41763601306
41763601233
41763601204
41763601307
41763601264
41763601217
41763601274
41763601254
41763601300
41763601371
41763601359
41763601353
41763601369
41763601382
41763601377
41763601357
41763601360
41763601367
41763601368
41763601351
41763601370
41763601355
41763601366
41763601365
41763601364
41763601356
41763601354
41763601407
41763601432
41763601521
41763601410
41763601409
41763601465
41763601487
41763601520
41763601537
41763601435
41763601485
41763601408
41763601416
41763601451
41763601414
41763601467
41763601400
41763601438
41763601397
41763601469
41763601509
41763601419
41763601525
41763601672
41763601504
41763601417
41763601508
41763601459
41763601476
41763601452
41763601570
41763601391
41763601411
41763601644
41763601596
41763601514
41763601405
41763601591
41763601563
41763601493
41763601577
41763601491
41763601516
41763601436
41763601384
41763601412
41763601437
41763601503
41763601398
41763601401
41763601691
41763601526
41763601511
41763601607
41763601517
41763601457
41763601490
41763601488
41763601580
41763601396
41763601562
41763601558
41763601478
41763601656
41763601635
41763601480
41763601439
41763601430
41763601460
41763601648
41763601502
41763601552
41763601515
41763601619
41763601633
41763601418
41763601646
41763601428
41763601595
41763601415
41763601585
41763601621
41763601627
41763601575
41763601507
41763601555
41763601661
41763601545
41763601495
41763601536
41763601605
41763601512
41763601535
41763601455
41763601642
41763601565
41763601471
41763601659
41763601610
41763601662
41763601420
41763601559
41763601676
41763601572
41763601444
41763601578
41763601669
41763601549
41763601441
41763601556
41763601614
41763601651
41763601674
41763601597
41763601584
41763601510
41763601629
41763601606
41763601689
41763601481
41763601609
41763601506
41763601431
41763601518
41763601598
41763601604
41763601688
41763601626
41763601615
41763601513
41763601588
41763601547
41763601574
41763601611
41763601482
41763601692
41763601541
41763601613
41763601594
41763601505
41763601643
41763601690
41763601649
41763601600
41763601550
41763601673
41763601566
41763601663
41763601696
41763601453
41763601695
41763601667
41763601634
41763601554
41763601686
41763601603
41763601657
41763601612
41763601618
41763601693
41763601593
41763601583
41763601683
41763601668
41763601682
41763601602
41763601655
41763601712
41763601725
41763601709
41763601730
41763601703
41763601707
41763601701
41763601728
41763601727
41763601722
41763601704
41763601708
41763601705
41763601716
41763601718
41763601717
41763601773
41763601738
41763601741
41763601742
41763601760
41763601772
41763601765
41763601745
41763601735
41763601737
41763601758
41763601763
41763601791
41763601790
41763601775
41763601739
41763601783
41763601789
41763601768
41763601770
41763601767
41763601778
41763601804
41763601816
41763601800
41763601796
41763601823
41763601795
41763601825
41763601805
41763601803
41763601850
41763601820
41763601844
41763601801
41763601830
41763601806
41763601855
41763601842
41763601859
41763601838
41763601863
41763601866
41763601870
41763601810
41763601797
41763601819
41763601821
41763601794
41763601827
41763601878
41763601868
41763601877
41763601824
41763601813
41763601872
41763601847
41763601864
41763601834
41763601809
41763601845
41763601869
41763601841
41763601862
41763601818
41763601846
41763601873
41763601853
41763601854
41763601893
41763601927
41763601960
41763601906
41763601940
41763601955
41763601879
41763601900
41763601901
41763601942
41763601907
41763601888
41763601897
41763601930
41763601917
41763601903
41763601941
41763601926
41763601892
41763601894
41763601909
41763601918
41763601947
41763601958
41763601920
41763601889
41763601914
41763601923
41763601937
41763601899
41763601922
41763601945
41763601950
41763601910
41763601896
41763601886
41763601890
41763601919
41763601956
41763601882
41763601959
41763601911
41763601924
41763601905
41763601961
41763601949
41763601957
41763601946
41763601963
41763601928
41763601935
41763601968
41763601986
41763601976
41763601973
41763601966
41763601979
41763601967
41763601975
41763601969
41763601972
41763601982
41763601971
41763601991
41763601977
41763601981
41763601984
41763601992
41763601980
41763601997
41763601995
41763601998
41763601994
41763601970
41763601996
41763601987
41763601978
41763601990
41763602014
41763602024
41763602026
41763602021
41763602002
41763602015
41763602003
41763602032
41763602023
41763602022
41763602017
41763602001
41763602009
41763602004
41763602028
41763602018
41763602030
41763602029
41763602020
41763602011
41763602069
41763602107
41763602062
41763602093
41763602081
41763602106
41763602037
41763602064
41763602104
41763602127
41763602214
41763602041
41763602124
41763602072
41763602091
41763602202
41763602046
41763602180
41763602054
41763602125
41763602246
41763602236
41763602198
41763602131
41763602090
41763602251
41763602073
41763602321
41763602144
41763602195
41763602245
41763602308
41763602074
41763602207
41763602475
41763602051
41763602047
41763602102
41763602058
41763602112
41763602084
41763602089
41763602056
41763602122
41763602155
41763602225
41763602287
41763602044
41763602095
41763602189
41763602108
41763602147
41763602036
41763602033
41763602042
41763602209
41763602173
41763602098
41763602326
41763602351
41763602506
41763602159
41763602087
41763602316
41763602092
41763602100
41763602111
41763602190
41763602428
41763602079
41763602103
41763602456
41763602685
41763602300
41763602212
41763602311
41763602273
41763602292
41763602504
41763602425
41763602484
41763602304
41763602250
41763602121
41763602182
41763602356
41763602187
41763602615
41763602301
41763602179
41763602381
41763602204
41763602388
41763602423
41763602247
41763602219
41763602216
41763602278
41763602433
41763602055
41763602259
41763602562
41763602221
41763602243
41763602360
41763602110
41763602469
41763602105
41763602126
41763602184
41763602593
41763602485
41763602284
41763602323
41763602404
41763602226
41763602665
41763602317
41763602266
41763602594
41763602467
41763602240
41763602137
41763602253
41763602203
41763602449
41763602728
41763602397
41763602329
41763602211
41763602224
41763602330
41763602235
41763602494
41763602675
41763602591
41763602514
41763602094
41763602135
41763602049
41763602269
41763602673
41763602426
41763602210
41763602352
41763602417
41763602677
41763602461
41763602256
41763602726
41763602358
41763602161
41763602608
41763602191
41763602542
41763602318
41763602646
41763602503
41763602499
41763602873
41763602495
41763602465
41763602228
41763602383
41763602468
41763602290
41763602583
41763602233
41763602367
41763602808
41763602568
41763602900
41763602389
41763602342
41763602118
41763602328
41763602430
41763602281
41763602395
41763602305
41763602459
41763602792
41763602631
41763602156
41763602399
41763602616
41763602556
41763602274
41763602702
41763602620
41763602502
41763602405
41763602507
41763602411
41763602692
41763602310
41763602797
41763602807
41763602971
41763602496
41763602372
41763602402
41763602520
41763602280
41763602864
41763602785
41763602275
41763602641
41763602525
41763602298
41763602205
41763602406
41763602291
41763602471
41763602324
41763602723
41763602607
41763602457
41763602414
41763602640
41763602565
41763602638
41763602688
41763602448
41763602336
41763602662
41763602779
41763602527
41763602288
41763602803
41763602077
41763602391
41763602368
41763602377
41763602393
41763602401
41763602840
41763602309
41763602470
41763602505
41763602961
41763602585
41763602599
41763602343
41763602487
41763602770
41763602458
41763602279
41763602378
41763602907
41763602445
41763602474
41763602947
41763602751
41763602843
41763602809
41763602451
41763602441
41763602732
41763602339
41763602513
41763602622
41763602912
41763602554
41763602438
41763602746
41763602623
41763602826
41763602120
41763602833
41763602992
41763602609
41763602841
41763602888
41763602431
41763602315
41763602267
41763602335
41763602678
41763602772
41763602666
41763602362
41763602977
41763602355
41763602574
41763602592
41763602644
41763602601
41763602891
41763602895
41763602483
41763602296
41763602409
41763602663
41763602777
41763602286
41763602587
41763602453
41763602603
41763602533
41763602265
41763602490
41763602691
41763602332
41763602660
41763602408
41763602707
41763602570
41763602756
41763602488
41763602454
41763602680
41763602962
41763602693
41763602938
41763602921
41763602781
41763602424
41763602721
41763602566
41763602440
41763602466
41763602450
41763602812
41763602990
41763602920
41763602422
41763602476
41763602782
41763602705
41763602740
41763602444
41763602511
41763602773
41763602683
41763602509
41763602941
41763602780
41763602973
41763602479
41763602522
41763602427
41763602272
41763602407
41763602825
41763602804
41763602806
41763602636
41763602924
41763602969
41763602783
41763602575
41763602519
41763602630
41763602894
41763602612
41763602412
41763602994
41763602472
41763602909
41763602536
41763602858
41763602704
41763602606
41763602904
41763602549
41763602963
41763602978
41763602629
41763602762
41763602729
41763602672
41763602500
41763602668
41763602679
41763602814
41763602604
41763602795
41763602558
41763602983
41763602884
41763602452
41763602302
41763602621
41763602853
41763602576
41763602939
41763602846
41763602791
41763602681
41763602659
41763602831
41763602986
41763602915
41763602749
41763602930
41763602676
41763602820
41763602940
41763602390
41763602526
41763602708
41763602420
41763602800
41763602799
41763602747
41763602547
41763602886
41763602951
41763602931
41763602926
41763602766
41763602610
41763602929
41763602373
41763602822
41763602871
41763602512
41763602725
41763602687
41763602322
41763602778
41763602552
41763602768
41763602876
41763602669
41763602555
41763602901
41763602437
41763602974
41763602788
41763602538
41763602597
41763602832
41763602805
41763602878
41763602392
41763602767
41763602689
41763602988
41763602580
41763602882
41763602588
41763602637
41763602710
41763602595
41763602890
41763602600
41763602906
41763602919
41763602545
41763602887
41763602821
41763602981
41763602932
41763602763
41763602950
41763602652
41763602897
41763602802
41763602674
41763602854
41763602711
41763602980
41763602656
41763602908
41763602966
41763602477
41763602719
41763602839
41763602889
41763602754
41763602796
41763602838
41763608001
41763608007
41763608027
41763608015
41763608002
41763608008
41763608026
41763608021
41763608017
41763608020
41763608025
41763608011
41763608005
41763608019
41763608018
41763608004
41763608009
41763608032
41763608023
41763608093
41763608208
41763608206
41763608051
41763608219
41763608046
41763608042
41763608033
41763608053
41763608065
41763608080
41763608296
41763608036
41763608108
41763608147
41763608163
41763608171
41763608064
41763608083
41763608079
41763608255
41763608024
41763608275
41763608285
41763608122
41763608281
41763608048
41763608204
41763608314
41763608222
41763608058
41763608117
41763608160
41763608056
41763608043
41763608366
41763608115
41763608195
41763608227
41763608062
41763608187
41763608059
41763608278
41763608044
41763608120
41763608075
41763608228
41763608215
41763608072
41763608165
41763608099
41763608087
41763608334
41763608078
41763608054
41763608137
41763608014
41763608052
41763608041
41763608523
41763608101
41763608558
41763608106
41763608457
41763608076
41763608138
41763608482
41763608082
41763608172
41763608136
41763608358
41763608277
41763608540
41763608111
41763608244
41763608221
41763608571
41763608055
41763608070
41763608057
41763608240
41763608113
41763608184
41763608301
41763608693
41763608088
41763608385
41763608164
41763608134
41763608406
41763608282
41763608455
41763608201
41763608488
41763608112
41763608100
41763608288
41763608657
41763608180
41763608557
41763608155
41763608424
41763608158
41763608299
41763608444
41763608306
41763608202
41763608159
41763608345
41763608514
41763608412
41763608188
41763608369
41763608125
41763608069
41763608404
41763608341
41763608544
41763608356
41763608170
41763608865
41763608211
41763608590
41763608183
41763608367
41763608156
41763608641
41763608683
41763608226
41763608502
41763608515
41763608105
41763608231
41763608774
41763608905
41763608139
41763608640
41763608199
41763608329
41763608626
41763608280
41763608438
41763608630
41763608135
41763608252
41763608578
41763608745
41763608562
41763608360
41763608197
41763608151
41763608677
41763608623
41763608493
41763608324
41763608695
41763608511
41763608249
41763608827
41763608133
41763608363
41763608477
41763608196
41763608203
41763608213
41763608414
41763608383
41763608127
41763608570
41763608373
41763608161
41763608295
41763608585
41763608162
41763608486
41763608355
41763608728
41763608811
41763608635
41763608740
41763608452
41763608175
41763608618
41763608930
41763608807
41763608239
41763608817
41763608474
41763608881
41763608589
41763608499
41763608781
41763608425
41763608232
41763608679
41763608181
41763608535
41763608339
41763608225
41763608498
41763608867
41763608209
41763608771
41763608698
41763608833
41763608755
41763608309
41763608340
41763608303
41763608501
41763608308
41763608392
41763608286
41763608814
41763608835
41763608349
41763608525
41763608568
41763608899
41763608709
41763608528
41763608430
41763608320
41763608441
41763608300
41763608177
41763608777
41763608697
41763608250
41763608675
41763608586
41763608479
41763608818
41763608327
41763608875
41763608407
41763608765
41763608102
41763608182
41763608892
41763608610
41763608431
41763608484
41763608168
41763608720
41763608467
41763608815
41763608331
41763608663
41763608337
41763608432
41763608674
41763608842
41763608483
41763608914
41763608405
41763608273
41763608906
41763608408
41763608271
41763608519
41763608449
41763608889
41763608909
41763608841
41763608916
41763608338
41763608490
41763608789
41763608796
41763608311
41763608747
41763608743
41763608473
41763608808
41763608396
41763608890
41763608450
41763608447
41763608700
41763608321
41763608276
41763608489
41763608925
41763608552
41763608737
41763608470
41763608953
41763608580
41763608579
41763608972
41763608785
41763608846
41763608633
41763608650
41763608434
41763608858
41763608443
41763608480
41763608782
41763608495
41763608313
41763608491
41763608310
41763608421
41763608834
41763608792
41763608766
41763608629
41763608756
41763608680
41763608581
41763608866
41763608648
41763608845
41763608433
41763608534
41763608566
41763608513
41763608556
41763608776
41763608988
41763608632
41763608894
41763608413
41763608622
41763608509
41763608456
41763608794
41763608595
41763608611
41763608220
41763608950
41763608547
41763608636
41763608944
41763608466
41763608893
41763608651
41763608949
41763608681
41763608847
41763608986
41763608753
41763608378
41763608560
41763608604
41763608656
41763608746
41763608877
41763608603
41763608821
41763608600
41763608882
41763608529
41763608500
41763608685
41763608359
41763608553
41763608716
41763608830
41763608565
41763608767
41763608790
41763608330
41763608655
41763608819
41763608849
41763608686
41763608606
41763608891
41763608809
41763608856
41763608902
41763608850
41763608668
41763608926
41763608832
41763608522
41763608620
41763608530
41763608799
41763608872
41763608791
41763608577
41763608772
41763608442
41763608787
41763608843
41763608927
41763608801
41763608996
41763608857
41763608472
41763608266
41763608689
41763608854
41763608816
41763608665
41763608860
41763608826
41763608878
41763608946
41763608992
41763608822
41763608917
41763608642
41763608793
41763608795
41763608888
41763608825
41763608853
41763608485
41763608981
41763608733
41763608904
41763608778
41763608942
41763608883
41763608780
41763608908
41763608494
41763608901
41763608669
41763608870
41763608945
41763608910
41763608995
41763608948
41763608246
41763608987
41763608911
41763608714
41763608964
41763608559
41763608864
41763608838
41763608887
41763608928
41763608993
41763608962
41763608874
41763608976
41763608614
41763608932
41763608797
41763608880
41763608711
41763608900
41763608897
41763608915
41763608931
41763608939
41763608989
41763607005
41763607018
41763607003
41763607015
41763607017
41763607004
41763607008
41763607014
41763607006
41763607016
41763607022
41763607033
41763607045
41763607070
41763607084
41763607106
41763607038
41763607062
41763607300
41763607305
41763607061
41763607071
41763607044
41763607388
41763607054
41763607072
41763607203
41763607147
41763607176
41763607260
41763607268
41763607164
41763607041
41763607092
41763607081
41763607265
41763607099
41763607110
41763607277
41763607103
41763607108
41763607344
41763607073
41763607087
41763607060
41763607085
41763607165
41763607161
41763607146
41763607244
41763607308
41763607247
41763607083
41763607246
41763607051
41763607327
41763607069
41763607267
41763607169
41763607376
41763607122
41763607068
41763607113
41763607272
41763607220
41763607043
41763607195
41763607226
41763607132
41763607040
41763607048
41763607055
41763607233
41763607240
41763607153
41763607426
41763607330
41763607151
41763607078
41763607227
41763607484
41763607416
41763607137
41763607188
41763607150
41763607477
41763607218
41763607130
41763607614
41763607236
41763607098
41763607093
41763607342
41763607374
41763607166
41763607337
41763607249
41763607057
41763607171
41763607383
41763607411
41763607452
41763607404
41763607263
41763607789
41763607464
41763607074
41763607572
41763607271
41763607318
41763607333
41763607616
41763607210
41763607234
41763607317
41763607547
41763607471
41763607047
41763607652
41763607128
41763607401
41763607067
41763607423
41763607274
41763607845
41763607232
41763607431
41763607457
41763607646
41763607667
41763607669
41763607191
41763607530
41763607483
41763607076
41763607611
41763607375
41763607465
41763607323
41763607299
41763607499
41763607472
41763607434
41763607361
41763607296
41763607154
41763607135
41763607321
41763607120
41763607322
41763607655
41763607303
41763607295
41763607141
41763607156
41763607339
41763607129
41763607603
41763607492
41763607197
41763607228
41763607360
41763607362
41763607623
41763607557
41763607528
41763607142
41763607365
41763607177
41763607377
41763607650
41763607656
41763607618
41763607723
41763607485
41763607208
41763607730
41763607097
41763607356
41763607957
41763607139
41763607705
41763607200
41763607443
41763607184
41763607111
41763607180
41763607204
41763607828
41763607352
41763607573
41763607514
41763607338
41763607708
41763607206
41763607386
41763607739
41763607840
41763607420
41763607742
41763607427
41763607510
41763607504
41763607257
41763607382
41763607155
41763607520
41763607212
41763607316
41763607505
41763607290
41763607536
41763607378
41763607716
41763607574
41763607597
41763607771
41763607221
41763607131
41763607384
41763607534
41763607701
41763607750
41763607475
41763607565
41763607343
41763607598
41763607588
41763607332
41763607554
41763607351
41763607741
41763607390
41763607480
41763607594
41763607698
41763607826
41763607419
41763607353
41763607531
41763607522
41763607913
41763607637
41763607677
41763607731
41763607864
41763607888
41763607511
41763607617
41763607672
41763607748
41763607347
41763607364
41763607720
41763607699
41763607777
41763607523
41763607745
41763607858
41763607482
41763607495
41763607919
41763607468
41763607525
41763607918
41763607704
41763607806
41763607908
41763607371
41763607763
41763607715
41763607429
41763607714
41763607489
41763607451
41763607279
41763607781
41763607444
41763607934
41763607990
41763607766
41763607449
41763607674
41763607749
41763607830
41763607479
41763607602
41763607363
41763607430
41763607883
41763607448
41763607976
41763607373
41763607239
41763607695
41763607245
41763607537
41763607441
41763607550
41763607850
41763607877
41763607642
41763607387
41763607895
41763607493
41763607497
41763607792
41763607535
41763607645
41763607711
41763607628
41763607683
41763607442
41763607866
41763607558
41763607721
41763607894
41763607718
41763607394
41763607453
41763607807
41763607341
41763607668
41763607823
41763607861
41763607984
41763607788
41763607313
41763607345
41763607307
41763607811
41763607412
41763607950
41763607626
41763607578
41763607410
41763607654
41763607694
41763607900
41763607570
41763607961
41763607466
41763607460
41763607664
41763607916
41763607219
41763607758
41763607722
41763607887
41763607447
41763607728
41763607737
41763607612
41763607571
41763607519
41763607833
41763607776
41763607651
41763607639
41763607719
41763607478
41763607803
41763607702
41763607552
41763607301
41763607729
41763607643
41763607608
41763607579
41763607627
41763607878
41763607848
41763607567
41763607930
41763607733
41763607812
41763607709
41763607933
41763607736
41763607507
41763607438
41763607467
41763607358
41763607459
41763607932
41763607937
41763607757
41763607526
41763607959
41763607799
41763607818
41763607882
41763607488
41763607620
41763607703
41763607857
41763607545
41763607686
41763607906
41763607600
41763607879
41763607648
41763607923
41763607636
41763607922
41763607631
41763607649
41763607962
41763607559
41763607644
41763607927
41763607956
41763607713
41763607516
41763607872
41763607725
41763607582
41763607773
41763607609
41763607854
41763607727
41763607886
41763607991
41763607944
41763607662
41763607566
41763607793
41763607797
41763607665
41763607717
41763607779
41763607891
41763607801
41763607696
41763607955
41763607439
41763607753
41763607875
41763607583
41763607890
41763607782
41763607780
41763607783
41763607790
41763607685
41763607634
41763607893
41763607767
41763607697
41763607692
41763607885
41763607815
41763607935
41763607897
41763607563
41763607707
41763607898
41763607979
41763607902
41763607813
41763607920
41763607993
41763607963
41763607700
41763607470
41763607905
41763607970
41763607556
41763607819
41763607974
41763607774
41763607596
41763607881
41763607533
41763607825
41763607754
41763607844
41763607871
41763607630
41763607785
41763607670
41763607860
41763607929
41763607975
41763607804
