41799655000
41799655002
41799655021
41799655022
41799655015
41799655012
41799655017
41799655014
41799655007
41799655062
41799655080
41799655050
41799655054
41799655089
41799655125
41799655195
41799655085
41799655127
41799655298
41799655244
41799655316
41799655040
41799655145
41799655076
41799655111
41799655121
41799655066
41799655124
41799655049
41799655311
41799655289
41799655224
41799655245
41799655326
41799655296
41799655328
41799655345
41799655242
41799655319
41799655204
41799655335
41799655197
41799655344
41799655295
41799655306
41799655363
41799655371
41799655361
41799655513
41799655395
41799655561
41799655482
41799655499
41799655540
41799655476
41799655406
41799655413
41799655489
41799655577
41799655442
41799655443
41799655649
41799655517
41799655451
41799655463
41799655515
41799655508
41799655623
41799655433
41799655507
41799655596
41799655536
41799655542
41799655411
41799655502
41799655521
41799655672
41799655425
41799655510
41799655538
41799655446
41799655447
41799655607
41799655647
41799655609
41799655601
41799655563
41799655652
41799655466
41799655658
41799655697
41799655495
41799655617
41799655611
41799655553
41799655650
41799655678
41799655655
41799655581
41799655522
41799655564
41799655580
41799655654
41799655578
41799655608
41799655688
41799655684
41799655695
41799655569
41799655632
41799655699
41799655644
41799655691
41799655571
41799655665
41799655731
41799655703
41799655720
41799655711
41799655700
41799655732
41799655770
41799655750
41799655808
41799655752
41799655761
41799655812
41799655767
41799655783
41799655777
41799655747
41799655762
41799655759
41799655756
41799655818
41799655819
41799655776
41799655800
41799655805
41799655846
41799655880
41799655878
41799655879
41799655829
41799655857
41799655820
41799655870
41799655876
41799655844
41799655840
41799655849
41799655873
41799655868
41799655911
41799655939
41799655936
41799655916
41799655891
41799655882
41799655940
41799655915
41799655934
41799655903
41799655975
41799655950
41799655968
41799655953
41799655943
41799655941
41799655951
41799655961
41799655942
41799655945
41799655989
41799655995
41799655981
41799655999
41799655991
41799655966
41799655993
41799655965
41799655978
41799654014
41799654019
41799654020
41799654005
41799654028
41799654002
41799654018
41799654031
41799654030
41799654027
41799654044
41799654050
41799654095
41799654089
41799654066
41799654114
41799654227
41799654270
41799654132
41799654056
41799654038
41799654097
41799654213
41799654076
41799654046
41799654057
41799654041
41799654176
41799654119
41799654088
41799654166
41799654186
41799654251
41799654043
41799654210
41799654216
41799654226
41799654728
41799654265
41799654244
41799654278
41799654117
41799654661
41799654346
41799654170
41799654321
41799654411
41799654637
41799654196
41799654975
41799654591
41799654809
41799654514
41799654535
41799654462
41799654542
41799654214
41799654200
41799654262
41799654277
41799654504
41799654450
41799654313
41799654440
41799654692
41799654407
41799654555
41799654332
41799654601
41799654306
41799654566
41799654483
41799654309
41799654434
41799654525
41799654653
41799654264
41799654423
41799654191
41799654455
41799654373
41799654819
41799654595
41799654656
41799654731
41799654471
41799654540
41799654553
41799654341
41799654443
41799654777
41799654914
41799654433
41799654371
41799654438
41799654753
41799654886
41799654610
41799654800
41799654546
41799654515
41799654464
41799654964
41799654959
41799654908
41799654695
41799654992
41799654793
41799654647
41799654466
41799654429
41799654822
41799654702
41799654481
41799654984
41799654899
41799654821
41799654648
41799654967
41799654612
41799654994
41799654989
41799654722
41799654565
41799654858
41799654880
41799654355
41799654469
41799654622
41799654874
41799654584
41799654839
41799654789
41799654805
41799654972
41799654956
41799654835
41799656024
41799656033
41799656001
41799656007
41799656150
41799656056
41799656065
41799656179
41799656066
41799656063
41799656074
41799656226
41799656085
41799656117
41799656052
41799656062
41799656215
41799656258
41799656244
41799656156
41799656160
41799656219
41799656311
41799656088
41799656145
41799656196
41799656118
41799656353
41799656090
41799656153
41799656095
41799656306
41799656115
41799656292
41799656093
41799656116
41799656051
41799656036
41799656320
41799656343
41799656120
41799656220
41799656352
41799656298
41799656318
41799656171
41799656190
41799656129
41799656231
41799656330
41799656312
41799656164
41799656168
41799656239
41799656214
41799656204
41799656169
41799656223
41799656266
41799656178
41799656280
41799656212
41799656263
41799656282
41799656189
41799656257
41799656127
41799656327
41799656213
41799656336
41799656264
41799656389
41799656360
41799656364
41799656385
41799656556
41799656397
41799656396
41799656407
41799656677
41799656417
41799656579
41799656592
41799656576
41799656691
41799656651
41799656688
41799656511
41799656500
41799656515
41799656524
41799656419
41799656506
41799656427
41799656536
41799656501
41799656550
41799656440
41799656552
41799656626
41799656399
41799656568
41799656436
41799656514
41799656598
41799656492
41799656561
41799656629
41799656661
41799656589
41799656425
41799656611
41799656565
41799656621
41799656696
41799656540
41799656480
41799656649
41799656637
41799656554
41799656477
41799656597
41799656639
41799656634
41799656685
41799656694
41799656633
41799656564
41799656735
41799656759
41799656751
41799656768
41799656770
41799656762
41799656803
41799656789
41799656775
41799656806
41799656856
41799656863
41799656869
41799656870
41799656828
41799656835
41799656855
41799656854
41799656836
41799656900
41799656872
41799656884
41799656904
41799656889
41799656917
41799656912
41799656916
41799656893
41799656962
41799656970
41799656996
41799656935
41799656990
41799656982
41799656997
41799656994
41799656988
41799650013
41799650001
41799650008
41799650010
41799650003
41799650006
41799650027
41799650015
41799650105
41799650126
41799650035
41799650082
41799650336
41799650151
41799650139
41799650129
41799650087
41799650034
41799650201
41799650099
41799650071
41799650196
41799650046
41799650250
41799650206
41799650110
41799650313
41799650241
41799650332
41799650207
41799650290
41799650346
41799650131
41799650293
41799650238
41799650145
41799650209
41799650281
41799650188
41799650232
41799650169
41799650252
41799650296
41799650066
41799650178
41799650094
41799650247
41799650135
41799650109
41799650128
41799650215
41799650212
41799650253
41799650292
41799650118
41799650168
41799650107
41799650060
41799650289
41799650227
41799650335
41799650167
41799650320
41799650100
41799650257
41799650213
41799650307
41799650331
41799650334
41799650357
41799650111
41799650226
41799650301
41799650343
41799650249
41799650256
41799650208
41799650315
41799650365
41799650379
41799650386
41799650393
41799650514
41799650423
41799650424
41799650575
41799650391
41799650412
41799650501
41799650502
41799650409
41799650504
41799650420
41799650510
41799650555
41799650550
41799650547
41799650509
41799650401
41799650507
41799650434
41799650400
41799650479
41799650609
41799650406
41799650430
41799650448
41799650562
41799650427
41799650477
41799650708
41799650518
41799650512
41799650440
41799650655
41799650666
41799650446
41799650656
41799650520
41799650548
41799650505
41799650583
41799650604
41799650605
41799650659
41799650561
41799650629
41799650603
41799650519
41799650601
41799650437
41799650405
41799650678
41799650408
41799650588
41799650602
41799650596
41799650524
41799650503
41799650644
41799650468
41799650426
41799650581
41799650598
41799650700
41799650528
41799650698
41799650747
41799650727
41799650730
41799650772
41799650776
41799650803
41799650793
41799650820
41799650855
41799650810
41799650852
41799650788
41799650794
41799650790
41799650828
41799650811
41799650819
41799650796
41799650830
41799650846
41799650841
41799650807
41799650865
41799650809
41799650915
41799650876
41799650868
41799650877
41799650902
41799650867
41799650870
41799650879
41799650900
41799650913
41799650901
41799650920
41799650916
41799650906
41799650919
41799650929
41799650944
41799650960
41799650936
41799650957
41799650967
41799650965
41799650956
41799650982
41799650996
41799650985
41799650990
41799650999
41799659003
41799659020
41799659007
41799659026
41799659027
41799659046
41799659060
41799659045
41799659109
41799659049
41799659266
41799659214
41799659052
41799659083
41799659061
41799659197
41799659038
41799659158
41799659237
41799659139
41799659129
41799659051
41799659111
41799659096
41799659319
41799659199
41799659298
41799659195
41799659086
41799659263
41799659295
41799659622
41799659738
41799659401
41799659334
41799659420
41799659193
41799659284
41799659747
41799659501
41799659325
41799659225
41799659184
41799659411
41799659525
41799659422
41799659329
41799659364
41799659678
41799659890
41799659396
41799659727
41799659098
41799659355
41799659748
41799659515
41799659685
41799659887
41799659699
41799659261
41799659400
41799659744
41799659274
41799659577
41799659407
41799659461
41799659417
41799659601
41799659700
41799659467
41799659943
41799659443
41799659826
41799659505
41799659922
41799659759
41799659343
41799659488
41799659654
41799659693
41799659656
41799659661
41799659466
41799659580
41799659487
41799659749
41799659694
41799659768
41799659666
41799659636
41799659882
41799659756
41799659938
41799659566
41799659949
41799659997
41799659804
41799659832
41799659449
41799659630
41799659517
41799659450
41799659825
41799659555
41799659822
41799659252
41799659707
41799659885
41799659730
41799659535
41799659655
41799659521
41799659990
41799659993
41799659746
41799659914
41799659963
41799659589
41799659992
41799659602
41799659889
41799659900
41799659770
41799659978
41799659356
41799659996
41799659558
41799659781
41799659994
41799659955
41799653012
41799653005
41799653009
41799653003
41799653031
41799653084
41799653112
41799653072
41799653139
41799653108
41799653043
41799653200
41799653121
41799653110
41799653102
41799653130
41799653151
41799653038
41799653045
41799653103
41799653161
41799653201
41799653336
41799653202
41799653289
41799653184
41799653210
41799653185
41799653333
41799653311
41799653269
41799653168
41799653135
41799653212
41799653144
41799653190
41799653076
41799653332
41799653323
41799653237
41799653299
41799653122
41799653175
41799653300
41799653275
41799653326
41799653350
41799653338
41799653218
41799653343
41799653079
41799653244
41799653233
41799653302
41799653351
41799653365
41799653372
41799653379
41799653536
41799653414
41799653403
41799653454
41799653473
41799653426
41799653411
41799653503
41799653390
41799653545
41799653402
41799653401
41799653431
41799653392
41799653412
41799653386
41799653573
41799653489
41799653462
41799653659
41799653530
41799653685
41799653404
41799653457
41799653396
41799653433
41799653432
41799653588
41799653475
41799653526
41799653443
41799653514
41799653578
41799653676
41799653566
41799653639
41799653565
41799653602
41799653587
41799653583
41799653553
41799653686
41799653690
41799653504
41799653622
41799653508
41799653663
41799653660
41799653596
41799653626
41799653605
41799653689
41799653601
41799653673
41799653621
41799653557
41799653510
41799653581
41799653468
41799653637
41799653671
41799653648
41799653643
41799653531
41799653724
41799653700
41799653704
41799653730
41799653708
41799653702
41799653710
41799653718
41799653719
41799653769
41799653734
41799653742
41799653750
41799653749
41799653784
41799653797
41799653789
41799653764
41799653787
41799653815
41799653785
41799653765
41799653790
41799653777
41799653808
41799653854
41799653821
41799653820
41799653851
41799653839
41799653825
41799653859
41799653877
41799653824
41799653835
41799653833
41799653874
41799653881
41799653885
41799653850
41799653908
41799653913
41799653969
41799653988
41799653926
41799653925
41799653985
41799653917
41799653967
41799653956
41799653936
41799653933
41799653909
41799653982
41799653995
41799653945
41799653931
41799653980
41799653975
41799653999
41799653976
41799653987
41799653940
41799651012
41799651011
41799651003
41799651015
41799651023
41799651021
41799651010
41799651027
41799651073
41799651122
41799651060
41799651159
41799651072
41799651128
41799651065
41799651098
41799651096
41799651089
41799651185
41799651138
41799651278
41799651231
41799651317
41799651055
41799651297
41799651081
41799651261
41799651121
41799651052
41799651221
41799651082
41799651260
41799651049
41799651125
41799651525
41799651106
41799651324
41799651206
41799651204
41799651169
41799651518
41799651213
41799651300
41799651165
41799651307
41799651045
41799651285
41799651311
41799651302
41799651132
41799651193
41799651447
41799651269
41799651376
41799651255
41799651230
41799651349
41799651597
41799651183
41799651598
41799651113
41799651468
41799651290
41799651191
41799651232
41799651381
41799651617
41799651111
41799651531
41799651544
41799651110
41799651542
41799651163
41799651201
41799651400
41799651264
41799651509
41799651578
41799651383
41799651885
41799651631
41799651428
41799651304
41799651152
41799651399
41799651403
41799651339
41799651407
41799651202
41799651279
41799651288
41799651505
41799651473
41799651199
41799651210
41799651463
41799651969
41799651408
41799651178
41799651625
41799651489
41799651328
41799651684
41799651527
41799651330
41799651167
41799651314
41799651716
41799651816
41799651488
41799651364
41799651604
41799651600
41799651555
41799651795
41799651158
41799651639
41799651970
41799651680
41799651563
41799651401
41799651514
41799651421
41799651225
41799651722
41799651819
41799651599
41799651629
41799651755
41799651864
41799651789
41799651433
41799651211
41799651612
41799651415
41799651710
41799651510
41799651918
41799651661
41799651990
41799651529
41799651978
41799651723
41799651283
41799651610
41799651959
41799651519
41799651945
41799651586
41799651456
41799651966
41799651829
41799651666
41799651451
41799651423
41799651968
41799651845
41799651425
41799651761
41799651589
41799651585
41799651583
41799651707
41799651613
41799651379
41799651905
41799651828
41799651875
41799651671
41799651842
41799651688
41799651976
41799651721
41799651676
41799651735
41799651963
41799651997
41799651621
41799651566
41799651803
41799651533
41799651700
41799651865
41799651340
41799651943
41799651724
41799651422
41799651490
41799651957
41799651674
41799651910
41799651993
41799651879
41799651982
41799651498
41799651771
41799651358
41799651424
41799651780
41799651814
41799651587
41799651961
41799651628
41799651955
41799651788
41799651868
41799651915
41799651960
41799651901
41799651880
41799651934
41799651909
41799651800
41799651809
41799651790
41799651737
41799651979
41799651712
41799651949
41799651822
41799651964
41799651995
41799651911
41799651939
41799651994
41799651920
41799651856
41799651859
41799651935
41799651944
41799651878
41799651983
41799651869
41799651958
41799651974
41799651898
41799652003
41799652017
41799652012
41799652021
41799652030
41799652005
41799652007
41799652008
41799652028
41799652020
41799652004
41799652002
41799652025
41799652009
41799652023
41799652019
41799652010
41799652027
41799652055
41799652175
41799652109
41799652129
41799652068
41799652011
41799652102
41799652127
41799652111
41799652375
41799652172
41799652156
41799652232
41799652037
41799652116
41799652171
41799652185
41799652106
41799652123
41799652090
41799652217
41799652296
41799652046
41799652051
41799652035
41799652137
41799652040
41799652112
41799652325
41799652302
41799652082
41799652358
41799652184
41799652100
41799652202
41799652139
41799652406
41799652198
41799652545
41799652412
41799652405
41799652177
41799652317
41799652290
41799652089
41799652284
41799652304
41799652312
41799652242
41799652601
41799652214
41799652310
41799652122
41799652288
41799652365
41799652393
41799652099
41799652259
41799652152
41799652128
41799652225
41799652230
41799652710
41799652204
41799652162
41799652694
41799652332
41799652311
41799652222
41799652645
41799652560
41799652261
41799652203
41799652611
41799652916
41799652319
41799652370
41799652422
41799652305
41799652535
41799652115
41799652266
41799652398
41799652442
41799652446
41799652236
41799652377
41799652754
41799652722
41799652353
41799652555
41799652578
41799652299
41799652383
41799652366
41799652140
41799652508
41799652758
41799652228
41799652357
41799652333
41799652565
41799652702
41799652582
41799652313
41799652360
41799652949
41799652518
41799652569
41799652489
41799652390
41799652402
41799652879
41799652602
41799652904
41799652411
41799652524
41799652451
41799652853
41799652665
41799652842
41799652643
41799652221
41799652707
41799652415
41799652419
41799652772
41799652410
41799652531
41799652809
41799652893
41799652887
41799652318
41799652458
41799652927
41799652612
41799652661
41799652990
41799652213
41799652718
41799652910
41799652635
41799652454
41799652667
41799652786
41799652614
41799652672
41799652502
41799652440
41799652911
41799652747
41799652770
41799652249
41799652388
41799652803
41799652802
41799652701
41799652700
41799652529
41799652804
41799652687
41799652888
41799652812
41799652852
41799652793
41799652510
41799652973
41799652806
41799652627
41799652668
41799652890
41799652810
41799652919
41799652805
41799652766
41799652829
41799652807
41799652954
41799652886
41799652898
41799652936
41799652577
41799652854
41799652781
41799652469
41799652788
41799652931
41799652666
41799658000
41799658020
41799658014
41799658027
41799658016
41799658008
41799658047
41799658098
41799658140
41799658100
41799658036
41799658101
41799658042
41799658066
41799658171
41799658107
41799658068
41799658071
41799658053
41799658102
41799658113
41799658322
41799658050
41799658075
41799658200
41799658206
41799658114
41799658129
41799658194
41799658146
41799658255
41799658205
41799658399
41799658325
41799658471
41799658508
41799658576
41799658437
41799658228
41799658040
41799658190
41799658539
41799658544
41799658491
41799658562
41799658589
41799658237
41799658338
41799658385
41799658763
41799658426
41799658195
41799658614
41799658538
41799658441
41799658870
41799658290
41799658515
41799658635
41799658610
41799658848
41799658394
41799658345
41799658803
41799658588
41799658494
41799658480
41799658721
41799658541
41799658835
41799658527
41799658691
41799658467
41799658694
41799658518
41799658650
41799658284
41799658476
41799658545
41799658842
41799658934
41799658844
41799658888
41799658984
41799658452
41799658976
41799658909
41799658698
41799658789
41799658735
41799658655
41799658661
41799658682
41799658919
41799658673
41799658624
41799658887
41799658883
41799658474
41799658760
41799658596
41799658953
41799658695
41799658702
41799658802
41799658889
41799658960
41799658732
41799658833
41799658912
41799658988
41799658777
41799658920
41799658668
41799658707
41799658935
41799658872
41799658555
41799658335
41799658915
41799658381
41799658885
41799658974
41799658878
41799658946
41799658899
41799657016
41799657029
41799657030
41799657088
41799657067
41799657075
41799657111
41799657124
41799657253
41799657040
41799657084
41799657069
41799657107
41799657245
41799657053
41799657133
41799657090
41799657335
41799657294
41799657262
41799657150
41799657079
41799657199
41799657338
41799657188
41799657248
41799657298
41799657217
41799657337
41799657154
41799657329
41799657325
41799657332
41799657356
41799657480
41799657386
41799657560
41799657517
41799657596
41799657496
41799657574
41799657640
41799657601
41799657646
41799657522
41799657547
41799657516
41799657492
41799657659
41799657562
41799657494
41799657650
41799657432
41799657582
41799657515
41799657527
41799657613
41799657549
41799657499
41799657573
41799657616
41799657598
41799657502
41799657634
41799657578
41799657477
41799657643
41799657523
41799657513
41799657645
41799657581
41799657614
41799657498
41799657656
41799657710
41799657800
41799657777
41799657899
41799657906
41799657884
41799657927
41799657953
41799657971
41799657996
41799657987
41799657997
