41765775007
41765775004
41765775015
41765775011
41765775018
41765775002
41765775024
41765775032
41765775016
41765775006
41765775014
41765775026
41765775001
41765775012
41765775030
41765775008
41765775020
41765775003
41765775009
41765775027
41765775021
41765775022
41765775092
41765775113
41765775155
41765775035
41765775070
41765775052
41765775044
41765775057
41765775075
41765775033
41765775101
41765775106
41765775110
41765775112
41765775191
41765775117
41765775025
41765775142
41765775054
41765775156
41765775125
41765775074
41765775071
41765775220
41765775197
41765775248
41765775050
41765775205
41765775260
41765775122
41765775034
41765775159
41765775300
41765775132
41765775151
41765775262
41765775087
41765775049
41765775108
41765775295
41765775041
41765775120
41765775076
41765775231
41765775175
41765775193
41765775063
41765775109
41765775166
41765775353
41765775294
41765775239
41765775086
41765775096
41765775452
41765775116
41765775242
41765775218
41765775078
41765775128
41765775228
41765775150
41765775521
41765775053
41765775060
41765775171
41765775315
41765775182
41765775059
41765775088
41765775178
41765775095
41765775097
41765775138
41765775443
41765775140
41765775253
41765775069
41765775280
41765775255
41765775252
41765775180
41765775195
41765775763
41765775143
41765775042
41765775389
41765775345
41765775585
41765775047
41765775153
41765775279
41765775271
41765775331
41765775111
41765775056
41765775204
41765775123
41765775194
41765775084
41765775099
41765775458
41765775038
41765775154
41765775162
41765775161
41765775243
41765775215
41765775276
41765775114
41765775037
41765775144
41765775362
41765775083
41765775311
41765775605
41765775352
41765775461
41765775492
41765775592
41765775472
41765775229
41765775284
41765775080
41765775344
41765775434
41765775447
41765775082
41765775370
41765775520
41765775238
41765775532
41765775462
41765775771
41765775126
41765775427
41765775246
41765775578
41765775058
41765775244
41765775235
41765775958
41765775192
41765775371
41765775332
41765775346
41765775546
41765775730
41765775160
41765775356
41765775055
41765775090
41765775257
41765775292
41765775165
41765775330
41765775209
41765775545
41765775105
41765775515
41765775516
41765775367
41765775224
41765775386
41765775407
41765775232
41765775420
41765775675
41765775223
41765775519
41765775437
41765775073
41765775387
41765775100
41765775200
41765775336
41765775406
41765775621
41765775668
41765775655
41765775402
41765775115
41765775141
41765775157
41765775365
41765775291
41765775466
41765775093
41765775391
41765775551
41765775375
41765775973
41765775256
41765775580
41765775433
41765775687
41765775390
41765775103
41765775609
41765775430
41765775186
41765775237
41765775893
41765775234
41765775098
41765775469
41765775503
41765775839
41765775287
41765775524
41765775379
41765775217
41765775573
41765775307
41765775448
41765775897
41765775068
41765775297
41765775163
41765775556
41765775454
41765775263
41765775686
41765775536
41765775523
41765775148
41765775591
41765775495
41765775121
41765775554
41765775567
41765775648
41765775169
41765775312
41765775249
41765775809
41765775349
41765775436
41765775210
41765775701
41765775172
41765775819
41765775817
41765775399
41765775589
41765775266
41765775498
41765775490
41765775442
41765775488
41765775859
41765775620
41765775562
41765775707
41765775369
41765775587
41765775118
41765775608
41765775810
41765775281
41765775960
41765775693
41765775596
41765775413
41765775127
41765775361
41765775765
41765775723
41765775951
41765775508
41765775540
41765775512
41765775393
41765775496
41765775542
41765775343
41765775749
41765775862
41765775363
41765775450
41765775638
41765775211
41765775566
41765775158
41765775715
41765775995
41765775449
41765775848
41765775950
41765775319
41765775748
41765775552
41765775358
41765775377
41765775745
41765775380
41765775438
41765775429
41765775548
41765775424
41765775925
41765775553
41765775502
41765775467
41765775678
41765775597
41765775340
41765775493
41765775485
41765775718
41765775790
41765775846
41765775417
41765775347
41765775426
41765775526
41765775404
41765775247
41765775579
41765775843
41765775659
41765775593
41765775133
41765775976
41765775710
41765775876
41765775994
41765775476
41765775658
41765775795
41765775858
41765775518
41765775656
41765775612
41765775706
41765775264
41765775635
41765775618
41765775615
41765775637
41765775513
41765775697
41765775408
41765775812
41765775928
41765775222
41765775167
41765775632
41765775822
41765775758
41765775804
41765775270
41765775236
41765775753
41765775833
41765775431
41765775240
41765775711
41765775636
41765775505
41765775409
41765775250
41765775594
41765775776
41765775570
41765775555
41765775764
41765775948
41765775952
41765775601
41765775738
41765775534
41765775666
41765775464
41765775560
41765775590
41765775811
41765775557
41765775491
41765775912
41765775671
41765775514
41765775956
41765775709
41765775792
41765775877
41765775856
41765775669
41765775837
41765775547
41765775957
41765775896
41765775868
41765775757
41765775338
41765775581
41765775357
41765775324
41765775854
41765775644
41765775815
41765775752
41765775373
41765775967
41765775700
41765775852
41765775769
41765775359
41765775653
41765775914
41765775251
41765775766
41765775574
41765775979
41765775926
41765775722
41765775559
41765775699
41765775791
41765775484
41765775860
41765775569
41765775539
41765775781
41765775643
41765775850
41765775680
41765775337
41765775898
41765775335
41765775692
41765775853
41765775789
41765775724
41765775772
41765775627
41765775480
41765775629
41765775721
41765775717
41765775871
41765775857
41765775783
41765775865
41765775782
41765775631
41765775456
41765775265
41765775453
41765775785
41765775507
41765775410
41765775906
41765775698
41765775872
41765775702
41765775504
41765775838
41765775529
41765775972
41765775572
41765775900
41765775788
41765775935
41765775918
41765775987
41765775544
41765775801
41765775779
41765775522
41765775830
41765775327
41765775577
41765775400
41765775421
41765775869
41765775704
41765775670
41765775890
41765775630
41765775583
41765775895
41765775768
41765775651
41765775565
41765775922
41765775913
41765775641
41765775728
41765775682
41765775683
41765775993
41765775953
41765775747
41765775435
41765775892
41765775861
41765775883
41765775767
41765775744
41765775755
41765775419
41765775908
41765775660
41765775770
41765775582
41765775947
41765775576
41765775633
41765775806
41765775933
41765775604
41765775969
41765775961
41765775321
41765775568
41765775703
41765775664
41765775903
41765775807
41765775713
41765775916
41765775558
41765775936
41765775647
41765775878
41765775887
41765775650
41765775917
41765775737
41765775886
41765775904
41765775970
41765775824
41765775676
41765775481
41765775474
41765775761
41765775907
41765775625
41765775803
41765775920
41765775684
41765775780
41765775797
41765775919
41765775946
41765775774
41765775930
41765775874
41765775690
41765775992
41765775911
41765775888
41765775909
41765775818
41765775725
41765775681
41765775996
41765775991
41765775959
41765775924
41765775990
41765775894
41765775934
41765775997
41765775932
41765775729
41765775814
41765775983
41765775835
41765775965
41765775798
41765775732
41765775855
41765775875
41765775954
41765775759
41765775746
41765775889
41765774027
41765774001
41765774022
41765774005
41765774019
41765774010
41765774020
41765774024
41765774011
41765774013
41765774015
41765774030
41765774031
41765774012
41765774006
41765774004
41765774018
41765774008
41765774017
41765774003
41765774007
41765774014
41765774075
41765774259
41765774316
41765774127
41765774052
41765774040
41765774062
41765774072
41765774103
41765774083
41765774095
41765774035
41765774061
41765774064
41765774067
41765774170
41765774149
41765774037
41765774081
41765774034
41765774106
41765774199
41765774118
41765774202
41765774066
41765774133
41765774060
41765774069
41765774039
41765774092
41765774221
41765774101
41765774110
41765774130
41765774193
41765774058
41765774179
41765774292
41765774070
41765774156
41765774182
41765774102
41765774057
41765774328
41765774229
41765774231
41765774051
41765774187
41765774078
41765774197
41765774125
41765774245
41765774150
41765774236
41765774345
41765774167
41765774313
41765774124
41765774188
41765774268
41765774330
41765774071
41765774086
41765774131
41765774041
41765774155
41765774211
41765774137
41765774260
41765774218
41765774140
41765774205
41765774159
41765774178
41765774087
41765774281
41765774243
41765774114
41765774164
41765774248
41765774097
41765774089
41765774143
41765774284
41765774055
41765774225
41765774279
41765774153
41765774326
41765774044
41765774308
41765774122
41765774151
41765774334
41765774195
41765774056
41765774263
41765774100
41765774336
41765774317
41765774252
41765774237
41765774230
41765774246
41765774315
41765774249
41765774256
41765774302
41765774213
41765774210
41765774235
41765774307
41765774232
41765774171
41765774220
41765774076
41765774331
41765774269
41765774332
41765774325
41765774107
41765774283
41765774233
41765774181
41765774335
41765774304
41765774088
41765774141
41765774111
41765774186
41765774157
41765774305
41765774264
41765774282
41765774337
41765774275
41765774312
41765774201
41765774319
41765774258
41765774242
41765774262
41765774261
41765774105
41765774280
41765774222
41765774300
41765774173
41765774265
41765774166
41765774191
41765774115
41765774311
41765774309
41765774271
41765774227
41765774349
41765774204
41765774341
41765774299
41765774226
41765774287
41765774144
41765774142
41765774238
41765774247
41765774318
41765774291
41765774165
41765774203
41765774306
41765774285
41765774266
41765774352
41765774357
41765774358
41765774364
41765774378
41765774363
41765774374
41765774375
41765774379
41765774382
41765774368
41765774356
41765774371
41765774366
41765774380
41765774355
41765774376
41765774373
41765774353
41765774381
41765774385
41765774459
41765774678
41765774426
41765774427
41765774389
41765774466
41765774462
41765774403
41765774418
41765774414
41765774422
41765774433
41765774469
41765774441
41765774405
41765774475
41765774491
41765774490
41765774497
41765774387
41765774437
41765774446
41765774467
41765774568
41765774560
41765774420
41765774563
41765774583
41765774407
41765774484
41765774646
41765774518
41765774526
41765774395
41765774472
41765774483
41765774394
41765774502
41765774477
41765774521
41765774460
41765774509
41765774474
41765774565
41765774522
41765774393
41765774412
41765774397
41765774592
41765774448
41765774556
41765774481
41765774454
41765774463
41765774588
41765774408
41765774644
41765774431
41765774547
41765774549
41765774528
41765774615
41765774392
41765774550
41765774404
41765774425
41765774406
41765774505
41765774495
41765774551
41765774555
41765774493
41765774430
41765774478
41765774413
41765774590
41765774534
41765774513
41765774587
41765774476
41765774589
41765774465
41765774432
41765774415
41765774559
41765774485
41765774676
41765774668
41765774451
41765774438
41765774419
41765774536
41765774450
41765774552
41765774508
41765774558
41765774494
41765774429
41765774473
41765774603
41765774576
41765774391
41765774569
41765774570
41765774620
41765774645
41765774600
41765774447
41765774609
41765774638
41765774628
41765774409
41765774542
41765774640
41765774500
41765774453
41765774442
41765774457
41765774543
41765774647
41765774606
41765774594
41765774631
41765774612
41765774586
41765774561
41765774506
41765774444
41765774675
41765774610
41765774449
41765774655
41765774659
41765774535
41765774410
41765774604
41765774464
41765774602
41765774688
41765774686
41765774621
41765774682
41765774540
41765774617
41765774665
41765774661
41765774489
41765774611
41765774630
41765774461
41765774605
41765774696
41765774673
41765774656
41765774613
41765774664
41765774667
41765774699
41765774689
41765774684
41765774691
41765774672
41765774660
41765774503
41765774546
41765774629
41765774619
41765774622
41765774523
41765774625
41765774694
41765774578
41765774650
41765774687
41765774581
41765774573
41765774728
41765774700
41765774713
41765774716
41765774706
41765774701
41765774732
41765774719
41765774731
41765774712
41765774714
41765774725
41765774711
41765774734
41765774722
41765774744
41765774790
41765774788
41765774745
41765774762
41765774748
41765774742
41765774774
41765774784
41765774787
41765774746
41765774779
41765774743
41765774759
41765774752
41765774757
41765774760
41765774782
41765774765
41765774789
41765774740
41765774753
41765774777
41765774768
41765774829
41765774815
41765774854
41765774816
41765774819
41765774834
41765774835
41765774814
41765774851
41765774821
41765774858
41765774861
41765774859
41765774855
41765774868
41765774808
41765774880
41765774796
41765774830
41765774838
41765774850
41765774820
41765774847
41765774794
41765774811
41765774837
41765774825
41765774841
41765774846
41765774798
41765774833
41765774848
41765774869
41765774844
41765774839
41765774797
41765774865
41765774849
41765774857
41765774817
41765774866
41765774818
41765774824
41765774879
41765774870
41765774872
41765774826
41765774876
41765774878
41765774886
41765774901
41765774922
41765774897
41765774899
41765774926
41765774936
41765774908
41765774893
41765774900
41765774925
41765774887
41765774907
41765774940
41765774928
41765774884
41765774933
41765774903
41765774882
41765774913
41765774909
41765774924
41765774885
41765774881
41765774929
41765774920
41765774923
41765774934
41765774888
41765774898
41765774917
41765774911
41765774889
41765774914
41765774915
41765774912
41765774943
41765774954
41765774941
41765774945
41765774960
41765774972
41765774952
41765774949
41765774944
41765774948
41765774942
41765774967
41765774947
41765774966
41765774946
41765774962
41765774969
41765774958
41765774975
41765774981
41765774990
41765774982
41765774988
41765774999
41765774992
41765774995
41765774978
41765774976
41765774991
41765774997
41765774993
41765776009
41765776001
41765776032
41765776008
41765776007
41765776015
41765776027
41765776018
41765776031
41765776004
41765776010
41765776016
41765776021
41765776006
41765776014
41765776029
41765776023
41765776013
41765776080
41765776017
41765776020
41765776040
41765776061
41765776039
41765776174
41765776090
41765776070
41765776081
41765776057
41765776136
41765776114
41765776179
41765776175
41765776131
41765776108
41765776201
41765776138
41765776046
41765776042
41765776079
41765776328
41765776332
41765776125
41765776041
41765776053
41765776076
41765776092
41765776219
41765776164
41765776367
41765776162
41765776204
41765776189
41765776267
41765776067
41765776068
41765776197
41765776099
41765776064
41765776239
41765776073
41765776354
41765776423
41765776120
41765776132
41765776048
41765776058
41765776373
41765776526
41765776169
41765776089
41765776410
41765776034
41765776397
41765776071
41765776104
41765776230
41765776106
41765776121
41765776050
41765776312
41765776273
41765776160
41765776055
41765776207
41765776307
41765776166
41765776078
41765776059
41765776072
41765776412
41765776107
41765776333
41765776054
41765776296
41765776257
41765776149
41765776295
41765776083
41765776066
41765776122
41765776134
41765776342
41765776165
41765776060
41765776544
41765776163
41765776205
41765776291
41765776155
41765776393
41765776212
41765776488
41765776069
41765776243
41765776452
41765776161
41765776353
41765776414
41765776549
41765776262
41765776194
41765776266
41765776203
41765776139
41765776560
41765776917
41765776168
41765776112
41765776116
41765776600
41765776490
41765776047
41765776417
41765776461
41765776362
41765776135
41765776097
41765776314
41765776384
41765776678
41765776355
41765776248
41765776229
41765776288
41765776352
41765776632
41765776370
41765776484
41765776710
41765776340
41765776225
41765776279
41765776211
41765776191
41765776094
41765776898
41765776467
41765776500
41765776542
41765776148
41765776802
41765776707
41765776290
41765776561
41765776534
41765776641
41765776402
41765776372
41765776822
41765776523
41765776208
41765776246
41765776399
41765776454
41765776473
41765776286
41765776300
41765776319
41765776100
41765776860
41765776366
41765776383
41765776419
41765776103
41765776252
41765776647
41765776702
41765776609
41765776240
41765776602
41765776614
41765776636
41765776405
41765776510
41765776173
41765776820
41765776196
41765776347
41765776469
41765776735
41765776571
41765776361
41765776198
41765776629
41765776379
41765776171
41765776374
41765776388
41765776318
41765776249
41765776444
41765776145
41765776326
41765776922
41765776661
41765776358
41765776696
41765776568
41765776658
41765776535
41765776756
41765776395
41765776533
41765776855
41765776681
41765776261
41765776706
41765776648
41765776481
41765776720
41765776457
41765776213
41765776390
41765776049
41765776532
41765776525
41765776966
41765776442
41765776505
41765776200
41765776271
41765776101
41765776427
41765776757
41765776721
41765776260
41765776816
41765776645
41765776440
41765776188
41765776818
41765776509
41765776226
41765776336
41765776575
41765776829
41765776755
41765776499
41765776792
41765776507
41765776356
41765776595
41765776331
41765776708
41765776237
41765776325
41765776743
41765776570
41765776247
41765776553
41765776546
41765776513
41765776714
41765776624
41765776715
41765776292
41765776995
41765776199
41765776634
41765776991
41765776693
41765776311
41765776594
41765776850
41765776896
41765776264
41765776673
41765776466
41765776830
41765776315
41765776489
41765776392
41765776828
41765776364
41765776759
41765776105
41765776868
41765776360
41765776446
41765776727
41765776679
41765776810
41765776531
41765776550
41765776228
41765776773
41765776516
41765776741
41765776400
41765776698
41765776433
41765776443
41765776840
41765776662
41765776973
41765776921
41765776517
41765776254
41765776567
41765776608
41765776590
41765776607
41765776907
41765776432
41765776441
41765776806
41765776415
41765776626
41765776434
41765776530
41765776827
41765776222
41765776223
41765776775
41765776543
41765776468
41765776674
41765776734
41765776666
41765776920
41765776642
41765776616
41765776867
41765776779
41765776429
41765776705
41765776190
41765776506
41765776375
41765776835
41765776579
41765776404
41765776765
41765776763
41765776381
41765776833
41765776439
41765776767
41765776933
41765776903
41765776511
41765776970
41765776378
41765776697
41765776445
41765776794
41765776424
41765776909
41765776218
41765776389
41765776854
41765776754
41765776471
41765776306
41765776450
41765776606
41765776558
41765776905
41765776690
41765776915
41765776717
41765776502
41765776799
41765776578
41765776967
41765776866
41765776997
41765776420
41765776923
41765776766
41765776749
41765776540
41765776449
41765776455
41765776159
41765776448
41765776938
41765776699
41765776950
41765776407
41765776893
41765776322
41765776887
41765776824
41765776477
41765776989
41765776646
41765776665
41765776919
41765776701
41765776529
41765776588
41765776541
41765776843
41765776784
41765776521
41765776870
41765776241
41765776649
41765776805
41765776277
41765776664
41765776670
41765776547
41765776474
41765776807
41765776836
41765776841
41765776851
41765776875
41765776495
41765776863
41765776346
41765776680
41765776899
41765776900
41765776677
41765776861
41765776589
41765776913
41765776768
41765776657
41765776302
41765776791
41765776668
41765776972
41765776934
41765776918
41765776819
41765776464
41765776957
41765776592
41765776684
41765776650
41765776672
41765776663
41765776676
41765776675
41765776476
41765776888
41765776566
41765776871
41765776821
41765776902
41765776862
41765776691
41765776667
41765776503
41765776494
41765776864
41765776764
41765776683
41765776612
41765776910
41765776724
41765776599
41765776962
41765776968
41765776961
41765776689
41765776695
41765776956
41765776303
41765776628
41765776846
41765776803
41765776633
41765776583
41765776884
41765776736
41765776605
41765776883
41765776643
41765776889
41765776963
41765776988
41765776593
41765776744
41765776929
41765776937
41765776982
41765776487
41765776621
41765776613
41765776778
41765776936
41765776994
41765776881
41765776926
41765776831
41765776769
41765776971
41765776845
41765776969
41765776719
41765776585
41765776654
41765776688
41765776974
41765776940
41765776878
41765776660
41765776965
41765776761
41765776952
41765776783
41765776891
41765776848
41765776993
41765776990
41765770000
41765770005
41765770013
41765770017
41765770018
41765770026
41765770003
41765770012
41765770032
41765770001
41765770007
41765770004
41765770009
41765770030
41765770002
41765770010
41765770024
41765770021
41765770011
41765770020
41765770023
41765770027
41765770031
41765770006
41765770019
41765770066
41765770084
41765770092
41765770107
41765770068
41765770036
41765770115
41765770085
41765770072
41765770278
41765770035
41765770063
41765770067
41765770059
41765770069
41765770050
41765770086
41765770080
41765770100
41765770118
41765770074
41765770096
41765770034
41765770117
41765770133
41765770045
41765770239
41765770052
41765770046
41765770143
41765770145
41765770194
41765770152
41765770209
41765770051
41765770090
41765770056
41765770265
41765770041
41765770273
41765770130
41765770091
41765770197
41765770040
41765770120
41765770217
41765770131
41765770166
41765770312
41765770062
41765770249
41765770247
41765770218
41765770279
41765770159
41765770104
41765770057
41765770048
41765770061
41765770039
41765770071
41765770033
41765770082
41765770102
41765770103
41765770246
41765770223
41765770142
41765770129
41765770172
41765770163
41765770042
41765770124
41765770144
41765770192
41765770136
41765770093
41765770193
41765770099
41765770216
41765770079
41765770097
41765770336
41765770174
41765770121
41765770147
41765770219
41765770064
41765770229
41765770140
41765770156
41765770195
41765770335
41765770179
41765770078
41765770138
41765770150
41765770060
41765770272
41765770164
41765770211
41765770296
41765770281
41765770098
41765770148
41765770203
41765770109
41765770221
41765770073
41765770213
41765770171
41765770083
41765770297
41765770207
41765770311
41765770178
41765770241
41765770065
41765770202
41765770243
41765770070
41765770331
41765770106
41765770220
41765770146
41765770186
41765770233
41765770242
41765770280
41765770302
41765770347
41765770094
41765770245
41765770230
41765770081
41765770168
41765770344
41765770255
41765770232
41765770270
41765770110
41765770227
41765770310
41765770286
41765770343
41765770206
41765770112
41765770151
41765770095
41765770250
41765770111
41765770155
41765770289
41765770204
41765770348
41765770316
41765770327
41765770123
41765770244
41765770167
41765770137
41765770089
41765770253
41765770201
41765770215
41765770291
41765770248
41765770157
41765770237
41765770341
41765770282
41765770261
41765770330
41765770222
41765770234
41765770108
41765770173
41765770288
41765770268
41765770170
41765770309
41765770333
41765770231
41765770349
41765770181
41765770251
41765770262
41765770275
41765770271
41765770210
41765770141
41765770334
41765770240
41765770105
41765770139
41765770256
41765770345
41765770301
41765770196
41765770315
41765770339
41765770320
41765770180
41765770290
41765770338
41765770350
41765770306
41765770236
41765770307
41765770304
41765770182
41765770258
41765770326
41765770254
41765770277
41765770308
41765770313
41765770267
41765770252
41765770337
41765770318
41765770284
41765770293
41765770325
41765770319
41765770324
41765770370
41765770371
41765770358
41765770359
41765770355
41765770356
41765770361
41765770367
41765770357
41765770376
41765770365
41765770362
41765770378
41765770381
41765770360
41765770366
41765770380
41765770392
41765770421
41765770470
41765770525
41765770534
41765770393
41765770434
41765770488
41765770529
41765770495
41765770386
41765770398
41765770391
41765770463
41765770407
41765770412
41765770510
41765770425
41765770546
41765770444
41765770404
41765770406
41765770449
41765770459
41765770388
41765770474
41765770405
41765770451
41765770477
41765770506
41765770408
41765770533
41765770504
41765770396
41765770528
41765770415
41765770455
41765770580
41765770595
41765770493
41765770599
41765770516
41765770622
41765770402
41765770496
41765770699
41765770497
41765770486
41765770423
41765770428
41765770593
41765770476
41765770447
41765770411
41765770435
41765770538
41765770383
41765770397
41765770466
41765770419
41765770385
41765770657
41765770418
41765770679
41765770399
41765770503
41765770672
41765770416
41765770511
41765770417
41765770442
41765770440
41765770610
41765770601
41765770531
41765770513
41765770514
41765770460
41765770462
41765770507
41765770482
41765770678
41765770429
41765770480
41765770483
41765770584
41765770461
41765770545
41765770611
41765770557
41765770468
41765770649
41765770414
41765770520
41765770569
41765770518
41765770475
41765770422
41765770592
41765770532
41765770555
41765770491
41765770635
41765770387
41765770630
41765770464
41765770607
41765770660
41765770682
41765770581
41765770590
41765770564
41765770617
41765770526
41765770668
41765770485
41765770577
41765770680
41765770401
41765770544
41765770437
41765770560
41765770487
41765770436
41765770673
41765770484
41765770608
41765770409
41765770501
41765770648
41765770479
41765770509
41765770667
41765770551
41765770472
41765770420
41765770625
41765770448
41765770578
41765770559
41765770697
41765770539
41765770572
41765770521
41765770638
41765770623
41765770603
41765770454
41765770432
41765770671
41765770494
41765770640
41765770586
41765770626
41765770620
41765770650
41765770535
41765770662
41765770614
41765770666
41765770618
41765770552
41765770596
41765770458
41765770515
41765770652
41765770675
41765770609
41765770615
41765770602
41765770574
41765770524
41765770600
41765770499
41765770500
41765770598
41765770651
41765770571
41765770573
41765770658
41765770628
41765770631
41765770452
41765770597
41765770687
41765770621
41765770691
41765770695
41765770605
41765770517
41765770591
41765770613
41765770566
41765770530
41765770519
41765770527
41765770512
41765770637
41765770690
41765770634
41765770681
41765770536
41765770604
41765770558
41765770670
41765770686
41765770612
41765770632
41765770674
41765770688
41765770702
41765770706
41765770707
41765770726
41765770717
41765770712
41765770711
41765770724
41765770730
41765770721
41765770701
41765770720
41765770729
41765770723
41765770709
41765770710
41765770703
41765770737
41765770747
41765770742
41765770740
41765770751
41765770752
41765770753
41765770733
41765770755
41765770784
41765770743
41765770736
41765770754
41765770780
41765770765
41765770738
41765770777
41765770778
41765770779
41765770756
41765770781
41765770732
41765770749
41765770761
41765770763
41765770766
41765770760
41765770830
41765770817
41765770786
41765770810
41765770799
41765770790
41765770791
41765770814
41765770836
41765770811
41765770839
41765770841
41765770802
41765770798
41765770819
41765770833
41765770788
41765770803
41765770821
41765770789
41765770808
41765770796
41765770843
41765770794
41765770840
41765770847
41765770850
41765770800
41765770851
41765770818
41765770823
41765770812
41765770797
41765770837
41765770838
41765770822
41765770805
41765770806
41765770825
41765770815
41765770801
41765770816
41765770820
41765770831
41765770834
41765770809
41765770804
41765770829
41765770913
41765770855
41765770877
41765770880
41765770910
41765770892
41765770873
41765770898
41765770865
41765770907
41765770921
41765770900
41765770916
41765770879
41765770870
41765770887
41765770899
41765770875
41765770872
41765770930
41765770889
41765770888
41765770895
41765770924
41765770853
41765770878
41765770936
41765770896
41765770854
41765770884
41765770937
41765770862
41765770890
41765770918
41765770894
41765770891
41765770923
41765770874
41765770919
41765770857
41765770909
41765770903
41765770867
41765770928
41765770859
41765770917
41765770902
41765770881
41765770893
41765770934
41765770904
41765770906
41765770869
41765770920
41765770905
41765770942
41765770954
41765770952
41765770953
41765770946
41765770962
41765770958
41765770967
41765770939
41765770945
41765770970
41765770969
41765770955
41765770943
41765770963
41765770968
41765770960
41765770966
41765770980
41765770994
41765770997
41765770995
41765770974
41765770976
41765770998
41765770993
41765770981
41765770991
41765770973
41765770988
41765770975
41765770990
41765770985
41765770979
41765770971
41765770987
41765770984
41765770992
41765779016
41765779021
41765779006
41765779014
41765779028
41765779023
41765779009
41765779030
41765779004
41765779012
41765779031
41765779002
41765779027
41765779022
41765779020
41765779003
41765779005
41765779019
41765779029
41765779026
41765779032
41765779013
41765779086
41765779094
41765779161
41765779067
41765779140
41765779034
41765779083
41765779036
41765779052
41765779180
41765779056
41765779073
41765779098
41765779096
41765779151
41765779152
41765779051
41765779055
41765779173
41765779033
41765779044
41765779190
41765779216
41765779126
41765779132
41765779127
41765779121
41765779149
41765779164
41765779037
41765779088
41765779186
41765779306
41765779272
41765779296
41765779091
41765779040
41765779059
41765779063
41765779202
41765779172
41765779223
41765779061
41765779282
41765779278
41765779054
41765779095
41765779060
41765779179
41765779141
41765779125
41765779099
41765779137
41765779093
41765779123
41765779049
41765779288
41765779168
41765779341
41765779153
41765779281
41765779204
41765779038
41765779050
41765779257
41765779178
41765779184
41765779206
41765779064
41765779291
41765779101
41765779154
41765779128
41765779129
41765779224
41765779238
41765779210
41765779208
41765779313
41765779072
41765779236
41765779225
41765779181
41765779085
41765779142
41765779145
41765779136
41765779312
41765779221
41765779171
41765779066
41765779188
41765779108
41765779062
41765779163
41765779293
41765779193
41765779348
41765779131
41765779227
41765779104
41765779329
41765779310
41765779195
41765779144
41765779344
41765779248
41765779263
41765779266
41765779259
41765779289
41765779287
41765779183
41765779265
41765779294
41765779342
41765779176
41765779080
41765779212
41765779323
41765779285
41765779100
41765779191
41765779292
41765779268
41765779165
41765779109
41765779114
41765779338
41765779194
41765779250
41765779311
41765779307
41765779155
41765779201
41765779218
41765779260
41765779147
41765779209
41765779305
41765779297
41765779290
41765779322
41765779316
41765779324
41765779350
41765779119
41765779134
41765779333
41765779215
41765779327
41765779082
41765779255
41765779242
41765779345
41765779276
41765779340
41765779318
41765779135
41765779251
41765779308
41765779284
41765779232
41765779335
41765779111
41765779295
41765779330
41765779326
41765779434
41765779445
41765779453
41765779538
41765779419
41765779409
41765779355
41765779438
41765779376
41765779367
41765779375
41765779378
41765779398
41765779397
41765779535
41765779429
41765779440
41765779460
41765779570
41765779462
41765779372
41765779384
41765779490
41765779506
41765779513
41765779521
41765779371
41765779484
41765779365
41765779386
41765779383
41765779428
41765779381
41765779392
41765779389
41765779457
41765779417
41765779388
41765779608
41765779405
41765779451
41765779488
41765779626
41765779473
41765779426
41765779358
41765779356
41765779435
41765779395
41765779441
41765779373
41765779566
41765779410
41765779493
41765779569
41765779444
41765779354
41765779394
41765779422
41765779689
41765779492
41765779427
41765779424
41765779556
41765779402
41765779510
41765779423
41765779407
41765779446
41765779353
41765779511
41765779433
41765779480
41765779400
41765779425
41765779617
41765779475
41765779593
41765779500
41765779652
41765779573
41765779385
41765779602
41765779368
41765779352
41765779403
41765779508
41765779670
41765779603
41765779677
41765779467
41765779436
41765779420
41765779601
41765779465
41765779518
41765779599
41765779555
41765779557
41765779609
41765779523
41765779413
41765779537
41765779585
41765779472
41765779536
41765779697
41765779655
41765779501
41765779640
41765779450
41765779443
41765779481
41765779431
41765779505
41765779525
41765779580
41765779437
41765779504
41765779522
41765779516
41765779590
41765779597
41765779607
41765779699
41765779610
41765779559
41765779497
41765779449
41765779695
41765779463
41765779588
41765779527
41765779606
41765779618
41765779529
41765779519
41765779614
41765779624
41765779476
41765779615
41765779694
41765779656
41765779509
41765779507
41765779491
41765779545
41765779551
41765779644
41765779686
41765779636
41765779643
41765779698
41765779663
41765779647
41765779541
41765779595
41765779611
41765779452
41765779623
41765779637
41765779558
41765779680
41765779605
41765779586
41765779528
41765779667
41765779664
41765779668
41765779565
41765779669
41765779620
41765779604
41765779688
41765779567
41765779589
41765779495
41765779684
41765779631
41765779645
41765779692
41765779676
41765779659
41765779696
41765779678
41765779700
41765779702
41765779724
41765779701
41765779714
41765779716
41765779719
41765779711
41765779729
41765779710
41765779725
41765779717
41765779707
41765779722
41765779718
41765779713
41765779703
41765779709
41765779728
41765779765
41765779784
41765779758
41765779792
41765779740
41765779742
41765779755
41765779747
41765779778
41765779737
41765779739
41765779759
41765779770
41765779746
41765779751
41765779777
41765779731
41765779786
41765779741
41765779766
41765779734
41765779768
41765779762
41765779783
41765779736
41765779750
41765779764
41765779743
41765779754
41765779781
41765779779
41765779756
41765779866
41765779878
41765779854
41765779829
41765779814
41765779807
41765779827
41765779816
41765779821
41765779824
41765779822
41765779864
41765779865
41765779838
41765779813
41765779799
41765779850
41765779876
41765779823
41765779855
41765779843
41765779848
41765779810
41765779842
41765779812
41765779853
41765779869
41765779817
41765779796
41765779819
41765779815
41765779808
41765779833
41765779830
41765779798
41765779794
41765779837
41765779862
41765779834
41765779811
41765779828
41765779867
41765779839
41765779871
41765779872
41765779880
41765779895
41765779906
41765779913
41765779900
41765779920
41765779899
41765779919
41765779931
41765779932
41765779916
41765779925
41765779938
41765779917
41765779915
41765779904
41765779947
41765779914
41765779943
41765779927
41765779881
41765779889
41765779961
41765779898
41765779888
41765779894
41765779934
41765779921
41765779903
41765779939
41765779942
41765779912
41765779956
41765779959
41765779946
41765779962
41765779890
41765779965
41765779950
41765779905
41765779892
41765779948
41765779937
41765779957
41765779923
41765779954
41765779958
41765779924
41765779949
41765779941
41765779928
41765779991
41765779976
41765779974
41765779966
41765779986
41765779981
41765779967
41765779983
41765779990
41765779998
41765779968
41765779972
41765779993
41765779969
41765779978
41765779971
41765779989
41765779997
41765779975
41765779988
41765779995
41765773026
41765773012
41765773024
41765773009
41765773003
41765773022
41765773006
41765773029
41765773027
41765773030
41765773008
41765773021
41765773020
41765773031
41765773011
41765773018
41765773015
41765773032
41765773023
41765773004
41765773002
41765773014
41765773013
41765773005
41765773060
41765773044
41765773090
41765773101
41765773103
41765773087
41765773075
41765773048
41765773061
41765773045
41765773058
41765773073
41765773057
41765773180
41765773096
41765773112
41765773114
41765773118
41765773144
41765773199
41765773034
41765773139
41765773155
41765773168
41765773046
41765773122
41765773035
41765773131
41765773195
41765773117
41765773055
41765773104
41765773232
41765773037
41765773156
41765773233
41765773341
41765773149
41765773079
41765773033
41765773132
41765773269
41765773135
41765773040
41765773113
41765773121
41765773151
41765773265
41765773240
41765773102
41765773261
41765773349
41765773126
41765773091
41765773095
41765773059
41765773230
41765773038
41765773147
41765773183
41765773157
41765773083
41765773210
41765773069
41765773283
41765773238
41765773166
41765773244
41765773140
41765773191
41765773108
41765773216
41765773089
41765773107
41765773222
41765773262
41765773257
41765773237
41765773327
41765773185
41765773074
41765773081
41765773280
41765773125
41765773093
41765773068
41765773119
41765773142
41765773047
41765773198
41765773085
41765773092
41765773205
41765773243
41765773165
41765773133
41765773188
41765773212
41765773332
41765773175
41765773099
41765773281
41765773347
41765773255
41765773315
41765773260
41765773247
41765773274
41765773330
41765773066
41765773329
41765773318
41765773342
41765773163
41765773236
41765773259
41765773111
41765773143
41765773277
41765773064
41765773105
41765773254
41765773213
41765773173
41765773264
41765773306
41765773217
41765773313
41765773100
41765773170
41765773201
41765773242
41765773331
41765773123
41765773276
41765773146
41765773153
41765773321
41765773211
41765773317
41765773305
41765773174
41765773124
41765773309
41765773275
41765773172
41765773284
41765773303
41765773221
41765773127
41765773182
41765773270
41765773130
41765773220
41765773179
41765773250
41765773290
41765773215
41765773169
41765773334
41765773252
41765773194
41765773304
41765773110
41765773323
41765773235
41765773282
41765773223
41765773288
41765773346
41765773178
41765773308
41765773336
41765773136
41765773115
41765773307
41765773337
41765773350
41765773287
41765773206
41765773302
41765773209
41765773343
41765773181
41765773345
41765773299
41765773263
41765773324
41765773231
41765773219
41765773226
41765773249
41765773338
41765773335
41765773370
41765773355
41765773363
41765773378
41765773354
41765773352
41765773364
41765773377
41765773375
41765773373
41765773369
41765773362
41765773353
41765773371
41765773357
41765773358
41765773351
41765773380
41765773376
41765773360
41765773361
41765773365
41765773382
41765773397
41765773387
41765773401
41765773425
41765773440
41765773468
41765773466
41765773597
41765773443
41765773393
41765773389
41765773457
41765773470
41765773384
41765773454
41765773407
41765773496
41765773420
41765773408
41765773424
41765773413
41765773433
41765773503
41765773400
41765773414
41765773525
41765773422
41765773428
41765773643
41765773521
41765773564
41765773442
41765773386
41765773492
41765773508
41765773479
41765773497
41765773523
41765773583
41765773552
41765773467
41765773553
41765773475
41765773556
41765773572
41765773678
41765773531
41765773388
41765773445
41765773416
41765773402
41765773427
41765773464
41765773473
41765773534
41765773444
41765773577
41765773458
41765773439
41765773452
41765773404
41765773482
41765773624
41765773654
41765773504
41765773514
41765773594
41765773535
41765773550
41765773434
41765773635
41765773617
41765773627
41765773582
41765773576
41765773450
41765773609
41765773607
41765773471
41765773403
41765773610
41765773513
41765773512
41765773661
41765773406
41765773636
41765773451
41765773570
41765773567
41765773478
41765773507
41765773480
41765773500
41765773560
41765773699
41765773559
41765773587
41765773385
41765773602
41765773632
41765773391
41765773431
41765773538
41765773505
41765773565
41765773585
41765773684
41765773562
41765773695
41765773634
41765773655
41765773667
41765773460
41765773557
41765773487
41765773685
41765773537
41765773595
41765773571
41765773679
41765773596
41765773638
41765773646
41765773484
41765773689
41765773462
41765773686
41765773501
41765773575
41765773429
41765773579
41765773544
41765773536
41765773623
41765773432
41765773658
41765773633
41765773449
41765773509
41765773599
41765773566
41765773441
41765773601
41765773606
41765773437
41765773546
41765773631
41765773526
41765773603
41765773547
41765773532
41765773456
41765773650
41765773494
41765773639
41765773549
41765773698
41765773558
41765773620
41765773616
41765773584
41765773663
41765773642
41765773453
41765773622
41765773666
41765773554
41765773688
41765773691
41765773465
41765773561
41765773656
41765773619
41765773463
41765773611
41765773657
41765773490
41765773649
41765773677
41765773682
41765773662
41765773690
41765773701
41765773726
41765773702
41765773716
41765773712
41765773728
41765773711
41765773718
41765773720
41765773714
41765773708
41765773706
41765773715
41765773713
41765773709
41765773747
41765773737
41765773760
41765773756
41765773763
41765773732
41765773744
41765773759
41765773733
41765773738
41765773748
41765773764
41765773754
41765773750
41765773761
41765773739
41765773731
41765773757
41765773745
41765773743
41765773807
41765773785
41765773794
41765773775
41765773795
41765773815
41765773768
41765773786
41765773774
41765773778
41765773784
41765773817
41765773811
41765773803
41765773780
41765773802
41765773818
41765773791
41765773822
41765773773
41765773801
41765773814
41765773808
41765773812
41765773783
41765773771
41765773767
41765773788
41765773820
41765773796
41765773870
41765773878
41765773851
41765773865
41765773857
41765773850
41765773854
41765773828
41765773842
41765773837
41765773855
41765773833
41765773866
41765773840
41765773848
41765773843
41765773868
41765773874
41765773836
41765773867
41765773846
41765773826
41765773858
41765773839
41765773853
41765773844
41765773862
41765773831
41765773856
41765773835
41765773872
41765773871
41765773879
41765773861
41765773880
41765773909
41765773939
41765773899
41765773888
41765773884
41765773905
41765773923
41765773895
41765773932
41765773898
41765773921
41765773904
41765773934
41765773915
41765773913
41765773940
41765773933
41765773911
41765773938
41765773922
41765773935
41765773890
41765773892
41765773887
41765773937
41765773916
41765773926
41765773929
41765773960
41765773995
41765773968
41765773997
41765773950
41765773966
41765773972
41765773955
41765773970
41765773993
41765773947
41765773959
41765773974
41765773991
41765773999
41765773994
41765773943
41765773964
41765773942
41765773979
41765773973
41765773980
41765773976
41765773998
41765773945
41765773949
41765773992
41765773996
41765773962
41765773981
41765773975
41765773953
41765773958
41765773988
41765773989
41765771011
41765771014
41765771004
41765771007
41765771006
41765771009
41765771012
41765771028
41765771029
41765771031
41765771005
41765771032
41765771015
41765771001
41765771022
41765771013
41765771003
41765771033
41765771024
41765771021
41765771017
41765771042
41765771043
41765771047
41765771076
41765771099
41765771098
41765771106
41765771117
41765771149
41765771141
41765771074
41765771160
41765771171
41765771023
41765771202
41765771048
41765771266
41765771188
41765771332
41765771121
41765771056
41765771049
41765771177
41765771173
41765771065
41765771045
41765771050
41765771052
41765771159
41765771078
41765771095
41765771105
41765771063
41765771138
41765771070
41765771128
41765771169
41765771163
41765771181
41765771072
41765771130
41765771220
41765771239
41765771119
41765771067
41765771073
41765771103
41765771090
41765771112
41765771230
41765771167
41765771231
41765771170
41765771341
41765771164
41765771228
41765771246
41765771087
41765771235
41765771148
41765771040
41765771064
41765771036
41765771129
41765771351
41765771091
41765771176
41765771307
41765771096
41765771152
41765771115
41765771157
41765771108
41765771492
41765771158
41765771079
41765771343
41765771515
41765771034
41765771147
41765771179
41765771398
41765771143
41765771139
41765771184
41765771084
41765771053
41765771461
41765771107
41765771406
41765771123
41765771866
41765771085
41765771283
41765771134
41765771165
41765771180
41765771306
41765771484
41765771482
41765771200
41765771496
41765771267
41765771066
41765771241
41765771287
41765771318
41765771156
41765771214
41765771229
41765771183
41765771286
41765771248
41765771186
41765771359
41765771124
41765771140
41765771294
41765771196
41765771207
41765771271
41765771083
41765771383
41765771215
41765771127
41765771424
41765771249
41765771493
41765771324
41765771358
41765771137
41765771237
41765771604
41765771068
41765771101
41765771381
41765771219
41765771495
41765771315
41765771203
41765771328
41765771125
41765771217
41765771550
41765771081
41765771100
41765771292
41765771082
41765771275
41765771197
41765771408
41765771411
41765771425
41765771110
41765771514
41765771311
41765771224
41765771509
41765771261
41765771285
41765771297
41765771198
41765771316
41765771234
41765771390
41765771448
41765771625
41765771151
41765771259
41765771269
41765771840
41765771086
41765771432
41765771097
41765771377
41765771243
41765771357
41765771409
41765771348
41765771597
41765771208
41765771182
41765771232
41765771391
41765771194
41765771221
41765771175
41765771116
41765771109
41765771388
41765771225
41765771600
41765771260
41765771387
41765771372
41765771478
41765771211
41765771277
41765771126
41765771291
41765771421
41765771280
41765771346
41765771485
41765771051
41765771417
41765771268
41765771735
41765771226
41765771513
41765771304
41765771434
41765771059
41765771453
41765771195
41765771222
41765771104
41765771898
41765771136
41765771206
41765771427
41765771732
41765771642
41765771638
41765771415
41765771444
41765771192
41765771572
41765771522
41765771363
41765771274
41765771331
41765771647
41765771979
41765771227
41765771755
41765771395
41765771322
41765771330
41765771326
41765771602
41765771990
41765771405
41765771494
41765771223
41765771538
41765771591
41765771555
41765771458
41765771662
41765771385
41765771245
41765771373
41765771745
41765771701
41765771764
41765771429
41765771272
41765771437
41765771238
41765771075
41765771545
41765771504
41765771603
41765771616
41765771455
41765771993
41765771488
41765771802
41765771303
41765771344
41765771630
41765771594
41765771694
41765771508
41765771258
41765771454
41765771155
41765771561
41765771463
41765771781
41765771418
41765771102
41765771199
41765771305
41765771830
41765771290
41765771296
41765771672
41765771273
41765771403
41765771742
41765771618
41765771404
41765771465
41765771559
41765771299
41765771519
41765771468
41765771849
41765771270
41765771608
41765771874
41765771489
41765771423
41765771471
41765771615
41765771730
41765771826
41765771900
41765771931
41765771400
41765771770
41765771401
41765771674
41765771301
41765771414
41765771626
41765771312
41765771209
41765771587
41765771619
41765771456
41765771793
41765771262
41765771284
41765771510
41765771216
41765771901
41765771233
41765771354
41765771317
41765771443
41765771131
41765771593
41765771374
41765771447
41765771345
41765771360
41765771289
41765771293
41765771190
41765771462
41765771907
41765771320
41765771308
41765771263
41765771362
41765771254
41765771769
41765771982
41765771319
41765771544
41765771682
41765771767
41765771749
41765771416
41765771573
41765771420
41765771679
41765771653
41765771611
41765771691
41765771605
41765771410
41765771430
41765771838
41765771146
41765771281
41765771613
41765771172
41765771529
41765771596
41765771577
41765771951
41765771506
41765771629
41765771967
41765771457
41765771886
41765771963
41765771376
41765771607
41765771250
41765771370
41765771309
41765771791
41765771708
41765771537
41765771709
41765771365
41765771598
41765771973
41765771964
41765771617
41765771648
41765771438
41765771392
41765771567
41765771790
41765771540
41765771639
41765771530
41765771472
41765771476
41765771583
41765771961
41765771721
41765771686
41765771610
41765771487
41765771635
41765771450
41765771162
41765771925
41765771706
41765771325
41765771553
41765771868
41765771729
41765771620
41765771724
41765771302
41765771771
41765771700
41765771683
41765771640
41765771644
41765771717
41765771218
41765771282
41765771971
41765771835
41765771439
41765771649
41765771927
41765771712
41765771806
41765771902
41765771467
41765771688
41765771744
41765771520
41765771862
41765771384
41765771788
41765771805
41765771542
41765771875
41765771412
41765771581
41765771480
41765771564
41765771743
41765771339
41765771782
41765771507
41765771733
41765771858
41765771466
41765771590
41765771568
41765771368
41765771908
41765771547
41765771715
41765771879
41765771968
41765771995
41765771941
41765771435
41765771817
41765771380
41765771671
41765771728
41765771818
41765771922
41765771525
41765771554
41765771959
41765771852
41765771714
41765771787
41765771704
41765771753
41765771777
41765771541
41765771422
41765771718
41765771500
41765771825
41765771905
41765771612
41765771827
41765771552
41765771667
41765771985
41765771889
41765771689
41765771333
41765771676
41765771464
41765771652
41765771656
41765771582
41765771870
41765771810
41765771981
41765771740
41765771975
41765771657
41765771364
41765771650
41765771885
41765771883
41765771914
41765771528
41765771651
41765771585
41765771751
41765771837
41765771739
41765771601
41765771533
41765771880
41765771855
41765771895
41765771904
41765771947
41765771502
41765771948
41765771955
41765771460
41765771861
41765771675
41765771633
41765771910
41765771794
41765771924
41765771942
41765771877
41765771801
41765771881
41765771785
41765771896
41765771952
41765771807
41765771758
41765771970
41765771748
41765771663
41765771783
41765771756
41765771517
41765771800
41765771893
41765771933
41765771828
41765771622
41765771911
41765771983
41765771953
41765771916
41765771921
41765771917
41765771937
41765771645
41765771543
41765771815
41765771658
41765771654
41765771575
41765771863
41765771892
41765771903
41765771821
41765771680
41765771690
41765771822
41765771798
41765771811
41765771913
41765771549
41765771698
41765771606
41765771841
41765771946
41765771723
41765771969
41765771527
41765771844
41765771899
41765771897
41765771989
41765771804
41765771991
41765771836
41765771894
41765771954
41765771906
41765771669
41765771984
41765771974
41765771843
41765771873
41765771475
41765771918
41765771997
41765771819
41765771988
41765771808
41765771831
41765771909
41765771919
41765771871
41765771864
41765771705
41765771949
41765771643
41765771929
41765771865
41765771976
41765771860
41765771950
41765771774
41765771655
41765771960
41765771725
41765771935
41765771803
41765771928
41765771856
41765771945
41765771987
41765771932
41765771574
41765771589
41765771768
41765771884
41765772019
41765772027
41765772014
41765772010
41765772005
41765772032
41765772026
41765772009
41765772023
41765772033
41765772016
41765772024
41765772012
41765772006
41765772004
41765772001
41765772025
41765772011
41765772008
41765772002
41765772018
41765772013
41765772022
41765772092
41765772127
41765772214
41765772045
41765772040
41765772132
41765772046
41765772067
41765772072
41765772061
41765772112
41765772044
41765772357
41765772124
41765772108
41765772137
41765772226
41765772037
41765772058
41765772099
41765772051
41765772178
41765772050
41765772053
41765772280
41765772087
41765772064
41765772085
41765772078
41765772204
41765772083
41765772080
41765772225
41765772195
41765772035
41765772088
41765772110
41765772152
41765772269
41765772075
41765772165
41765772149
41765772059
41765772116
41765772184
41765772206
41765772158
41765772095
41765772356
41765772049
41765772260
41765772232
41765772084
41765772039
41765772060
41765772284
41765772069
41765772041
41765772161
41765772082
41765772120
41765772107
41765772213
41765772147
41765772098
41765772189
41765772113
41765772055
41765772169
41765772194
41765772074
41765772211
41765772052
41765772153
41765772346
41765772254
41765772070
41765772231
41765772218
41765772119
41765772293
41765772263
41765772086
41765772133
41765772337
41765772043
41765772181
41765772123
41765772068
41765772288
41765772265
41765772134
41765772115
41765772126
41765772140
41765772190
41765772321
41765772285
41765772188
41765772271
41765772243
41765772101
41765772193
41765772322
41765772151
41765772171
41765772122
41765772235
41765772063
41765772103
41765772246
41765772220
41765772047
41765772089
41765772292
41765772141
41765772300
41765772093
41765772130
41765772111
41765772303
41765772308
41765772199
41765772208
41765772286
41765772221
41765772256
41765772238
41765772354
41765772168
41765772351
41765772159
41765772148
41765772324
41765772325
41765772311
41765772255
41765772183
41765772252
41765772249
41765772105
41765772136
41765772174
41765772242
41765772227
41765772327
41765772216
41765772073
41765772197
41765772201
41765772187
41765772312
41765772297
41765772180
41765772185
41765772125
41765772135
41765772215
41765772302
41765772118
41765772304
41765772272
41765772191
41765772166
41765772212
41765772224
41765772066
41765772144
41765772192
41765772229
41765772160
41765772240
41765772328
41765772323
41765772274
41765772177
41765772258
41765772277
41765772076
41765772313
41765772278
41765772234
41765772257
41765772210
41765772276
41765772310
41765772247
41765772217
41765772287
41765772333
41765772295
41765772209
41765772281
41765772282
41765772279
41765772202
41765772230
41765772267
41765772223
41765772100
41765772237
41765772301
41765772170
41765772236
41765772349
41765772336
41765772338
41765772250
41765772283
41765772270
41765772305
41765772347
41765772341
41765772259
41765772404
41765772471
41765772389
41765772420
41765772501
41765772446
41765772431
41765772422
41765772368
41765772387
41765772663
41765772418
41765772470
41765772409
41765772396
41765772453
41765772425
41765772376
41765772459
41765772410
41765772457
41765772469
41765772473
41765772382
41765772369
41765772398
41765772512
41765772405
41765772535
41765772443
41765772427
41765772498
41765772579
41765772417
41765772610
41765772476
41765772568
41765772486
41765772485
41765772407
41765772491
41765772424
41765772399
41765772661
41765772557
41765772569
41765772419
41765772392
41765772641
41765772359
41765772366
41765772475
41765772426
41765772423
41765772502
41765772586
41765772380
41765772521
41765772627
41765772442
41765772504
41765772496
41765772503
41765772576
41765772479
41765772571
41765772482
41765772664
41765772463
41765772381
41765772401
41765772468
41765772519
41765772397
41765772406
41765772587
41765772454
41765772444
41765772615
41765772673
41765772412
41765772484
41765772525
41765772488
41765772378
41765772440
41765772403
41765772678
41765772633
41765772432
41765772620
41765772677
41765772686
41765772483
41765772379
41765772474
41765772598
41765772499
41765772517
41765772510
41765772400
41765772642
41765772617
41765772652
41765772653
41765772550
41765772648
41765772552
41765772449
41765772580
41765772540
41765772659
41765772607
41765772650
41765772699
41765772437
41765772594
41765772542
41765772565
41765772507
41765772514
41765772545
41765772705
41765772655
41765772428
41765772478
41765772690
41765772669
41765772682
41765772696
41765772511
41765772654
41765772636
41765772590
41765772631
41765772532
41765772455
41765772573
41765772666
41765772541
41765772612
41765772706
41765772411
41765772567
41765772448
41765772605
41765772563
41765772464
41765772704
41765772700
41765772433
41765772526
41765772384
41765772566
41765772714
41765772702
41765772698
41765772555
41765772625
41765772624
41765772439
41765772679
41765772708
41765772629
41765772508
41765772570
41765772465
41765772601
41765772685
41765772709
41765772551
41765772560
41765772582
41765772558
41765772509
41765772600
41765772606
41765772712
41765772533
41765772537
41765772494
41765772692
41765772597
41765772710
41765772516
41765772603
41765772713
41765772506
41765772583
41765772609
41765772602
41765772596
41765772684
41765772626
41765772649
41765772515
41765772662
41765772611
41765772628
41765772613
41765772668
41765772691
41765772687
41765772414
41765772667
41765772689
41765772527
41765772651
41765772697
41765772530
41765772572
41765772721
41765772734
41765772715
41765772731
41765772733
41765772724
41765772720
41765772732
41765772744
41765772718
41765772723
41765772717
41765772725
41765772736
41765772740
41765772727
41765772719
41765772716
41765772742
41765772774
41765772809
41765772798
41765772826
41765772750
41765772791
41765772748
41765772754
41765772753
41765772769
41765772790
41765772794
41765772812
41765772821
41765772806
41765772760
41765772787
41765772756
41765772797
41765772810
41765772807
41765772779
41765772822
41765772818
41765772823
41765772751
41765772761
41765772755
41765772759
41765772758
41765772780
41765772802
41765772764
41765772819
41765772783
41765772788
41765772762
41765772805
41765772803
41765772778
41765772801
41765772817
41765772796
41765772804
41765772800
41765772752
41765772785
41765772827
41765772813
41765772811
41765772768
41765772816
41765772775
41765772829
41765772844
41765772898
41765772874
41765772859
41765772880
41765772860
41765772881
41765772896
41765772899
41765772843
41765772866
41765772833
41765772845
41765772836
41765772849
41765772872
41765772886
41765772851
41765772871
41765772884
41765772873
41765772870
41765772890
41765772882
41765772832
41765772897
41765772858
41765772841
41765772839
41765772837
41765772835
41765772893
41765772854
41765772864
41765772892
41765772895
41765772887
41765772855
41765772927
41765772915
41765772907
41765772926
41765772937
41765772910
41765772929
41765772906
41765772939
41765772934
41765772903
41765772921
41765772941
41765772947
41765772911
41765772913
41765772949
41765772901
41765772904
41765772918
41765772959
41765772916
41765772950
41765772902
41765772951
41765772930
41765772935
41765772963
41765772984
41765772989
41765772969
41765772974
41765772973
41765772990
41765772987
41765772976
41765772992
41765772994
41765772988
41765772982
41765772996
41765772972
41765772986
41765772978
41765772966
41765772967
41765772999
41765778000
41765778019
41765778003
41765778013
41765778017
41765778010
41765778004
41765778015
41765778028
41765778012
41765778021
41765778030
41765778006
41765778018
41765778011
41765778008
41765778005
41765778022
41765778016
41765778031
41765778032
41765778026
41765778020
41765778066
41765778060
41765778071
41765778087
41765778084
41765778035
41765778033
41765778069
41765778144
41765778077
41765778120
41765778045
41765778228
41765778036
41765778189
41765778050
41765778108
41765778294
41765778081
41765778306
41765778129
41765778040
41765778088
41765778140
41765778344
41765778152
41765778049
41765778204
41765778054
41765778094
41765778041
41765778034
41765778086
41765778272
41765778080
41765778142
41765778082
41765778038
41765778201
41765778073
41765778252
41765778220
41765778183
41765778070
41765778226
41765778266
41765778158
41765778199
41765778244
41765778222
41765778143
41765778281
41765778279
41765778117
41765778109
41765778150
41765778101
41765778269
41765778119
41765778182
41765778405
41765778043
41765778112
41765778351
41765778188
41765778428
41765778053
41765778384
41765778248
41765778303
41765778096
41765778207
41765778065
41765778271
41765778124
41765778338
41765778210
41765778310
41765778219
41765778402
41765778633
41765778162
41765778261
41765778163
41765778153
41765778238
41765778135
41765778233
41765778262
41765778115
41765778446
41765778074
41765778202
41765778072
41765778104
41765778449
41765778227
41765778331
41765778058
41765778494
41765778286
41765778511
41765778156
41765778401
41765778406
41765778673
41765778132
41765778105
41765778427
41765778095
41765778106
41765778291
41765778237
41765778730
41765778481
41765778195
41765778197
41765778200
41765778218
41765778131
41765778190
41765778284
41765778735
41765778347
41765778553
41765778454
41765778223
41765778551
41765778440
41765778567
41765778236
41765778360
41765778857
41765778258
41765778525
41765778393
41765778229
41765778118
41765778308
41765778214
41765778287
41765778092
41765778184
41765778225
41765778399
41765778571
41765778442
41765778421
41765778257
41765778512
41765778417
41765778181
41765778583
41765778326
41765778085
41765778403
41765778397
41765778362
41765778733
41765778375
41765778090
41765778173
41765778335
41765778510
41765778382
41765778145
41765778644
41765778103
41765778372
41765778424
41765778288
41765778324
41765778686
41765778235
41765778240
41765778314
41765778736
41765778539
41765778138
41765778878
41765778232
41765778192
41765778348
41765778137
41765778332
41765778411
41765778487
41765778848
41765778638
41765778102
41765778472
41765778617
41765778813
41765778542
41765778123
41765778141
41765778760
41765778722
41765778208
41765778217
41765778710
41765778452
41765778921
41765778318
41765778565
41765778464
41765778205
41765778744
41765778873
41765778522
41765778683
41765778501
41765778377
41765778563
41765778373
41765778979
41765778658
41765778606
41765778157
41765778891
41765778469
41765778729
41765778234
41765778268
41765778290
41765778938
41765778180
41765778645
41765778794
41765778636
41765778166
41765778946
41765778451
41765778624
41765778742
41765778468
41765778396
41765778769
41765778484
41765778450
41765778422
41765778224
41765778489
41765778381
41765778523
41765778380
41765778389
41765778367
41765778355
41765778400
41765778505
41765778404
41765778416
41765778342
41765778444
41765778662
41765778887
41765778333
41765778461
41765778435
41765778365
41765778473
41765778383
41765778503
41765778149
41765778584
41765778534
41765778696
41765778614
41765778712
41765778312
41765778819
41765778211
41765778320
41765778595
41765778715
41765778581
41765778789
41765778834
41765778414
41765778680
41765778491
41765778711
41765778274
41765778552
41765778912
41765778587
41765778876
41765778782
41765778419
41765778555
41765778702
41765778334
41765778475
41765778704
41765778601
41765778675
41765778431
41765778846
41765778418
41765778586
41765778720
41765778423
41765778829
41765778603
41765778750
41765778807
41765778788
41765778485
41765778196
41765778816
41765778251
41765778981
41765778670
41765778345
41765778962
41765778478
41765778526
41765778467
41765778621
41765778495
41765778655
41765778667
41765778470
41765778812
41765778615
41765778250
41765778460
41765778997
41765778443
41765778879
41765778754
41765778652
41765778625
41765778369
41765778798
41765778840
41765778739
41765778613
41765778678
41765778198
41765778486
41765778488
41765778437
41765778902
41765778800
41765778641
41765778885
41765778888
41765778824
41765778948
41765778407
41765778545
41765778765
41765778691
41765778632
41765778631
41765778703
41765778922
41765778924
41765778541
41765778991
41765778799
41765778639
41765778482
41765778838
41765778292
41765778783
41765778806
41765778519
41765778317
41765778859
41765778687
41765778688
41765778682
41765778756
41765778509
41765778881
41765778689
41765778278
41765778358
41765778572
41765778657
41765778882
41765778455
41765778609
41765778947
41765778650
41765778349
41765778854
41765778642
41765778988
41765778576
41765778841
41765778709
41765778762
41765778575
41765778705
41765778694
41765778622
41765778906
41765778895
41765778430
41765778851
41765778570
41765778801
41765778568
41765778892
41765778254
41765778758
41765778803
41765778656
41765778967
41765778844
41765778974
41765778728
41765778777
41765778867
41765778821
41765778780
41765778748
41765778764
41765778802
41765778849
41765778717
41765778939
41765778518
41765778578
41765778908
41765778953
41765778978
41765778684
41765778936
41765778880
41765778513
41765778456
41765778786
41765778471
41765778923
41765778746
41765778916
41765778909
41765778441
41765778790
41765778535
41765778969
41765778959
41765778611
41765778987
41765778975
41765778671
41765778589
41765778811
41765778793
41765778942
41765778301
41765778515
41765778836
41765778391
41765778597
41765778804
41765778646
41765778726
41765778620
41765778640
41765778903
41765778768
41765778822
41765778672
41765778825
41765778886
41765778918
41765778544
41765778927
41765778817
41765778700
41765778749
41765778692
41765778810
41765778600
41765778993
41765778410
41765778815
41765778830
41765778713
41765778714
41765778564
41765778826
41765778864
41765778585
41765778732
41765778893
41765778971
41765778958
41765778582
41765778986
41765778868
41765778835
41765778990
41765778828
41765778877
41765778847
41765778866
41765778743
41765778983
41765778839
41765778858
41765778852
41765778889
41765778664
41765778941
41765778607
41765778863
41765778890
41765778608
41765778985
41765778792
41765778894
41765778635
41765778901
41765778911
41765778896
41765778930
41765778980
41765778805
41765778900
41765778666
41765778875
41765778919
41765778718
41765778992
41765778955
41765778932
41765778957
41765778982
41765778989
41765777004
41765777012
41765777010
41765777030
41765777015
41765777016
41765777023
41765777028
41765777026
41765777019
41765777020
41765777022
41765777008
41765777002
41765777005
41765777024
41765777006
41765777025
41765777032
41765777018
41765777043
41765777052
41765777118
41765777245
41765777033
41765777036
41765777365
41765777013
41765777184
41765777046
41765777053
41765777234
41765777084
41765777063
41765777276
41765777055
41765777285
41765777056
41765777180
41765777068
41765777325
41765777206
41765777095
41765777048
41765777135
41765777062
41765777109
41765777108
41765777388
41765777288
41765777229
41765777230
41765777233
41765777051
41765777299
41765777041
41765777130
41765777281
41765777148
41765777235
41765777492
41765777143
41765777382
41765777198
41765777061
41765777174
41765777211
41765777049
41765777039
41765777070
41765777119
41765777103
41765777060
41765777141
41765777134
41765777080
41765777166
41765777194
41765777128
41765777248
41765777064
41765777161
41765777155
41765777289
41765777082
41765777283
41765777044
41765777093
41765777050
41765777069
41765777102
41765777123
41765777104
41765777321
41765777332
41765777165
41765777262
41765777071
41765777188
41765777120
41765777421
41765777210
41765777298
41765777058
41765777145
41765777131
41765777047
41765777189
41765777279
41765777486
41765777258
41765777133
41765777405
41765777338
41765777315
41765777306
41765777469
41765777122
41765777259
41765777263
41765777115
41765777187
41765777268
41765777239
41765777089
41765777832
41765777086
41765777202
41765777216
41765777117
41765777590
41765777124
41765777081
41765777301
41765777094
41765777059
41765777169
41765777096
41765777491
41765777090
41765777396
41765777244
41765777142
41765777126
41765777814
41765777400
41765777183
41765777412
41765777238
41765777609
41765777240
41765777323
41765777694
41765777409
41765777292
41765777530
41765777447
41765777330
41765777602
41765777418
41765777125
41765777150
41765777436
41765777181
41765777438
41765777222
41765777114
41765777437
41765777488
41765777482
41765777598
41765777691
41765777116
41765777353
41765777376
41765777765
41765777350
41765777595
41765777092
41765777493
41765777532
41765777266
41765777394
41765777278
41765777236
41765777529
41765777546
41765777551
41765777091
41765777151
41765777632
41765777668
41765777341
41765777249
41765777502
41765777680
41765777445
41765777654
41765777780
41765777557
41765777260
41765777461
41765777177
41765777849
41765777863
41765777808
41765777540
41765777542
41765777138
41765777209
41765777366
41765777225
41765777511
41765777275
41765777185
41765777758
41765777566
41765777308
41765777760
41765777112
41765777346
41765777568
41765777415
41765777195
41765777373
41765777294
41765777385
41765777564
41765777291
41765777182
41765777856
41765777480
41765777499
41765777390
41765777752
41765777558
41765777265
41765777601
41765777555
41765777425
41765777253
41765777462
41765777490
41765777232
41765777617
41765777452
41765777510
41765777254
41765777293
41765777252
41765777256
41765777303
41765777223
41765777156
41765777683
41765777605
41765777356
41765777610
41765777487
41765777607
41765777136
41765777465
41765777251
41765777340
41765777295
41765777695
41765777329
41765777531
41765777192
41765777508
41765777653
41765777553
41765777569
41765777836
41765777349
41765777190
41765777355
41765777583
41765777581
41765777536
41765777377
41765777431
41765777371
41765777613
41765777659
41765777199
41765777139
41765777521
41765777776
41765777559
41765777918
41765777588
41765777964
41765777501
41765777374
41765777894
41765777444
41765777335
41765777168
41765777228
41765777362
41765777606
41765777684
41765777612
41765777523
41765777985
41765777408
41765777825
41765777585
41765777560
41765777682
41765777644
41765777513
41765777456
41765777858
41765777651
41765777840
41765777391
41765777443
41765777603
41765777361
41765777214
41765777429
41765777351
41765777965
41765777464
41765777422
41765777193
41765777663
41765777534
41765777423
41765777901
41765777988
41765777681
41765777549
41765777485
41765777805
41765777567
41765777515
41765777520
41765777413
41765777420
41765777893
41765777212
41765777841
41765777535
41765777242
41765777525
41765777941
41765777284
41765777877
41765777622
41765777267
41765777804
41765777402
41765777414
41765777636
41765777227
41765777586
41765777435
41765777544
41765777859
41765777620
41765777828
41765777593
41765777375
41765777934
41765777650
41765777497
41765777662
41765777904
41765777575
41765777547
41765777735
41765777833
41765777692
41765777450
41765777660
41765777296
41765777322
41765777442
41765777838
41765777310
41765777678
41765777392
41765777813
41765777615
41765777878
41765777599
41765777494
41765777696
41765777938
41765777809
41765777887
41765777565
41765777649
41765777910
41765777672
41765777608
41765777948
41765777966
41765777562
41765777505
41765777460
41765777633
41765777868
41765777563
41765777855
41765777430
41765777783
41765777848
41765777634
41765777951
41765777483
41765777729
41765777924
41765777845
41765777717
41765777344
41765777835
41765777819
41765777831
41765777946
41765777929
41765777311
41765777655
41765777539
41765777850
41765777489
41765777818
41765777673
41765777885
41765777739
41765777666
41765777434
41765777802
41765777652
41765777669
41765777639
41765777621
41765777874
41765777866
41765777980
41765777667
41765777706
41765777403
41765777339
41765777554
41765777705
41765777997
41765777596
41765777522
41765777604
41765777984
41765777628
41765777736
41765777357
41765777811
41765777816
41765777580
41765777556
41765777592
41765777538
41765777727
41765777962
41765777956
41765777899
41765777896
41765777750
41765777713
41765777880
41765777932
41765777591
41765777647
41765777454
41765777821
41765777939
41765777986
41765777440
41765777676
41765777722
41765777552
41765777886
41765777982
41765777971
41765777909
41765777890
41765777991
41765777881
41765777911
41765777989
41765777645
41765777829
41765777853
41765777734
41765777775
41765777761
41765777981
41765777947
41765777777
41765777638
41765777701
41765777741
41765777995
41765777725
41765777895
41765777928
41765777746
41765777625
41765777958
41765777925
41765777635
41765777847
41765777788
41765777944
41765777903
41765777952
41765777698
41765777455
41765777963
41765777914
41765777665
41765777800
41765777883
41765777990
41765777943
41765777921
41765777994
41765777860
41765777770
41765777810
41765777960
41765777782
41765777822
41765777747
41765777983
41765777826
41765777949
41765777902
41765777824
41765777955
41765777496
41765777876
41765777979
41765777873
41765777950
41765777906
41765777618
41765777688
41765777730
