41765615004
41765615020
41765615016
41765615003
41765615031
41765615018
41765615006
41765615009
41765615025
41765615002
41765615014
41765615005
41765615019
41765615026
41765615007
41765615011
41765615135
41765615047
41765615114
41765615120
41765615079
41765615060
41765615090
41765615147
41765615040
41765615050
41765615177
41765615048
41765615194
41765615173
41765615220
41765615095
41765615123
41765615056
41765615263
41765615130
41765615116
41765615100
41765615124
41765615073
41765615039
41765615094
41765615210
41765615233
41765615228
41765615076
41765615054
41765615164
41765615255
41765615324
41765615064
41765615156
41765615166
41765615067
41765615350
41765615224
41765615052
41765615125
41765615162
41765615151
41765615055
41765615187
41765615140
41765615322
41765615288
41765615279
41765615143
41765615089
41765615059
41765615181
41765615099
41765615035
41765615165
41765615334
41765615186
41765615033
41765615063
41765615042
41765615110
41765615193
41765615141
41765615171
41765615057
41765615225
41765615074
41765615122
41765615335
41765615251
41765615154
41765615345
41765615262
41765615065
41765615078
41765615119
41765615179
41765615270
41765615239
41765615184
41765615212
41765615252
41765615145
41765615131
41765615139
41765615097
41765615121
41765615080
41765615053
41765615246
41765615337
41765615323
41765615223
41765615142
41765615313
41765615126
41765615049
41765615174
41765615153
41765615202
41765615222
41765615195
41765615287
41765615311
41765615215
41765615326
41765615180
41765615310
41765615136
41765615199
41765615108
41765615190
41765615168
41765615306
41765615253
41765615105
41765615201
41765615348
41765615307
41765615150
41765615319
41765615303
41765615127
41765615137
41765615295
41765615128
41765615146
41765615221
41765615234
41765615158
41765615227
41765615259
41765615058
41765615152
41765615284
41765615315
41765615264
41765615203
41765615349
41765615211
41765615243
41765615231
41765615271
41765615232
41765615333
41765615155
41765615344
41765615321
41765615266
41765615305
41765615329
41765615260
41765615242
41765615272
41765615265
41765615300
41765615302
41765615359
41765615352
41765615374
41765615354
41765615355
41765615370
41765615381
41765615375
41765615371
41765615366
41765615365
41765615372
41765615496
41765615464
41765615399
41765615412
41765615416
41765615422
41765615434
41765615446
41765615588
41765615505
41765615442
41765615497
41765615652
41765615539
41765615575
41765615609
41765615594
41765615515
41765615388
41765615550
41765615538
41765615476
41765615678
41765615698
41765615564
41765615444
41765615482
41765615454
41765615589
41765615556
41765615441
41765615440
41765615651
41765615619
41765615386
41765615452
41765615540
41765615471
41765615425
41765615581
41765615449
41765615501
41765615387
41765615663
41765615614
41765615656
41765615447
41765615604
41765615676
41765615418
41765615525
41765615513
41765615607
41765615405
41765615640
41765615572
41765615657
41765615526
41765615635
41765615616
41765615426
41765615610
41765615460
41765615668
41765615576
41765615491
41765615537
41765615430
41765615518
41765615553
41765615546
41765615502
41765615555
41765615484
41765615504
41765615667
41765615699
41765615551
41765615473
41765615639
41765615436
41765615661
41765615599
41765615532
41765615508
41765615689
41765615494
41765615608
41765615547
41765615561
41765615582
41765615620
41765615655
41765615606
41765615662
41765615691
41765615503
41765615595
41765615685
41765615567
41765615545
41765615566
41765615666
41765615415
41765615558
41765615618
41765615519
41765615565
41765615669
41765615693
41765615528
41765615520
41765615677
41765615596
41765615660
41765615643
41765615577
41765615509
41765615490
41765615641
41765615684
41765615586
41765615654
41765615507
41765615523
41765615681
41765615570
41765615603
41765615535
41765615670
41765615690
41765615527
41765615560
41765615686
41765615622
41765615612
41765615637
41765615632
41765615530
41765615696
41765615574
41765615601
41765615659
41765615628
41765615579
41765615675
41765615557
41765615706
41765615721
41765615726
41765615717
41765615708
41765615730
41765615731
41765615713
41765615725
41765615727
41765615728
41765615747
41765615734
41765615746
41765615759
41765615750
41765615753
41765615745
41765615756
41765615732
41765615752
41765615762
41765615737
41765615755
41765615743
41765615760
41765615757
41765615797
41765615804
41765615765
41765615785
41765615821
41765615778
41765615782
41765615781
41765615790
41765615777
41765615802
41765615788
41765615786
41765615818
41765615773
41765615822
41765615819
41765615809
41765615767
41765615776
41765615811
41765615787
41765615800
41765615792
41765615808
41765615806
41765615847
41765615824
41765615838
41765615856
41765615878
41765615830
41765615877
41765615872
41765615836
41765615858
41765615833
41765615848
41765615855
41765615860
41765615880
41765615831
41765615868
41765615867
41765615861
41765615859
41765615881
41765615865
41765615888
41765615916
41765615900
41765615939
41765615930
41765615883
41765615882
41765615885
41765615910
41765615961
41765615909
41765615894
41765615912
41765615951
41765615953
41765615901
41765615960
41765615933
41765615906
41765615955
41765615940
41765615902
41765615891
41765615932
41765615914
41765615921
41765615965
41765615959
41765615957
41765615984
41765615988
41765615977
41765615999
41765615995
41765615996
41765615990
41765615986
41765615998
41765615983
41765615975
41765615981
41765615979
41765615992
41765614009
41765614004
41765614002
41765614019
41765614007
41765614026
41765614008
41765614005
41765614020
41765614018
41765614022
41765614014
41765614021
41765614025
41765614010
41765614029
41765614015
41765614105
41765614272
41765614050
41765614079
41765614084
41765614082
41765614072
41765614171
41765614048
41765614070
41765614125
41765614100
41765614103
41765614132
41765614044
41765614045
41765614039
41765614102
41765614071
41765614229
41765614038
41765614088
41765614147
41765614034
41765614055
41765614068
41765614033
41765614058
41765614226
41765614161
41765614327
41765614118
41765614200
41765614036
41765614260
41765614168
41765614094
41765614121
41765614040
41765614074
41765614145
41765614153
41765614312
41765614301
41765614208
41765614067
41765614317
41765614112
41765614212
41765614110
41765614393
41765614049
41765614243
41765614284
41765614042
41765614295
41765614135
41765614061
41765614138
41765614129
41765614122
41765614148
41765614037
41765614303
41765614162
41765614377
41765614123
41765614350
41765614349
41765614241
41765614491
41765614252
41765614109
41765614379
41765614163
41765614433
41765614114
41765614406
41765614513
41765614176
41765614181
41765614144
41765614420
41765614341
41765614445
41765614254
41765614499
41765614541
41765614083
41765614180
41765614092
41765614460
41765614215
41765614440
41765614524
41765614385
41765614306
41765614305
41765614119
41765614412
41765614402
41765614465
41765614095
41765614388
41765614346
41765614173
41765614080
41765614494
41765614191
41765614467
41765614265
41765614046
41765614417
41765614183
41765614591
41765614091
41765614426
41765614261
41765614220
41765614655
41765614595
41765614156
41765614338
41765614693
41765614202
41765614117
41765614233
41765614214
41765614645
41765614486
41765614534
41765614201
41765614307
41765614508
41765614120
41765614809
41765614155
41765614359
41765614133
41765614085
41765614073
41765614313
41765614347
41765614315
41765614276
41765614242
41765614814
41765614225
41765614916
41765614146
41765614411
41765614361
41765614277
41765614302
41765614140
41765614753
41765614223
41765614820
41765614285
41765614563
41765614370
41765614423
41765614677
41765614333
41765614531
41765614239
41765614366
41765614664
41765614488
41765614222
41765614204
41765614604
41765614959
41765614965
41765614837
41765614439
41765614848
41765614419
41765614546
41765614331
41765614282
41765614509
41765614422
41765614478
41765614438
41765614663
41765614330
41765614688
41765614322
41765614616
41765614556
41765614345
41765614262
41765614221
41765614669
41765614640
41765614047
41765614380
41765614449
41765614657
41765614443
41765614394
41765614403
41765614954
41765614842
41765614240
41765614672
41765614590
41765614462
41765614559
41765614266
41765614845
41765614558
41765614398
41765614236
41765614737
41765614409
41765614653
41765614611
41765614530
41765614643
41765614847
41765614619
41765614126
41765614544
41765614300
41765614450
41765614187
41765614628
41765614430
41765614520
41765614599
41765614456
41765614447
41765614612
41765614413
41765614416
41765614567
41765614597
41765614321
41765614203
41765614557
41765614501
41765614437
41765614757
41765614625
41765614678
41765614479
41765614476
41765614569
41765614551
41765614834
41765614699
41765614343
41765614756
41765614354
41765614800
41765614660
41765614496
41765614408
41765614740
41765614868
41765614390
41765614455
41765614291
41765614542
41765614383
41765614585
41765614606
41765614442
41765614960
41765614424
41765614977
41765614710
41765614576
41765614720
41765614873
41765614797
41765614670
41765614760
41765614525
41765614555
41765614636
41765614454
41765614517
41765614623
41765614484
41765614506
41765614466
41765614600
41765614779
41765614775
41765614335
41765614708
41765614964
41765614565
41765614743
41765614575
41765614826
41765614908
41765614862
41765614771
41765614947
41765614475
41765614711
41765614537
41765614429
41765614368
41765614681
41765614505
41765614940
41765614639
41765614917
41765614694
41765614470
41765614707
41765614762
41765614683
41765614540
41765614656
41765614763
41765614738
41765614654
41765614723
41765614849
41765614880
41765614739
41765614477
41765614665
41765614825
41765614750
41765614953
41765614981
41765614561
41765614667
41765614471
41765614712
41765614961
41765614630
41765614982
41765614871
41765614578
41765614824
41765614646
41765614903
41765614679
41765614833
41765614866
41765614801
41765614787
41765614969
41765614790
41765614548
41765614348
41765614839
41765614481
41765614554
41765614717
41765614709
41765614468
41765614706
41765614676
41765614695
41765614758
41765614924
41765614671
41765614938
41765614939
41765614719
41765614615
41765614902
41765614778
41765614770
41765614888
41765614696
41765614532
41765614818
41765614713
41765614644
41765614523
41765614803
41765614900
41765614843
41765614822
41765614863
41765614747
41765614550
41765614850
41765614805
41765614875
41765614564
41765614627
41765614978
41765614759
41765614989
41765614772
41765614626
41765614869
41765614948
41765614635
41765614813
41765614972
41765614748
41765614859
41765614931
41765614950
41765614777
41765614608
41765614889
41765614861
41765614919
41765614991
41765614970
41765614853
41765614746
41765614884
41765614570
41765614934
41765616016
41765616030
41765616029
41765616012
41765616006
41765616018
41765616025
41765616004
41765616005
41765616026
41765616022
41765616020
41765616028
41765616014
41765616001
41765616003
41765616019
41765616023
41765616045
41765616070
41765616100
41765616066
41765616172
41765616181
41765616209
41765616118
41765616068
41765616059
41765616188
41765616061
41765616204
41765616075
41765616072
41765616082
41765616124
41765616360
41765616051
41765616050
41765616060
41765616095
41765616054
41765616138
41765616033
41765616135
41765616269
41765616302
41765616194
41765616086
41765616093
41765616044
41765616108
41765616063
41765616316
41765616214
41765616021
41765616040
41765616110
41765616094
41765616297
41765616084
41765616103
41765616352
41765616034
41765616203
41765616130
41765616043
41765616046
41765616120
41765616196
41765616177
41765616085
41765616057
41765616126
41765616342
41765616150
41765616153
41765616141
41765616144
41765616296
41765616101
41765616257
41765616131
41765616558
41765616119
41765616116
41765616322
41765616207
41765616151
41765616137
41765616179
41765616451
41765616211
41765616159
41765616261
41765616366
41765616282
41765616512
41765616107
41765616311
41765616192
41765616245
41765616202
41765616335
41765616518
41765616329
41765616049
41765616429
41765616516
41765616562
41765616369
41765616200
41765616255
41765616298
41765616240
41765616409
41765616424
41765616182
41765616334
41765616164
41765616197
41765616053
41765616418
41765616603
41765616380
41765616143
41765616353
41765616074
41765616067
41765616173
41765616062
41765616087
41765616566
41765616841
41765616493
41765616377
41765616514
41765616692
41765616265
41765616162
41765616048
41765616347
41765616171
41765616220
41765616381
41765616641
41765616390
41765616262
41765616568
41765616165
41765616307
41765616105
41765616365
41765616775
41765616227
41765616224
41765616386
41765616210
41765616304
41765616414
41765616219
41765616251
41765616115
41765616458
41765616535
41765616410
41765616468
41765616331
41765616232
41765616323
41765616354
41765616475
41765616091
41765616420
41765616473
41765616290
41765616256
41765616148
41765616395
41765616270
41765616704
41765616481
41765616174
41765616427
41765616570
41765616490
41765616368
41765616586
41765616547
41765616310
41765616163
41765616746
41765616771
41765616507
41765616419
41765616398
41765616502
41765616581
41765616657
41765616435
41765616218
41765616252
41765616770
41765616728
41765616233
41765616639
41765616922
41765616259
41765616946
41765616662
41765616333
41765616423
41765616752
41765616326
41765616506
41765616320
41765616549
41765616462
41765616699
41765616452
41765616779
41765616557
41765616479
41765616670
41765616357
41765616505
41765616344
41765616170
41765616286
41765616977
41765616577
41765616685
41765616611
41765616496
41765616523
41765616283
41765616520
41765616655
41765616822
41765616691
41765616484
41765616665
41765616862
41765616815
41765616585
41765616621
41765616758
41765616465
41765616318
41765616463
41765616703
41765616823
41765616614
41765616432
41765616649
41765616874
41765616861
41765616723
41765616731
41765616551
41765616545
41765616448
41765616790
41765616939
41765616447
41765616442
41765616901
41765616511
41765616339
41765616166
41765616592
41765616391
41765616866
41765616338
41765616560
41765616543
41765616910
41765616530
41765616497
41765616446
41765616865
41765616358
41765616645
41765616968
41765616561
41765616933
41765616942
41765616343
41765616619
41765616763
41765616609
41765616753
41765616833
41765616806
41765616606
41765616869
41765616620
41765616411
41765616580
41765616664
41765616857
41765616634
41765616880
41765616894
41765616730
41765616979
41765616897
41765616454
41765616571
41765616687
41765616828
41765616929
41765616602
41765616842
41765616569
41765616716
41765616291
41765616927
41765616618
41765616960
41765616412
41765616658
41765616623
41765616659
41765616853
41765616978
41765616461
41765616624
41765616829
41765616700
41765616546
41765616643
41765616628
41765616958
41765616943
41765616469
41765616362
41765616787
41765616727
41765616555
41765616847
41765616873
41765616762
41765616867
41765616876
41765616337
41765616263
41765616926
41765616902
41765616805
41765616533
41765616574
41765616855
41765616517
41765616887
41765616672
41765616930
41765616607
41765616961
41765616916
41765616554
41765616666
41765616966
41765616671
41765616967
41765616769
41765616315
41765616644
41765616777
41765616741
41765616406
41765616622
41765616613
41765616992
41765616663
41765616987
41765616774
41765616886
41765616720
41765616680
41765616924
41765616615
41765616860
41765616590
41765616744
41765616864
41765616879
41765616756
41765616725
41765616801
41765616814
41765616575
41765616706
41765616563
41765616633
41765616948
41765616989
41765616776
41765616820
41765616837
41765616923
41765616944
41765616747
41765616963
41765616719
41765616717
41765616629
41765616708
41765616962
41765616990
41765616674
41765616884
41765616513
41765616868
41765616964
41765616859
41765616755
41765616565
41765616872
41765616888
41765616648
41765616800
41765616950
41765616906
41765616877
41765616890
41765616920
41765616919
41765616799
41765616361
41765616945
41765616808
41765616975
41765616849
41765616630
41765616743
41765610031
41765610007
41765610018
41765610006
41765610002
41765610029
41765610011
41765610016
41765610020
41765610021
41765610017
41765610012
41765610009
41765610004
41765610024
41765610008
41765610027
41765610030
41765610026
41765610015
41765610022
41765610025
41765610085
41765610131
41765610176
41765610059
41765610052
41765610296
41765610071
41765610068
41765610034
41765610103
41765610057
41765610069
41765610054
41765610102
41765610179
41765610110
41765610037
41765610111
41765610063
41765610056
41765610070
41765610082
41765610196
41765610043
41765610125
41765610129
41765610130
41765610225
41765610172
41765610115
41765610168
41765610144
41765610233
41765610092
41765610122
41765610187
41765610243
41765610228
41765610133
41765610058
41765610065
41765610305
41765610482
41765610227
41765610114
41765610222
41765610291
41765610044
41765610154
41765610064
41765610207
41765610049
41765610320
41765610053
41765610212
41765610040
41765610128
41765610080
41765610046
41765610285
41765610406
41765610365
41765610041
41765610055
41765610077
41765610076
41765610042
41765610150
41765610124
41765610106
41765610109
41765610301
41765610140
41765610067
41765610194
41765610234
41765610175
41765610091
41765610095
41765610093
41765610081
41765610060
41765610287
41765610075
41765610366
41765610457
41765610323
41765610121
41765610118
41765610351
41765610561
41765610321
41765610424
41765610260
41765610238
41765610268
41765610237
41765610343
41765610562
41765610231
41765610526
41765610223
41765610224
41765610051
41765610416
41765610356
41765610148
41765610292
41765610113
41765610435
41765610322
41765610112
41765610300
41765610117
41765610350
41765610137
41765610614
41765610675
41765610181
41765610240
41765610107
41765610218
41765610195
41765610206
41765610171
41765610126
41765610217
41765610470
41765610426
41765610152
41765610208
41765610230
41765610101
41765610756
41765610500
41765610183
41765610198
41765610512
41765610062
41765610200
41765610530
41765610120
41765610203
41765610251
41765610119
41765610214
41765610429
41765610262
41765610533
41765610336
41765610245
41765610439
41765610252
41765610282
41765610447
41765610369
41765610508
41765610407
41765610221
41765610266
41765610506
41765610378
41765610405
41765610199
41765610466
41765610313
41765610326
41765610488
41765610611
41765610762
41765610182
41765610600
41765610359
41765610761
41765610254
41765610417
41765610706
41765610718
41765610625
41765610362
41765610219
41765610523
41765610750
41765610751
41765610550
41765610440
41765610316
41765610379
41765610167
41765610197
41765610201
41765610421
41765610295
41765610116
41765610459
41765610681
41765610644
41765610244
41765610155
41765610210
41765610330
41765610511
41765610090
41765610302
41765610241
41765610540
41765610279
41765610308
41765610475
41765610489
41765610441
41765610433
41765610399
41765610361
41765610190
41765610513
41765610800
41765610552
41765610589
41765610339
41765610418
41765610493
41765610664
41765610842
41765610367
41765610205
41765610744
41765610618
41765610327
41765610374
41765610455
41765610242
41765610319
41765610290
41765610630
41765610476
41765610653
41765610555
41765610471
41765610504
41765610568
41765610141
41765610278
41765610687
41765610304
41765610381
41765610469
41765610985
41765610551
41765610971
41765610507
41765610232
41765610740
41765610483
41765610465
41765610355
41765610209
41765610297
41765610377
41765610347
41765610458
41765610216
41765610382
41765610272
41765610153
41765610806
41765610481
41765610805
41765610588
41765610386
41765610413
41765610450
41765610329
41765610532
41765610186
41765610680
41765610403
41765610892
41765610615
41765610547
41765610496
41765610334
41765610606
41765610619
41765610711
41765610690
41765610160
41765610627
41765610345
41765610852
41765610791
41765610288
41765610932
41765610607
41765610229
41765610398
41765610755
41765610582
41765610827
41765610427
41765610880
41765610298
41765610410
41765610620
41765610515
41765610753
41765610468
41765610485
41765610583
41765610411
41765610281
41765610479
41765610527
41765610391
41765610460
41765610510
41765610492
41765610286
41765610331
41765610612
41765610835
41765610697
41765610896
41765610340
41765610307
41765610809
41765610318
41765610337
41765610641
41765610428
41765610766
41765610310
41765610276
41765610938
41765610851
41765610862
41765610596
41765610211
41765610402
41765610519
41765610501
41765610376
41765610771
41765610490
41765610401
41765610701
41765610235
41765610986
41765610601
41765610650
41765610388
41765610845
41765610312
41765610929
41765610325
41765610937
41765610636
41765610745
41765610384
41765610528
41765610556
41765610396
41765610617
41765610575
41765610247
41765610945
41765610913
41765610673
41765610593
41765610694
41765610855
41765610652
41765610709
41765610922
41765610826
41765610599
41765610661
41765610574
41765610821
41765610866
41765610486
41765610453
41765610520
41765610608
41765610397
41765610497
41765610573
41765610666
41765610544
41765610909
41765610634
41765610749
41765610565
41765610597
41765610767
41765610684
41765610591
41765610981
41765610802
41765610930
41765610893
41765610689
41765610409
41765610604
41765610587
41765610957
41765610579
41765610414
41765610503
41765610226
41765610535
41765610420
41765610807
41765610837
41765610473
41765610712
41765610874
41765610887
41765610531
41765610626
41765610477
41765610585
41765610395
41765610703
41765610917
41765610819
41765610505
41765610823
41765610870
41765610554
41765610509
41765610731
41765610989
41765610569
41765610655
41765610651
41765610856
41765610633
41765610624
41765610786
41765610940
41765610577
41765610586
41765610869
41765610994
41765610570
41765610942
41765610812
41765610928
41765610885
41765610988
41765610419
41765610602
41765610720
41765610404
41765610628
41765610700
41765610997
41765610770
41765610760
41765610603
41765610889
41765610716
41765610921
41765610669
41765610984
41765610667
41765610825
41765610747
41765610991
41765610710
41765610955
41765610950
41765610480
41765610721
41765610640
41765610613
41765610804
41765610616
41765610987
41765610722
41765610916
41765610799
41765610659
41765610571
41765610743
41765610822
41765610672
41765610925
41765610632
41765610850
41765610899
41765610728
41765610723
41765610900
41765610857
41765610495
41765610843
41765610622
41765610787
41765610742
41765610705
41765610704
41765610878
41765610400
41765610707
41765610918
41765610967
41765610522
41765610741
41765610920
41765610803
41765610660
41765610443
41765610875
41765610884
41765610682
41765610757
41765610738
41765610729
41765610924
41765610863
41765610752
41765610853
41765610415
41765610777
41765610983
41765610868
41765610854
41765610811
41765610801
41765610847
41765610844
41765610992
41765610901
41765610876
41765610538
41765610879
41765610759
41765610790
41765610769
41765610886
41765610995
41765610841
41765610817
41765610951
41765610905
41765610912
41765610815
41765610954
41765610903
41765610960
41765610581
41765610914
41765610776
41765610906
41765610828
41765610943
41765610904
41765610934
41765610686
41765610882
41765610968
41765610676
41765610832
41765610774
41765610061
41765610926
41765610808
41765610193
41765610891
41765610836
41765610263
41765610548
41765610717
41765610779
41765619014
41765619015
41765619017
41765619019
41765619002
41765619020
41765619021
41765619001
41765619010
41765619011
41765619004
41765619003
41765619008
41765619030
41765619070
41765619048
41765619096
41765619040
41765619064
41765619103
41765619057
41765619108
41765619069
41765619062
41765619121
41765619084
41765619131
41765619054
41765619061
41765619157
41765619047
41765619233
41765619261
41765619115
41765619323
41765619042
41765619035
41765619092
41765619191
41765619041
41765619050
41765619081
41765619310
41765619116
41765619171
41765619111
41765619484
41765619093
41765619026
41765619213
41765619109
41765619036
41765619128
41765619125
41765619059
41765619114
41765619398
41765619060
41765619080
41765619089
41765619331
41765619182
41765619167
41765619101
41765619229
41765619170
41765619188
41765619200
41765619091
41765619202
41765619335
41765619377
41765619253
41765619535
41765619275
41765619245
41765619065
41765619190
41765619074
41765619124
41765619144
41765619142
41765619097
41765619408
41765619336
41765619174
41765619038
41765619390
41765619444
41765619135
41765619280
41765619220
41765619141
41765619299
41765619086
41765619100
41765619039
41765619231
41765619225
41765619321
41765619192
41765619076
41765619787
41765619169
41765619308
41765619104
41765619090
41765619556
41765619339
41765619436
41765619203
41765619136
41765619338
41765619376
41765619380
41765619434
41765619287
41765619228
41765619088
41765619506
41765619095
41765619525
41765619610
41765619119
41765619155
41765619689
41765619196
41765619543
41765619437
41765619178
41765619688
41765619345
41765619630
41765619492
41765619266
41765619631
41765619758
41765619248
41765619422
41765619206
41765619561
41765619232
41765619271
41765619227
41765619429
41765619110
41765619205
41765619193
41765619195
41765619150
41765619168
41765619393
41765619694
41765619255
41765619698
41765619478
41765619598
41765619394
41765619358
41765619226
41765619469
41765619550
41765619606
41765619927
41765619320
41765619669
41765619699
41765619567
41765619230
41765619547
41765619396
41765619424
41765619315
41765619311
41765619559
41765619283
41765619198
41765619262
41765619418
41765619552
41765619379
41765619557
41765619277
41765619479
41765619587
41765619533
41765619328
41765619420
41765619172
41765619216
41765619991
41765619450
41765619549
41765619177
41765619391
41765619746
41765619706
41765619878
41765619412
41765619410
41765619465
41765619726
41765619499
41765619357
41765619801
41765619359
41765619810
41765619624
41765619872
41765619288
41765619617
41765619832
41765619364
41765619749
41765619463
41765619296
41765619800
41765619828
41765619260
41765619653
41765619367
41765619500
41765619825
41765619949
41765619333
41765619441
41765619611
41765619307
41765619661
41765619291
41765619295
41765619613
41765619532
41765619902
41765619675
41765619843
41765619477
41765619402
41765619600
41765619515
41765619487
41765619545
41765619555
41765619792
41765619645
41765619670
41765619454
41765619475
41765619494
41765619757
41765619926
41765619400
41765619855
41765619526
41765619453
41765619896
41765619795
41765619727
41765619352
41765619664
41765619836
41765619770
41765619644
41765619419
41765619919
41765619979
41765619724
41765619565
41765619517
41765619709
41765619404
41765619939
41765619811
41765619925
41765619887
41765619751
41765619476
41765619890
41765619373
41765619841
41765619977
41765619633
41765619703
41765619953
41765619812
41765619592
41765619588
41765619697
41765619929
41765619790
41765619776
41765619496
41765619796
41765619470
41765619569
41765619932
41765619584
41765619511
41765619734
41765619901
41765619767
41765619933
41765619944
41765619951
41765619599
41765619905
41765619940
41765619748
41765619779
41765619950
41765619722
41765619438
41765619743
41765619868
41765619848
41765619503
41765619910
41765619831
41765619334
41765619665
41765619595
41765619987
41765619824
41765619720
41765619952
41765619942
41765619459
41765619495
41765619693
41765619965
41765619501
41765619996
41765619827
41765619513
41765619802
41765619964
41765619912
41765619981
41765619705
41765619966
41765619957
41765619922
41765619969
41765619908
41765619804
41765619771
41765619907
41765619710
41765619924
41765619509
41765619570
41765619956
41765619876
41765619936
41765619909
41765619840
41765619823
41765619781
41765619695
41765619769
41765619616
41765619994
41765619718
41765619505
41765619721
41765619959
41765619774
41765619622
41765619911
41765619752
41765619995
41765619970
41765619880
41765619844
41765619807
41765619888
41765619997
41765619797
41765619799
41765619833
41765619656
41765619784
41765619604
41765619873
41765619955
41765619894
41765619928
41765619971
41765619916
41765619986
41765619938
41765619778
41765619788
41765619931
41765619884
41765619988
41765619992
41765613008
41765613024
41765613006
41765613015
41765613020
41765613025
41765613016
41765613004
41765613007
41765613022
41765613031
41765613032
41765613030
41765613014
41765613017
41765613013
41765613001
41765613010
41765613045
41765613084
41765613124
41765613150
41765613238
41765613103
41765613037
41765613162
41765613050
41765613336
41765613079
41765613080
41765613179
41765613090
41765613086
41765613093
41765613204
41765613168
41765613235
41765613126
41765613195
41765613269
41765613180
41765613039
41765613199
41765613047
41765613321
41765613094
41765613115
41765613139
41765613065
41765613155
41765613108
41765613105
41765613123
41765613063
41765613061
41765613663
41765613232
41765613085
41765613201
41765613071
41765613043
41765613062
41765613035
41765613120
41765613143
41765613272
41765613248
41765613290
41765613160
41765613083
41765613324
41765613173
41765613060
41765613076
41765613140
41765613082
41765613362
41765613774
41765613396
41765613166
41765613128
41765613098
41765613609
41765613033
41765613210
41765613181
41765613185
41765613358
41765613320
41765613164
41765613215
41765613503
41765613142
41765613300
41765613250
41765613231
41765613329
41765613188
41765613122
41765613111
41765613158
41765613133
41765613113
41765613112
41765613301
41765613399
41765613388
41765613427
41765613066
41765613305
41765613654
41765613337
41765613224
41765613315
41765613488
41765613522
41765613350
41765613393
41765613130
41765613205
41765613245
41765613101
41765613402
41765613339
41765613131
41765613125
41765613377
41765613899
41765613630
41765613371
41765613615
41765613330
41765613790
41765613394
41765613592
41765613260
41765613200
41765613323
41765613433
41765613212
41765613202
41765613172
41765613246
41765613409
41765613100
41765613107
41765613841
41765613400
41765613261
41765613419
41765613523
41765613325
41765613132
41765613542
41765613425
41765613499
41765613263
41765613428
41765613383
41765613860
41765613417
41765613949
41765613322
41765613865
41765613798
41765613370
41765613234
41765613442
41765613504
41765613223
41765613572
41765613355
41765613519
41765613502
41765613492
41765613169
41765613424
41765613575
41765613836
41765613769
41765613511
41765613866
41765613335
41765613699
41765613243
41765613500
41765613588
41765613306
41765613366
41765613432
41765613610
41765613316
41765613831
41765613528
41765613242
41765613547
41765613621
41765613309
41765613959
41765613456
41765613423
41765613352
41765613850
41765613447
41765613662
41765613148
41765613372
41765613670
41765613832
41765613340
41765613376
41765613581
41765613426
41765613587
41765613338
41765613613
41765613548
41765613664
41765613299
41765613288
41765613197
41765613638
41765613455
41765613563
41765613669
41765613441
41765613137
41765613454
41765613551
41765613799
41765613410
41765613589
41765613627
41765613538
41765613368
41765613684
41765613778
41765613763
41765613514
41765613964
41765613384
41765613969
41765613696
41765613431
41765613761
41765613637
41765613390
41765613740
41765613966
41765613430
41765613434
41765613867
41765613088
41765613793
41765613993
41765613771
41765613553
41765613326
41765613939
41765613535
41765613976
41765613731
41765613600
41765613639
41765613756
41765613317
41765613494
41765613611
41765613277
41765613812
41765613602
41765613681
41765613556
41765613937
41765613274
41765613531
41765613773
41765613927
41765613767
41765613752
41765613721
41765613785
41765613435
41765613808
41765613304
41765613532
41765613607
41765613779
41765613834
41765613138
41765613805
41765613700
41765613818
41765613801
41765613707
41765613881
41765613449
41765613838
41765613789
41765613489
41765613453
41765613900
41765613420
41765613849
41765613938
41765613887
41765613803
41765613414
41765613576
41765613749
41765613986
41765613762
41765613594
41765613189
41765613872
41765613907
41765613815
41765613741
41765613990
41765613327
41765613928
41765613569
41765613871
41765613777
41765613947
41765613585
41765613686
41765613780
41765613868
41765613745
41765613673
41765613618
41765613759
41765613567
41765613915
41765613929
41765613783
41765613313
41765613924
41765613526
41765613828
41765613736
41765613795
41765613945
41765613470
41765613443
41765613952
41765613632
41765613471
41765613908
41765613739
41765613910
41765613920
41765613804
41765613890
41765613989
41765613844
41765613650
41765613961
41765613603
41765613787
41765613395
41765613555
41765613208
41765613921
41765613307
41765613894
41765613933
41765613671
41765613794
41765613994
41765613878
41765613891
41765613922
41765613515
41765613858
41765613954
41765613888
41765613848
41765613525
41765613876
41765613955
41765613713
41765613859
41765613853
41765613757
41765613660
41765613498
41765613869
41765613981
41765613906
41765613884
41765613992
41765613842
41765613550
41765613570
41765613957
41765613882
41765613997
41765613982
41765613877
41765613909
41765613973
41765613680
41765613559
41765613833
41765613835
41765613977
41765611001
41765611011
41765611017
41765611044
41765611052
41765611003
41765611008
41765611050
41765611030
41765611124
41765611012
41765611080
41765611103
41765611101
41765611211
41765611347
41765611056
41765611034
41765611125
41765611108
41765611146
41765611114
41765611107
41765611122
41765611221
41765611269
41765611582
41765611245
41765611013
41765611143
41765611035
41765611222
41765611090
41765611175
41765611155
41765611058
41765611279
41765611132
41765611073
41765611096
41765611834
41765611352
41765611189
41765611231
41765611086
41765611168
41765611285
41765611319
41765611160
41765611333
41765611337
41765611051
41765611019
41765611229
41765611025
41765611177
41765611007
41765611093
41765611278
41765611153
41765611018
41765611190
41765611480
41765611207
41765611120
41765611123
41765611180
41765611104
41765611057
41765611205
41765611002
41765611360
41765611087
41765611070
41765611267
41765611159
41765611088
41765611036
41765611481
41765611270
41765611322
41765611116
41765611204
41765611504
41765611882
41765611186
41765611237
41765611173
41765611396
41765611041
41765611255
41765611219
41765611383
41765611161
41765611234
41765611014
41765611049
41765611082
41765611339
41765611015
41765611377
41765611228
41765611055
41765611137
41765611105
41765611079
41765611321
41765611507
41765611558
41765611574
41765611162
41765611067
41765611004
41765611694
41765611112
41765611304
41765611324
41765611075
41765611673
41765611522
41765611346
41765611740
41765611810
41765611599
41765611702
41765611244
41765611900
41765611930
41765611206
41765611150
41765611069
41765611098
41765611748
41765611634
41765611138
41765611152
41765611842
41765611695
41765611307
41765611385
41765611648
41765611166
41765611561
41765611340
41765611148
41765611600
41765611652
41765611432
41765611391
41765611460
41765611063
41765611306
41765611689
41765611099
41765611857
41765611350
41765611946
41765611026
41765611456
41765611870
41765611517
41765611631
41765611187
41765611717
41765611581
41765611022
41765611625
41765611758
41765611515
41765611334
41765611102
41765611293
41765611788
41765611483
41765611866
41765611147
41765611305
41765611380
41765611178
41765611660
41765611614
41765611266
41765611193
41765611421
41765611429
41765611895
41765611544
41765611989
41765611233
41765611977
41765611576
41765611904
41765611009
41765611688
41765611335
41765611264
41765611746
41765611735
41765611496
41765611511
41765611348
41765611216
41765611438
41765611037
41765611723
41765611410
41765611830
41765611610
41765611268
41765611252
41765611777
41765611117
41765611224
41765611807
41765611375
41765611170
41765611703
41765611250
41765611091
41765611422
41765611281
41765611446
41765611282
41765611879
41765611277
41765611130
41765611799
41765611505
41765611196
41765611287
41765611109
41765611632
41765611357
41765611223
41765611508
41765611770
41765611353
41765611706
41765611061
41765611699
41765611203
41765611311
41765611156
41765611526
41765611784
41765611423
41765611811
41765611796
41765611733
41765611590
41765611167
41765611312
41765611567
41765611528
41765611917
41765611201
41765611060
41765611392
41765611749
41765611329
41765611503
41765611323
41765611414
41765611623
41765611645
41765611382
41765611987
41765611413
41765611433
41765611892
41765611188
41765611603
41765611370
41765611495
41765611401
41765611134
41765611554
41765611593
41765611559
41765611016
41765611065
41765611445
41765611739
41765611848
41765611760
41765611564
41765611408
41765611852
41765611364
41765611692
41765611442
41765611918
41765611192
41765611859
41765611213
41765611208
41765611194
41765611782
41765611533
41765611292
41765611855
41765611183
41765611444
41765611779
41765611988
41765611510
41765611451
41765611131
41765611761
41765611492
41765611275
41765611457
41765611704
41765611616
41765611251
41765611980
41765611521
41765611484
41765611809
41765611514
41765611913
41765611908
41765611594
41765611881
41765611135
41765611804
41765611785
41765611121
41765611077
41765611963
41765611731
41765611971
41765611828
41765611877
41765611072
41765611381
41765611475
41765611609
41765611497
41765611737
41765611680
41765611907
41765611541
41765611905
41765611140
41765611145
41765611309
41765611757
41765611786
41765611732
41765611953
41765611893
41765611520
41765611646
41765611331
41765611661
41765611820
41765611676
41765611549
41765611620
41765611310
41765611127
41765611787
41765611288
41765611982
41765611846
41765611817
41765611588
41765611265
41765611956
41765611378
41765611345
41765611431
41765611729
41765611958
41765611585
41765611970
41765611128
41765611714
41765611519
41765611598
41765611709
41765611489
41765611697
41765611906
41765611209
41765611742
41765611545
41765611502
41765611411
41765611951
41765611643
41765611605
41765611506
41765611202
41765611780
41765611716
41765611910
41765611316
41765611860
41765611452
41765611755
41765611924
41765611943
41765611901
41765611258
41765611611
41765611920
41765611416
41765611313
41765611556
41765611094
41765611371
41765611276
41765611960
41765611935
41765611144
41765611950
41765611715
41765611397
41765611366
41765611577
41765611257
41765611795
41765611801
41765611713
41765611169
41765611256
41765611601
41765611656
41765611712
41765611719
41765611404
41765611827
41765611296
41765611720
41765611978
41765611227
41765611686
41765611650
41765611948
41765611336
41765611772
41765611612
41765611941
41765611387
41765611394
41765611527
41765611454
41765611303
41765611604
41765611243
41765611562
41765611831
41765611440
41765611542
41765611466
41765611926
41765611450
41765611246
41765611974
41765611550
41765611767
41765611890
41765611592
41765611762
41765611286
41765611710
41765611663
41765611351
41765611389
41765611851
41765611979
41765611738
41765611595
41765611613
41765611861
41765611678
41765611701
41765611565
41765611407
41765611891
41765611639
41765611871
41765611949
41765611959
41765611597
41765611684
41765611420
41765611499
41765611747
41765611608
41765611862
41765611815
41765611887
41765611728
41765611670
41765611607
41765611875
41765611773
41765611062
41765611151
41765611769
41765611427
41765611927
41765611365
41765611994
41765611975
41765611789
41765611819
41765611984
41765611569
41765611369
41765611537
41765611939
41765611932
41765611790
41765611500
41765611919
41765611934
41765611894
41765611468
41765611805
41765611775
41765611969
41765611578
41765611448
41765611996
41765611889
41765611821
41765611644
41765611092
41765611899
41765611462
41765611840
41765611179
41765611509
41765611774
41765611912
41765611402
41765611816
41765611657
41765611818
41765611400
41765611488
41765611911
41765611778
41765611142
41765611627
41765611873
41765611931
41765611995
41765611184
41765611966
41765611965
41765611813
41765611658
41765611629
41765611691
41765611961
41765611662
41765611993
41765611708
41765611750
41765611516
41765611968
41765611867
41765611992
41765611938
41765611781
41765611441
41765611707
41765611628
41765611997
41765611921
41765611797
41765611794
41765611649
41765611235
41765611776
41765611822
41765611952
41765611553
41765611271
41765611409
41765611705
41765611898
41765611903
41765611765
41765611531
41765611844
41765611973
41765611886
41765611923
41765611936
41765611171
41765611302
41765612016
41765612010
41765612008
41765612020
41765612007
41765612032
41765612005
41765612001
41765612013
41765612028
41765612011
41765612015
41765612018
41765612025
41765612030
41765612024
41765612004
41765612014
41765612021
41765612019
41765612029
41765612006
41765612022
41765612002
41765612070
41765612088
41765612009
41765612210
41765612225
41765612047
41765612037
41765612068
41765612066
41765612069
41765612079
41765612087
41765612064
41765612321
41765612089
41765612092
41765612152
41765612121
41765612056
41765612228
41765612195
41765612226
41765612086
41765612080
41765612105
41765612108
41765612161
41765612208
41765612261
41765612180
41765612046
41765612206
41765612110
41765612329
41765612339
41765612332
41765612093
41765612143
41765612263
41765612103
41765612376
41765612284
41765612081
41765612213
41765612144
41765612173
41765612240
41765612034
41765612157
41765612384
41765612098
41765612043
41765612292
41765612120
41765612083
41765612151
41765612250
41765612055
41765612131
41765612044
41765612123
41765612090
41765612106
41765612136
41765612342
41765612148
41765612344
41765612118
41765612072
41765612242
41765612326
41765612039
41765612141
41765612124
41765612078
41765612091
41765612389
41765612623
41765612214
41765612116
41765612243
41765612305
41765612275
41765612453
41765612149
41765612264
41765612229
41765612588
41765612552
41765612359
41765612543
41765612266
41765612101
41765612114
41765612306
41765612112
41765612169
41765612187
41765612289
41765612274
41765612536
41765612267
41765612045
41765612140
41765612265
41765612077
41765612529
41765612203
41765612231
41765612594
41765612468
41765612227
41765612283
41765612155
41765612355
41765612216
41765612130
41765612576
41765612262
41765612175
41765612293
41765612600
41765612322
41765612419
41765612523
41765612235
41765612304
41765612104
41765612232
41765612294
41765612426
41765612345
41765612309
41765612510
41765612387
41765612331
41765612494
41765612301
41765612605
41765612073
41765612602
41765612472
41765612209
41765612205
41765612193
41765612255
41765612182
41765612738
41765612427
41765612803
41765612147
41765612509
41765612129
41765612276
41765612315
41765612502
41765612316
41765612327
41765612270
41765612099
41765612446
41765612190
41765612353
41765612160
41765612179
41765612338
41765612084
41765612761
41765612522
41765612431
41765612127
41765612361
41765612415
41765612159
41765612511
41765612158
41765612126
41765612587
41765612807
41765612703
41765612288
41765612370
41765612694
41765612076
41765612335
41765612488
41765612403
41765612211
41765612323
41765612460
41765612638
41765612369
41765612400
41765612122
41765612728
41765612398
41765612217
41765612201
41765612371
41765612450
41765612183
41765612949
41765612748
41765612219
41765612444
41765612356
41765612308
41765612310
41765612341
41765612279
41765612599
41765612432
41765612603
41765612496
41765612200
41765612296
41765612630
41765612609
41765612297
41765612590
41765612233
41765612627
41765612604
41765612682
41765612519
41765612207
41765612642
41765612097
41765612388
41765612302
41765612273
41765612508
41765612665
41765612685
41765612162
41765612812
41765612378
41765612593
41765612987
41765612929
41765612248
41765612224
41765612204
41765612500
41765612641
41765612171
41765612391
41765612409
41765612617
41765612477
41765612530
41765612890
41765612579
41765612932
41765612970
41765612247
41765612298
41765612507
41765612392
41765612785
41765612556
41765612601
41765612501
41765612557
41765612463
41765612503
41765612282
41765612318
41765612954
41765612433
41765612919
41765612372
41765612166
41765612466
41765612373
41765612610
41765612367
41765612541
41765612920
41765612407
41765612253
41765612758
41765612405
41765612299
41765612712
41765612553
41765612333
41765612218
41765612662
41765612721
41765612661
41765612539
41765612423
41765612767
41765612559
41765612554
41765612486
41765612626
41765612497
41765612277
41765612396
41765612260
41765612504
41765612633
41765612567
41765612442
41765612808
41765612238
41765612874
41765612430
41765612515
41765612358
41765612424
41765612664
41765612793
41765612904
41765612879
41765612658
41765612625
41765612429
41765612669
41765612596
41765612629
41765612990
41765612215
41765612855
41765612580
41765612317
41765612597
41765612845
41765612570
41765612789
41765612656
41765612461
41765612606
41765612613
41765612727
41765612499
41765612901
41765612679
41765612926
41765612709
41765612555
41765612480
41765612988
41765612699
41765612595
41765612701
41765612666
41765612821
41765612365
41765612653
41765612880
41765612572
41765612404
41765612786
41765612640
41765612899
41765612451
41765612771
41765612540
41765612734
41765612866
41765612492
41765612915
41765612710
41765612616
41765612979
41765612858
41765612672
41765612877
41765612735
41765612663
41765612720
41765612324
41765612639
41765612911
41765612364
41765612964
41765612526
41765612713
41765612351
41765612313
41765612852
41765612531
41765612729
41765612524
41765612565
41765612910
41765612724
41765612828
41765612544
41765612863
41765612220
41765612824
41765612416
41765612493
41765612891
41765612777
41765612675
41765612711
41765612805
41765612940
41765612670
41765612889
41765612550
41765612723
41765612963
41765612744
41765612989
41765612520
41765612598
41765612516
41765612809
41765612334
41765612801
41765612818
41765612832
41765612959
41765612343
41765612882
41765612754
41765612583
41765612375
41765612860
41765612799
41765612618
41765612841
41765612872
41765612385
41765612402
41765612775
41765612676
41765612707
41765612823
41765612762
41765612584
41765612962
41765612636
41765612827
41765612792
41765612885
41765612935
41765612961
41765612973
41765612850
41765612921
41765612900
41765612386
41765612708
41765612406
41765612702
41765612938
41765612868
41765612637
41765612811
41765612742
41765612414
41765612906
41765612628
41765612968
41765612903
41765612820
41765612481
41765612760
41765612928
41765612525
41765612854
41765612861
41765612897
41765612512
41765612942
41765612937
41765612817
41765612671
41765612952
41765612498
41765612798
41765612705
41765612983
41765612802
41765612696
41765612991
41765612686
41765612993
41765612527
41765612922
41765612806
41765612551
41765612908
41765612977
41765612797
41765612505
41765612883
41765612772
41765612846
41765612830
41765612804
41765612674
41765612615
41765612857
41765612667
41765612783
41765612810
41765612778
41765612896
41765618031
41765618028
41765618012
41765618008
41765618001
41765618021
41765618029
41765618009
41765618006
41765618011
41765618043
41765618002
41765618049
41765618052
41765618075
41765618092
41765618112
41765618134
41765618142
41765618129
41765618182
41765618044
41765618085
41765618081
41765618089
41765618060
41765618120
41765618083
41765618040
41765618188
41765618076
41765618039
41765618047
41765618050
41765618105
41765618106
41765618053
41765618063
41765618079
41765618133
41765618158
41765618069
41765618169
41765618262
41765618201
41765618045
41765618315
41765618303
41765618235
41765618115
41765618302
41765618080
41765618222
41765618082
41765618087
41765618144
41765618048
41765618061
41765618212
41765618116
41765618046
41765618102
41765618118
41765618062
41765618199
41765618128
41765618231
41765618119
41765618104
41765618322
41765618135
41765618172
41765618034
41765618073
41765618622
41765618202
41765618180
41765618359
41765618078
41765618331
41765618280
41765618389
41765618164
41765618151
41765618380
41765618308
41765618132
41765618103
41765618385
41765618181
41765618214
41765618287
41765618374
41765618616
41765618086
41765618544
41765618587
41765618065
41765618326
41765618219
41765618395
41765618161
41765618193
41765618424
41765618877
41765618166
41765618509
41765618494
41765618094
41765618508
41765618336
41765618299
41765618379
41765618407
41765618689
41765618251
41765618779
41765618127
41765618208
41765618281
41765618099
41765618097
41765618241
41765618294
41765618245
41765618145
41765618183
41765618221
41765618393
41765618211
41765618390
41765618817
41765618869
41765618396
41765618265
41765618108
41765618176
41765618405
41765618453
41765618191
41765618185
41765618213
41765618850
41765618731
41765618506
41765618311
41765618552
41765618147
41765618167
41765618352
41765618307
41765618631
41765618440
41765618218
41765618491
41765618225
41765618141
41765618802
41765618340
41765618288
41765618469
41765618406
41765618601
41765618897
41765618192
41765618351
41765618388
41765618274
41765618698
41765618780
41765618157
41765618130
41765618829
41765618450
41765618400
41765618920
41765618851
41765618958
41765618200
41765618228
41765618376
41765618485
41765618370
41765618538
41765618857
41765618357
41765618754
41765618338
41765618855
41765618804
41765618946
41765618448
41765618798
41765618152
41765618912
41765618640
41765618570
41765618875
41765618690
41765618687
41765618210
41765618304
41765618852
41765618624
41765618498
41765618295
41765618904
41765618261
41765618409
41765618454
41765618272
41765618223
41765618111
41765618433
41765618344
41765618425
41765618581
41765618463
41765618377
41765618696
41765618300
41765618577
41765618232
41765618778
41765618421
41765618668
41765618363
41765618714
41765618638
41765618730
41765618190
41765618810
41765618488
41765618748
41765618361
41765618501
41765618710
41765618312
41765618310
41765618148
41765618177
41765618483
41765618403
41765618553
41765618481
41765618516
41765618617
41765618550
41765618504
41765618686
41765618566
41765618555
41765618870
41765618608
41765618591
41765618721
41765618466
41765618682
41765618719
41765618707
41765618991
41765618486
41765618861
41765618442
41765618438
41765618430
41765618588
41765618505
41765618709
41765618607
41765618269
41765618964
41765618484
41765618648
41765618691
41765618620
41765618589
41765618596
41765618819
41765618902
41765618661
41765618838
41765618816
41765618700
41765618708
41765618911
41765618383
41765618606
41765618833
41765618807
41765618791
41765618767
41765618444
41765618886
41765618903
41765618593
41765618490
41765618712
41765618702
41765618518
41765618500
41765618977
41765618898
41765618832
41765618605
41765618797
41765618633
41765618650
41765618986
41765618811
41765618489
41765618774
41765618814
41765618820
41765618502
41765618776
41765618582
41765618824
41765618980
41765618286
41765618701
41765618908
41765618781
41765618770
41765618655
41765618878
41765618753
41765618848
41765618978
41765618856
41765618561
41765618787
41765618727
41765618437
41765618823
41765618705
41765618890
41765618586
41765618663
41765618993
41765618625
41765618873
41765618575
41765618871
41765618822
41765618611
41765618845
41765618675
41765618834
41765618887
41765618578
41765618659
41765618756
41765618446
41765618800
41765618765
41765618777
41765618530
41765618910
41765618888
41765618858
41765618728
41765618808
41765618711
41765618913
41765618876
41765618678
41765618600
41765618927
41765618853
41765618533
41765618786
41765618990
41765618724
41765618737
41765618969
41765618803
41765618860
41765618549
41765618565
41765618660
41765618906
41765618859
41765618905
41765618899
41765618795
41765618885
41765618789
41765618948
41765618626
41765618925
41765618839
41765618750
41765618670
41765618863
41765618880
41765618704
41765618868
41765618919
41765618929
41765618893
41765618826
41765618782
41765618763
41765618866
41765617008
41765617014
41765617030
41765617031
41765617010
41765617016
41765617015
41765617007
41765617017
41765617011
41765617006
41765617004
41765617023
41765617026
41765617024
41765617059
41765617077
41765617166
41765617104
41765617045
41765617039
41765617125
41765617054
41765617046
41765617096
41765617094
41765617201
41765617116
41765617120
41765617065
41765617072
41765617071
41765617035
41765617212
41765617090
41765617073
41765617188
41765617215
41765617135
41765617261
41765617058
41765617066
41765617179
41765617075
41765617228
41765617049
41765617270
41765617147
41765617064
41765617097
41765617036
41765617105
41765617076
41765617060
41765617048
41765617100
41765617115
41765617122
41765617079
41765617158
41765617070
41765617078
41765617074
41765617042
41765617180
41765617271
41765617176
41765617089
41765617297
41765617040
41765617264
41765617139
41765617225
41765617200
41765617237
41765617211
41765617182
41765617171
41765617332
41765617325
41765617242
41765617272
41765617224
41765617266
41765617161
41765617199
41765617240
41765617340
41765617112
41765617053
41765617302
41765617177
41765617276
41765617141
41765617293
41765617178
41765617316
41765617191
41765617253
41765617099
41765617146
41765617216
41765617314
41765617169
41765617134
41765617301
41765617175
41765617222
41765617233
41765617110
41765617277
41765617183
41765617214
41765617278
41765617303
41765617157
41765617210
41765617184
41765617067
41765617202
41765617186
41765617315
41765617334
41765617291
41765617232
41765617299
41765617328
41765617275
41765617338
41765617282
41765617255
41765617226
41765617343
41765617283
41765617227
41765617281
41765617252
41765617322
41765617311
41765617346
41765617358
41765617374
41765617351
41765617355
41765617379
41765617381
41765617369
41765617377
41765617432
41765617393
41765617466
41765617447
41765617465
41765617387
41765617477
41765617391
41765617396
41765617529
41765617411
41765617429
41765617386
41765617552
41765617456
41765617563
41765617433
41765617609
41765617610
41765617548
41765617499
41765617383
41765617515
41765617667
41765617571
41765617412
41765617450
41765617546
41765617424
41765617519
41765617590
41765617486
41765617585
41765617494
41765617483
41765617470
41765617619
41765617685
41765617406
41765617527
41765617389
41765617673
41765617584
41765617505
41765617478
41765617446
41765617558
41765617440
41765617644
41765617576
41765617565
41765617443
41765617417
41765617672
41765617525
41765617444
41765617535
41765617500
41765617441
41765617671
41765617473
41765617575
41765617616
41765617663
41765617481
41765617650
41765617577
41765617556
41765617666
41765617551
41765617606
41765617676
41765617555
41765617484
41765617545
41765617660
41765617501
41765617653
41765617680
41765617564
41765617587
41765617504
41765617554
41765617615
41765617698
41765617413
41765617657
41765617681
41765617622
41765617669
41765617502
41765617655
41765617678
41765617539
41765617582
41765617637
41765617699
41765617540
41765617457
41765617579
41765617608
41765617523
41765617682
41765617626
41765617646
41765617677
41765617642
41765617686
41765617689
41765617728
41765617711
41765617724
41765617747
41765617715
41765617721
41765617756
41765617739
41765617719
41765617744
41765617750
41765617700
41765617709
41765617737
41765617751
41765617727
41765617702
41765617738
41765617726
41765617735
41765617752
41765617713
41765617755
41765617730
41765617704
41765617714
41765617707
41765617748
41765617745
41765617736
41765617733
41765617771
41765617769
41765617764
41765617767
41765617804
41765617793
41765617780
41765617784
41765617819
41765617826
41765617787
41765617800
41765617775
41765617779
41765617772
41765617792
41765617805
41765617803
41765617834
41765617806
41765617817
41765617843
41765617809
41765617830
41765617785
41765617777
41765617813
41765617791
41765617823
41765617840
41765617796
41765617838
41765617829
41765617825
41765617828
41765617818
41765617837
41765617807
41765617789
41765617822
41765617887
41765617899
41765617875
41765617848
41765617853
41765617879
41765617888
41765617874
41765617898
41765617910
41765617907
41765617889
41765617861
41765617856
41765617877
41765617892
41765617884
41765617902
41765617858
41765617863
41765617876
41765617857
41765617867
41765617900
41765617918
41765617966
41765617929
41765617948
41765617960
41765617923
41765617943
41765617983
41765617988
41765617938
41765617997
41765617922
41765617958
41765617962
41765617942
41765617978
41765617995
41765617939
41765617956
41765617994
41765617916
41765617924
41765617944
41765617976
41765617980
41765617970
41765617934
41765617977
41765617969
41765617979
