41795905000
41795905023
41795905013
41795905020
41795905010
41795905006
41795905018
41795905003
41795905001
41795905009
41795905022
41795905015
41795905019
41795905031
41795905030
41795905011
41795905033
41795905062
41795905036
41795905046
41795905087
41795905147
41795905059
41795905073
41795905070
41795905040
41795905080
41795905097
41795905189
41795905108
41795905212
41795905114
41795905172
41795905098
41795905126
41795905231
41795905089
41795905233
41795905100
41795905075
41795905057
41795905050
41795905054
41795905173
41795905308
41795905074
41795905037
41795905322
41795905115
41795905120
41795905283
41795905161
41795905052
41795905051
41795905043
41795905139
41795905064
41795905072
41795905083
41795905088
41795905047
41795905158
41795905091
41795905082
41795905265
41795905237
41795905229
41795905153
41795905116
41795905223
41795905346
41795905094
41795905260
41795905213
41795905239
41795905340
41795905270
41795905209
41795905320
41795905109
41795905203
41795905169
41795905312
41795905063
41795905124
41795905096
41795905135
41795905134
41795905195
41795905049
41795905310
41795905121
41795905325
41795905066
41795905205
41795905065
41795905333
41795905111
41795905175
41795905313
41795905269
41795905207
41795905163
41795905235
41795905078
41795905258
41795905236
41795905224
41795905336
41795905171
41795905131
41795905244
41795905238
41795905317
41795905232
41795905107
41795905261
41795905318
41795905327
41795905199
41795905323
41795905167
41795905282
41795905137
41795905151
41795905192
41795905281
41795905285
41795905294
41795905254
41795905267
41795905324
41795905125
41795905202
41795905268
41795905303
41795905200
41795905142
41795905338
41795905300
41795905250
41795905302
41795905330
41795905305
41795905343
41795905326
41795905278
41795905215
41795905206
41795905225
41795905332
41795905311
41795905369
41795905353
41795905354
41795905363
41795905361
41795905352
41795905367
41795905379
41795905381
41795905358
41795905380
41795905366
41795905382
41795905377
41795905360
41795905567
41795905425
41795905384
41795905463
41795905401
41795905390
41795905433
41795905441
41795905436
41795905397
41795905443
41795905564
41795905478
41795905506
41795905481
41795905389
41795905439
41795905575
41795905522
41795905419
41795905386
41795905534
41795905557
41795905554
41795905571
41795905437
41795905428
41795905429
41795905407
41795905610
41795905414
41795905537
41795905521
41795905507
41795905500
41795905461
41795905566
41795905472
41795905502
41795905655
41795905455
41795905393
41795905480
41795905409
41795905423
41795905446
41795905388
41795905430
41795905538
41795905552
41795905498
41795905438
41795905512
41795905591
41795905465
41795905686
41795905677
41795905617
41795905543
41795905509
41795905615
41795905558
41795905621
41795905408
41795905603
41795905585
41795905608
41795905648
41795905416
41795905685
41795905595
41795905631
41795905431
41795905484
41795905636
41795905452
41795905520
41795905644
41795905503
41795905665
41795905415
41795905549
41795905550
41795905577
41795905533
41795905654
41795905499
41795905579
41795905448
41795905568
41795905398
41795905664
41795905551
41795905679
41795905691
41795905570
41795905494
41795905565
41795905514
41795905605
41795905536
41795905421
41795905474
41795905531
41795905618
41795905493
41795905607
41795905645
41795905684
41795905583
41795905488
41795905612
41795905505
41795905560
41795905519
41795905490
41795905611
41795905632
41795905574
41795905535
41795905491
41795905619
41795905640
41795905544
41795905555
41795905662
41795905561
41795905504
41795905674
41795905694
41795905653
41795905477
41795905696
41795905639
41795905627
41795905690
41795905620
41795905642
41795905540
41795905553
41795905599
41795905471
41795905688
41795905673
41795905689
41795905606
41795905669
41795905586
41795905695
41795905709
41795905722
41795905708
41795905714
41795905716
41795905711
41795905726
41795905712
41795905700
41795905729
41795905706
41795905725
41795905728
41795905723
41795905710
41795905735
41795905742
41795905732
41795905731
41795905740
41795905778
41795905776
41795905754
41795905760
41795905767
41795905792
41795905789
41795905755
41795905739
41795905766
41795905743
41795905777
41795905751
41795905750
41795905773
41795905749
41795905779
41795905775
41795905768
41795905758
41795905757
41795905790
41795905763
41795905793
41795905797
41795905837
41795905803
41795905818
41795905806
41795905829
41795905813
41795905808
41795905845
41795905798
41795905844
41795905823
41795905802
41795905800
41795905846
41795905841
41795905816
41795905840
41795905821
41795905825
41795905842
41795905830
41795905843
41795905826
41795905883
41795905900
41795905903
41795905880
41795905855
41795905867
41795905857
41795905868
41795905869
41795905888
41795905907
41795905898
41795905910
41795905863
41795905860
41795905891
41795905873
41795905861
41795905892
41795905876
41795905902
41795905858
41795905909
41795905904
41795905866
41795905885
41795905925
41795905932
41795905994
41795905919
41795905944
41795905935
41795905942
41795905937
41795905959
41795905986
41795905955
41795905934
41795905936
41795905958
41795905924
41795905916
41795905922
41795905923
41795905975
41795905956
41795905921
41795905918
41795905926
41795905930
41795905917
41795905928
41795905964
41795905941
41795905972
41795905969
41795905927
41795905929
41795905940
41795905933
41795905991
41795905982
41795905966
41795905963
41795905988
41795905931
41795905971
41795905960
41795905983
41795904004
41795904025
41795904023
41795904030
41795904020
41795904007
41795904026
41795904022
41795904031
41795904028
41795904019
41795904011
41795904052
41795904064
41795904075
41795904154
41795904149
41795904038
41795904055
41795904040
41795904080
41795904159
41795904049
41795904093
41795904074
41795904103
41795904091
41795904125
41795904136
41795904186
41795904179
41795904196
41795904041
41795904048
41795904078
41795904085
41795904070
41795904068
41795904102
41795904099
41795904133
41795904189
41795904076
41795904114
41795904120
41795904082
41795904194
41795904180
41795904067
41795904094
41795904117
41795904145
41795904302
41795904073
41795904059
41795904039
41795904225
41795904127
41795904047
41795904118
41795904144
41795904071
41795904050
41795904219
41795904280
41795904088
41795904045
41795904132
41795904168
41795904072
41795904036
41795904316
41795904046
41795904346
41795904095
41795904389
41795904195
41795904404
41795904060
41795904390
41795904210
41795904474
41795904231
41795904057
41795904508
41795904221
41795904137
41795904126
41795904264
41795904266
41795904415
41795904191
41795904054
41795904281
41795904356
41795904283
41795904465
41795904214
41795904497
41795904308
41795904167
41795904326
41795904096
41795904200
41795904128
41795904456
41795904405
41795904089
41795904199
41795904482
41795904292
41795904515
41795904331
41795904192
41795904295
41795904627
41795904393
41795904614
41795904464
41795904342
41795904107
41795904239
41795904279
41795904237
41795904443
41795904153
41795904097
41795904400
41795904322
41795904233
41795904106
41795904565
41795904398
41795904108
41795904667
41795904480
41795904301
41795904468
41795904284
41795904288
41795904228
41795904492
41795904217
41795904604
41795904335
41795904357
41795904317
41795904537
41795904839
41795904353
41795904334
41795904083
41795904175
41795904306
41795904676
41795904230
41795904152
41795904156
41795904143
41795904291
41795904388
41795904435
41795904754
41795904606
41795904289
41795904579
41795904213
41795904436
41795904303
41795904249
41795904130
41795904710
41795904355
41795904241
41795904970
41795904526
41795904327
41795904235
41795904714
41795904488
41795904521
41795904332
41795904527
41795904161
41795904439
41795904541
41795904240
41795904489
41795904383
41795904530
41795904414
41795904119
41795904309
41795904424
41795904250
41795904197
41795904207
41795904566
41795904341
41795904307
41795904429
41795904837
41795904454
41795904298
41795904757
41795904776
41795904516
41795904737
41795904285
41795904731
41795904190
41795904378
41795904752
41795904758
41795904244
41795904452
41795904370
41795904600
41795904542
41795904665
41795904232
41795904431
41795904277
41795904348
41795904362
41795904553
41795904345
41795904157
41795904494
41795904694
41795904262
41795904596
41795904570
41795904086
41795904392
41795904557
41795904385
41795904578
41795904234
41795904438
41795904502
41795904796
41795904584
41795904870
41795904380
41795904768
41795904552
41795904538
41795904427
41795904111
41795904450
41795904601
41795904421
41795904560
41795904681
41795904491
41795904649
41795904840
41795904919
41795904888
41795904487
41795904602
41795904418
41795904349
41795904805
41795904806
41795904836
41795904647
41795904589
41795904811
41795904395
41795904485
41795904800
41795904546
41795904690
41795904535
41795904406
41795904229
41795904475
41795904304
41795904496
41795904612
41795904671
41795904545
41795904906
41795904624
41795904344
41795904477
41795904810
41795904571
41795904716
41795904420
41795904509
41795904511
41795904869
41795904498
41795904202
41795904935
41795904422
41795904890
41795904517
41795904374
41795904849
41795904188
41795904745
41795904874
41795904778
41795904943
41795904971
41795904382
41795904469
41795904505
41795904536
41795904631
41795904801
41795904638
41795904636
41795904559
41795904695
41795904729
41795904908
41795904831
41795904693
41795904702
41795904611
41795904822
41795904548
41795904399
41795904763
41795904434
41795904499
41795904333
41795904674
41795904997
41795904645
41795904932
41795904633
41795904823
41795904523
41795904711
41795904270
41795904936
41795904417
41795904900
41795904397
41795904371
41795904973
41795904858
41795904629
41795904835
41795904708
41795904963
41795904670
41795904903
41795904455
41795904922
41795904654
41795904808
41795904643
41795904962
41795904881
41795904952
41795904759
41795904543
41795904863
41795904913
41795904925
41795904661
41795904797
41795904877
41795904640
41795904826
41795904635
41795904582
41795904855
41795904583
41795904531
41795904504
41795904428
41795904343
41795904781
41795904814
41795904804
41795904741
41795904644
41795904834
41795904788
41795904965
41795904698
41795904909
41795904311
41795904983
41795904860
41795904367
41795904721
41795904724
41795904920
41795904948
41795904941
41795904751
41795904750
41795904829
41795904921
41795904854
41795904910
41795904847
41795904444
41795904916
41795904574
41795904761
41795904885
41795904767
41795904719
41795904512
41795904939
41795904798
41795904507
41795904338
41795904951
41795904896
41795904931
41795904988
41795904958
41795904821
41795904979
41795904871
41795904992
41795904765
41795904857
41795904986
41795904914
41795904762
41795904707
41795904887
41795904789
41795904989
41795904995
41795904817
41795904917
41795904984
41795904859
41795904678
41795904785
41795904954
41795904586
41795904861
41795904968
41795904938
41795904991
41795904972
41795904554
41795904590
41795904696
41795904862
41795904846
41795904652
41795904911
41795904980
41795904959
41795904594
41795904950
41795904842
41795904725
41795904787
41795904866
41795904819
41795904974
41795904953
41795904960
41795904894
41795904907
41795906000
41795906016
41795906022
41795906023
41795906032
41795906005
41795906002
41795906031
41795906013
41795906001
41795906026
41795906014
41795906017
41795906006
41795906009
41795906018
41795906037
41795906073
41795906143
41795906234
41795906241
41795906233
41795906229
41795906113
41795906100
41795906086
41795906058
41795906034
41795906255
41795906154
41795906066
41795906085
41795906075
41795906036
41795906098
41795906167
41795906127
41795906101
41795906140
41795906168
41795906164
41795906060
41795906193
41795906090
41795906433
41795906187
41795906239
41795906131
41795906064
41795906063
41795906144
41795906266
41795906078
41795906568
41795906381
41795906044
41795906128
41795906056
41795906257
41795906041
41795906115
41795906338
41795906427
41795906171
41795906542
41795906424
41795906120
41795906122
41795906081
41795906087
41795906306
41795906068
41795906035
41795906043
41795906050
41795906089
41795906033
41795906077
41795906279
41795906159
41795906132
41795906080
41795906380
41795906024
41795906226
41795906096
41795906117
41795906165
41795906137
41795906199
41795906220
41795906486
41795906222
41795906053
41795906237
41795906038
41795906210
41795906065
41795906545
41795906305
41795906312
41795906166
41795906309
41795906076
41795906326
41795906351
41795906352
41795906344
41795906330
41795906291
41795906133
41795906570
41795906276
41795906203
41795906673
41795906177
41795906180
41795906303
41795906373
41795906235
41795906107
41795906676
41795906082
41795906530
41795906577
41795906103
41795906730
41795906366
41795906346
41795906661
41795906178
41795906039
41795906094
41795906219
41795906146
41795906182
41795906288
41795906535
41795906176
41795906415
41795906474
41795906141
41795906387
41795906435
41795906666
41795906223
41795906042
41795906320
41795906271
41795906490
41795906263
41795906544
41795906416
41795906738
41795906252
41795906546
41795906249
41795906119
41795906469
41795906156
41795906627
41795906273
41795906796
41795906543
41795906194
41795906926
41795906208
41795906359
41795906238
41795906130
41795906480
41795906236
41795906129
41795906289
41795906170
41795906612
41795906675
41795906315
41795906184
41795906179
41795906904
41795906428
41795906296
41795906212
41795906432
41795906478
41795906335
41795906121
41795906055
41795906944
41795906301
41795906376
41795906217
41795906540
41795906317
41795906882
41795906467
41795906286
41795906686
41795906604
41795906592
41795906316
41795906230
41795906792
41795906746
41795906876
41795906385
41795906498
41795906253
41795906378
41795906441
41795906586
41795906439
41795906473
41795906206
41795906984
41795906331
41795906379
41795906181
41795906242
41795906484
41795906438
41795906508
41795906299
41795906188
41795906311
41795906694
41795906630
41795906843
41795906702
41795906529
41795906671
41795906304
41795906417
41795906340
41795906314
41795906848
41795906324
41795906265
41795906563
41795906285
41795906383
41795906597
41795906281
41795906976
41795906470
41795906588
41795906974
41795906160
41795906807
41795906450
41795906377
41795906629
41795906531
41795906358
41795906349
41795906151
41795906578
41795906909
41795906294
41795906148
41795906419
41795906350
41795906649
41795906644
41795906569
41795906716
41795906895
41795906830
41795906310
41795906371
41795906551
41795906372
41795906745
41795906520
41795906933
41795906591
41795906357
41795906688
41795906836
41795906392
41795906522
41795906968
41795906708
41795906323
41795906594
41795906806
41795906333
41795906643
41795906610
41795906603
41795906528
41795906958
41795906600
41795906370
41795906654
41795906375
41795906761
41795906440
41795906477
41795906897
41795906227
41795906655
41795906900
41795906980
41795906459
41795906336
41795906902
41795906727
41795906805
41795906907
41795906852
41795906457
41795906518
41795906790
41795906737
41795906699
41795906938
41795906422
41795906462
41795906364
41795906669
41795906880
41795906672
41795906261
41795906710
41795906466
41795906811
41795906781
41795906412
41795906712
41795906414
41795906891
41795906606
41795906487
41795906838
41795906820
41795906397
41795906548
41795906922
41795906713
41795906481
41795906969
41795906647
41795906783
41795906687
41795906775
41795906914
41795906765
41795906732
41795906631
41795906743
41795906626
41795906878
41795906726
41795906623
41795906997
41795906982
41795906636
41795906483
41795906858
41795906455
41795906512
41795906756
41795906465
41795906583
41795906797
41795906847
41795906837
41795906697
41795906857
41795906624
41795906728
41795906549
41795906794
41795906770
41795906822
41795906758
41795906828
41795906678
41795906913
41795906341
41795906685
41795906634
41795906789
41795906834
41795906854
41795906776
41795906667
41795906571
41795906808
41795906593
41795906841
41795906940
41795906516
41795906860
41795906868
41795906692
41795906835
41795906821
41795906442
41795906679
41795906889
41795906912
41795906947
41795906888
41795906937
41795906724
41795906971
41795906884
41795906887
41795906497
41795906744
41795906500
41795906815
41795906608
41795906773
41795906826
41795906994
41795906753
41795906768
41795906823
41795906925
41795906964
41795906950
41795906992
41795906817
41795906893
41795906899
41795906660
41795906664
41795906824
41795906475
41795906983
41795906963
41795906700
41795906885
41795906987
41795906696
41795906919
41795906918
41795906874
41795906762
41795906589
41795906493
41795906495
41795906595
41795906855
41795906657
41795906936
41795906921
41795906877
41795906873
41795906831
41795906951
41795906846
41795906991
41795906945
41795906733
41795906990
41795906898
41795906714
41795906662
41795906879
41795906769
41795906931
41795906986
41795906803
41795906650
41795906941
41795906801
41795906996
41795906890
41795906771
41795900012
41795900025
41795900019
41795900007
41795900013
41795900011
41795900001
41795900004
41795900003
41795900002
41795900010
41795900017
41795900022
41795900009
41795900015
41795900028
41795900030
41795900102
41795900097
41795900110
41795900120
41795900134
41795900187
41795900214
41795900231
41795900244
41795900038
41795900057
41795900063
41795900039
41795900152
41795900128
41795900033
41795900087
41795900116
41795900072
41795900162
41795900055
41795900037
41795900068
41795900089
41795900084
41795900108
41795900101
41795900125
41795900111
41795900342
41795900080
41795900078
41795900407
41795900147
41795900308
41795900193
41795900071
41795900298
41795900153
41795900066
41795900050
41795900327
41795900083
41795900053
41795900104
41795900100
41795900354
41795900113
41795900117
41795900094
41795900052
41795900092
41795900167
41795900188
41795900256
41795900161
41795900185
41795900074
41795900146
41795900165
41795900040
41795900034
41795900043
41795900198
41795900056
41795900061
41795900076
41795900090
41795900282
41795900210
41795900224
41795900466
41795900331
41795900122
41795900035
41795900177
41795900183
41795900300
41795900121
41795900109
41795900225
41795900206
41795900235
41795900191
41795900203
41795900301
41795900091
41795900344
41795900144
41795900219
41795900079
41795900287
41795900492
41795900155
41795900311
41795900533
41795900583
41795900151
41795900174
41795900410
41795900176
41795900059
41795900625
41795900129
41795900173
41795900478
41795900217
41795900491
41795900093
41795900493
41795900175
41795900825
41795900257
41795900421
41795900559
41795900179
41795900135
41795900268
41795900168
41795900291
41795900205
41795900515
41795900746
41795900184
41795900208
41795900318
41795900487
41795900741
41795900332
41795900284
41795900149
41795900180
41795900635
41795900469
41795900296
41795900060
41795900262
41795900281
41795900943
41795900660
41795900255
41795900523
41795900283
41795900310
41795900324
41795900815
41795900412
41795900250
41795900479
41795900216
41795900706
41795900295
41795900192
41795900103
41795900263
41795900362
41795900164
41795900464
41795900715
41795900495
41795900115
41795900774
41795900381
41795900598
41795900346
41795900251
41795900590
41795900352
41795900398
41795900054
41795900403
41795900417
41795900743
41795900204
41795900357
41795900971
41795900328
41795900620
41795900573
41795900584
41795900439
41795900202
41795900735
41795900776
41795900320
41795900475
41795900684
41795900247
41795900786
41795900474
41795900787
41795900420
41795900377
41795900592
41795900126
41795900631
41795900535
41795900218
41795900131
41795900230
41795900687
41795900266
41795900406
41795900199
41795900507
41795900979
41795900541
41795900524
41795900338
41795900859
41795900838
41795900303
41795900197
41795900895
41795900534
41795900594
41795900234
41795900739
41795900289
41795900463
41795900508
41795900375
41795900340
41795900677
41795900273
41795900731
41795900494
41795900647
41795900348
41795900622
41795900261
41795900661
41795900568
41795900309
41795900752
41795900516
41795900228
41795900589
41795900455
41795900991
41795900366
41795900877
41795900453
41795900512
41795900169
41795900694
41795900690
41795900866
41795900440
41795900531
41795900960
41795900227
41795900408
41795900233
41795900387
41795900920
41795900370
41795900750
41795900383
41795900679
41795900857
41795900571
41795900334
41795900196
41795900542
41795900430
41795900839
41795900721
41795900623
41795900313
41795900591
41795900386
41795900836
41795900760
41795900738
41795900902
41795900809
41795900546
41795900585
41795900904
41795900722
41795900639
41795900299
41795900713
41795900248
41795900788
41795900681
41795900339
41795900807
41795900927
41795900586
41795900351
41795900519
41795900325
41795900827
41795900582
41795900938
41795900870
41795900962
41795900676
41795900442
41795900395
41795900968
41795900138
41795900597
41795900650
41795900697
41795900640
41795900290
41795900484
41795900444
41795900842
41795900595
41795900540
41795900880
41795900892
41795900797
41795900632
41795900297
41795900840
41795900288
41795900719
41795900758
41795900350
41795900717
41795900846
41795900703
41795900333
41795900744
41795900610
41795900925
41795900438
41795900159
41795900422
41795900446
41795900931
41795900802
41795900345
41795900950
41795900888
41795900554
41795900574
41795900448
41795900593
41795900480
41795900423
41795900596
41795900637
41795900555
41795900522
41795900978
41795900768
41795900680
41795900428
41795900984
41795900976
41795900972
41795900349
41795900754
41795900860
41795900701
41795900514
41795900847
41795900757
41795900599
41795900367
41795900919
41795900806
41795900359
41795900627
41795900792
41795900708
41795900391
41795900368
41795900876
41795900500
41795900949
41795900740
41795900772
41795900793
41795900882
41795900609
41795900503
41795900285
41795900567
41795900751
41795900947
41795900671
41795900675
41795900964
41795900641
41795900692
41795900759
41795900848
41795900819
41795900881
41795900576
41795900958
41795900912
41795900603
41795900612
41795900789
41795900556
41795900581
41795900710
41795900659
41795900777
41795900361
41795900878
41795900691
41795900371
41795900755
41795900799
41795900488
41795900829
41795900944
41795900734
41795900575
41795900934
41795900771
41795900414
41795900923
41795900665
41795900794
41795900749
41795900996
41795900970
41795900778
41795900851
41795900765
41795900791
41795900572
41795900761
41795900909
41795900921
41795900539
41795900967
41795900670
41795900602
41795900501
41795900674
41795900716
41795900666
41795900945
41795900837
41795900727
41795900930
41795900652
41795900617
41795900577
41795900940
41795900711
41795900841
41795900748
41795900835
41795900796
41795900803
41795900900
41795900845
41795900990
41795900798
41795900686
41795900894
41795900737
41795900873
41795900497
41795900957
41795900843
41795900932
41795900922
41795900935
41795900869
41795900982
41795900897
41795900906
41795900232
41795900477
41795900742
41795909000
41795909004
41795909003
41795909024
41795909014
41795909012
41795909007
41795909030
41795909019
41795909026
41795909027
41795909013
41795909001
41795909008
41795909010
41795909022
41795909036
41795909052
41795909057
41795909061
41795909070
41795909071
41795909198
41795909209
41795909053
41795909037
41795909159
41795909088
41795909348
41795909045
41795909048
41795909144
41795909254
41795909263
41795909054
41795909114
41795909096
41795909090
41795909333
41795909255
41795909145
41795909043
41795909216
41795909058
41795909164
41795909130
41795909317
41795909059
41795909227
41795909034
41795909038
41795909110
41795909190
41795909165
41795909033
41795909113
41795909270
41795909055
41795909068
41795909382
41795909141
41795909087
41795909107
41795909211
41795909125
41795909124
41795909226
41795909150
41795909073
41795909085
41795909183
41795909049
41795909389
41795909191
41795909267
41795909108
41795909491
41795909102
41795909069
41795909377
41795909093
41795909253
41795909044
41795909240
41795909138
41795909495
41795909215
41795909081
41795909323
41795909237
41795909301
41795909083
41795909271
41795909097
41795909310
41795909235
41795909135
41795909157
41795909616
41795909363
41795909374
41795909195
41795909268
41795909147
41795909269
41795909148
41795909451
41795909100
41795909260
41795909245
41795909396
41795909309
41795909232
41795909079
41795909658
41795909228
41795909476
41795909721
41795909667
41795909705
41795909225
41795909372
41795909316
41795909116
41795909452
41795909111
41795909777
41795909467
41795909571
41795909364
41795909337
41795909428
41795909161
41795909462
41795909294
41795909599
41795909256
41795909455
41795909078
41795909219
41795909647
41795909262
41795909092
41795909895
41795909201
41795909101
41795909427
41795909483
41795909133
41795909295
41795909700
41795909411
41795909408
41795909775
41795909503
41795909527
41795909854
41795909540
41795909313
41795909418
41795909720
41795909223
41795909119
41795909154
41795909755
41795909457
41795909581
41795909293
41795909233
41795909060
41795909244
41795909524
41795909177
41795909335
41795909387
41795909192
41795909478
41795909808
41795909142
41795909774
41795909545
41795909402
41795909158
41795909327
41795909149
41795909617
41795909356
41795909481
41795909565
41795909196
41795909336
41795909247
41795909169
41795909843
41795909561
41795909367
41795909650
41795909077
41795909353
41795909497
41795909375
41795909200
41795909643
41795909487
41795909342
41795909460
41795909344
41795909381
41795909410
41795909420
41795909692
41795909538
41795909151
41795909207
41795909521
41795909490
41795909180
41795909435
41795909349
41795909787
41795909504
41795909842
41795909331
41795909582
41795909759
41795909837
41795909423
41795909663
41795909243
41795909718
41795909339
41795909366
41795909234
41795909737
41795909935
41795909252
41795909405
41795909563
41795909585
41795909639
41795909350
41795909199
41795909899
41795909699
41795909883
41795909276
41795909529
41795909193
41795909712
41795909660
41795909448
41795909319
41795909892
41795909991
41795909431
41795909153
41795909229
41795909860
41795909646
41795909162
41795909713
41795909486
41795909811
41795909208
41795909886
41795909831
41795909624
41795909139
41795909871
41795909417
41795909458
41795909493
41795909653
41795909415
41795909351
41795909461
41795909625
41795909733
41795909298
41795909880
41795909477
41795909654
41795909284
41795909390
41795909314
41795909357
41795909573
41795909751
41795909868
41795909352
41795909596
41795909509
41795909287
41795909569
41795909465
41795909590
41795909464
41795909850
41795909398
41795909682
41795909677
41795909584
41795909827
41795909463
41795909220
41795909856
41795909980
41795909781
41795909475
41795909494
41795909928
41795909587
41795909790
41795909922
41795909900
41795909786
41795909482
41795909838
41795909558
41795909974
41795909614
41795909829
41795909605
41795909217
41795909919
41795909429
41795909371
41795909471
41795909278
41795909901
41795909926
41795909379
41795909311
41795909884
41795909474
41795909698
41795909726
41795909835
41795909579
41795909593
41795909920
41795909839
41795909612
41795909513
41795909648
41795909544
41795909409
41795909890
41795909822
41795909564
41795909938
41795909887
41795909742
41795909921
41795909492
41795909885
41795909903
41795909758
41795909771
41795909528
41795909841
41795909946
41795909550
41795909849
41795909577
41795909765
41795909537
41795909802
41795909910
41795909985
41795909995
41795909953
41795909636
41795909600
41795909568
41795909800
41795909904
41795909916
41795909888
41795909851
41795909670
41795909586
41795909959
41795909649
41795909750
41795909857
41795909622
41795909592
41795909955
41795909778
41795909619
41795909944
41795909746
41795909956
41795909694
41795909688
41795909933
41795909929
41795909652
41795909655
41795909961
41795909741
41795909697
41795909632
41795909732
41795909794
41795909990
41795909878
41795909608
41795909877
41795909967
41795909731
41795909542
41795909958
41795909689
41795909965
41795909749
41795909814
41795909962
41795909766
41795909722
41795909691
41795909644
41795909970
41795909882
41795909969
41795909865
41795909834
41795909911
41795909773
41795909696
41795909896
41795909679
41795909743
41795909844
41795909630
41795909966
41795909626
41795909745
41795909809
41795909832
41795909535
41795909791
41795909803
41795909986
41795909927
41795909934
41795909982
41795909881
41795909925
41795909977
41795909945
41795909957
41795909869
41795909902
41795909752
41795909861
41795903000
41795903019
41795903020
41795903032
41795903022
41795903031
41795903021
41795903013
41795903001
41795903012
41795903015
41795903006
41795903016
41795903009
41795903004
41795903002
41795903023
41795903014
41795903044
41795903251
41795903086
41795903082
41795903070
41795903100
41795903117
41795903127
41795903097
41795903104
41795903311
41795903189
41795903194
41795903162
41795903223
41795903053
41795903262
41795903076
41795903234
41795903079
41795903292
41795903295
41795903129
41795903120
41795903133
41795903072
41795903256
41795903099
41795903046
41795903094
41795903042
41795903164
41795903047
41795903114
41795903255
41795903095
41795903195
41795903106
41795903061
41795903123
41795903242
41795903226
41795903101
41795903275
41795903264
41795903351
41795903172
41795903182
41795903289
41795903093
41795903124
41795903173
41795903054
41795903315
41795903096
41795903085
41795903346
41795903166
41795903146
41795903034
41795903333
41795903060
41795903282
41795903064
41795903069
41795903431
41795903406
41795903429
41795903208
41795903049
41795903268
41795903468
41795903207
41795903188
41795903343
41795903308
41795903057
41795903306
41795903288
41795903253
41795903317
41795903444
41795903508
41795903357
41795903488
41795903144
41795903240
41795903186
41795903178
41795903248
41795903410
41795903215
41795903293
41795903084
41795903415
41795903345
41795903380
41795903136
41795903524
41795903284
41795903287
41795903399
41795903279
41795903425
41795903118
41795903197
41795903394
41795903337
41795903455
41795903368
41795903193
41795903355
41795903074
41795903212
41795903452
41795903662
41795903236
41795903196
41795903799
41795903171
41795903407
41795903428
41795903463
41795903552
41795903326
41795903153
41795903302
41795903743
41795903361
41795903440
41795903291
41795903375
41795903366
41795903539
41795903456
41795903554
41795903391
41795903492
41795903500
41795903683
41795903576
41795903235
41795903831
41795903252
41795903702
41795903115
41795903257
41795903436
41795903694
41795903821
41795903087
41795903465
41795903563
41795903313
41795903759
41795903230
41795903609
41795903206
41795903385
41795903148
41795903241
41795903464
41795903179
41795903523
41795903426
41795903497
41795903423
41795903395
41795903160
41795903228
41795903905
41795903678
41795903370
41795903192
41795903776
41795903138
41795903727
41795903122
41795903499
41795903544
41795903412
41795903575
41795903461
41795903227
41795903309
41795903216
41795903418
41795903290
41795903618
41795903220
41795903218
41795903378
41795903703
41795903280
41795903244
41795903342
41795903350
41795903543
41795903414
41795903504
41795903273
41795903548
41795903511
41795903590
41795903633
41795903674
41795903396
41795903390
41795903152
41795903789
41795903209
41795903614
41795903530
41795903984
41795903669
41795903312
41795903519
41795903536
41795903190
41795903802
41795903700
41795903767
41795903518
41795903676
41795903486
41795903564
41795903507
41795903899
41795903925
41795903586
41795903637
41795903089
41795903522
41795903561
41795903091
41795903608
41795903496
41795903588
41795903663
41795903274
41795903645
41795903838
41795903970
41795903501
41795903830
41795903427
41795903401
41795903577
41795903640
41795903996
41795903424
41795903281
41795903589
41795903438
41795903572
41795903502
41795903300
41795903846
41795903363
41795903417
41795903902
41795903817
41795903263
41795903968
41795903459
41795903374
41795903855
41795903814
41795903654
41795903420
41795903512
41795903622
41795903354
41795903641
41795903629
41795903509
41795903874
41795903930
41795903443
41795903364
41795903807
41795903675
41795903316
41795903334
41795903487
41795903605
41795903823
41795903790
41795903534
41795903909
41795903770
41795903709
41795903601
41795903585
41795903844
41795903847
41795903962
41795903377
41795903912
41795903824
41795903510
41795903687
41795903758
41795903826
41795903750
41795903532
41795903615
41795903803
41795903775
41795903579
41795903766
41795903932
41795903617
41795903926
41795903656
41795903489
41795903525
41795903738
41795903936
41795903200
41795903517
41795903963
41795903737
41795903725
41795903632
41795903150
41795903966
41795903718
41795903521
41795903535
41795903757
41795903891
41795903848
41795903946
41795903376
41795903568
41795903353
41795903693
41795903631
41795903650
41795903834
41795903861
41795903498
41795903721
41795903628
41795903959
41795903871
41795903600
41795903884
41795903612
41795903538
41795903983
41795903910
41795903896
41795903699
41795903587
41795903736
41795903883
41795903644
41795903976
41795903695
41795903875
41795903739
41795903595
41795903887
41795903916
41795903994
41795903753
41795903623
41795903745
41795903744
41795903537
41795903592
41795903872
41795903868
41795903885
41795903574
41795903596
41795903859
41795903667
41795903689
41795903434
41795903886
41795903898
41795903760
41795903881
41795903798
41795903330
41795903711
41795903913
41795903917
41795903716
41795903710
41795903624
41795903901
41795903956
41795903520
41795903997
41795903950
41795903998
41795903270
41795903706
41795903836
41795903651
41795903684
41795903740
41795903781
41795903954
41795903774
41795903895
41795903882
41795903379
41795903907
41795903810
41795903981
41795903619
41795903935
41795903754
41795903987
41795903726
41795903972
41795903869
41795903835
41795903988
41795903822
41795903906
41795903990
41795903804
41795903961
41795903780
41795903748
41795903677
41795903779
41795903697
41795903742
41795903801
41795903569
41795903960
41795903941
41795903934
41795903668
41795903951
41795903982
41795903924
41795903900
41795903704
41795903808
41795903686
41795903820
41795903867
41795903717
41795903879
41795903965
41795903933
41795903865
41795903857
41795903929
41795903985
41795903953
41795901000
41795901006
41795901010
41795901031
41795901023
41795901026
41795901020
41795901005
41795901024
41795901029
41795901032
41795901008
41795901017
41795901015
41795901009
41795901019
41795901007
41795901018
41795901033
41795901014
41795901011
41795901111
41795901124
41795901050
41795901064
41795901080
41795901104
41795901140
41795901161
41795901034
41795901048
41795901065
41795901187
41795901038
41795901107
41795901110
41795901102
41795901118
41795901123
41795901037
41795901131
41795901036
41795901046
41795901035
41795901308
41795901095
41795901066
41795901177
41795901157
41795901321
41795901129
41795901067
41795901094
41795901201
41795901203
41795901211
41795901173
41795901194
41795901134
41795901099
41795901106
41795901210
41795901100
41795901236
41795901047
41795901063
41795901301
41795901045
41795901188
41795901278
41795901160
41795901072
41795901086
41795901155
41795901082
41795901183
41795901091
41795901130
41795901228
41795901115
41795901207
41795901179
41795901223
41795901153
41795901198
41795901057
41795901271
41795901328
41795901108
41795901075
41795901307
41795901103
41795901241
41795901234
41795901060
41795901333
41795901182
41795901145
41795901039
41795901320
41795901128
41795901186
41795901327
41795901116
41795901224
41795901309
41795901135
41795901310
41795901283
41795901257
41795901109
41795901149
41795901164
41795901200
41795901213
41795901306
41795901314
41795901245
41795901112
41795901205
41795901273
41795901322
41795901074
41795901113
41795901286
41795901199
41795901073
41795901280
41795901166
41795901139
41795901255
41795901274
41795901262
41795901299
41795901184
41795901233
41795901152
41795901195
41795901336
41795901300
41795901056
41795901167
41795901133
41795901326
41795901220
41795901357
41795901122
41795901343
41795901239
41795901137
41795901272
41795901230
41795901197
41795901352
41795901284
41795901222
41795901175
41795901141
41795901268
41795901291
41795901209
41795901243
41795901302
41795901330
41795901269
41795901232
41795901174
41795901288
41795901294
41795901346
41795901315
41795901318
41795901312
41795901254
41795901355
41795901342
41795901329
41795901341
41795901296
41795901266
41795901275
41795901311
41795901364
41795901363
41795901362
41795901381
41795901360
41795901375
41795901369
41795901366
41795901376
41795901372
41795901370
41795901384
41795901377
41795901382
41795901371
41795901380
41795901359
41795901519
41795901562
41795901510
41795901525
41795901395
41795901457
41795901397
41795901502
41795901399
41795901409
41795901418
41795901420
41795901415
41795901396
41795901451
41795901463
41795901411
41795901471
41795901490
41795901524
41795901529
41795901462
41795901414
41795901616
41795901492
41795901441
41795901528
41795901393
41795901535
41795901504
41795901501
41795901704
41795901544
41795901618
41795901582
41795901622
41795901460
41795901662
41795901406
41795901542
41795901392
41795901647
41795901693
41795901391
41795901416
41795901474
41795901436
41795901412
41795901486
41795901419
41795901479
41795901453
41795901405
41795901488
41795901448
41795901482
41795901601
41795901531
41795901467
41795901617
41795901654
41795901683
41795901561
41795901666
41795901516
41795901548
41795901521
41795901455
41795901630
41795901421
41795901697
41795901635
41795901608
41795901417
41795901557
41795901559
41795901592
41795901574
41795901538
41795901549
41795901688
41795901431
41795901639
41795901575
41795901484
41795901619
41795901691
41795901426
41795901533
41795901493
41795901532
41795901438
41795901450
41795901614
41795901644
41795901560
41795901473
41795901496
41795901689
41795901530
41795901585
41795901534
41795901649
41795901633
41795901423
41795901546
41795901590
41795901494
41795901634
41795901551
41795901650
41795901686
41795901712
41795901621
41795901571
41795901466
41795901464
41795901588
41795901663
41795901665
41795901679
41795901690
41795901627
41795901605
41795901580
41795901676
41795901685
41795901628
41795901443
41795901651
41795901708
41795901705
41795901661
41795901568
41795901698
41795901636
41795901699
41795901652
41795901522
41795901658
41795901706
41795901547
41795901713
41795901656
41795901476
41795901586
41795901700
41795901576
41795901602
41795901584
41795901589
41795901702
41795901631
41795901537
41795901620
41795901674
41795901717
41795901723
41795901726
41795901750
41795901729
41795901733
41795901730
41795901719
41795901732
41795901716
41795901737
41795901745
41795901734
41795901752
41795901755
41795901761
41795901754
41795901801
41795901785
41795901808
41795901765
41795901810
41795901803
41795901780
41795901776
41795901783
41795901793
41795901762
41795901767
41795901792
41795901787
41795901769
41795901771
41795901802
41795901791
41795901764
41795901772
41795901766
41795901794
41795901777
41795901789
41795901798
41795901778
41795901781
41795901799
41795901770
41795901782
41795901823
41795901851
41795901837
41795901856
41795901813
41795901811
41795901816
41795901859
41795901836
41795901846
41795901840
41795901839
41795901822
41795901855
41795901838
41795901817
41795901819
41795901865
41795901818
41795901821
41795901850
41795901854
41795901861
41795901852
41795901870
41795901843
41795901842
41795901868
41795901844
41795901916
41795901874
41795901882
41795901897
41795901878
41795901884
41795901895
41795901905
41795901919
41795901924
41795901898
41795901900
41795901904
41795901894
41795901925
41795901929
41795901891
41795901911
41795901879
41795901887
41795901920
41795901888
41795901880
41795901873
41795901896
41795901892
41795901918
41795901914
41795901890
41795901912
41795901907
41795901950
41795901959
41795901936
41795901933
41795901946
41795901938
41795901944
41795901953
41795901957
41795901963
41795901954
41795901948
41795901962
41795901940
41795901941
41795901955
41795901960
41795901961
41795901973
41795901969
41795901974
41795901965
41795901983
41795901995
41795901996
41795901994
41795901984
41795901989
41795901977
41795901970
41795901978
41795901990
41795901998
41795902000
41795902011
41795902019
41795902029
41795902008
41795902022
41795902017
41795902023
41795902025
41795902001
41795902009
41795902006
41795902010
41795902012
41795902024
41795902069
41795902092
41795902109
41795902040
41795902058
41795902063
41795902061
41795902046
41795902081
41795902112
41795902091
41795902129
41795902141
41795902146
41795902096
41795902154
41795902195
41795902180
41795902216
41795902181
41795902048
41795902035
41795902136
41795902130
41795902145
41795902047
41795902076
41795902038
41795902127
41795902064
41795902106
41795902143
41795902236
41795902147
41795902114
41795902269
41795902340
41795902156
41795902085
41795902140
41795902034
41795902184
41795902245
41795902054
41795902205
41795902065
41795902055
41795902117
41795902122
41795902041
41795902226
41795902045
41795902303
41795902160
41795902033
41795902105
41795902219
41795902057
41795902352
41795902036
41795902152
41795902436
41795902440
41795902051
41795902131
41795902172
41795902072
41795902113
41795902157
41795902124
41795902398
41795902233
41795902164
41795902090
41795902432
41795902194
41795902189
41795902175
41795902344
41795902171
41795902405
41795902208
41795902259
41795902379
41795902159
41795902277
41795902263
41795902394
41795902361
41795902336
41795902402
41795902396
41795902447
41795902102
41795902116
41795902497
41795902191
41795902169
41795902654
41795902139
41795902642
41795902201
41795902283
41795902066
41795902326
41795902383
41795902222
41795902115
41795902182
41795902238
41795902785
41795902360
41795902477
41795902314
41795902384
41795902249
41795902073
41795902193
41795902373
41795902536
41795902281
41795902434
41795902578
41795902223
41795902456
41795902150
41795902257
41795902173
41795902144
41795902489
41795902209
41795902229
41795902392
41795902478
41795902247
41795902687
41795902318
41795902400
41795902199
41795902192
41795902200
41795902301
41795902391
41795902176
41795902493
41795902562
41795902142
41795902294
41795902321
41795902408
41795902451
41795902446
41795902441
41795902342
41795902824
41795902355
41795902538
41795902390
41795902302
41795902557
41795902625
41795902104
41795902375
41795902162
41795902580
41795902620
41795902547
41795902183
41795902566
41795902701
41795902487
41795902793
41795902989
41795902423
41795902418
41795902389
41795902628
41795902266
41795902347
41795902306
41795902420
41795902187
41795902454
41795902639
41795902655
41795902646
41795902155
41795902468
41795902207
41795902332
41795902827
41795902439
41795902729
41795902783
41795902542
41795902746
41795902227
41795902320
41795902697
41795902213
41795902708
41795902898
41795902445
41795902745
41795902338
41795902706
41795902404
41795902267
41795902490
41795902545
41795902286
41795902168
41795902591
41795902292
41795902588
41795902334
41795902178
41795902470
41795902573
41795902494
41795902757
41795902948
41795902284
41795902128
41795902480
41795902575
41795902251
41795902576
41795902613
41795902353
41795902505
41795902524
41795902673
41795902362
41795902572
41795902348
41795902748
41795902683
41795902256
41795902299
41795902255
41795902119
41795902737
41795902765
41795902936
41795902354
41795902372
41795902582
41795902517
41795902170
41795902052
41795902773
41795902422
41795902964
41795902621
41795902507
41795902370
41795902699
41795902382
41795902327
41795902721
41795902584
41795902466
41795902522
41795902596
41795902546
41795902690
41795902498
41795902519
41795902606
41795902287
41795902886
41795902833
41795902527
41795902366
41795902913
41795902834
41795902674
41795902552
41795902971
41795902577
41795902861
41795902589
41795902774
41795902431
41795902416
41795902982
41795902784
41795902296
41795902279
41795902270
41795902415
41795902723
41795902351
41795902515
41795902595
41795902449
41795902481
41795902540
41795902878
41795902242
41795902579
41795902979
41795902502
41795902987
41795902541
41795902586
41795902638
41795902435
41795902501
41795902514
41795902438
41795902951
41795902278
41795902688
41795902865
41795902666
41795902905
41795902778
41795902762
41795902792
41795902672
41795902962
41795902417
41795902876
41795902807
41795902310
41795902669
41795902601
41795902738
41795902479
41795902791
41795902955
41795902518
41795902809
41795902503
41795902549
41795902530
41795902798
41795902643
41795902650
41795902789
41795902830
41795902532
41795902561
41795902450
41795902700
41795902472
41795902629
41795902935
41795902844
41795902430
41795902838
41795902925
41795902555
41795902295
41795902752
41795902587
41795902966
41795902378
41795902806
41795902376
41795902849
41795902855
41795902624
41795902996
41795902835
41795902455
41795902923
41795902331
41795902874
41795902717
41795902560
41795902709
41795902407
41795902677
41795902897
41795902942
41795902671
41795902908
41795902810
41795902442
41795902981
41795902870
41795902499
41795902797
41795902857
41795902583
41795902864
41795902663
41795902608
41795902636
41795902727
41795902730
41795902732
41795902832
41795902880
41795902689
41795902967
41795902649
41795902713
41795902665
41795902970
41795902521
41795902711
41795902851
41795902516
41795902410
41795902990
41795902922
41795902950
41795902907
41795902928
41795902896
41795902892
41795902751
41795902808
41795902635
41795902597
41795902693
41795902842
41795902958
41795902691
41795902927
41795902796
41795902660
41795902763
41795902932
41795902777
41795902917
41795902686
41795902912
41795902820
41795902919
41795902969
41795902888
41795902816
41795902829
41795902863
41795902554
41795902740
41795902815
41795902722
41795902811
41795902652
41795902760
41795902978
41795902930
41795902877
41795902543
41795902973
41795902812
41795902705
41795902822
41795902984
41795902960
41795902645
41795902910
41795902995
41795902836
41795902702
41795902956
41795902939
41795902959
41795902787
41795902940
41795902772
41795902902
41795902954
41795908008
41795908006
41795908002
41795908004
41795908023
41795908012
41795908003
41795908007
41795908030
41795908013
41795908026
41795908005
41795908018
41795908032
41795908010
41795908009
41795908029
41795908028
41795908100
41795908284
41795908058
41795908060
41795908056
41795908063
41795908064
41795908078
41795908091
41795908110
41795908135
41795908031
41795908215
41795908043
41795908083
41795908079
41795908077
41795908090
41795908275
41795908121
41795908185
41795908074
41795908210
41795908106
41795908035
41795908052
41795908237
41795908070
41795908045
41795908080
41795908202
41795908149
41795908123
41795908164
41795908341
41795908081
41795908132
41795908054
41795908133
41795908108
41795908579
41795908371
41795908036
41795908087
41795908187
41795908207
41795908225
41795908217
41795908137
41795908200
41795908475
41795908139
41795908105
41795908312
41795908127
41795908044
41795908219
41795908050
41795908065
41795908125
41795908426
41795908069
41795908062
41795908093
41795908119
41795908099
41795908433
41795908182
41795908193
41795908364
41795908146
41795908249
41795908285
41795908373
41795908226
41795908116
41795908458
41795908515
41795908037
41795908156
41795908404
41795908382
41795908040
41795908337
41795908103
41795908667
41795908088
41795908144
41795908096
41795908073
41795908145
41795908692
41795908335
41795908361
41795908148
41795908211
41795908300
41795908397
41795908101
41795908301
41795908393
41795908442
41795908067
41795908405
41795908318
41795908228
41795908258
41795908273
41795908640
41795908354
41795908113
41795908796
41795908443
41795908180
41795908321
41795908167
41795908307
41795908252
41795908278
41795908175
41795908168
41795908261
41795908147
41795908408
41795908418
41795908201
41795908598
41795908618
41795908447
41795908440
41795908232
41795908602
41795908245
41795908615
41795908466
41795908212
41795908153
41795908343
41795908204
41795908490
41795908411
41795908481
41795908150
41795908410
41795908509
41795908236
41795908255
41795908401
41795908163
41795908815
41795908350
41795908607
41795908188
41795908154
41795908560
41795908071
41795908368
41795908313
41795908687
41795908537
41795908363
41795908330
41795908270
41795908229
41795908268
41795908659
41795908305
41795908541
41795908274
41795908197
41795908111
41795908642
41795908479
41795908536
41795908117
41795908358
41795908677
41795908347
41795908613
41795908308
41795908152
41795908230
41795908324
41795908299
41795908247
41795908470
41795908369
41795908189
41795908563
41795908130
41795908235
41795908214
41795908777
41795908650
41795908362
41795908593
41795908897
41795908304
41795908448
41795908714
41795908375
41795908436
41795908279
41795908545
41795908395
41795908444
41795908574
41795908653
41795908471
41795908590
41795908356
41795908932
41795908242
41795908565
41795908771
41795908477
41795908246
41795908454
41795908781
41795908259
41795908529
41795908866
41795908926
41795908213
41795908206
41795908452
41795908402
41795908492
41795908735
41795908287
41795908816
41795908352
41795908883
41795908707
41795908496
41795908082
41795908649
41795908355
41795908445
41795908457
41795908931
41795908353
41795908703
41795908251
41795908608
41795908374
41795908423
41795908328
41795908599
41795908694
41795908461
41795908460
41795908591
41795908831
41795908399
41795908306
41795908239
41795908298
41795908655
41795908625
41795908439
41795908501
41795908888
41795908877
41795908380
41795908656
41795908474
41795908587
41795908789
41795908419
41795908387
41795908553
41795908814
41795908783
41795908994
41795908131
41795908349
41795908558
41795908606
41795908535
41795908218
41795908409
41795908760
41795908937
41795908534
41795908934
41795908549
41795908493
41795908706
41795908802
41795908403
41795908753
41795908803
41795908303
41795908623
41795908634
41795908880
41795908465
41795908488
41795908502
41795908925
41795908449
41795908209
41795908644
41795908557
41795908786
41795908531
41795908424
41795908487
41795908956
41795908462
41795908627
41795908716
41795908611
41795908770
41795908446
41795908468
41795908572
41795908648
41795908158
41795908975
41795908514
41795908406
41795908638
41795908907
41795908725
41795908250
41795908429
41795908720
41795908700
41795908769
41795908316
41795908326
41795908997
41795908819
41795908568
41795908478
41795908359
41795908668
41795908562
41795908413
41795908566
41795908450
41795908480
41795908864
41795908709
41795908586
41795908651
41795908749
41795908641
41795908990
41795908594
41795908600
41795908821
41795908495
41795908717
41795908323
41795908521
41795908690
41795908392
41795908614
41795908927
41795908901
41795908617
41795908889
41795908832
41795908621
41795908911
41795908503
41795908665
41795908548
41795908820
41795908895
41795908938
41795908991
41795908652
41795908517
41795908630
41795908868
41795908510
41795908731
41795908856
41795908746
41795908432
41795908965
41795908441
41795908522
41795908504
41795908940
41795908841
41795908576
41795908578
41795908570
41795908616
41795908573
41795908851
41795908825
41795908726
41795908266
41795908643
41795908779
41795908759
41795908540
41795908810
41795908523
41795908569
41795908728
41795908455
41795908676
41795908666
41795908953
41795908737
41795908543
41795908612
41795908527
41795908636
41795908916
41795908946
41795908755
41795908762
41795908396
41795908719
41795908567
41795908724
41795908526
41795908924
41795908767
41795908835
41795908564
41795908681
41795908693
41795908813
41795908699
41795908798
41795908766
41795908970
41795908684
41795908824
41795908635
41795908435
41795908985
41795908801
41795908840
41795908980
41795908533
41795908996
41795908834
41795908577
41795908754
41795908873
41795908915
41795908489
41795908776
41795908505
41795908757
41795908456
41795908701
41795908797
41795908758
41795908875
41795908805
41795908427
41795908763
41795908959
41795908721
41795908830
41795908592
41795908923
41795908885
41795908833
41795908782
41795908967
41795908887
41795908870
41795908733
41795908740
41795908520
41795908780
41795908945
41795908943
41795908884
41795908744
41795908846
41795908859
41795908958
41795908948
41795908857
41795908848
41795908905
41795908811
41795908730
41795908839
41795908917
41795908808
41795908632
41795908896
41795908944
41795908871
41795908680
41795908879
41795908960
41795908817
41795908929
41795908942
41795908843
41795908947
41795908872
41795908941
41795908952
41795907000
41795907006
41795907013
41795907027
41795907009
41795907017
41795907014
41795907011
41795907002
41795907031
41795907022
41795907003
41795907010
41795907007
41795907030
41795907028
41795907023
41795907020
41795907045
41795907105
41795907239
41795907041
41795907095
41795907087
41795907137
41795907154
41795907142
41795907034
41795907049
41795907065
41795907134
41795907120
41795907071
41795907072
41795907035
41795907062
41795907079
41795907077
41795907055
41795907090
41795907075
41795907117
41795907167
41795907103
41795907121
41795907139
41795907138
41795907093
41795907317
41795907048
41795907228
41795907177
41795907247
41795907054
41795907109
41795907110
41795907060
41795907108
41795907044
41795907518
41795907522
41795907050
41795907043
41795907033
41795907057
41795907147
41795907056
41795907094
41795907107
41795907258
41795907124
41795907375
41795907127
41795907106
41795907151
41795907324
41795907443
41795907180
41795907364
41795907112
41795907378
41795907059
41795907082
41795907101
41795907052
41795907345
41795907284
41795907596
41795907482
41795907291
41795907206
41795907295
41795907123
41795907211
41795907332
41795907068
41795907261
41795907481
41795907159
41795907315
41795907346
41795907196
41795907444
41795907195
41795907470
41795907181
41795907338
41795907092
41795907290
41795907253
41795907145
41795907368
41795907100
41795907174
41795907432
41795907589
41795907204
41795907348
41795907198
41795907153
41795907529
41795907277
41795907251
41795907642
41795907207
41795907111
41795907164
41795907255
41795907347
41795907197
41795907471
41795907473
41795907066
41795907695
41795907274
41795907158
41795907245
41795907143
41795907190
41795907318
41795907179
41795907314
41795907205
41795907581
41795907451
41795907323
41795907828
41795907777
41795907349
41795907592
41795907540
41795907069
41795907266
41795907321
41795907260
41795907749
41795907371
41795907244
41795907136
41795907601
41795907721
41795907574
41795907636
41795907220
41795907527
41795907328
41795907173
41795907156
41795907212
41795907459
41795907119
41795907874
41795907640
41795907445
41795907561
41795907278
41795907460
41795907605
41795907442
41795907502
41795907408
41795907661
41795907637
41795907892
41795907390
41795907710
41795907503
41795907337
41795907393
41795907116
41795907327
41795907406
41795907497
41795907313
41795907383
41795907355
41795907400
41795907392
41795907555
41795907753
41795907910
41795907859
41795907148
41795907985
41795907241
41795907769
41795907800
41795907629
41795907297
41795907594
41795907254
41795907326
41795907663
41795907772
41795907357
41795907268
41795907623
41795907743
41795907389
41795907872
41795907510
41795907391
41795907218
41795907252
41795907723
41795907424
41795907070
41795907631
41795907412
41795907475
41795907523
41795907607
41795907687
41795907418
41795907542
41795907598
41795907818
41795907671
41795907430
41795907144
41795907330
41795907488
41795907215
41795907269
41795907754
41795907429
41795907453
41795907192
41795907562
41795907409
41795907381
41795907891
41795907787
41795907838
41795907425
41795907582
41795907896
41795907208
41795907583
41795907760
41795907996
41795907613
41795907643
41795907604
41795907586
41795907363
41795907776
41795907434
41795907504
41795907997
41795907894
41795907726
41795907848
41795907665
41795907778
41795907478
41795907926
41795907924
41795907480
41795907521
41795907919
41795907625
41795907415
41795907457
41795907533
41795907419
41795907908
41795907282
41795907550
41795907813
41795907626
41795907771
41795907978
41795907587
41795907506
41795907431
41795907530
41795907343
41795907516
41795907367
41795907632
41795907652
41795907688
41795907689
41795907557
41795907543
41795907285
41795907467
41795907829
41795907450
41795907342
41795907921
41795907616
41795907780
41795907547
41795907944
41795907509
41795907899
41795907799
41795907427
41795907620
41795907740
41795907515
41795907396
41795907717
41795907866
41795907654
41795907580
41795907816
41795907983
41795907722
41795907423
41795907809
41795907975
41795907649
41795907917
41795907572
41795907545
41795907851
41795907948
41795907832
41795907674
41795907685
41795907492
41795907564
41795907647
41795907448
41795907729
41795907786
41795907817
41795907446
41795907500
41795907644
41795907668
41795907840
41795907794
41795907803
41795907767
41795907600
41795907691
41795907746
41795907806
41795907790
41795907811
41795907362
41795907735
41795907900
41795907827
41795907387
41795907319
41795907903
41795907833
41795907815
41795907716
41795907585
41795907720
41795907960
41795907849
41795907870
41795907808
41795907731
41795907931
41795907525
41795907842
41795907519
41795907666
41795907673
41795907684
41795907751
41795907912
41795907937
41795907559
41795907615
41795907974
41795907420
41795907660
41795907804
41795907692
41795907844
41795907736
41795907971
41795907288
41795907841
41795907505
41795907839
41795907639
41795907713
41795907548
41795907609
41795907988
41795907715
41795907737
41795907436
41795907798
41795907950
41795907979
41795907788
41795907747
41795907719
41795907992
41795907675
41795907690
41795907821
41795907834
41795907843
41795907857
41795907761
41795907556
41795907928
41795907558
41795907712
41795907801
41795907882
41795907646
41795907773
41795907980
41795907898
41795907888
41795907942
41795907802
41795907895
41795907823
41795907633
41795907701
41795907850
41795907925
41795907962
41795907918
41795907989
41795907705
41795907901
41795907606
41795907889
41795907766
41795907914
41795907824
41795907939
41795907913
41795907956
41795907499
