41762765000
41762765010
41762765005
41762765004
41762765014
41762765020
41762765060
41762765119
41762765043
41762765052
41762765165
41762765097
41762765091
41762765212
41762765037
41762765238
41762765164
41762765093
41762765183
41762765077
41762765155
41762765106
41762765121
41762765580
41762765261
41762765273
41762765216
41762765075
41762765082
41762765120
41762765341
41762765264
41762765062
41762765480
41762765050
41762765489
41762765304
41762765765
41762765357
41762765079
41762765213
41762765267
41762765262
41762765151
41762765171
41762765188
41762765407
41762765400
41762765503
41762765324
41762765189
41762765660
41762765485
41762765315
41762765228
41762765318
41762765358
41762765334
41762765253
41762765539
41762765603
41762765115
41762765053
41762765236
41762765397
41762765530
41762765708
41762765375
41762765195
41762765541
41762765117
41762765888
41762765561
41762765423
41762765937
41762765200
41762765562
41762765305
41762765280
41762765453
41762765329
41762765286
41762765414
41762765389
41762765222
41762765600
41762765373
41762765462
41762765767
41762765739
41762765525
41762765339
41762765368
41762765764
41762765271
41762765771
41762765386
41762765717
41762765596
41762765325
41762765461
41762765330
41762765535
41762765499
41762765364
41762765959
41762765269
41762765667
41762765839
41762765710
41762765408
41762765475
41762765548
41762765862
41762765714
41762765775
41762765844
41762765711
41762765312
41762765819
41762765547
41762765445
41762765592
41762765467
41762765505
41762765457
41762765893
41762765565
41762765464
41762765604
41762765863
41762765290
41762765840
41762765713
41762765973
41762765578
41762765581
41762765427
41762765750
41762765333
41762765899
41762765552
41762765838
41762765148
41762765928
41762765977
41762765718
41762765981
41762765653
41762765573
41762765426
41762765684
41762765411
41762765570
41762765757
41762765650
41762765379
41762765629
41762765883
41762765852
41762765715
41762765676
41762765845
41762765991
41762765559
41762765808
41762765579
41762765542
41762765822
41762765957
41762765588
41762765725
41762765678
41762765934
41762765743
41762765832
41762765913
41762765843
41762765860
41762765878
41762765925
41762765847
41762765679
41762765794
41762765846
41762765979
41762765753
41762765709
41762765975
41762765885
41762765990
41762765712
41762765805
41762765690
41762765971
41762765988
41762765705
41762764007
41762764004
41762764024
41762764026
41762764025
41762764128
41762764048
41762764053
41762764040
41762764067
41762764123
41762764088
41762764225
41762764063
41762764095
41762764081
41762764274
41762764116
41762764142
41762764230
41762764193
41762764177
41762764158
41762764127
41762764212
41762764098
41762764156
41762764296
41762764150
41762764160
41762764297
41762764047
41762764265
41762764286
41762764112
41762764126
41762764181
41762764144
41762764208
41762764078
41762764188
41762764327
41762764166
41762764136
41762764244
41762764130
41762764210
41762764226
41762764155
41762764293
41762764330
41762764284
41762764113
41762764232
41762764242
41762764191
41762764124
41762764173
41762764245
41762764300
41762764344
41762764317
41762764281
41762764318
41762764231
41762764117
41762764295
41762764345
41762764222
41762764311
41762764335
41762764237
41762764367
41762764354
41762764361
41762764351
41762764363
41762764372
41762764524
41762764657
41762764450
41762764487
41762764436
41762764412
41762764459
41762764426
41762764494
41762764501
41762764408
41762764455
41762764523
41762764483
41762764468
41762764648
41762764491
41762764658
41762764441
41762764517
41762764532
41762764388
41762764434
41762764392
41762764464
41762764579
41762764519
41762764508
41762764551
41762764422
41762764489
41762764447
41762764566
41762764546
41762764624
41762764536
41762764488
41762764516
41762764599
41762764558
41762764474
41762764439
41762764649
41762764699
41762764653
41762764568
41762764689
41762764465
41762764609
41762764499
41762764636
41762764526
41762764679
41762764647
41762764555
41762764646
41762764597
41762764656
41762764715
41762764724
41762764720
41762764703
41762764705
41762764767
41762764747
41762764786
41762764746
41762764759
41762764789
41762764733
41762764731
41762764776
41762764756
41762764785
41762764752
41762764822
41762764842
41762764796
41762764866
41762764848
41762764867
41762764814
41762764875
41762764850
41762764817
41762764858
41762764800
41762764864
41762764811
41762764898
41762764899
41762764893
41762764921
41762764913
41762764940
41762764886
41762764927
41762764914
41762764902
41762764924
41762764900
41762764888
41762764933
41762764953
41762764956
41762764954
41762764944
41762764961
41762764948
41762764965
41762764971
41762764960
41762764992
41762764977
41762764974
41762764991
41762766004
41762766003
41762766013
41762766030
41762766032
41762766028
41762766016
41762766020
41762766168
41762766115
41762766037
41762766076
41762766170
41762766145
41762766041
41762766167
41762766085
41762766053
41762766159
41762766116
41762766123
41762766110
41762766140
41762766274
41762766143
41762766090
41762766173
41762766135
41762766162
41762766241
41762766039
41762766095
41762766232
41762766127
41762766197
41762766236
41762766100
41762766612
41762766283
41762766094
41762766759
41762766291
41762766307
41762766106
41762766216
41762766234
41762766294
41762766648
41762766278
41762766112
41762766370
41762766089
41762766371
41762766240
41762766202
41762766313
41762766474
41762766645
41762766176
41762766146
41762766465
41762766188
41762766317
41762766296
41762766741
41762766391
41762766272
41762766259
41762766256
41762766611
41762766223
41762766630
41762766408
41762766318
41762766323
41762766273
41762766190
41762766092
41762766279
41762766476
41762766299
41762766541
41762766261
41762766306
41762766652
41762766845
41762766622
41762766105
41762766531
41762766395
41762766314
41762766861
41762766434
41762766440
41762766322
41762766967
41762766412
41762766970
41762766382
41762766374
41762766154
41762766644
41762766510
41762766337
41762766397
41762766439
41762766174
41762766674
41762766435
41762766533
41762766377
41762766882
41762766889
41762766682
41762766600
41762766822
41762766683
41762766873
41762766543
41762766485
41762766446
41762766929
41762766290
41762766605
41762766678
41762766716
41762766343
41762766954
41762766708
41762766941
41762766921
41762766761
41762766431
41762766912
41762766555
41762766653
41762766685
41762766730
41762766487
41762766639
41762766988
41762766406
41762766776
41762766699
41762766516
41762766905
41762766671
41762766781
41762766618
41762766655
41762766609
41762766563
41762766507
41762766797
41762766974
41762766657
41762766992
41762766880
41762766736
41762766890
41762766894
41762766643
41762766732
41762766852
41762766755
41762766718
41762766832
41762766697
41762766837
41762766529
41762766944
41762766713
41762766917
41762766829
41762766816
41762766592
41762766879
41762766775
41762766749
41762766794
41762766688
41762766800
41762766828
41762766971
41762766895
41762766948
41762766949
41762766844
41762766771
41762766893
41762766813
41762766976
41762766709
41762766969
41762766984
41762766920
41762766945
41762760004
41762760014
41762760013
41762760031
41762760030
41762760003
41762760022
41762760011
41762760010
41762760009
41762760024
41762760020
41762760019
41762760027
41762760071
41762760191
41762760062
41762760228
41762760095
41762760127
41762760036
41762760154
41762760063
41762760145
41762760108
41762760097
41762760175
41762760044
41762760160
41762760046
41762760151
41762760327
41762760092
41762760066
41762760074
41762760072
41762760034
41762760132
41762760305
41762760043
41762760482
41762760060
41762760087
41762760280
41762760217
41762760041
41762760111
41762760190
41762760174
41762760173
41762760069
41762760239
41762760314
41762760225
41762760099
41762760446
41762760203
41762760208
41762760489
41762760447
41762760524
41762760396
41762760324
41762760683
41762760061
41762760091
41762760514
41762760254
41762760701
41762760769
41762760321
41762760340
41762760131
41762760883
41762760393
41762760404
41762760118
41762760429
41762760728
41762760202
41762760344
41762760218
41762760707
41762760073
41762760243
41762760319
41762760167
41762760412
41762760307
41762760587
41762760914
41762760727
41762760547
41762760573
41762760089
41762760733
41762760922
41762760668
41762760405
41762760301
41762760706
41762760637
41762760401
41762760110
41762760209
41762760638
41762760436
41762760719
41762760713
41762760163
41762760312
41762760969
41762760250
41762760253
41762760590
41762760640
41762760695
41762760403
41762760893
41762760452
41762760586
41762760711
41762760608
41762760454
41762760910
41762760187
41762760589
41762760602
41762760428
41762760819
41762760858
41762760363
41762760649
41762760571
41762760795
41762760581
41762760259
41762760755
41762760532
41762760518
41762760451
41762760885
41762760844
41762760299
41762760900
41762760955
41762760762
41762760370
41762760188
41762760529
41762760527
41762760308
41762760816
41762760929
41762760913
41762760588
41762760530
41762760604
41762760705
41762760595
41762760677
41762760505
41762760965
41762760754
41762760828
41762760463
41762760898
41762760411
41762760812
41762760664
41762760750
41762760978
41762760930
41762760807
41762760808
41762760500
41762760731
41762760710
41762760804
41762760667
41762760316
41762760605
41762760856
41762760798
41762760742
41762760606
41762760433
41762760670
41762760824
41762760881
41762760521
41762760594
41762760492
41762760810
41762760830
41762760920
41762760387
41762760619
41762760932
41762760716
41762760797
41762760732
41762760775
41762760851
41762760790
41762760909
41762760715
41762760615
41762760991
41762760781
41762760861
41762760784
41762769028
41762769031
41762769002
41762769022
41762769005
41762769054
41762769040
41762769068
41762769042
41762769076
41762769101
41762769055
41762769265
41762769191
41762769097
41762769049
41762769051
41762769081
41762769175
41762769324
41762769037
41762769064
41762769120
41762769240
41762769090
41762769317
41762769247
41762769094
41762769161
41762769066
41762769095
41762769277
41762769333
41762769290
41762769207
41762769104
41762769332
41762769189
41762769136
41762769253
41762769151
41762769148
41762769293
41762769348
41762769228
41762769260
41762769199
41762769267
41762769321
41762769250
41762769266
41762769311
41762769230
41762769315
41762769281
41762769347
41762769276
41762769190
41762769254
41762769331
41762769375
41762769373
41762769365
41762769378
41762769370
41762769361
41762769390
41762769470
41762769609
41762769516
41762769483
41762769517
41762769484
41762769639
41762769393
41762769405
41762769454
41762769494
41762769397
41762769509
41762769701
41762769469
41762769658
41762769538
41762769451
41762769422
41762769548
41762769579
41762769647
41762769447
41762769523
41762769500
41762769708
41762769486
41762769700
41762769423
41762769698
41762769547
41762769565
41762769712
41762769507
41762769505
41762769628
41762769541
41762769504
41762769586
41762769536
41762769567
41762769551
41762769455
41762769525
41762769524
41762769593
41762769561
41762769661
41762769582
41762769622
41762769595
41762769694
41762769576
41762769577
41762769687
41762769646
41762769693
41762769492
41762769590
41762769746
41762769739
41762769737
41762769741
41762769723
41762769720
41762769742
41762769800
41762769751
41762769782
41762769781
41762769794
41762769807
41762769793
41762769809
41762769748
41762769792
41762769797
41762769776
41762769859
41762769883
41762769827
41762769879
41762769888
41762769880
41762769885
41762769825
41762769830
41762769828
41762769878
41762769844
41762769869
41762769890
41762769876
41762769812
41762769882
41762769847
41762769897
41762769887
41762769917
41762769899
41762769910
41762769930
41762769950
41762769904
41762769924
41762769907
41762769913
41762769940
41762769902
41762769922
41762769905
41762769901
41762769926
41762769943
41762769956
41762769992
41762769988
41762769973
41762769970
41762769981
41762769991
41762769997
41762769994
41762769996
41762763000
41762763001
41762763005
41762763033
41762763032
41762763004
41762763030
41762763003
41762763006
41762763017
41762763009
41762763047
41762763123
41762763170
41762763303
41762763160
41762763113
41762763028
41762763265
41762763119
41762763298
41762763330
41762763355
41762763049
41762763014
41762763312
41762763136
41762763075
41762763201
41762763115
41762763334
41762763077
41762763272
41762763306
41762763036
41762763220
41762763446
41762763064
41762763311
41762763339
41762763040
41762763090
41762763037
41762763247
41762763239
41762763295
41762763316
41762763260
41762763621
41762763608
41762763125
41762763322
41762763223
41762763649
41762763281
41762763461
41762763872
41762763362
41762763264
41762763480
41762763359
41762763235
41762763487
41762763351
41762763499
41762763676
41762763198
41762763447
41762763341
41762763805
41762763387
41762763166
41762763233
41762763526
41762763238
41762763308
41762763081
41762763426
41762763216
41762763490
41762763804
41762763187
41762763546
41762763984
41762763182
41762763419
41762763576
41762763344
41762763412
41762763747
41762763768
41762763574
41762763192
41762763371
41762763934
41762763455
41762763410
41762763317
41762763327
41762763776
41762763406
41762763660
41762763770
41762763497
41762763735
41762763599
41762763846
41762763743
41762763297
41762763630
41762763361
41762763390
41762763299
41762763360
41762763929
41762763550
41762763888
41762763399
41762763232
41762763504
41762763481
41762763354
41762763705
41762763555
41762763270
41762763718
41762763919
41762763632
41762763443
41762763932
41762763533
41762763434
41762763542
41762763976
41762763530
41762763552
41762763636
41762763545
41762763793
41762763248
41762763273
41762763661
41762763904
41762763685
41762763883
41762763970
41762763210
41762763753
41762763294
41762763609
41762763716
41762763900
41762763809
41762763283
41762763414
41762763549
41762763739
41762763622
41762763692
41762763886
41762763669
41762763383
41762763557
41762763369
41762763658
41762763914
41762763790
41762763781
41762763663
41762763918
41762763367
41762763645
41762763965
41762763763
41762763954
41762763667
41762763444
41762763775
41762763915
41762763551
41762763958
41762763830
41762763869
41762763679
41762763708
41762763833
41762763728
41762763850
41762763478
41762763939
41762763803
41762763885
41762763857
41762763787
41762763841
41762763977
41762761000
41762761004
41762761005
41762761012
41762761007
41762761030
41762761010
41762761208
41762761275
41762761091
41762761191
41762761047
41762761127
41762761040
41762761225
41762761396
41762761199
41762761133
41762761110
41762761307
41762761048
41762761243
41762761064
41762761063
41762761055
41762761175
41762761170
41762761336
41762761044
41762761152
41762761054
41762761466
41762761108
41762761249
41762761332
41762761126
41762761116
41762761045
41762761220
41762761211
41762761316
41762761533
41762761364
41762761508
41762761076
41762761288
41762761236
41762761315
41762761132
41762761160
41762761303
41762761344
41762761038
41762761509
41762761703
41762761451
41762761405
41762761503
41762761300
41762761355
41762761217
41762761381
41762761097
41762761519
41762761384
41762761363
41762761970
41762761641
41762761811
41762761702
41762761231
41762761379
41762761857
41762761469
41762761506
41762761377
41762761441
41762761525
41762761967
41762761804
41762761383
41762761297
41762761440
41762761420
41762761683
41762761549
41762761412
41762761516
41762761263
41762761520
41762761212
41762761433
41762761357
41762761929
41762761234
41762761134
41762761284
41762761543
41762761507
41762761609
41762761555
41762761558
41762761443
41762761491
41762761460
41762761502
41762761161
41762761547
41762761591
41762761909
41762761281
41762761669
41762761322
41762761924
41762761710
41762761644
41762761165
41762761975
41762761620
41762761612
41762761949
41762761930
41762761689
41762761550
41762761407
41762761881
41762761849
41762761624
41762761719
41762761925
41762761241
41762761860
41762761912
41762761931
41762761328
41762761426
41762761602
41762761900
41762761775
41762761561
41762761450
41762761838
41762761933
41762761376
41762761955
41762761657
41762761918
41762761716
41762761752
41762761725
41762761616
41762761800
41762761832
41762761910
41762761545
41762761623
41762761766
41762761656
41762761843
41762761741
41762761878
41762761956
41762761957
41762761966
41762761904
41762761699
41762761436
41762761757
41762761810
41762761760
41762761733
41762761958
41762761712
41762761694
41762761819
41762761889
41762761906
41762761854
41762761690
41762761801
41762761611
41762761786
41762761621
41762761976
41762761727
41762761746
41762761539
41762761982
41762761740
41762761638
41762761985
41762761990
41762761989
41762761803
41762761751
41762761926
41762761987
41762761884
41762761994
41762761652
41762761840
41762761731
41762761798
41762761928
41762761705
41762761948
41762761903
41762761618
41762761735
41762761706
41762761938
41762761946
41762761437
41762762000
41762762002
41762762016
41762762007
41762762014
41762762028
41762762026
41762762004
41762762020
41762762010
41762762012
41762762030
41762762075
41762762070
41762762072
41762762048
41762762061
41762762291
41762762099
41762762131
41762762058
41762762115
41762762057
41762762045
41762762081
41762762112
41762762118
41762762096
41762762147
41762762202
41762762105
41762762200
41762762092
41762762266
41762762135
41762762123
41762762354
41762762087
41762762066
41762762199
41762762184
41762762039
41762762280
41762762055
41762762309
41762762120
41762762217
41762762285
41762762303
41762762161
41762762076
41762762176
41762762172
41762762424
41762762224
41762762143
41762762158
41762762232
41762762178
41762762590
41762762130
41762762534
41762762436
41762762398
41762762238
41762762310
41762762080
41762762350
41762762207
41762762429
41762762463
41762762100
41762762307
41762762320
41762762235
41762762688
41762762259
41762762712
41762762860
41762762211
41762762250
41762762626
41762762471
41762762655
41762762448
41762762233
41762762215
41762762897
41762762702
41762762368
41762762183
41762762665
41762762498
41762762506
41762762342
41762762204
41762762553
41762762177
41762762461
41762762826
41762762657
41762762479
41762762766
41762762255
41762762647
41762762603
41762762633
41762762701
41762762491
41762762353
41762762640
41762762838
41762762497
41762762363
41762762457
41762762683
41762762749
41762762554
41762762300
41762762727
41762762218
41762762636
41762762928
41762762651
41762762723
41762762907
41762762304
41762762329
41762762824
41762762654
41762762269
41762762588
41762762648
41762762847
41762762906
41762762798
41762762393
41762762505
41762762804
41762762822
41762762433
41762762430
41762762404
41762762615
41762762760
41762762820
41762762499
41762762966
41762762650
41762762260
41762762525
41762762686
41762762570
41762762345
41762762794
41762762791
41762762449
41762762643
41762762821
41762762458
41762762611
41762762681
41762762580
41762762519
41762762726
41762762848
41762762500
41762762996
41762762963
41762762782
41762762812
41762762572
41762762899
41762762935
41762762347
41762762920
41762762389
41762762591
41762762778
41762762946
41762762909
41762762993
41762762343
41762762592
41762762831
41762762808
41762762991
41762762916
41762762522
41762762694
41762762835
41762762671
41762762653
41762762970
41762762730
41762762763
41762762829
41762762762
41762762994
41762762547
41762762719
41762762886
41762762707
41762762748
41762762841
41762762801
41762762904
41762762872
41762762807
41762762724
41762762793
41762762929
41762762803
41762762745
41762762908
41762768020
41762768002
41762768028
41762768004
41762768010
41762768006
41762768019
41762768070
41762768142
41762768052
41762768036
41762768073
41762768089
41762768101
41762768158
41762768228
41762768169
41762768181
41762768060
41762768072
41762768313
41762768302
41762768130
41762768278
41762768440
41762768342
41762768137
41762768266
41762768493
41762768090
41762768692
41762768414
41762768285
41762768066
41762768094
41762768140
41762768187
41762768323
41762768185
41762768061
41762768235
41762768162
41762768161
41762768406
41762768473
41762768563
41762768343
41762768474
41762768157
41762768441
41762768189
41762768148
41762768086
41762768317
41762768219
41762768384
41762768439
41762768257
41762768172
41762768322
41762768387
41762768319
41762768605
41762768420
41762768333
41762768178
41762768802
41762768878
41762768901
41762768503
41762768240
41762768330
41762768783
41762768265
41762768630
41762768675
41762768365
41762768318
41762768176
41762768833
41762768321
41762768539
41762768380
41762768529
41762768811
41762768556
41762768154
41762768377
41762768383
41762768677
41762768867
41762768409
41762768542
41762768226
41762768167
41762768310
41762768717
41762768849
41762768480
41762768183
41762768252
41762768855
41762768524
41762768607
41762768765
41762768594
41762768598
41762768487
41762768665
41762768213
41762768431
41762768502
41762768477
41762768682
41762768212
41762768686
41762768369
41762768507
41762768485
41762768670
41762768821
41762768415
41762768492
41762768600
41762768752
41762768662
41762768451
41762768564
41762768532
41762768972
41762768815
41762768344
41762768615
41762768390
41762768885
41762768699
41762768498
41762768296
41762768902
41762768553
41762768874
41762768483
41762768955
41762768576
41762768552
41762768817
41762768925
41762768753
41762768758
41762768687
41762768671
41762768905
41762768513
41762768591
41762768434
41762768367
41762768856
41762768877
41762768305
41762768987
41762768938
41762768800
41762768688
41762768478
41762768554
41762768915
41762768889
41762768571
41762768575
41762768920
41762768732
41762768590
41762768381
41762768787
41762768545
41762768913
41762768879
41762768948
41762768805
41762768801
41762768900
41762768965
41762768644
41762768728
41762768651
41762768550
41762768981
41762768872
41762768606
41762768632
41762768897
41762768657
41762768936
41762768930
41762768703
41762768742
41762768975
41762768844
41762768861
41762768267
41762768743
41762768941
41762768828
41762768873
41762768959
41762767000
41762767018
41762767014
41762767028
41762767011
41762767008
41762767026
41762767004
41762767010
41762767025
41762767057
41762767046
41762767069
41762767088
41762767086
41762767143
41762767210
41762767198
41762767078
41762767082
41762767285
41762767095
41762767066
41762767080
41762767099
41762767344
41762767105
41762767217
41762767180
41762767081
41762767065
41762767320
41762767045
41762767166
41762767047
41762767097
41762767050
41762767043
41762767192
41762767310
41762767129
41762767094
41762767122
41762767228
41762767184
41762767181
41762767200
41762767222
41762767142
41762767183
41762767428
41762767399
41762767206
41762767125
41762767146
41762767439
41762767266
41762767167
41762767160
41762767100
41762767245
41762767562
41762767595
41762767098
41762767339
41762767172
41762767404
41762767092
41762767284
41762767613
41762767258
41762767684
41762767374
41762767126
41762767351
41762767608
41762767242
41762767627
41762767515
41762767612
41762767734
41762767349
41762767663
41762767410
41762767505
41762767255
41762767367
41762767193
41762767566
41762767512
41762767759
41762767386
41762767330
41762767275
41762767227
41762767527
41762767532
41762767136
41762767314
41762767510
41762767602
41762767293
41762767226
41762767472
41762767872
41762767698
41762767740
41762767205
41762767442
41762767376
41762767455
41762767621
41762767370
41762767559
41762767362
41762767287
41762767448
41762767521
41762767705
41762767392
41762767470
41762767714
41762767449
41762767607
41762767402
41762767875
41762767509
41762767958
41762767395
41762767536
41762767574
41762767821
41762767555
41762767246
41762767414
41762767870
41762767541
41762767742
41762767445
41762767401
41762767500
41762767643
41762767633
41762767985
41762767348
41762767818
41762767537
41762767453
41762767836
41762767708
41762767441
41762767891
41762767792
41762767688
41762767609
41762767760
41762767899
41762767833
41762767863
41762767493
41762767513
41762767667
41762767696
41762767879
41762767545
41762767860
41762767528
41762767831
41762767726
41762767588
41762767799
41762767657
41762767544
41762767579
41762767867
41762767334
41762767922
41762767415
41762767959
41762767904
41762767465
41762767966
41762767420
41762767551
41762767874
41762767905
41762767807
41762767868
41762767427
41762767600
41762767978
41762767713
41762767963
41762767646
41762767604
41762767695
41762767782
41762767480
41762767703
41762767965
41762767923
41762767711
41762767800
41762767686
41762767808
41762767925
41762767654
41762767845
41762767869
41762767655
41762767495
41762767498
41762767961
41762767943
41762767645
41762767768
41762767941
41762767940
41762767976
