41763215000
41763215004
41763215015
41763215024
41763215021
41763215020
41763215002
41763215003
41763215018
41763215022
41763215028
41763215007
41763215006
41763215013
41763215029
41763215014
41763215008
41763215012
41763215005
41763215023
41763215010
41763215060
41763215042
41763215068
41763215075
41763215055
41763215109
41763215231
41763215073
41763215036
41763215164
41763215066
41763215111
41763215044
41763215211
41763215052
41763215047
41763215040
41763215089
41763215223
41763215177
41763215032
41763215209
41763215058
41763215063
41763215159
41763215226
41763215106
41763215104
41763215105
41763215246
41763215264
41763215134
41763215080
41763215155
41763215170
41763215030
41763215460
41763215207
41763215233
41763215045
41763215133
41763215096
41763215146
41763215308
41763215039
41763215325
41763215113
41763215056
41763215236
41763215083
41763215156
41763215091
41763215118
41763215184
41763215251
41763215143
41763215413
41763215309
41763215191
41763215515
41763215292
41763215081
41763215457
41763215070
41763215267
41763215203
41763215103
41763215090
41763215038
41763215533
41763215072
41763215082
41763215323
41763215272
41763215150
41763215317
41763215225
41763215135
41763215306
41763215284
41763215079
41763215278
41763215257
41763215051
41763215421
41763215183
41763215181
41763215031
41763215259
41763215444
41763215265
41763215229
41763215086
41763215277
41763215434
41763215519
41763215168
41763215575
41763215419
41763215796
41763215372
41763215192
41763215377
41763215100
41763215208
41763215534
41763215200
41763215440
41763215232
41763215190
41763215166
41763215244
41763215549
41763215336
41763215123
41763215350
41763215535
41763215416
41763215402
41763215255
41763215130
41763215289
41763215853
41763215437
41763215339
41763215578
41763215409
41763215680
41763215153
41763215891
41763215576
41763215316
41763215511
41763215310
41763215151
41763215433
41763215240
41763215361
41763215163
41763215356
41763215605
41763215254
41763215196
41763215186
41763215459
41763215527
41763215117
41763215599
41763215321
41763215517
41763215414
41763215102
41763215424
41763215355
41763215218
41763215144
41763215296
41763215454
41763215712
41763215523
41763215057
41763215470
41763215230
41763215699
41763215282
41763215979
41763215400
41763215417
41763215645
41763215222
41763215241
41763215554
41763215504
41763215303
41763215690
41763215591
41763215683
41763215386
41763215252
41763215500
41763215370
41763215730
41763215270
41763215555
41763215373
41763215406
41763215127
41763215590
41763215219
41763215530
41763215458
41763215322
41763215926
41763215749
41763215489
41763215152
41763215479
41763215404
41763215641
41763215552
41763215810
41763215622
41763215778
41763215403
41763215562
41763215214
41763215547
41763215961
41763215540
41763215595
41763215446
41763215395
41763215383
41763215161
41763215606
41763215790
41763215411
41763215501
41763215522
41763215281
41763215703
41763215553
41763215577
41763215587
41763215905
41763215505
41763215365
41763215995
41763215510
41763215253
41763215313
41763215811
41763215970
41763215823
41763215475
41763215889
41763215967
41763215565
41763215531
41763215598
41763215616
41763215580
41763215305
41763215702
41763215242
41763215649
41763215607
41763215360
41763215455
41763215885
41763215430
41763215626
41763215686
41763215544
41763215817
41763215238
41763215888
41763215691
41763215948
41763215945
41763215750
41763215521
41763215609
41763215256
41763215666
41763215442
41763215561
41763215329
41763215717
41763215689
41763215399
41763215646
41763215420
41763215637
41763215633
41763215566
41763215620
41763215700
41763215426
41763215464
41763215601
41763215672
41763215648
41763215496
41763215669
41763215985
41763215681
41763215919
41763215572
41763215768
41763215484
41763215658
41763215551
41763215656
41763215675
41763215727
41763215753
41763215341
41763215512
41763215559
41763215524
41763215574
41763215258
41763215314
41763215767
41763215652
41763215720
41763215957
41763215719
41763215447
41763215573
41763215713
41763215934
41763215726
41763215615
41763215772
41763215588
41763215937
41763215556
41763215803
41763215545
41763215915
41763215664
41763215569
41763215480
41763215704
41763215955
41763215603
41763215975
41763215974
41763215634
41763215613
41763215435
41763215647
41763215876
41763215751
41763215809
41763215757
41763215696
41763215608
41763215786
41763215445
41763215990
41763215169
41763215550
41763215912
41763215799
41763215567
41763215326
41763215793
41763215741
41763215996
41763215653
41763215705
41763215856
41763215644
41763215662
41763215775
41763215657
41763215453
41763215883
41763215959
41763215897
41763215518
41763215746
41763215393
41763215701
41763215813
41763215973
41763215910
41763215558
41763215488
41763215747
41763215525
41763215901
41763215877
41763215991
41763215816
41763215898
41763215582
41763215849
41763215903
41763215922
41763215866
41763215640
41763215983
41763215758
41763215579
41763215854
41763215597
41763215988
41763215880
41763215886
41763215951
41763215692
41763215904
41763215984
41763215878
41763215330
41763215762
41763215887
41763215949
41763215958
41763215831
41763215777
41763215840
41763215933
41763215869
41763215841
41763215789
41763215593
41763215833
41763215993
41763215895
41763215663
41763215835
41763215737
41763215956
41763215936
41763214000
41763214008
41763214022
41763214006
41763214007
41763214012
41763214010
41763214020
41763214002
41763214003
41763214015
41763214018
41763214016
41763214024
41763214031
41763214030
41763214023
41763214011
41763214005
41763214027
41763214028
41763214004
41763214037
41763214063
41763214147
41763214208
41763214039
41763214132
41763214355
41763214088
41763214081
41763214261
41763214079
41763214148
41763214046
41763214025
41763214060
41763214153
41763214123
41763214125
41763214107
41763214381
41763214176
41763214133
41763214212
41763214215
41763214044
41763214070
41763214414
41763214413
41763214227
41763214303
41763214036
41763214500
41763214043
41763214104
41763214068
41763214083
41763214333
41763214106
41763214040
41763214091
41763214047
41763214035
41763214126
41763214191
41763214071
41763214080
41763214405
41763214335
41763214187
41763214201
41763214115
41763214140
41763214313
41763214058
41763214059
41763214181
41763214033
41763214273
41763214062
41763214420
41763214057
41763214499
41763214077
41763214101
41763214199
41763214248
41763214076
41763214241
41763214045
41763214343
41763214049
41763214259
41763214304
41763214146
41763214427
41763214250
41763214268
41763214131
41763214629
41763214292
41763214155
41763214336
41763214360
41763214124
41763214167
41763214453
41763214135
41763214674
41763214614
41763214569
41763214150
41763214301
41763214170
41763214225
41763214209
41763214196
41763214471
41763214074
41763214408
41763214554
41763214172
41763214229
41763214468
41763214142
41763214521
41763214223
41763214265
41763214463
41763214151
41763214171
41763214766
41763214222
41763214332
41763214487
41763214319
41763214383
41763214270
41763214403
41763214356
41763214370
41763214279
41763214489
41763214390
41763214090
41763214195
41763214507
41763214113
41763214119
41763214220
41763214266
41763214411
41763214454
41763214412
41763214828
41763214458
41763214203
41763214429
41763214134
41763214583
41763214546
41763214437
41763214434
41763214485
41763214460
41763214112
41763214482
41763214449
41763214256
41763214157
41763214373
41763214078
41763214309
41763214710
41763214334
41763214845
41763214722
41763214711
41763214210
41763214532
41763214923
41763214980
41763214331
41763214464
41763214644
41763214409
41763214391
41763214164
41763214643
41763214594
41763214243
41763214740
41763214127
41763214346
41763214114
41763214386
41763214436
41763214450
41763214271
41763214242
41763214678
41763214518
41763214588
41763214539
41763214703
41763214351
41763214290
41763214108
41763214328
41763214152
41763214535
41763214447
41763214180
41763214378
41763214582
41763214121
41763214992
41763214288
41763214747
41763214387
41763214200
41763214600
41763214625
41763214556
41763214235
41763214659
41763214312
41763214323
41763214550
41763214681
41763214624
41763214879
41763214591
41763214352
41763214398
41763214231
41763214522
41763214247
41763214708
41763214232
41763214737
41763214344
41763214977
41763214467
41763214189
41763214713
41763214284
41763214294
41763214263
41763214111
41763214224
41763214577
41763214320
41763214685
41763214477
41763214435
41763214647
41763214684
41763214895
41763214671
41763214216
41763214299
41763214548
41763214706
41763214197
41763214815
41763214380
41763214425
41763214581
41763214552
41763214233
41763214686
41763214523
41763214407
41763214401
41763214972
41763214872
41763214416
41763214512
41763214314
41763214506
41763214494
41763214508
41763214810
41763214704
41763214306
41763214565
41763214586
41763214510
41763214462
41763214790
41763214392
41763214751
41763214612
41763214404
41763214606
41763214179
41763214646
41763214421
41763214481
41763214469
41763214727
41763214423
41763214888
41763214363
41763214599
41763214354
41763214501
41763214495
41763214559
41763214877
41763214562
41763214858
41763214431
41763214793
41763214578
41763214987
41763214369
41763214743
41763214496
41763214575
41763214995
41763214851
41763214831
41763214456
41763214432
41763214867
41763214690
41763214652
41763214410
41763214661
41763214400
41763214964
41763214285
41763214804
41763214720
41763214388
41763214504
41763214750
41763214580
41763214457
41763214415
41763214975
41763214723
41763214531
41763214946
41763214473
41763214424
41763214754
41763214911
41763214904
41763214455
41763214525
41763214430
41763214296
41763214665
41763214919
41763214490
41763214653
41763214648
41763214662
41763214742
41763214527
41763214493
41763214688
41763214917
41763214887
41763214503
41763214848
41763214406
41763214926
41763214718
41763214695
41763214767
41763214885
41763214560
41763214640
41763214478
41763214541
41763214770
41763214542
41763214701
41763214697
41763214448
41763214827
41763214642
41763214564
41763214914
41763214649
41763214997
41763214971
41763214623
41763214342
41763214516
41763214950
41763214399
41763214768
41763214899
41763214757
41763214709
41763214295
41763214884
41763214800
41763214818
41763214593
41763214785
41763214440
41763214587
41763214803
41763214621
41763214835
41763214530
41763214702
41763214824
41763214321
41763214945
41763214773
41763214787
41763214866
41763214811
41763214551
41763214772
41763214348
41763214809
41763214676
41763214749
41763214951
41763214993
41763214788
41763214537
41763214734
41763214595
41763214863
41763214584
41763214691
41763214748
41763214657
41763214901
41763214511
41763214873
41763214779
41763214990
41763214868
41763214918
41763214650
41763214365
41763214812
41763214989
41763214744
41763214789
41763214969
41763214771
41763214692
41763214774
41763214875
41763214758
41763214847
41763214753
41763214881
41763214878
41763214910
41763214924
41763214916
41763214445
41763214844
41763214991
41763214892
41763214959
41763214850
41763214452
41763214567
41763214984
41763214898
41763216000
41763216022
41763216007
41763216028
41763216010
41763216014
41763216003
41763216008
41763216005
41763216019
41763216015
41763216026
41763216023
41763216009
41763216016
41763216020
41763216030
41763216032
41763216017
41763216065
41763216121
41763216379
41763216061
41763216057
41763216053
41763216092
41763216103
41763216097
41763216074
41763216066
41763216122
41763216189
41763216218
41763216219
41763216261
41763216043
41763216071
41763216078
41763216105
41763216064
41763216119
41763216131
41763216091
41763216034
41763216048
41763216205
41763216210
41763216224
41763216116
41763216289
41763216282
41763216087
41763216096
41763216086
41763216056
41763216085
41763216080
41763216346
41763216234
41763216033
41763216049
41763216254
41763216229
41763216223
41763216068
41763216228
41763216098
41763216124
41763216154
41763216100
41763216179
41763216090
41763216082
41763216070
41763216146
41763216220
41763216040
41763216266
41763216102
41763216069
41763216181
41763216108
41763216296
41763216204
41763216577
41763216263
41763216232
41763216430
41763216300
41763216170
41763216113
41763216334
41763216360
41763216342
41763216507
41763216468
41763216385
41763216486
41763216191
41763216139
41763216245
41763216556
41763216144
41763216072
41763216095
41763216773
41763216311
41763216227
41763216319
41763216291
41763216054
41763216115
41763216299
41763216428
41763216333
41763216222
41763216174
41763216277
41763216196
41763216509
41763216147
41763216269
41763216411
41763216433
41763216221
41763216702
41763216534
41763216645
41763216651
41763216237
41763216464
41763216156
41763216274
41763216206
41763216063
41763216168
41763216508
41763216226
41763216141
41763216186
41763216230
41763216423
41763216215
41763216684
41763216383
41763216704
41763216523
41763216225
41763216280
41763216389
41763216494
41763216166
41763216473
41763216322
41763216493
41763216255
41763216329
41763216425
41763216077
41763216235
41763216359
41763216667
41763216562
41763216238
41763216178
41763216420
41763216292
41763216151
41763216624
41763216569
41763216171
41763216444
41763216260
41763216962
41763216561
41763216695
41763216251
41763216314
41763216822
41763216330
41763216650
41763216488
41763216177
41763216233
41763216192
41763216656
41763216544
41763216566
41763216483
41763216621
41763216712
41763216647
41763216524
41763216355
41763216195
41763216160
41763216505
41763216183
41763216128
41763216938
41763216127
41763216377
41763216482
41763216184
41763216391
41763216399
41763216431
41763216294
41763216679
41763216340
41763216613
41763216620
41763216336
41763216607
41763216376
41763216343
41763216724
41763216713
41763216454
41763216162
41763216455
41763216438
41763216861
41763216567
41763216312
41763216924
41763216828
41763216272
41763216870
41763216974
41763216572
41763216513
41763216307
41763216445
41763216264
41763216925
41763216528
41763216344
41763216565
41763216418
41763216638
41763216780
41763216764
41763216476
41763216412
41763216338
41763216492
41763216313
41763216581
41763216661
41763216797
41763216520
41763216416
41763216275
41763216595
41763216446
41763216705
41763216367
41763216442
41763216458
41763216549
41763216723
41763216443
41763216461
41763216432
41763216930
41763216448
41763216484
41763216674
41763216363
41763216796
41763216779
41763216690
41763216947
41763216629
41763216626
41763216409
41763216644
41763216550
41763216660
41763216648
41763216462
41763216718
41763216714
41763216542
41763216691
41763216915
41763216262
41763216318
41763216356
41763216585
41763216952
41763216983
41763216745
41763216973
41763216474
41763216853
41763216717
41763216970
41763216897
41763216447
41763216971
41763216516
41763216611
41763216485
41763216720
41763216466
41763216628
41763216785
41763216617
41763216540
41763216665
41763216427
41763216762
41763216517
41763216514
41763216688
41763216768
41763216531
41763216608
41763216393
41763216791
41763216640
41763216815
41763216453
41763216832
41763216278
41763216407
41763216320
41763216413
41763216630
41763216636
41763216536
41763216545
41763216868
41763216666
41763216424
41763216519
41763216687
41763216655
41763216767
41763216603
41763216740
41763216677
41763216800
41763216515
41763216912
41763216761
41763216663
41763216396
41763216874
41763216975
41763216798
41763216816
41763216669
41763216500
41763216823
41763216865
41763216954
41763216685
41763216558
41763216788
41763216592
41763216491
41763216820
41763216616
41763216729
41763216697
41763216310
41763216750
41763216855
41763216522
41763216765
41763216527
41763216985
41763216811
41763216675
41763216610
41763216838
41763216904
41763216878
41763216710
41763216541
41763216987
41763216533
41763216696
41763216580
41763216966
41763216707
41763216939
41763216986
41763216856
41763216829
41763216511
41763216885
41763216845
41763216862
41763216755
41763216568
41763216639
41763216903
41763216920
41763216959
41763216772
41763216654
41763216799
41763216825
41763216949
41763216900
41763216956
41763216922
41763216789
41763216850
41763216951
41763216834
41763216997
41763216441
41763216961
41763216614
41763216808
41763216921
41763216982
41763216778
41763216662
41763216866
41763216883
41763216546
41763216633
41763216854
41763216934
41763216977
41763216738
41763216906
41763216809
41763216686
41763216771
41763216601
41763216931
41763216979
41763216766
41763216631
41763216812
41763216776
41763216703
41763216988
41763216996
41763216895
41763216882
41763216502
41763216555
41763216843
41763216757
41763216821
41763216958
41763216658
41763216899
41763216989
41763216960
41763216969
41763216604
41763216839
41763216916
41763216777
41763216990
41763216844
41763216872
41763216877
41763216880
41763216927
41763216937
41763216659
41763210030
41763210028
41763210002
41763210019
41763210015
41763210022
41763210018
41763210003
41763210004
41763210014
41763210010
41763210026
41763210016
41763210011
41763210009
41763210006
41763210027
41763210020
41763210008
41763210001
41763210031
41763210013
41763210007
41763210025
41763210023
41763210032
41763210104
41763210051
41763210050
41763210099
41763210118
41763210034
41763210052
41763210045
41763210086
41763210094
41763210100
41763210056
41763210175
41763210044
41763210069
41763210068
41763210145
41763210054
41763210038
41763210144
41763210066
41763210088
41763210153
41763210078
41763210109
41763210041
41763210242
41763210126
41763210121
41763210087
41763210063
41763210108
41763210102
41763210042
41763210217
41763210207
41763210159
41763210080
41763210206
41763210169
41763210135
41763210055
41763210129
41763210186
41763210076
41763210194
41763210322
41763210040
41763210093
41763210075
41763210073
41763210299
41763210229
41763210035
41763210061
41763210071
41763210336
41763210203
41763210090
41763210190
41763210197
41763210143
41763210182
41763210280
41763210309
41763210095
41763210106
41763210140
41763210209
41763210103
41763210173
41763210189
41763210250
41763210271
41763210233
41763210033
41763210214
41763210273
41763210284
41763210257
41763210122
41763210274
41763210163
41763210043
41763210260
41763210112
41763210077
41763210096
41763210151
41763210105
41763210117
41763210223
41763210085
41763210074
41763210297
41763210084
41763210215
41763210149
41763210152
41763210327
41763210057
41763210199
41763210227
41763210110
41763210165
41763210240
41763210125
41763210161
41763210172
41763210235
41763210081
41763210192
41763210278
41763210219
41763210128
41763210270
41763210092
41763210123
41763210164
41763210150
41763210264
41763210225
41763210221
41763210116
41763210286
41763210132
41763210201
41763210308
41763210218
41763210253
41763210300
41763210146
41763210291
41763210324
41763210248
41763210170
41763210301
41763210310
41763210082
41763210344
41763210193
41763210232
41763210178
41763210305
41763210321
41763210263
41763210228
41763210202
41763210279
41763210160
41763210237
41763210222
41763210211
41763210220
41763210311
41763210245
41763210306
41763210346
41763210320
41763210124
41763210307
41763210285
41763210314
41763210313
41763210171
41763210179
41763210258
41763210208
41763210256
41763210268
41763210174
41763210216
41763210312
41763210277
41763210298
41763210316
41763210303
41763210296
41763210347
41763210177
41763210326
41763210288
41763210329
41763210319
41763210168
41763210367
41763210378
41763210372
41763210376
41763210377
41763210355
41763210362
41763210356
41763210380
41763210366
41763210361
41763210370
41763210371
41763210354
41763210382
41763210353
41763210363
41763210369
41763210385
41763210447
41763210472
41763210384
41763210426
41763210421
41763210395
41763210415
41763210391
41763210393
41763210519
41763210414
41763210419
41763210412
41763210525
41763210458
41763210481
41763210389
41763210423
41763210528
41763210434
41763210413
41763210396
41763210420
41763210534
41763210444
41763210517
41763210464
41763210408
41763210610
41763210605
41763210459
41763210622
41763210506
41763210387
41763210565
41763210463
41763210612
41763210676
41763210540
41763210524
41763210574
41763210461
41763210406
41763210502
41763210432
41763210555
41763210687
41763210478
41763210431
41763210604
41763210679
41763210409
41763210416
41763210613
41763210428
41763210479
41763210513
41763210507
41763210626
41763210514
41763210529
41763210697
41763210400
41763210388
41763210402
41763210561
41763210656
41763210405
41763210598
41763210541
41763210618
41763210504
41763210667
41763210644
41763210570
41763210457
41763210607
41763210664
41763210403
41763210666
41763210552
41763210545
41763210583
41763210424
41763210501
41763210429
41763210641
41763210595
41763210654
41763210616
41763210600
41763210661
41763210643
41763210476
41763210487
41763210575
41763210673
41763210477
41763210579
41763210410
41763210630
41763210531
41763210672
41763210512
41763210587
41763210699
41763210621
41763210522
41763210539
41763210446
41763210636
41763210662
41763210548
41763210674
41763210407
41763210546
41763210566
41763210602
41763210494
41763210445
41763210467
41763210592
41763210695
41763210547
41763210510
41763210466
41763210682
41763210688
41763210572
41763210399
41763210597
41763210505
41763210515
41763210558
41763210460
41763210527
41763210550
41763210454
41763210492
41763210640
41763210633
41763210530
41763210493
41763210689
41763210658
41763210590
41763210556
41763210628
41763210685
41763210533
41763210509
41763210536
41763210609
41763210606
41763210582
41763210677
41763210591
41763210611
41763210523
41763210627
41763210684
41763210503
41763210623
41763210703
41763210723
41763210729
41763210717
41763210720
41763210708
41763210709
41763210726
41763210707
41763210700
41763210712
41763210704
41763210730
41763210706
41763210711
41763210725
41763210705
41763210701
41763210716
41763210718
41763210715
41763210731
41763210755
41763210776
41763210750
41763210769
41763210761
41763210742
41763210741
41763210760
41763210763
41763210790
41763210766
41763210777
41763210757
41763210740
41763210780
41763210746
41763210772
41763210770
41763210781
41763210754
41763210791
41763210778
41763210792
41763210779
41763210785
41763210774
41763210762
41763210788
41763210802
41763210821
41763210843
41763210869
41763210810
41763210815
41763210797
41763210804
41763210805
41763210812
41763210829
41763210828
41763210833
41763210842
41763210878
41763210808
41763210857
41763210827
41763210873
41763210794
41763210847
41763210830
41763210800
41763210811
41763210809
41763210813
41763210860
41763210872
41763210825
41763210863
41763210795
41763210824
41763210859
41763210818
41763210877
41763210854
41763210841
41763210851
41763210803
41763210840
41763210874
41763210861
41763210880
41763210948
41763210952
41763210921
41763210892
41763210879
41763210905
41763210901
41763210904
41763210912
41763210916
41763210944
41763210898
41763210920
41763210919
41763210910
41763210890
41763210923
41763210911
41763210954
41763210949
41763210909
41763210903
41763210893
41763210902
41763210926
41763210899
41763210942
41763210928
41763210965
41763210915
41763210953
41763210941
41763210925
41763210931
41763210883
41763210897
41763210888
41763210933
41763210908
41763210957
41763210924
41763210907
41763210943
41763210917
41763210950
41763210884
41763210935
41763210922
41763210951
41763210989
41763210966
41763210969
41763210986
41763210984
41763210974
41763210980
41763210991
41763210975
41763210993
41763210992
41763210999
41763210994
41763210979
41763210973
41763210982
41763210978
41763210983
41763210996
41763210987
41763210998
41763210997
41763219014
41763219003
41763219022
41763219092
41763219038
41763219015
41763219001
41763219095
41763219032
41763219013
41763219008
41763219070
41763219034
41763219241
41763219079
41763219002
41763219109
41763219012
41763219088
41763219086
41763219046
41763219398
41763219020
41763219028
41763219037
41763219007
41763219198
41763219213
41763219096
41763219009
41763219249
41763219055
41763219182
41763219191
41763219050
41763219061
41763219410
41763219006
41763219302
41763219267
41763219131
41763219052
41763219285
41763219054
41763219010
41763219069
41763219105
41763219224
41763219122
41763219417
41763219085
41763219261
41763219185
41763219326
41763219090
41763219147
41763219127
41763219174
41763219320
41763219463
41763219422
41763219197
41763219099
41763219033
41763219133
41763219300
41763219166
41763219042
41763219098
41763219030
41763219330
41763219218
41763219136
41763219144
41763219091
41763219080
41763219284
41763219203
41763219156
41763219188
41763219215
41763219053
41763219251
41763219260
41763219265
41763219173
41763219605
41763219400
41763219225
41763219407
41763219025
41763219333
41763219262
41763219388
41763219108
41763219308
41763219170
41763219021
41763219214
41763219223
41763219597
41763219622
41763219441
41763219074
41763219206
41763219389
41763219386
41763219318
41763219415
41763219202
41763219155
41763219539
41763219194
41763219522
41763219367
41763219169
41763219696
41763219193
41763219702
41763219084
41763219222
41763219228
41763219404
41763219266
41763219718
41763219871
41763219310
41763219142
41763219500
41763219060
41763219101
41763219114
41763219272
41763219803
41763219321
41763219462
41763219920
41763219510
41763219357
41763219703
41763219604
41763219315
41763219487
41763219288
41763219341
41763219227
41763219344
41763219178
41763219252
41763219322
41763219118
41763219514
41763219230
41763219571
41763219411
41763219912
41763219876
41763219361
41763219346
41763219525
41763219432
41763219541
41763219634
41763219192
41763219254
41763219710
41763219888
41763219403
41763219747
41763219312
41763219450
41763219544
41763219380
41763219332
41763219442
41763219468
41763219477
41763219640
41763219880
41763219412
41763219176
41763219466
41763219172
41763219444
41763219190
41763219286
41763219858
41763219635
41763219913
41763219754
41763219304
41763219531
41763219421
41763219464
41763219981
41763219870
41763219237
41763219717
41763219596
41763219469
41763219299
41763219406
41763219313
41763219591
41763219639
41763219904
41763219460
41763219392
41763219297
41763219676
41763219359
41763219338
41763219791
41763219491
41763219289
41763219878
41763219670
41763219393
41763219905
41763219195
41763219776
41763219383
41763219700
41763219663
41763219291
41763219201
41763219540
41763219709
41763219986
41763219517
41763219513
41763219180
41763219547
41763219770
41763219395
41763219512
41763219595
41763219697
41763219821
41763219418
41763219584
41763219212
41763219372
41763219712
41763219292
41763219899
41763219623
41763219805
41763219793
41763219813
41763219248
41763219211
41763219995
41763219384
41763219551
41763219259
41763219253
41763219643
41763219922
41763219693
41763219433
41763219902
41763219631
41763219864
41763219915
41763219494
41763219708
41763219575
41763219452
41763219732
41763219931
41763219636
41763219401
41763219526
41763219545
41763219430
41763219391
41763219642
41763219690
41763219413
41763219323
41763219627
41763219484
41763219671
41763219181
41763219945
41763219614
41763219501
41763219977
41763219819
41763219850
41763219788
41763219681
41763219898
41763219424
41763219773
41763219832
41763219475
41763219583
41763219618
41763219592
41763219611
41763219518
41763219071
41763219772
41763219794
41763219808
41763219533
41763219454
41763219339
41763219656
41763219470
41763219555
41763219868
41763219845
41763219667
41763219677
41763219368
41763219699
41763219474
41763219755
41763219863
41763219942
41763219820
41763219928
41763219856
41763219949
41763219600
41763219377
41763219934
41763219811
41763219925
41763219672
41763219290
41763219886
41763219616
41763219319
41763219684
41763219519
41763219777
41763219534
41763219630
41763219952
41763219240
41763219654
41763219996
41763219993
41763219924
41763219405
41763219585
41763219449
41763219892
41763219796
41763219723
41763219480
41763219727
41763219882
41763219610
41763219580
41763219955
41763219665
41763219834
41763219833
41763219866
41763219789
41763219948
41763219573
41763219767
41763219679
41763219971
41763219479
41763219894
41763219969
41763219831
41763219890
41763219396
41763219989
41763219668
41763219599
41763219666
41763219930
41763219897
41763219812
41763219680
41763219625
41763219528
41763219828
41763219688
41763219660
41763219720
41763219687
41763219818
41763219810
41763219976
41763219975
41763219659
41763219564
41763219802
41763219979
41763219483
41763219798
41763219762
41763219409
41763219451
41763219907
41763219730
41763219859
41763219855
41763219669
41763219896
41763219990
41763219914
41763219795
41763219743
41763219496
41763219911
41763219884
41763219921
41763219946
41763219493
41763219698
41763219901
41763219959
41763219800
41763219881
41763219879
41763219966
41763219935
41763219923
41763219343
41763219598
41763219918
41763219910
41763219549
41763219988
41763219737
41763219613
41763219956
41763219779
41763219909
41763219929
41763219606
41763219937
41763219919
41763219760
41763219799
41763219917
41763213008
41763213022
41763213012
41763213021
41763213005
41763213013
41763213010
41763213016
41763213030
41763213003
41763213024
41763213017
41763213026
41763213009
41763213032
41763213007
41763213020
41763213011
41763213029
41763213027
41763213006
41763213043
41763213060
41763213103
41763213121
41763213064
41763213037
41763213088
41763213269
41763213231
41763213135
41763213045
41763213049
41763213052
41763213046
41763213036
41763213056
41763213054
41763213059
41763213066
41763213286
41763213084
41763213303
41763213107
41763213130
41763213111
41763213122
41763213123
41763213069
41763213085
41763213061
41763213170
41763213113
41763213306
41763213090
41763213040
41763213115
41763213041
41763213336
41763213073
41763213167
41763213050
41763213068
41763213224
41763213035
41763213141
41763213100
41763213080
41763213091
41763213038
41763213202
41763213033
41763213093
41763213095
41763213201
41763213116
41763213034
41763213128
41763213048
41763213112
41763213039
41763213119
41763213348
41763213174
41763213110
41763213221
41763213151
41763213183
41763213236
41763213175
41763213065
41763213102
41763213203
41763213293
41763213225
41763213233
41763213149
41763213277
41763213108
41763213237
41763213184
41763213188
41763213223
41763213324
41763213197
41763213106
41763213311
41763213136
41763213214
41763213101
41763213207
41763213098
41763213285
41763213161
41763213270
41763213171
41763213072
41763213044
41763213131
41763213156
41763213218
41763213205
41763213232
41763213134
41763213114
41763213329
41763213137
41763213191
41763213142
41763213187
41763213274
41763213118
41763213278
41763213216
41763213215
41763213206
41763213242
41763213210
41763213338
41763213251
41763213288
41763213244
41763213283
41763213289
41763213229
41763213297
41763213276
41763213192
41763213273
41763213264
41763213226
41763213252
41763213195
41763213180
41763213078
41763213265
41763213120
41763213075
41763213268
41763213332
41763213322
41763213239
41763213290
41763213254
41763213212
41763213246
41763213323
41763213094
41763213326
41763213287
41763213228
41763213328
41763213320
41763213196
41763213325
41763213331
41763213333
41763213302
41763213330
41763213158
41763213313
41763213343
41763213339
41763213327
41763213300
41763213344
41763213272
41763213315
41763213381
41763213354
41763213374
41763213373
41763213367
41763213376
41763213377
41763213362
41763213360
41763213357
41763213355
41763213382
41763213379
41763213370
41763213366
41763213420
41763213394
41763213431
41763213432
41763213410
41763213396
41763213399
41763213508
41763213423
41763213452
41763213387
41763213418
41763213474
41763213383
41763213401
41763213535
41763213424
41763213454
41763213403
41763213415
41763213459
41763213395
41763213574
41763213584
41763213553
41763213478
41763213439
41763213532
41763213524
41763213404
41763213556
41763213596
41763213466
41763213446
41763213525
41763213579
41763213445
41763213549
41763213414
41763213411
41763213600
41763213510
41763213682
41763213477
41763213440
41763213391
41763213591
41763213479
41763213436
41763213496
41763213565
41763213593
41763213664
41763213443
41763213658
41763213435
41763213690
41763213686
41763213470
41763213433
41763213409
41763213464
41763213480
41763213666
41763213422
41763213536
41763213476
41763213441
41763213558
41763213625
41763213620
41763213447
41763213485
41763213629
41763213493
41763213633
41763213542
41763213442
41763213554
41763213497
41763213653
41763213531
41763213471
41763213677
41763213643
41763213526
41763213486
41763213456
41763213506
41763213691
41763213611
41763213663
41763213567
41763213557
41763213639
41763213581
41763213634
41763213570
41763213647
41763213434
41763213684
41763213638
41763213661
41763213551
41763213514
41763213461
41763213610
41763213660
41763213580
41763213589
41763213501
41763213548
41763213624
41763213604
41763213635
41763213587
41763213500
41763213678
41763213561
41763213518
41763213605
41763213637
41763213444
41763213680
41763213607
41763213533
41763213601
41763213687
41763213613
41763213679
41763213595
41763213619
41763213592
41763213696
41763213575
41763213646
41763213516
41763213503
41763213615
41763213693
41763213632
41763213614
41763213675
41763213644
41763213730
41763213707
41763213702
41763213706
41763213727
41763213709
41763213723
41763213713
41763213714
41763213733
41763213701
41763213720
41763213716
41763213737
41763213735
41763213734
41763213774
41763213760
41763213748
41763213736
41763213779
41763213757
41763213755
41763213775
41763213763
41763213772
41763213790
41763213761
41763213747
41763213792
41763213831
41763213833
41763213818
41763213801
41763213827
41763213832
41763213837
41763213821
41763213845
41763213825
41763213829
41763213848
41763213797
41763213806
41763213812
41763213822
41763213820
41763213843
41763213839
41763213799
41763213816
41763213828
41763213844
41763213814
41763213855
41763213879
41763213908
41763213882
41763213861
41763213873
41763213854
41763213905
41763213866
41763213892
41763213885
41763213880
41763213898
41763213864
41763213909
41763213865
41763213867
41763213872
41763213870
41763213887
41763213875
41763213900
41763213886
41763213878
41763213884
41763213925
41763213917
41763213924
41763213938
41763213912
41763213941
41763213948
41763213919
41763213918
41763213928
41763213968
41763213966
41763213944
41763213949
41763213950
41763213940
41763213920
41763213958
41763213961
41763213960
41763213990
41763213980
41763213977
41763213999
41763213997
41763213989
41763213981
41763213976
41763213988
41763213984
41763213991
41763213995
41763213998
41763211004
41763211015
41763211005
41763211008
41763211013
41763211029
41763211032
41763211027
41763211018
41763211023
41763211003
41763211012
41763211019
41763211024
41763211030
41763211028
41763211026
41763211016
41763211002
41763211009
41763211022
41763211010
41763211020
41763211001
41763211021
41763211014
41763211011
41763211031
41763211017
41763211006
41763211033
41763211051
41763211077
41763211103
41763211306
41763211142
41763211071
41763211073
41763211109
41763211035
41763211038
41763211044
41763211282
41763211173
41763211096
41763211048
41763211114
41763211132
41763211049
41763211075
41763211066
41763211158
41763211100
41763211101
41763211083
41763211155
41763211215
41763211047
41763211122
41763211139
41763211135
41763211357
41763211134
41763211254
41763211285
41763211288
41763211068
41763211182
41763211350
41763211274
41763211232
41763211190
41763211196
41763211087
41763211072
41763211230
41763211127
41763211102
41763211314
41763211059
41763211107
41763211358
41763211081
41763211085
41763211046
41763211249
41763211067
41763211201
41763211307
41763211052
41763211209
41763211080
41763211116
41763211110
41763211108
41763211076
41763211212
41763211205
41763211180
41763211198
41763211131
41763211270
41763211152
41763211055
41763211185
41763211263
41763211162
41763211149
41763211147
41763211321
41763211093
41763211295
41763211331
41763211159
41763211261
41763211034
41763211125
41763211291
41763211300
41763211062
41763211179
41763211197
41763211169
41763211324
41763211231
41763211094
41763211226
41763211089
41763211301
41763211143
41763211194
41763211238
41763211113
41763211111
41763211171
41763211221
41763211225
41763211063
41763211243
41763211170
41763211106
41763211175
41763211313
41763211268
41763211104
41763211279
41763211218
41763211202
41763211224
41763211146
41763211298
41763211213
41763211193
41763211168
41763211266
41763211260
41763211326
41763211181
41763211128
41763211115
41763211172
41763211174
41763211308
41763211154
41763211133
41763211286
41763211121
41763211178
41763211166
41763211250
41763211297
41763211244
41763211257
41763211328
41763211278
41763211340
41763211090
41763211289
41763211086
41763211187
41763211130
41763211322
41763211269
41763211200
41763211199
41763211310
41763211338
41763211335
41763211151
41763211302
41763211248
41763211265
41763211281
41763211206
41763211333
41763211195
41763211309
41763211304
41763211334
41763211283
41763211188
41763211276
41763211303
41763211148
41763211323
41763211222
41763211293
41763211233
41763211255
41763211145
41763211318
41763211284
41763211311
41763211160
41763211217
41763211290
41763211273
41763211305
41763211214
41763211277
41763211345
41763211240
41763211332
41763211229
41763211359
41763211368
41763211369
41763211377
41763211362
41763211372
41763211389
41763211374
41763211386
41763211384
41763211363
41763211388
41763211364
41763211360
41763211379
41763211390
41763211428
41763211441
41763211445
41763211448
41763211454
41763211417
41763211409
41763211453
41763211608
41763211469
41763211470
41763211461
41763211401
41763211407
41763211400
41763211472
41763211478
41763211481
41763211673
41763211487
41763211398
41763211405
41763211605
41763211515
41763211393
41763211537
41763211411
41763211423
41763211495
41763211541
41763211529
41763211466
41763211464
41763211559
41763211506
41763211449
41763211430
41763211548
41763211435
41763211483
41763211646
41763211650
41763211572
41763211530
41763211403
41763211424
41763211440
41763211395
41763211446
41763211437
41763211404
41763211632
41763211500
41763211408
41763211425
41763211431
41763211492
41763211406
41763211410
41763211460
41763211615
41763211496
41763211594
41763211457
41763211619
41763211510
41763211414
41763211554
41763211545
41763211705
41763211607
41763211542
41763211587
41763211552
41763211563
41763211688
41763211468
41763211413
41763211525
41763211420
41763211703
41763211419
41763211556
41763211474
41763211533
41763211520
41763211660
41763211507
41763211501
41763211504
41763211499
41763211609
41763211547
41763211564
41763211475
41763211671
41763211606
41763211458
41763211562
41763211604
41763211707
41763211586
41763211616
41763211509
41763211467
41763211436
41763211654
41763211626
41763211497
41763211666
41763211708
41763211536
41763211485
41763211612
41763211643
41763211508
41763211498
41763211697
41763211427
41763211580
41763211610
41763211560
41763211578
41763211482
41763211503
41763211685
41763211676
41763211543
41763211712
41763211661
41763211570
41763211585
41763211665
41763211683
41763211557
41763211663
41763211633
41763211567
41763211699
41763211553
41763211512
41763211704
41763211689
41763211531
41763211674
41763211561
41763211488
41763211621
41763211532
41763211597
41763211569
41763211677
41763211602
41763211603
41763211686
41763211577
41763211696
41763211680
41763211702
41763211589
41763211691
41763211517
41763211658
41763211513
41763211679
41763211618
41763211644
41763211659
41763211565
41763211669
41763211590
41763211713
41763211581
41763211687
41763211647
41763211614
41763211629
41763211709
41763211667
41763211701
41763211670
41763211656
41763211710
41763211695
41763211711
41763211617
41763211649
41763211693
41763211694
41763211722
41763211728
41763211734
41763211742
41763211730
41763211740
41763211731
41763211741
41763211725
41763211736
41763211727
41763211719
41763211732
41763211718
41763211716
41763211746
41763211743
41763211796
41763211784
41763211795
41763211790
41763211775
41763211747
41763211762
41763211764
41763211772
41763211770
41763211778
41763211779
41763211789
41763211797
41763211805
41763211806
41763211776
41763211767
41763211803
41763211756
41763211801
41763211800
41763211763
41763211771
41763211761
41763211807
41763211802
41763211787
41763211794
41763211783
41763211793
41763211788
41763211785
41763211752
41763211780
41763211813
41763211832
41763211836
41763211811
41763211845
41763211877
41763211888
41763211824
41763211819
41763211846
41763211814
41763211830
41763211835
41763211853
41763211856
41763211885
41763211889
41763211825
41763211862
41763211818
41763211848
41763211886
41763211842
41763211812
41763211871
41763211897
41763211816
41763211879
41763211850
41763211827
41763211810
41763211866
41763211890
41763211881
41763211891
41763211884
41763211895
41763211864
41763211834
41763211841
41763211878
41763211863
41763211861
41763211857
41763211870
41763211876
41763211839
41763211882
41763211880
41763211893
41763211875
41763211899
41763211914
41763211898
41763211924
41763211930
41763211941
41763211945
41763211949
41763211909
41763211905
41763211925
41763211900
41763211916
41763211955
41763211943
41763211965
41763211975
41763211926
41763211901
41763211911
41763211906
41763211912
41763211985
41763211902
41763211917
41763211913
41763211944
41763211910
41763211967
41763211908
41763211918
41763211951
41763211979
41763211984
41763211942
41763211915
41763211946
41763211940
41763211904
41763211963
41763211973
41763211923
41763211938
41763211959
41763211972
41763211947
41763211980
41763211966
41763211974
41763211954
41763211957
41763211960
41763211981
41763211970
41763211983
41763211982
41763211999
41763211995
41763211989
41763211993
41763211990
41763211997
41763211987
41763211994
41763211996
41763211992
41763212021
41763212018
41763212009
41763212024
41763212025
41763212013
41763212019
41763212022
41763212006
41763212030
41763212003
41763212023
41763212028
41763212008
41763212027
41763212010
41763212007
41763212029
41763212015
41763212012
41763212026
41763212001
41763212020
41763212002
41763212017
41763212016
41763212031
41763212054
41763212052
41763212061
41763212104
41763212106
41763212101
41763212112
41763212053
41763212201
41763212227
41763212033
41763212036
41763212064
41763212040
41763212056
41763212251
41763212037
41763212076
41763212080
41763212105
41763212300
41763212084
41763212313
41763212139
41763212077
41763212129
41763212110
41763212175
41763212136
41763212222
41763212060
41763212125
41763212117
41763212042
41763212070
41763212116
41763212058
41763212218
41763212059
41763212055
41763212034
41763212085
41763212069
41763212097
41763212172
41763212115
41763212181
41763212173
41763212108
41763212146
41763212148
41763212233
41763212204
41763212285
41763212231
41763212119
41763212244
41763212302
41763212133
41763212206
41763212200
41763212047
41763212188
41763212091
41763212194
41763212400
41763212214
41763212242
41763212447
41763212235
41763212170
41763212051
41763212071
41763212187
41763212580
41763212050
41763212102
41763212092
41763212143
41763212152
41763212191
41763212114
41763212151
41763212208
41763212157
41763212456
41763212290
41763212211
41763212258
41763212220
41763212441
41763212088
41763212121
41763212325
41763212113
41763212301
41763212385
41763212542
41763212253
41763212283
41763212270
41763212169
41763212278
41763212099
41763212154
41763212350
41763212217
41763212177
41763212372
41763212141
41763212120
41763212219
41763212475
41763212109
41763212450
41763212247
41763212065
41763212387
41763212318
41763212266
41763212496
41763212607
41763212836
41763212142
41763212140
41763212398
41763212280
41763212159
41763212663
41763212392
41763212131
41763212213
41763212407
41763212487
41763212347
41763212192
41763212322
41763212212
41763212705
41763212207
41763212409
41763212202
41763212506
41763212186
41763212103
41763212341
41763212160
41763212311
41763212694
41763212788
41763212287
41763212309
41763212274
41763212249
41763212636
41763212308
41763212497
41763212096
41763212363
41763212209
41763212162
41763212737
41763212137
41763212567
41763212621
41763212405
41763212436
41763212366
41763212420
41763212424
41763212123
41763212731
41763212708
41763212229
41763212238
41763212293
41763212406
41763212228
41763212423
41763212470
41763212491
41763212356
41763212484
41763212460
41763212321
41763212521
41763212698
41763212417
41763212288
41763212073
41763212432
41763212535
41763212953
41763212145
41763212174
41763212552
41763212179
41763212887
41763212413
41763212195
41763212388
41763212526
41763212189
41763212511
41763212736
41763212210
41763212488
41763212370
41763212666
41763212524
41763212813
41763212334
41763212610
41763212378
41763212499
41763212380
41763212267
41763212277
41763212669
41763212606
41763212098
41763212581
41763212463
41763212568
41763212530
41763212446
41763212866
41763212335
41763212746
41763212343
41763212438
41763212254
41763212367
41763212303
41763212765
41763212656
41763212835
41763212986
41763212377
41763212583
41763212862
41763212512
41763212281
41763212811
41763212843
41763212402
41763212476
41763212166
41763212620
41763212500
41763212797
41763212627
41763212732
41763212504
41763212657
41763212796
41763212863
41763212640
41763212144
41763212269
41763212612
41763212414
41763212158
41763212199
41763212390
41763212589
41763212391
41763212893
41763212805
41763212330
41763212750
41763212740
41763212273
41763212197
41763212591
41763212490
41763212948
41763212751
41763212501
41763212720
41763212611
41763212304
41763212161
41763212571
41763212382
41763212793
41763212100
41763212474
41763212323
41763212779
41763212520
41763212478
41763212527
41763212569
41763212592
41763212429
41763212232
41763212600
41763212632
41763212401
41763212451
41763212809
41763212961
41763212316
41763212603
41763212513
41763212653
41763212203
41763212945
41763212299
41763212416
41763212701
41763212892
41763212921
41763212918
41763212629
41763212418
41763212426
41763212613
41763212307
41763212215
41763212758
41763212725
41763212442
41763212816
41763212699
41763212279
41763212445
41763212822
41763212773
41763212358
41763212433
41763212614
41763212776
41763212216
41763212493
41763212533
41763212332
41763212608
41763212562
41763212912
41763212878
41763212565
41763212519
41763212834
41763212342
41763212410
41763212829
41763212795
41763212532
41763212677
41763212823
41763212681
41763212205
41763212582
41763212505
41763212464
41763212817
41763212826
41763212333
41763212965
41763212635
41763212486
41763212680
41763212786
41763212671
41763212848
41763212437
41763212561
41763212515
41763212623
41763212942
41763212911
41763212331
41763212522
41763212789
41763212831
41763212714
41763212643
41763212774
41763212465
41763212982
41763212466
41763212703
41763212531
41763212931
41763212768
41763212909
41763212910
41763212364
41763212707
41763212704
41763212827
41763212885
41763212604
41763212814
41763212742
41763212665
41763212408
41763212888
41763212749
41763212655
41763212555
41763212650
41763212602
41763212449
41763212368
41763212631
41763212721
41763212744
41763212546
41763212869
41763212550
41763212471
41763212709
41763212970
41763212807
41763212712
41763212884
41763212927
41763212670
41763212444
41763212510
41763212688
41763212609
41763212256
41763212556
41763212914
41763212808
41763212985
41763212860
41763212806
41763212886
41763212938
41763212932
41763212995
41763212673
41763212972
41763212684
41763212812
41763212683
41763212718
41763212949
41763212601
41763212904
41763212925
41763212851
41763212652
41763212883
41763212810
41763212784
41763212711
41763212355
41763212644
41763212847
41763212729
41763212939
41763212770
41763212951
41763212586
41763212593
41763212642
41763212971
41763212849
41763212841
41763212628
41763212616
41763212854
41763212825
41763212804
41763212833
41763212453
41763212850
41763212877
41763212907
41763212853
41763212856
41763212801
41763212974
41763212727
41763212899
41763212879
41763212903
41763212783
41763212895
41763212966
41763212930
41763212896
41763212625
41763212988
41763212908
41763212889
41763212940
41763212981
41763212662
41763212922
41763212777
41763212700
41763212928
41763212959
41763212902
41763212672
41763212803
41763212741
41763212976
41763212920
41763212963
41763212722
41763212984
41763212821
41763212973
41763218008
41763218011
41763218021
41763218006
41763218010
41763218017
41763218013
41763218015
41763218019
41763218023
41763218020
41763218022
41763218001
41763218002
41763218004
41763218032
41763218016
41763218028
41763218030
41763218049
41763218047
41763218034
41763218066
41763218045
41763218082
41763218096
41763218112
41763218107
41763218182
41763218039
41763218195
41763218062
41763218064
41763218041
41763218033
41763218067
41763218065
41763218167
41763218178
41763218068
41763218250
41763218040
41763218035
41763218279
41763218078
41763218090
41763218123
41763218198
41763218303
41763218046
41763218094
41763218245
41763218052
41763218118
41763218074
41763218137
41763218153
41763218070
41763218220
41763218042
41763218332
41763218051
41763218079
41763218080
41763218185
41763218221
41763218158
41763218050
41763218199
41763218383
41763218059
41763218077
41763218129
41763218176
41763218084
41763218130
41763218141
41763218590
41763218396
41763218162
41763218231
41763218205
41763218361
41763218121
41763218660
41763218108
41763218275
41763218243
41763218117
41763218060
41763218240
41763218342
41763218271
41763218197
41763218057
41763218131
41763218142
41763218276
41763218291
41763218331
41763218133
41763218081
41763218429
41763218712
41763218088
41763218184
41763218251
41763218266
41763218210
41763218474
41763218282
41763218191
41763218312
41763218391
41763218404
41763218164
41763218405
41763218809
41763218414
41763218253
41763218345
41763218227
41763218201
41763218297
41763218683
41763218384
41763218186
41763218348
41763218626
41763218208
41763218777
41763218237
41763218485
41763218504
41763218564
41763218347
41763218194
41763218292
41763218574
41763218329
41763218505
41763218310
41763218422
41763218152
41763218232
41763218344
41763218150
41763218421
41763218567
41763218207
41763218369
41763218647
41763218599
41763218573
41763218407
41763218417
41763218500
41763218986
41763218363
41763218189
41763218380
41763218653
41763218298
41763218333
41763218432
41763218586
41763218440
41763218687
41763218662
41763218454
41763218490
41763218726
41763218706
41763218211
41763218489
41763218847
41763218338
41763218444
41763218601
41763218424
41763218884
41763218896
41763218280
41763218462
41763218302
41763218482
41763218480
41763218958
41763218200
41763218411
41763218216
41763218533
41763218918
41763218308
41763218415
41763218441
41763218225
41763218202
41763218688
41763218550
41763218600
41763218821
41763218656
41763218815
41763218841
41763218463
41763218596
41763218636
41763218672
41763218259
41763218230
41763218903
41763218715
41763218921
41763218787
41763218938
41763218702
41763218373
41763218984
41763218453
41763218518
41763218900
41763218664
41763218288
41763218260
41763218354
41763218865
41763218640
41763218510
41763218241
41763218778
41763218522
41763218632
41763218816
41763218356
41763218877
41763218722
41763218825
41763218669
41763218554
41763218885
41763218585
41763218215
41763218875
41763218448
41763218434
41763218532
41763218727
41763218105
41763218873
41763218818
41763218889
41763218401
41763218886
41763218686
41763218801
41763218515
41763218506
41763218410
41763218634
41763218592
41763218357
41763218995
41763218858
41763218943
41763218359
41763218294
41763218677
41763218757
41763218755
41763218572
41763218665
41763218483
41763218521
41763218644
41763218267
41763218905
41763218832
41763218382
41763218880
41763218773
41763218542
41763218561
41763218623
41763218980
41763218730
41763218979
41763218650
41763218782
41763218926
41763218842
41763218560
41763218765
41763218406
41763218642
41763218377
41763218525
41763218681
41763218314
41763218582
41763218978
41763218704
41763218606
41763218759
41763218855
41763218400
41763218399
41763218820
41763218388
41763218804
41763218781
41763218927
41763218792
41763218709
41763218770
41763218860
41763218772
41763218990
41763218575
41763218799
41763218887
41763218919
41763218635
41763218868
41763218983
41763218685
41763218320
41763218481
41763218774
41763218670
41763218718
41763218798
41763218535
41763218867
41763218641
41763218397
41763218607
41763218658
41763218602
41763218839
41763218788
41763218888
41763218936
41763218698
41763218552
41763218746
41763218740
41763218806
41763218700
41763218666
41763218849
41763218843
41763218775
41763218299
41763218906
41763218915
41763218559
41763218956
41763218975
41763218776
41763218710
41763218911
41763218932
41763218808
41763218651
41763218735
41763218812
41763218708
41763218827
41763218549
41763218743
41763218879
41763218916
41763218810
41763218883
41763218833
41763218789
41763218856
41763218699
41763218972
41763218851
41763218912
41763218738
41763218571
41763218553
41763218844
41763218484
41763218863
41763218907
41763218852
41763218950
41763218934
41763218941
41763218897
41763218866
41763218785
41763218834
41763218994
41763218675
41763218519
41763218997
41763218954
41763218850
41763218898
41763218793
41763218627
41763218814
41763218800
41763218864
41763218823
41763218526
41763218944
41763218947
41763218711
41763218811
41763218920
41763218959
41763218872
41763218991
41763218951
41763217000
41763217003
41763217002
41763217006
41763217007
41763217012
41763217005
41763217016
41763217017
41763217021
41763217025
41763217009
41763217008
41763217018
41763217019
41763217020
41763217027
41763217013
41763217010
41763217032
41763217128
41763217038
41763217050
41763217070
41763217074
41763217075
41763217040
41763217161
41763217044
41763217065
41763217163
41763217237
41763217064
41763217107
41763217052
41763217314
41763217130
41763217046
41763217193
41763217078
41763217141
41763217251
41763217328
41763217136
41763217153
41763217168
41763217082
41763217188
41763217180
41763217396
41763217076
41763217063
41763217276
41763217280
41763217125
41763217091
41763217445
41763217122
41763217403
41763217272
41763217219
41763217115
41763217036
41763217033
41763217295
41763217068
41763217164
41763217057
41763217071
41763217175
41763217166
41763217303
41763217223
41763217352
41763217572
41763217202
41763217177
41763217448
41763217224
41763217092
41763217467
41763217101
41763217506
41763217360
41763217191
41763217777
41763217315
41763217313
41763217355
41763217267
41763217187
41763217073
41763217176
41763217207
41763217155
41763217341
41763217108
41763217608
41763217222
41763217109
41763217135
41763217700
41763217414
41763217203
41763217225
41763217711
41763217279
41763217145
41763217400
41763217475
41763217172
41763217228
41763217192
41763217160
41763217523
41763217460
41763217455
41763217647
41763217566
41763217529
41763217356
41763217633
41763217471
41763217116
41763217638
41763217210
41763217677
41763217379
41763217277
41763217249
41763217240
41763217234
41763217273
41763217424
41763217213
41763217478
41763217343
41763217514
41763217233
41763217462
41763217190
41763217386
41763217426
41763217151
41763217436
41763217110
41763217521
41763217605
41763217310
41763217760
41763217197
41763217350
41763217181
41763217368
41763217331
41763217430
41763217389
41763217208
41763217306
41763217322
41763217292
41763217239
41763217365
41763217772
41763217505
41763217525
41763217719
41763217367
41763217659
41763217137
41763217551
41763217733
41763217510
41763217583
41763217157
41763217370
41763217384
41763217469
41763217466
41763217270
41763217705
41763217171
41763217446
41763217288
41763217332
41763217444
41763217449
41763217412
41763217183
41763217226
41763217369
41763217212
41763217476
41763217204
41763217473
41763217604
41763217701
41763217247
41763217221
41763217694
41763217979
41763217577
41763217419
41763217378
41763217732
41763217320
41763217567
41763217557
41763217654
41763217250
41763217574
41763217930
41763217271
41763217687
41763217261
41763217428
41763217490
41763217650
41763217692
41763217422
41763217214
41763217477
41763217744
41763217375
41763217792
41763217373
41763217766
41763217216
41763217405
41763217670
41763217458
41763217281
41763217570
41763217813
41763217200
41763217372
41763217579
41763217229
41763217393
41763217553
41763217504
41763217324
41763217626
41763217740
41763217522
41763217252
41763217439
41763217717
41763217406
41763217726
41763217603
41763217427
41763217769
41763217751
41763217725
41763217348
41763217723
41763217321
41763217600
41763217830
41763217538
41763217562
41763217755
41763217934
41763217595
41763217555
41763217286
41763217943
41763217377
41763217671
41763217682
41763217939
41763217771
41763217660
41763217655
41763217757
41763217778
41763217519
41763217503
41763217657
41763217997
41763217797
41763217632
41763217500
41763217712
41763217636
41763217667
41763217244
41763217799
41763217512
41763217727
41763217681
41763217773
41763217738
41763217854
41763217433
41763217530
41763217472
41763217955
41763217621
41763217613
41763217559
41763217900
41763217508
41763217910
41763217774
41763217964
41763217739
41763217867
41763217742
41763217347
41763217734
41763217459
41763217897
41763217747
41763217515
41763217917
41763217528
41763217721
41763217696
41763217832
41763217707
41763217302
41763217908
41763217864
41763217839
41763217713
41763217791
41763217816
41763217752
41763217532
41763217781
41763217534
41763217728
41763217846
41763217995
41763217737
41763217879
41763217868
41763217274
41763217851
41763217878
41763217665
41763217673
41763217988
41763217890
41763217336
41763217620
41763217932
41763217780
41763217948
41763217949
41763217615
41763217873
41763217956
41763217494
41763217861
41763217676
41763217936
41763217456
41763217874
41763217474
41763217625
41763217967
41763217666
41763217779
41763217843
41763217720
41763217497
41763217919
41763217748
41763217550
41763217479
41763217892
41763217547
41763217877
41763217978
41763217686
41763217652
41763217970
41763217631
41763217866
41763217824
41763217511
41763217756
41763217767
41763217704
41763217768
41763217971
41763217680
41763217963
41763217977
41763217940
41763217796
41763217855
41763217783
41763217758
41763217914
41763217904
41763217969
41763217951
41763217990
