41763995023
41763995021
41763995019
41763995010
41763995030
41763995012
41763995025
41763995017
41763995008
41763995031
41763995022
41763995014
41763995004
41763995028
41763995009
41763995015
41763995003
41763995020
41763995027
41763995026
41763995002
41763995258
41763995057
41763995079
41763995111
41763995066
41763995052
41763995141
41763995172
41763995205
41763995202
41763995171
41763995051
41763995299
41763995077
41763995033
41763995127
41763995116
41763995174
41763995073
41763995048
41763995407
41763995059
41763995218
41763995242
41763995241
41763995131
41763995264
41763995041
41763995062
41763995148
41763995177
41763995151
41763995036
41763995323
41763995076
41763995087
41763995186
41763995130
41763995240
41763995085
41763995080
41763995159
41763995070
41763995119
41763995157
41763995347
41763995342
41763995165
41763995039
41763995324
41763995255
41763995095
41763995379
41763995193
41763995170
41763995081
41763995277
41763995155
41763995440
41763995035
41763995444
41763995118
41763995173
41763995249
41763995237
41763995038
41763995285
41763995428
41763995161
41763995396
41763995043
41763995248
41763995180
41763995225
41763995109
41763995398
41763995533
41763995150
41763995391
41763995154
41763995247
41763995314
41763995385
41763995312
41763995288
41763995260
41763995251
41763995054
41763995208
41763995419
41763995144
41763995439
41763995088
41763995256
41763995328
41763995185
41763995622
41763995140
41763995060
41763995387
41763995409
41763995056
41763995201
41763995354
41763995351
41763995467
41763995583
41763995152
41763995447
41763995317
41763995223
41763995851
41763995414
41763995231
41763995156
41763995269
41763995305
41763995124
41763995400
41763995105
41763995292
41763995233
41763995239
41763995861
41763995284
41763995196
41763995558
41763995434
41763995114
41763995102
41763995083
41763995153
41763995740
41763995245
41763995359
41763995789
41763995477
41763995250
41763995286
41763995100
41763995182
41763995828
41763995136
41763995524
41763995254
41763995455
41763995265
41763995145
41763995276
41763995297
41763995191
41763995137
41763995160
41763995309
41763995829
41763995474
41763995570
41763995304
41763995657
41763995295
41763995311
41763995230
41763995557
41763995671
41763995519
41763995192
41763995811
41763995531
41763995413
41763995200
41763995504
41763995263
41763995503
41763995380
41763995188
41763995579
41763995525
41763995330
41763995410
41763995754
41763995432
41763995361
41763995951
41763995768
41763995914
41763995668
41763995405
41763995350
41763995615
41763995606
41763995729
41763995199
41763995576
41763995715
41763995631
41763995632
41763995301
41763995505
41763995639
41763995321
41763995368
41763995401
41763995603
41763995542
41763995551
41763995458
41763995259
41763995607
41763995561
41763995452
41763995502
41763995462
41763995990
41763995442
41763995585
41763995939
41763995390
41763995515
41763995338
41763995485
41763995786
41763995103
41763995433
41763995469
41763995553
41763995552
41763995203
41763995696
41763995268
41763995580
41763995761
41763995705
41763995574
41763995980
41763995453
41763995219
41763995594
41763995760
41763995970
41763995224
41763995459
41763995586
41763995855
41763995633
41763995099
41763995516
41763995726
41763995457
41763995972
41763995564
41763995381
41763995965
41763995807
41763995337
41763995339
41763995683
41763995596
41763995629
41763995451
41763995831
41763995550
41763995460
41763995731
41763995334
41763995341
41763995623
41763995238
41763995501
41763995581
41763995331
41763995654
41763995549
41763995934
41763995979
41763995617
41763995762
41763995554
41763995787
41763995358
41763995805
41763995415
41763995872
41763995335
41763995685
41763995472
41763995210
41763995653
41763995336
41763995788
41763995838
41763995483
41763995598
41763995450
41763995691
41763995749
41763995517
41763995652
41763995357
41763995888
41763995471
41763995661
41763995635
41763995492
41763995559
41763995556
41763995511
41763995479
41763995819
41763995670
41763995484
41763995369
41763995969
41763995742
41763995658
41763995352
41763995543
41763995771
41763995860
41763995590
41763995520
41763995272
41763995868
41763995513
41763995680
41763995123
41763995857
41763995663
41763995566
41763995355
41763995793
41763995521
41763995912
41763995548
41763995832
41763995834
41763995927
41763995699
41763995963
41763995930
41763995356
41763995734
41763995572
41763995776
41763995500
41763995880
41763995794
41763995772
41763995529
41763995509
41763995940
41763995636
41763995571
41763995845
41763995547
41763995537
41763995523
41763995643
41763995822
41763995682
41763995883
41763995809
41763995688
41763995637
41763995464
41763995340
41763995850
41763995575
41763995936
41763995871
41763995844
41763995676
41763995383
41763995620
41763995721
41763995679
41763995569
41763995949
41763995778
41763995602
41763995956
41763995498
41763995922
41763995430
41763995931
41763995700
41763995961
41763995619
41763995719
41763995630
41763995921
41763995659
41763995858
41763995882
41763995660
41763995212
41763995506
41763995641
41763995649
41763995881
41763995756
41763995704
41763995803
41763995526
41763995997
41763995540
41763995823
41763995833
41763995724
41763995567
41763995666
41763995887
41763995545
41763995698
41763995510
41763995966
41763995905
41763995896
41763995599
41763995422
41763995767
41763995508
41763995377
41763995644
41763995665
41763995605
41763995954
41763995697
41763995977
41763995757
41763995710
41763995667
41763995614
41763995955
41763995960
41763995894
41763995775
41763995530
41763995656
41763995673
41763995560
41763995945
41763995727
41763995901
41763995723
41763995589
41763995650
41763995821
41763995846
41763995904
41763995933
41763995899
41763995885
41763995812
41763995917
41763995780
41763995777
41763995974
41763995983
41763995399
41763995981
41763995708
41763995797
41763995944
41763995884
41763995770
41763995900
41763995773
41763995847
41763995928
41763995677
41763995973
41763995468
41763995856
41763995957
41763995978
41763995703
41763995996
41763995875
41763995738
41763995522
41763995959
41763995929
41763995892
41763995730
41763995967
41763995758
41763995532
41763995386
41763995994
41763995792
41763995877
41763995737
41763995418
41763995971
41763995915
41763995689
41763995752
41763995866
41763995869
41763995628
41763995722
41763995840
41763995779
41763995795
41763995897
41763995964
41763994000
41763994014
41763994009
41763994033
41763994003
41763994029
41763994002
41763994015
41763994020
41763994024
41763994023
41763994012
41763994011
41763994013
41763994022
41763994100
41763994224
41763994038
41763994182
41763994076
41763994086
41763994204
41763994064
41763994111
41763994080
41763994091
41763994102
41763994043
41763994050
41763994115
41763994048
41763994283
41763994092
41763994108
41763994057
41763994061
41763994325
41763994142
41763994165
41763994085
41763994060
41763994163
41763994200
41763994235
41763994187
41763994170
41763994265
41763994039
41763994176
41763994221
41763994244
41763994246
41763994073
41763994251
41763994177
41763994105
41763994041
41763994119
41763994285
41763994117
41763994109
41763994263
41763994075
41763994316
41763994088
41763994308
41763994066
41763994093
41763994160
41763994184
41763994171
41763994072
41763994116
41763994049
41763994145
41763994104
41763994166
41763994077
41763994301
41763994240
41763994331
41763994114
41763994089
41763994153
41763994162
41763994133
41763994123
41763994132
41763994103
41763994118
41763994231
41763994079
41763994257
41763994106
41763994120
41763994141
41763994084
41763994241
41763994188
41763994179
41763994053
41763994332
41763994287
41763994340
41763994234
41763994181
41763994074
41763994267
41763994121
41763994211
41763994324
41763994067
41763994172
41763994155
41763994279
41763994125
41763994309
41763994150
41763994230
41763994252
41763994273
41763994315
41763994243
41763994107
41763994078
41763994214
41763994277
41763994174
41763994202
41763994356
41763994355
41763994190
41763994341
41763994222
41763994219
41763994259
41763994266
41763994215
41763994227
41763994248
41763994330
41763994237
41763994157
41763994352
41763994056
41763994250
41763994217
41763994323
41763994223
41763994183
41763994337
41763994284
41763994298
41763994272
41763994195
41763994278
41763994326
41763994143
41763994344
41763994191
41763994291
41763994262
41763994303
41763994253
41763994294
41763994254
41763994152
41763994280
41763994334
41763994232
41763994295
41763994201
41763994302
41763994333
41763994238
41763994186
41763994210
41763994338
41763994347
41763994313
41763994292
41763994307
41763994264
41763994271
41763994236
41763994297
41763994358
41763994290
41763994335
41763994361
41763994384
41763994383
41763994366
41763994377
41763994368
41763994371
41763994363
41763994370
41763994375
41763994386
41763994389
41763994387
41763994402
41763994414
41763994466
41763994456
41763994515
41763994502
41763994500
41763994544
41763994438
41763994444
41763994424
41763994400
41763994504
41763994434
41763994470
41763994535
41763994395
41763994585
41763994552
41763994469
41763994478
41763994471
41763994549
41763994477
41763994407
41763994649
41763994446
41763994648
41763994441
41763994420
41763994644
41763994695
41763994537
41763994404
41763994641
41763994492
41763994412
41763994672
41763994392
41763994485
41763994564
41763994635
41763994419
41763994403
41763994458
41763994530
41763994430
41763994482
41763994521
41763994528
41763994620
41763994531
41763994560
41763994576
41763994532
41763994409
41763994654
41763994484
41763994493
41763994394
41763994411
41763994440
41763994476
41763994463
41763994496
41763994584
41763994555
41763994610
41763994512
41763994661
41763994616
41763994442
41763994445
41763994595
41763994682
41763994681
41763994481
41763994449
41763994533
41763994600
41763994416
41763994550
41763994647
41763994559
41763994457
41763994405
41763994490
41763994462
41763994630
41763994679
41763994633
41763994613
41763994497
41763994668
41763994421
41763994570
41763994673
41763994557
41763994507
41763994702
41763994522
41763994566
41763994604
41763994662
41763994543
41763994448
41763994547
41763994582
41763994637
41763994563
41763994711
41763994565
41763994501
41763994472
41763994480
41763994683
41763994417
41763994656
41763994473
41763994505
41763994548
41763994577
41763994698
41763994551
41763994701
41763994666
41763994670
41763994452
41763994650
41763994603
41763994460
41763994597
41763994694
41763994542
41763994664
41763994646
41763994601
41763994475
41763994511
41763994607
41763994593
41763994618
41763994677
41763994657
41763994639
41763994687
41763994645
41763994579
41763994596
41763994660
41763994688
41763994629
41763994700
41763994568
41763994696
41763994642
41763994606
41763994655
41763994710
41763994663
41763994589
41763994692
41763994558
41763994665
41763994699
41763994704
41763994743
41763994741
41763994716
41763994745
41763994744
41763994735
41763994721
41763994718
41763994733
41763994720
41763994729
41763994722
41763994773
41763994776
41763994779
41763994749
41763994790
41763994754
41763994764
41763994748
41763994755
41763994804
41763994806
41763994766
41763994794
41763994752
41763994753
41763994777
41763994767
41763994757
41763994795
41763994758
41763994751
41763994802
41763994756
41763994778
41763994805
41763994784
41763994769
41763994796
41763994808
41763994793
41763994787
41763994849
41763994842
41763994855
41763994865
41763994853
41763994856
41763994813
41763994825
41763994830
41763994810
41763994838
41763994826
41763994820
41763994816
41763994877
41763994839
41763994888
41763994862
41763994819
41763994860
41763994832
41763994859
41763994883
41763994844
41763994878
41763994872
41763994863
41763994858
41763994822
41763994828
41763994848
41763994841
41763994861
41763994880
41763994847
41763994864
41763994870
41763994866
41763994850
41763994892
41763994874
41763994909
41763994952
41763994916
41763994980
41763994946
41763994942
41763994918
41763994957
41763994917
41763994977
41763994919
41763994981
41763994953
41763994907
41763994951
41763994923
41763994931
41763994971
41763994950
41763994912
41763994900
41763994943
41763994904
41763994929
41763994926
41763994983
41763994966
41763994944
41763994961
41763994975
41763994956
41763994914
41763994921
41763994913
41763994949
41763994970
41763994945
41763994910
41763994908
41763994934
41763994922
41763994905
41763994960
41763994963
41763994973
41763994976
41763994968
41763994985
41763994990
41763994995
41763994988
41763994993
41763994989
41763994991
41763994992
41763994998
41763996019
41763996002
41763996011
41763996010
41763996016
41763996005
41763996031
41763996001
41763996015
41763996008
41763996032
41763996017
41763996018
41763996013
41763996023
41763996006
41763996003
41763996033
41763996004
41763996020
41763996028
41763996041
41763996057
41763996048
41763996117
41763996214
41763996238
41763996247
41763996025
41763996260
41763996090
41763996111
41763996339
41763996108
41763996089
41763996071
41763996052
41763996051
41763996039
41763996060
41763996184
41763996255
41763996141
41763996225
41763996137
41763996360
41763996237
41763996038
41763996162
41763996191
41763996103
41763996157
41763996272
41763996240
41763996037
41763996046
41763996047
41763996536
41763996445
41763996196
41763996308
41763996158
41763996163
41763996036
41763996049
41763996161
41763996054
41763996072
41763996107
41763996066
41763996076
41763996098
41763996044
41763996250
41763996061
41763996115
41763996484
41763996244
41763996171
41763996112
41763996087
41763996128
41763996136
41763996172
41763996325
41763996578
41763996150
41763996106
41763996126
41763996043
41763996230
41763996289
41763996227
41763996040
41763996169
41763996259
41763996254
41763996123
41763996119
41763996050
41763996366
41763996433
41763996065
41763996124
41763996168
41763996145
41763996432
41763996243
41763996063
41763996348
41763996266
41763996147
41763996276
41763996156
41763996109
41763996219
41763996228
41763996333
41763996129
41763996264
41763996271
41763996299
41763996211
41763996425
41763996280
41763996270
41763996309
41763996559
41763996116
41763996077
41763996110
41763996199
41763996365
41763996535
41763996079
41763996251
41763996298
41763996287
41763996121
41763996223
41763996324
41763996263
41763996371
41763996447
41763996427
41763996166
41763996510
41763996379
41763996866
41763996388
41763996203
41763996488
41763996331
41763996669
41763996300
41763996235
41763996188
41763996283
41763996519
41763996178
41763996589
41763996277
41763996575
41763996332
41763996120
41763996275
41763996538
41763996204
41763996186
41763996455
41763996353
41763996459
41763996155
41763996410
41763996781
41763996426
41763996140
41763996356
41763996546
41763996344
41763996611
41763996464
41763996180
41763996871
41763996443
41763996304
41763996712
41763996906
41763996544
41763996153
41763996990
41763996396
41763996969
41763996922
41763996398
41763996390
41763996286
41763996167
41763996401
41763996207
41763996096
41763996728
41763996355
41763996399
41763996181
41763996085
41763996540
41763996370
41763996293
41763996292
41763996387
41763996422
41763996627
41763996424
41763996302
41763996543
41763996206
41763996621
41763996382
41763996905
41763996101
41763996691
41763996656
41763996146
41763996529
41763996498
41763996737
41763996200
41763996768
41763996170
41763996367
41763996925
41763996359
41763996226
41763996626
41763996142
41763996477
41763996615
41763996545
41763996409
41763996278
41763996444
41763996099
41763996408
41763996676
41763996335
41763996482
41763996560
41763996699
41763996809
41763996568
41763996326
41763996213
41763996760
41763996811
41763996556
41763996252
41763996628
41763996752
41763996552
41763996465
41763996222
41763996722
41763996773
41763996903
41763996363
41763996118
41763996593
41763996577
41763996608
41763996407
41763996503
41763996584
41763996336
41763996527
41763996649
41763996187
41763996714
41763996512
41763996776
41763996463
41763996629
41763996565
41763996617
41763996209
41763996448
41763996451
41763996962
41763996305
41763996788
41763996624
41763996246
41763996274
41763996692
41763996317
41763996606
41763996416
41763996675
41763996528
41763996660
41763996774
41763996650
41763996334
41763996554
41763996318
41763996411
41763996439
41763996525
41763996726
41763996744
41763996313
41763996804
41763996368
41763996971
41763996644
41763996492
41763996640
41763996500
41763996665
41763996771
41763996603
41763996395
41763996671
41763996364
41763996718
41763996539
41763996863
41763996759
41763996310
41763996944
41763996749
41763996231
41763996677
41763996678
41763996651
41763996789
41763996855
41763996405
41763996515
41763996801
41763996393
41763996586
41763996698
41763996599
41763996566
41763996800
41763996321
41763996582
41763996857
41763996723
41763996531
41763996792
41763996542
41763996803
41763996623
41763996596
41763996756
41763996635
41763996609
41763996646
41763996571
41763996303
41763996662
41763996494
41763996658
41763996908
41763996663
41763996716
41763996307
41763996879
41763996383
41763996558
41763996630
41763996735
41763996631
41763996661
41763996912
41763996686
41763996740
41763996670
41763996836
41763996821
41763996727
41763996446
41763996842
41763996588
41763996469
41763996369
41763996767
41763996834
41763996694
41763996346
41763996960
41763996430
41763996730
41763996600
41763996441
41763996345
41763996322
41763996580
41763996436
41763996610
41763996828
41763996966
41763996648
41763996946
41763996779
41763996881
41763996853
41763996690
41763996917
41763996770
41763996695
41763996861
41763996796
41763996924
41763996514
41763996794
41763996452
41763996428
41763996955
41763996457
41763996778
41763996950
41763996939
41763996888
41763996700
41763996380
41763996964
41763996981
41763996674
41763996780
41763996891
41763996655
41763996684
41763996681
41763996989
41763996808
41763996696
41763996926
41763996524
41763996668
41763996959
41763996705
41763996513
41763996619
41763996919
41763996949
41763996585
41763996961
41763996887
41763996898
41763996864
41763996693
41763996932
41763996633
41763996928
41763996992
41763996466
41763996746
41763996724
41763996820
41763996682
41763996851
41763996657
41763996948
41763996467
41763996921
41763996909
41763996973
41763996697
41763996972
41763996812
41763996474
41763996929
41763996782
41763996979
41763996729
41763996848
41763996830
41763996933
41763996900
41763996793
41763996868
41763996570
41763996823
41763996806
41763996743
41763996814
41763996601
41763996473
41763996597
41763996849
41763996711
41763996985
41763996869
41763996986
41763996533
41763996867
41763996910
41763996683
41763996994
41763996876
41763996732
41763996996
41763996813
41763996880
41763996496
41763996913
41763996899
41763996750
41763996860
41763996835
41763996639
41763996523
41763996941
41763996991
41763996643
41763996738
41763996654
41763996461
41763996733
41763996878
41763996965
41763996504
41763996883
41763996936
41763996772
41763996604
41763996786
41763996963
41763996666
41763996616
41763996953
41763996945
41763996980
41763996472
41763996877
41763996882
41763996976
41763996918
41763996845
41763996997
41763996901
41763996957
41763990000
41763990030
41763990023
41763990021
41763990007
41763990006
41763990001
41763990029
41763990012
41763990003
41763990025
41763990005
41763990018
41763990014
41763990015
41763990032
41763990020
41763990026
41763990004
41763990009
41763990028
41763990011
41763990027
41763990033
41763990072
41763990089
41763990100
41763990055
41763990213
41763990046
41763990114
41763990151
41763990304
41763990038
41763990036
41763990247
41763990245
41763990081
41763990077
41763990035
41763990054
41763990044
41763990051
41763990050
41763990049
41763990091
41763990092
41763990085
41763990110
41763990187
41763990119
41763990095
41763990101
41763990118
41763990064
41763990099
41763990209
41763990061
41763990111
41763990165
41763990210
41763990034
41763990266
41763990226
41763990285
41763990043
41763990162
41763990256
41763990235
41763990104
41763990071
41763990258
41763990326
41763990074
41763990337
41763990309
41763990244
41763990207
41763990142
41763990112
41763990039
41763990057
41763990262
41763990102
41763990090
41763990159
41763990120
41763990124
41763990158
41763990282
41763990229
41763990179
41763990222
41763990154
41763990197
41763990082
41763990097
41763990069
41763990108
41763990317
41763990333
41763990271
41763990353
41763990116
41763990320
41763990053
41763990341
41763990139
41763990103
41763990052
41763990352
41763990295
41763990175
41763990239
41763990045
41763990183
41763990105
41763990298
41763990127
41763990291
41763990215
41763990164
41763990249
41763990203
41763990345
41763990344
41763990133
41763990200
41763990238
41763990080
41763990211
41763990181
41763990301
41763990287
41763990117
41763990318
41763990096
41763990281
41763990204
41763990260
41763990098
41763990128
41763990299
41763990195
41763990063
41763990106
41763990268
41763990308
41763990129
41763990150
41763990131
41763990216
41763990148
41763990265
41763990230
41763990267
41763990137
41763990257
41763990236
41763990152
41763990186
41763990276
41763990269
41763990329
41763990202
41763990199
41763990109
41763990193
41763990086
41763990310
41763990073
41763990228
41763990218
41763990237
41763990166
41763990168
41763990252
41763990322
41763990306
41763990313
41763990126
41763990190
41763990328
41763990300
41763990246
41763990188
41763990270
41763990331
41763990289
41763990174
41763990330
41763990358
41763990255
41763990254
41763990160
41763990206
41763990224
41763990208
41763990302
41763990290
41763990277
41763990177
41763990189
41763990278
41763990316
41763990169
41763990334
41763990182
41763990217
41763990354
41763990122
41763990176
41763990297
41763990274
41763990227
41763990351
41763990180
41763990243
41763990311
41763990336
41763990339
41763990259
41763990205
41763990355
41763990315
41763990350
41763990294
41763990212
41763990332
41763990307
41763990324
41763990384
41763990386
41763990374
41763990360
41763990383
41763990387
41763990388
41763990359
41763990363
41763990375
41763990366
41763990361
41763990372
41763990368
41763990362
41763990369
41763990376
41763990390
41763990367
41763990364
41763990373
41763990385
41763990389
41763990400
41763990428
41763990492
41763990434
41763990499
41763990522
41763990396
41763990433
41763990485
41763990405
41763990429
41763990415
41763990447
41763990426
41763990409
41763990473
41763990410
41763990430
41763990604
41763990419
41763990391
41763990395
41763990507
41763990397
41763990416
41763990543
41763990442
41763990535
41763990424
41763990444
41763990451
41763990512
41763990564
41763990597
41763990468
41763990394
41763990588
41763990471
41763990582
41763990436
41763990671
41763990606
41763990489
41763990440
41763990584
41763990427
41763990609
41763990417
41763990421
41763990625
41763990655
41763990398
41763990711
41763990704
41763990579
41763990393
41763990462
41763990448
41763990501
41763990506
41763990463
41763990632
41763990554
41763990538
41763990502
41763990640
41763990561
41763990613
41763990402
41763990568
41763990515
41763990575
41763990685
41763990539
41763990505
41763990565
41763990550
41763990494
41763990666
41763990422
41763990509
41763990469
41763990587
41763990646
41763990636
41763990523
41763990612
41763990616
41763990546
41763990707
41763990532
41763990530
41763990508
41763990656
41763990418
41763990552
41763990643
41763990540
41763990712
41763990694
41763990491
41763990569
41763990484
41763990703
41763990693
41763990578
41763990586
41763990449
41763990406
41763990675
41763990414
41763990450
41763990629
41763990437
41763990572
41763990603
41763990624
41763990660
41763990623
41763990664
41763990576
41763990696
41763990556
41763990607
41763990435
41763990620
41763990413
41763990618
41763990559
41763990631
41763990698
41763990593
41763990700
41763990562
41763990590
41763990644
41763990581
41763990500
41763990560
41763990503
41763990567
41763990533
41763990669
41763990665
41763990571
41763990458
41763990580
41763990697
41763990684
41763990668
41763990517
41763990692
41763990654
41763990511
41763990709
41763990683
41763990626
41763990673
41763990510
41763990621
41763990483
41763990708
41763990670
41763990577
41763990573
41763990488
41763990638
41763990639
41763990641
41763990695
41763990566
41763990525
41763990496
41763990652
41763990474
41763990520
41763990661
41763990713
41763990611
41763990602
41763990524
41763990601
41763990519
41763990648
41763990710
41763990627
41763990548
41763990545
41763990701
41763990679
41763990610
41763990598
41763990521
41763990595
41763990645
41763990615
41763990653
41763990690
41763990529
41763990574
41763990622
41763990667
41763990544
41763990600
41763990702
41763990688
41763990719
41763990717
41763990722
41763990744
41763990729
41763990738
41763990745
41763990720
41763990725
41763990731
41763990724
41763990726
41763990716
41763990718
41763990746
41763990723
41763990739
41763990783
41763990785
41763990809
41763990750
41763990790
41763990765
41763990791
41763990770
41763990752
41763990802
41763990793
41763990804
41763990762
41763990799
41763990774
41763990808
41763990782
41763990755
41763990759
41763990803
41763990754
41763990769
41763990764
41763990781
41763990805
41763990801
41763990771
41763990761
41763990777
41763990806
41763990807
41763990787
41763990775
41763990837
41763990828
41763990852
41763990810
41763990813
41763990838
41763990818
41763990825
41763990820
41763990846
41763990819
41763990865
41763990839
41763990864
41763990824
41763990822
41763990869
41763990831
41763990815
41763990842
41763990854
41763990812
41763990811
41763990867
41763990816
41763990829
41763990861
41763990835
41763990840
41763990851
41763990848
41763990868
41763990853
41763990866
41763990925
41763990871
41763990903
41763990877
41763990929
41763990878
41763990895
41763990915
41763990910
41763990893
41763990922
41763990923
41763990888
41763990904
41763990918
41763990912
41763990911
41763990905
41763990884
41763990898
41763990906
41763990894
41763990886
41763990908
41763990881
41763990880
41763990874
41763990907
41763990875
41763990897
41763990917
41763990927
41763990909
41763990928
41763990883
41763990913
41763990901
41763990919
41763990921
41763990939
41763990993
41763990955
41763990949
41763990938
41763990934
41763990963
41763990985
41763990974
41763990994
41763990965
41763990966
41763990932
41763990973
41763990952
41763990960
41763990935
41763990964
41763990979
41763990981
41763990992
41763990982
41763990956
41763990941
41763990995
41763990969
41763990957
41763990977
41763990947
41763990978
41763990967
41763990959
41763990970
41763990951
41763990996
41763990946
41763990990
41763990989
41763990991
41763990997
41763999000
41763999002
41763999007
41763999018
41763999008
41763999010
41763999003
41763999024
41763999006
41763999005
41763999013
41763999009
41763999015
41763999019
41763999030
41763999023
41763999011
41763999028
41763999031
41763999026
41763999001
41763999029
41763999071
41763999206
41763999300
41763999042
41763999040
41763999039
41763999116
41763999152
41763999193
41763999046
41763999049
41763999061
41763999060
41763999095
41763999054
41763999132
41763999315
41763999077
41763999356
41763999092
41763999075
41763999190
41763999371
41763999078
41763999081
41763999093
41763999170
41763999112
41763999113
41763999108
41763999076
41763999091
41763999044
41763999066
41763999106
41763999062
41763999121
41763999325
41763999294
41763999148
41763999180
41763999166
41763999391
41763999321
41763999220
41763999141
41763999057
41763999236
41763999070
41763999086
41763999260
41763999268
41763999131
41763999129
41763999231
41763999069
41763999073
41763999251
41763999288
41763999067
41763999102
41763999059
41763999038
41763999068
41763999160
41763999089
41763999198
41763999357
41763999219
41763999157
41763999168
41763999163
41763999310
41763999512
41763999406
41763999140
41763999250
41763999365
41763999178
41763999082
41763999275
41763999238
41763999424
41763999279
41763999326
41763999331
41763999079
41763999150
41763999107
41763999374
41763999174
41763999379
41763999274
41763999278
41763999104
41763999182
41763999264
41763999127
41763999133
41763999136
41763999460
41763999481
41763999285
41763999210
41763999119
41763999298
41763999096
41763999230
41763999207
41763999147
41763999415
41763999330
41763999583
41763999444
41763999447
41763999351
41763999153
41763999473
41763999418
41763999466
41763999237
41763999088
41763999516
41763999266
41763999184
41763999181
41763999259
41763999120
41763999281
41763999156
41763999596
41763999531
41763999094
41763999047
41763999507
41763999389
41763999189
41763999589
41763999146
41763999117
41763999409
41763999308
41763999134
41763999205
41763999192
41763999118
41763999501
41763999528
41763999109
41763999202
41763999123
41763999397
41763999549
41763999586
41763999249
41763999419
41763999401
41763999200
41763999372
41763999405
41763999433
41763999393
41763999201
41763999819
41763999169
41763999214
41763999367
41763999280
41763999498
41763999223
41763999329
41763999377
41763999495
41763999301
41763999293
41763999859
41763999241
41763999245
41763999748
41763999255
41763999547
41763999324
41763999103
41763999462
41763999668
41763999177
41763999155
41763999790
41763999479
41763999319
41763999416
41763999753
41763999313
41763999515
41763999652
41763999124
41763999213
41763999355
41763999139
41763999567
41763999752
41763999411
41763999265
41763999332
41763999542
41763999691
41763999296
41763999505
41763999779
41763999499
41763999244
41763999430
41763999827
41763999277
41763999571
41763999898
41763999805
41763999208
41763999175
41763999302
41763999483
41763999240
41763999655
41763999611
41763999645
41763999446
41763999676
41763999768
41763999185
41763999373
41763999809
41763999480
41763999618
41763999345
41763999661
41763999881
41763999672
41763999514
41763999468
41763999404
41763999422
41763999257
41763999194
41763999363
41763999254
41763999403
41763999593
41763999317
41763999497
41763999204
41763999696
41763999455
41763999380
41763999396
41763999183
41763999559
41763999420
41763999577
41763999617
41763999599
41763999212
41763999663
41763999552
41763999587
41763999199
41763999529
41763999543
41763999886
41763999510
41763999432
41763999364
41763999336
41763999951
41763999399
41763999844
41763999986
41763999272
41763999540
41763999590
41763999705
41763999434
41763999344
41763999427
41763999509
41763999684
41763999833
41763999911
41763999636
41763999487
41763999284
41763999601
41763999465
41763999609
41763999333
41763999666
41763999635
41763999887
41763999724
41763999474
41763999671
41763999776
41763999520
41763999457
41763999461
41763999292
41763999628
41763999233
41763999394
41763999633
41763999282
41763999439
41763999754
41763999682
41763999553
41763999817
41763999316
41763999536
41763999708
41763999438
41763999464
41763999449
41763999695
41763999638
41763999458
41763999804
41763999548
41763999710
41763999775
41763999561
41763999771
41763999634
41763999467
41763999323
41763999788
41763999311
41763999656
41763999647
41763999732
41763999352
41763999606
41763999437
41763999780
41763999456
41763999772
41763999369
41763999704
41763999760
41763999485
41763999643
41763999659
41763999412
41763999591
41763999584
41763999563
41763999443
41763999721
41763999494
41763999793
41763999905
41763999900
41763999619
41763999894
41763999796
41763999961
41763999564
41763999750
41763999533
41763999678
41763999856
41763999463
41763999608
41763999513
41763999733
41763999597
41763999726
41763999923
41763999770
41763999506
41763999592
41763999714
41763999335
41763999743
41763999801
41763999816
41763999734
41763999895
41763999885
41763999774
41763999692
41763999537
41763999697
41763999573
41763999395
41763999519
41763999728
41763999698
41763999903
41763999964
41763999612
41763999807
41763999737
41763999598
41763999969
41763999554
41763999191
41763999839
41763999735
41763999544
41763999949
41763999681
41763999614
41763999580
41763999820
41763999838
41763999763
41763999876
41763999896
41763999843
41763999791
41763999654
41763999972
41763999980
41763999701
41763999570
41763999821
41763999624
41763999626
41763999822
41763999229
41763999806
41763999688
41763999842
41763999603
41763999451
41763999781
41763999558
41763999758
41763999996
41763999744
41763999642
41763999574
41763999739
41763999877
41763999687
41763999719
41763999853
41763999889
41763999865
41763999749
41763999860
41763999812
41763999741
41763999848
41763999950
41763999707
41763999832
41763999766
41763999826
41763999627
41763999869
41763999723
41763999875
41763999811
41763999679
41763999740
41763999824
41763999813
41763999913
41763999962
41763999828
41763999937
41763999232
41763999662
41763999850
41763999798
41763999902
41763999939
41763999864
41763999823
41763999899
41763999783
41763999794
41763999616
41763999956
41763999818
41763999846
41763999966
41763999953
41763999873
41763999857
41763999297
41763999892
41763999863
41763999694
41763999997
41763999664
41763999993
41763999919
41763999841
41763999808
41763999960
41763999982
41763999717
41763999941
41763999924
41763999777
41763999983
41763999866
41763999868
41763999511
41763999773
41763993001
41763993010
41763993006
41763993012
41763993015
41763993008
41763993005
41763993019
41763993007
41763993003
41763993031
41763993018
41763993004
41763993021
41763993002
41763993030
41763993013
41763993027
41763993022
41763993014
41763993023
41763993024
41763993020
41763993121
41763993127
41763993266
41763993090
41763993101
41763993118
41763993037
41763993075
41763993050
41763993069
41763993057
41763993116
41763993072
41763993151
41763993152
41763993049
41763993033
41763993041
41763993182
41763993064
41763993145
41763993051
41763993177
41763993036
41763993100
41763993346
41763993067
41763993167
41763993125
41763993273
41763993172
41763993130
41763993071
41763993337
41763993092
41763993267
41763993221
41763993034
41763993109
41763993134
41763993123
41763993063
41763993187
41763993559
41763993042
41763993453
41763993044
41763993043
41763993194
41763993046
41763993321
41763993107
41763993061
41763993106
41763993331
41763993340
41763993202
41763993080
41763993201
41763993354
41763993102
41763993169
41763993091
41763993400
41763993225
41763993226
41763993663
41763993205
41763993084
41763993272
41763993096
41763993076
41763993246
41763993287
41763993240
41763993325
41763993153
41763993264
41763993717
41763993238
41763993097
41763993224
41763993197
41763993179
41763993342
41763993207
41763993282
41763993133
41763993129
41763993233
41763993372
41763993516
41763993119
41763993434
41763993115
41763993345
41763993164
41763993242
41763993378
41763993139
41763993170
41763993083
41763993312
41763993103
41763993200
41763993563
41763993230
41763993149
41763993120
41763993237
41763993384
41763993449
41763993338
41763993068
41763993330
41763993410
41763993291
41763993199
41763993535
41763993433
41763993218
41763993341
41763993309
41763993482
41763993247
41763993414
41763993176
41763993536
41763993439
41763993619
41763993389
41763993349
41763993562
41763993554
41763993803
41763993198
41763993311
41763993146
41763993217
41763993440
41763993229
41763993633
41763993356
41763993377
41763993447
41763993060
41763993829
41763993670
41763993569
41763993315
41763993307
41763993322
41763993458
41763993173
41763993302
41763993452
41763993351
41763993366
41763993328
41763993111
41763993161
41763993275
41763993144
41763993122
41763993476
41763993380
41763993095
41763993578
41763993208
41763993419
41763993363
41763993189
41763993753
41763993785
41763993444
41763993353
41763993728
41763993548
41763993360
41763993236
41763993669
41763993539
41763993348
41763993343
41763993429
41763993270
41763993914
41763993386
41763993132
41763993065
41763993544
41763993379
41763993303
41763993508
41763993214
41763993188
41763993392
41763993659
41763993421
41763993503
41763993681
41763993816
41763993474
41763993227
41763993464
41763993257
41763993713
41763993841
41763993552
41763993479
41763993801
41763993469
41763993407
41763993395
41763993259
41763993809
41763993839
41763993835
41763993575
41763993605
41763993244
41763993290
41763993383
41763993215
41763993854
41763993401
41763993283
41763993398
41763993168
41763993245
41763993770
41763993138
41763993220
41763993885
41763993420
41763993549
41763993732
41763993313
41763993364
41763993241
41763993855
41763993586
41763993889
41763993463
41763993654
41763993601
41763993408
41763993749
41763993222
41763993570
41763993293
41763993776
41763993181
41763993766
41763993335
41763993716
41763993418
41763993499
41763993502
41763993943
41763993599
41763993597
41763993591
41763993547
41763993481
41763993286
41763993156
41763993443
41763993900
41763993375
41763993542
41763993350
41763993568
41763993371
41763993415
41763993874
41763993872
41763993323
41763993810
41763993645
41763993320
41763993296
41763993174
41763993327
41763993617
41763993462
41763993957
41763993908
41763993553
41763993705
41763993676
41763993909
41763993814
41763993376
41763993665
41763993454
41763993687
41763993520
41763993467
41763993700
41763993538
41763993891
41763993946
41763993707
41763993935
41763993567
41763993370
41763993805
41763993715
41763993493
41763993789
41763993735
41763993729
41763993300
41763993545
41763993906
41763993423
41763993641
41763993511
41763993642
41763993472
41763993986
41763993623
41763993431
41763993830
41763993390
41763993580
41763993430
41763993310
41763993693
41763993195
41763993558
41763993437
41763993624
41763993882
41763993637
41763993844
41763993465
41763993441
41763993813
41763993697
41763993530
41763993572
41763993537
41763993937
41763993870
41763993636
41763993571
41763993652
41763993522
41763993305
41763993658
41763993329
41763993456
41763993971
41763993485
41763993762
41763993445
41763993764
41763993703
41763993185
41763993566
41763993258
41763993442
41763993639
41763993709
41763993603
41763993598
41763993826
41763993737
41763993959
41763993612
41763993560
41763993607
41763993555
41763993745
41763993712
41763993738
41763993385
41763993958
41763993666
41763993527
41763993834
41763993936
41763993926
41763993541
41763993747
41763993934
41763993662
41763993635
41763993435
41763993649
41763993736
41763993884
41763993494
41763993961
41763993695
41763993336
41763993577
41763993883
41763993995
41763993796
41763993767
41763993223
41763993411
41763993581
41763993838
41763993388
41763993699
41763993832
41763993667
41763993853
41763993692
41763993797
41763993677
41763993881
41763993773
41763993432
41763993710
41763993634
41763993917
41763993704
41763993869
41763993799
41763993651
41763993800
41763993856
41763993807
41763993515
41763993608
41763993953
41763993779
41763993507
41763993777
41763993973
41763993698
41763993859
41763993787
41763993960
41763993672
41763993945
41763993448
41763993711
41763993939
41763993788
41763993989
41763993751
41763993898
41763993848
41763993846
41763993792
41763993865
41763993990
41763993944
41763993477
41763993808
41763993949
41763993752
41763993627
41763993616
41763993708
41763993614
41763993505
41763993759
41763993886
41763993543
41763993905
41763993483
41763993798
41763993725
41763993234
41763993913
41763993731
41763993721
41763993833
41763993942
41763993878
41763993983
41763993928
41763993772
41763993561
41763993930
41763993740
41763993523
41763993724
41763993991
41763993793
41763993427
41763993907
41763993778
41763993685
41763993894
41763993932
41763993686
41763993783
41763993929
41763993968
41763993734
41763993997
41763993963
41763993919
41763993888
41763993879
41763993972
41763993950
41763993956
41763993921
41763993893
41763993982
41763993976
41763993962
41763993596
41763993970
41763993683
41763993904
41763993255
41763993428
41763993632
41763993871
41763993902
41763993954
41763993587
41763993694
41763991031
41763991018
41763991025
41763991001
41763991011
41763991027
41763991023
41763991016
41763991029
41763991134
41763991173
41763991070
41763991039
41763991049
41763991299
41763991046
41763991168
41763991055
41763991042
41763991197
41763991109
41763991019
41763991094
41763991034
41763991013
41763991119
41763991080
41763991243
41763991082
41763991084
41763991159
41763991400
41763991098
41763991105
41763991077
41763991044
41763991269
41763991033
41763991120
41763991127
41763991200
41763991008
41763991189
41763991063
41763991040
41763991424
41763991014
41763991404
41763991095
41763991099
41763991122
41763991208
41763991169
41763991285
41763991086
41763991249
41763991038
41763991270
41763991267
41763991096
41763991075
41763991125
41763991072
41763991307
41763991087
41763991237
41763991164
41763991315
41763991009
41763991477
41763991116
41763991081
41763991115
41763991291
41763991215
41763991228
41763991129
41763991030
41763991242
41763991240
41763991145
41763991190
41763991181
41763991403
41763991012
41763991294
41763991557
41763991437
41763991618
41763991537
41763991362
41763991193
41763991279
41763991071
41763991375
41763991263
41763991165
41763991391
41763991435
41763991056
41763991187
41763991254
41763991689
41763991541
41763991417
41763991288
41763991438
41763991135
41763991150
41763991337
41763991654
41763991380
41763991304
41763991214
41763991199
41763991753
41763991259
41763991413
41763991166
41763991231
41763991074
41763991321
41763991396
41763991118
41763991050
41763991518
41763991079
41763991236
41763991935
41763991060
41763991222
41763991310
41763991407
41763991283
41763991344
41763991144
41763991005
41763991340
41763991139
41763991151
41763991456
41763991540
41763991448
41763991387
41763991211
41763991562
41763991278
41763991439
41763991282
41763991460
41763991247
41763991589
41763991277
41763991212
41763991466
41763991292
41763991632
41763991284
41763991179
41763991681
41763991162
41763991363
41763991418
41763991350
41763991790
41763991311
41763991415
41763991346
41763991402
41763991028
41763991383
41763991140
41763991289
41763991227
41763991972
41763991369
41763991341
41763991255
41763991706
41763991021
41763991725
41763991108
41763991111
41763991617
41763991482
41763991112
41763991453
41763991274
41763991612
41763991651
41763991619
41763991367
41763991570
41763991353
41763991220
41763991478
41763991377
41763991520
41763991434
41763991615
41763991729
41763991406
41763991700
41763991705
41763991376
41763991137
41763991610
41763991603
41763991804
41763991412
41763991246
41763991469
41763991130
41763991230
41763991355
41763991691
41763991808
41763991765
41763991068
41763991312
41763991509
41763991676
41763991149
41763991253
41763991153
41763991779
41763991447
41763991756
41763991394
41763991295
41763991693
41763991202
41763991411
41763991599
41763991107
41763991322
41763991771
41763991171
41763991877
41763991100
41763991642
41763991379
41763991474
41763991317
41763991694
41763991302
41763991325
41763991423
41763991511
41763991041
41763991252
41763991652
41763991614
41763991384
41763991708
41763991515
41763991397
41763991920
41763991206
41763991571
41763991530
41763991331
41763991835
41763991833
41763991825
41763991508
41763991609
41763991870
41763991575
41763991480
41763991535
41763991465
41763991831
41763991789
41763991244
41763991106
41763991484
41763991567
41763991775
41763991628
41763991493
41763991323
41763991991
41763991500
41763991963
41763991216
41763991043
41763991661
41763991586
41763991631
41763991669
41763991408
41763991806
41763991563
41763991624
41763991334
41763991718
41763991978
41763991507
41763991399
41763991910
41763991320
41763991932
41763991298
41763991462
41763991622
41763991859
41763991843
41763991678
41763991837
41763991422
41763991604
41763991717
41763991265
41763991558
41763991121
41763991664
41763991684
41763991658
41763991795
41763991600
41763991796
41763991300
41763991539
41763991685
41763991446
41763991486
41763991989
41763991690
41763991426
41763991712
41763991510
41763991496
41763991123
41763991803
41763991682
41763991333
41763991740
41763991893
41763991841
41763991662
41763991454
41763991702
41763991884
41763991538
41763991960
41763991809
41763991623
41763991596
41763991553
41763991525
41763991458
41763991800
41763991990
41763991813
41763991414
41763991873
41763991147
41763991576
41763991516
41763991388
41763991158
41763991653
41763991875
41763991578
41763991659
41763991521
41763991711
41763991630
41763991846
41763991183
41763991882
41763991909
41763991457
41763991774
41763991731
41763991529
41763991472
41763991730
41763991885
41763991878
41763991497
41763991987
41763991881
41763991901
41763991371
41763991606
41763991864
41763991649
41763991024
41763991805
41763991117
41763991967
41763991641
41763991627
41763991167
41763991854
41763991719
41763991501
41763991988
41763991405
41763991198
41763991715
41763991491
41763991579
41763991879
41763991616
41763991385
41763991777
41763991533
41763991674
41763991443
41763991455
41763991679
41763991432
41763991722
41763991993
41763991445
41763991977
41763991608
41763991902
41763991390
41763991588
41763991959
41763991427
41763991670
41763991505
41763991981
41763991551
41763991889
41763991191
41763991668
41763991052
41763991224
41763991598
41763991850
41763991440
41763991442
41763991085
41763991152
41763991766
41763991647
41763991945
41763991513
41763991675
41763991488
41763991548
41763991504
41763991891
41763991209
41763991667
41763991942
41763991811
41763991886
41763991818
41763991471
41763991581
41763991650
41763991560
41763991699
41763991583
41763991696
41763991737
41763991914
41763991605
41763991947
41763991714
41763991710
41763991904
41763991911
41763991572
41763991697
41763991101
41763991629
41763991767
41763991319
41763991621
41763991817
41763991812
41763991867
41763991924
41763991634
41763991671
41763991020
41763991755
41763991966
41763991090
41763991545
41763991770
41763991853
41763991601
41763991195
41763991751
41763991692
41763991660
41763991234
41763991749
41763991936
41763991793
41763991939
41763991815
41763991178
41763991933
41763991951
41763991823
41763991721
41763991357
41763991906
41763991834
41763991093
41763991964
41763991934
41763991868
41763991971
41763991961
41763991896
41763991968
41763991687
41763991204
41763991002
41763991839
41763991392
41763991523
41763991680
41763991763
41763991045
41763991944
41763991026
41763991726
41763991986
41763991573
41763991956
41763991143
41763991792
41763991764
41763991342
41763991954
41763991953
41763991844
41763991791
41763991728
41763991750
41763991984
41763991010
41763991201
41763991305
41763991639
41763991707
41763991747
41763991957
41763991695
41763991550
41763991308
41763991958
41763991348
41763991982
41763991830
41763991459
41763991912
41763991686
41763991401
41763991965
41763991769
41763991419
41763991666
41763991485
41763991519
41763991937
41763991091
41763991851
41763991626
41763991132
41763991992
41763991574
41763991952
41763991161
41763991703
41763991927
41763991983
41763991146
41763991633
41763991506
41763991219
41763991876
41763991794
41763991845
41763991780
41763991941
41763991829
41763991838
41763991724
41763991810
41763991996
41763991905
41763991561
41763991555
41763991595
41763991713
41763991611
41763991739
41763991760
41763991824
41763991907
41763991976
41763991393
41763991801
41763991772
41763991858
41763991869
41763991665
41763991890
41763991064
41763991175
41763991656
41763991782
41763991888
41763991856
41763991917
41763991974
41763991076
41763991213
41763991398
41763991997
41763992000
41763992006
41763992019
41763992015
41763992001
41763992021
41763992002
41763992024
41763992012
41763992028
41763992029
41763992030
41763992004
41763992011
41763992013
41763992003
41763992018
41763992009
41763992025
41763992020
41763992026
41763992057
41763992069
41763992091
41763992101
41763992031
41763992050
41763992068
41763992110
41763992128
41763992232
41763992109
41763992108
41763992043
41763992053
41763992062
41763992197
41763992042
41763992052
41763992117
41763992114
41763992124
41763992105
41763992081
41763992120
41763992161
41763992183
41763992079
41763992051
41763992356
41763992219
41763992220
41763992045
41763992056
41763992127
41763992099
41763992049
41763992319
41763992086
41763992129
41763992202
41763992060
41763992103
41763992092
41763992054
41763992121
41763992047
41763992156
41763992331
41763992055
41763992089
41763992170
41763992212
41763992171
41763992186
41763992046
41763992065
41763992276
41763992179
41763992206
41763992358
41763992159
41763992309
41763992041
41763992144
41763992152
41763992201
41763992088
41763992126
41763992034
41763992221
41763992215
41763992180
41763992063
41763992119
41763992168
41763992204
41763992240
41763992113
41763992094
41763992078
41763992106
41763992190
41763992465
41763992272
41763992223
41763992228
41763992087
41763992075
41763992145
41763992143
41763992523
41763992477
41763992085
41763992469
41763992375
41763992096
41763992549
41763992600
41763992222
41763992130
41763992155
41763992675
41763992733
41763992321
41763992150
41763992239
41763992370
41763992214
41763992287
41763992513
41763992262
41763992390
41763992250
41763992475
41763992291
41763992498
41763992141
41763992747
41763992256
41763992704
41763992312
41763992274
41763992268
41763992775
41763992147
41763992279
41763992169
41763992388
41763992482
41763992438
41763992211
41763992459
41763992253
41763992283
41763992292
41763992306
41763992167
41763992192
41763992173
41763992149
41763992288
41763992417
41763992233
41763992334
41763992325
41763992504
41763992440
41763992330
41763992249
41763992404
41763992125
41763992532
41763992515
41763992811
41763992451
41763992539
41763992490
41763992627
41763992448
41763992327
41763992107
41763992455
41763992135
41763992315
41763992415
41763992304
41763992700
41763992218
41763992382
41763992217
41763992098
41763992493
41763992174
41763992311
41763992122
41763992323
41763992166
41763992333
41763992265
41763992405
41763992224
41763992661
41763992235
41763992345
41763992613
41763992795
41763992554
41763992151
41763992449
41763992466
41763992324
41763992489
41763992346
41763992662
41763992383
41763992500
41763992195
41763992766
41763992470
41763992357
41763992278
41763992580
41763992850
41763992134
41763992104
41763992332
41763992216
41763992392
41763992285
41763992295
41763992348
41763992270
41763992666
41763992533
41763992199
41763992178
41763992916
41763992258
41763992989
41763992559
41763992656
41763992225
41763992367
41763992538
41763992699
41763992339
41763992442
41763992303
41763992280
41763992865
41763992158
41763992205
41763992445
41763992399
41763992387
41763992739
41763992284
41763992473
41763992244
41763992478
41763992142
41763992612
41763992269
41763992553
41763992491
41763992607
41763992673
41763992595
41763992563
41763992915
41763992353
41763992520
41763992298
41763992602
41763992729
41763992579
41763992410
41763992313
41763992452
41763992663
41763992601
41763992752
41763992505
41763992365
41763992883
41763992188
41763992261
41763992362
41763992326
41763992242
41763992906
41763992560
41763992744
41763992483
41763992301
41763992245
41763992294
41763992395
41763992717
41763992531
41763992621
41763992608
41763992632
41763992434
41763992783
41763992502
41763992237
41763992888
41763992910
41763992350
41763992648
41763992416
41763992677
41763992825
41763992379
41763992408
41763992529
41763992859
41763992299
41763992758
41763992355
41763992177
41763992396
41763992163
41763992543
41763992945
41763992486
41763992633
41763992611
41763992655
41763992877
41763992736
41763992889
41763992463
41763992650
41763992406
41763992646
41763992257
41763992818
41763992374
41763992610
41763992207
41763992226
41763992987
41763992467
41763992297
41763992393
41763992641
41763992821
41763992726
41763992479
41763992227
41763992254
41763992512
41763992522
41763992308
41763992444
41763992806
41763992757
41763992424
41763992701
41763992293
41763992474
41763992584
41763992564
41763992372
41763992623
41763992302
41763992409
41763992510
41763992320
41763992895
41763992521
41763992902
41763992314
41763992341
41763992443
41763992772
41763992631
41763992582
41763992196
41763992578
41763992956
41763992528
41763992616
41763992917
41763992981
41763992679
41763992431
41763992683
41763992464
41763992705
41763992526
41763992400
41763992920
41763992568
41763992454
41763992260
41763992841
41763992576
41763992807
41763992425
41763992682
41763992322
41763992658
41763992426
41763992596
41763992389
41763992873
41763992527
41763992780
41763992676
41763992805
41763992817
41763992310
41763992581
41763992213
41763992403
41763992318
41763992937
41763992664
41763992468
41763992724
41763992696
41763992421
41763992722
41763992412
41763992635
41763992791
41763992458
41763992484
41763992723
41763992914
41763992638
41763992711
41763992731
41763992686
41763992922
41763992570
41763992525
41763992535
41763992488
41763992921
41763992524
41763992480
41763992903
41763992790
41763992586
41763992938
41763992748
41763992561
41763992936
41763992720
41763992842
41763992420
41763992534
41763992847
41763992681
41763992960
41763992792
41763992854
41763992508
41763992702
41763992590
41763992755
41763992300
41763992869
41763992846
41763992503
41763992970
41763992958
41763992385
41763992909
41763992908
41763992507
41763992843
41763992609
41763992740
41763992738
41763992760
41763992428
41763992540
41763992827
41763992802
41763992774
41763992985
41763992995
41763992599
41763992698
41763992619
41763992629
41763992976
41763992354
41763992882
41763992691
41763992880
41763992814
41763992820
41763992911
41763992779
41763992680
41763992684
41763992974
41763992793
41763992932
41763992461
41763992881
41763992273
41763992871
41763992809
41763992862
41763992628
41763992867
41763992927
41763992826
41763992669
41763992800
41763992836
41763992369
41763992617
41763992853
41763992777
41763992887
41763992692
41763992857
41763992678
41763992808
41763992928
41763992384
41763992603
41763992583
41763992569
41763992620
41763992971
41763992626
41763992833
41763992874
41763992737
41763992990
41763992718
41763992709
41763992961
41763992804
41763992913
41763992413
41763992890
41763992835
41763992878
41763992727
41763992933
41763992946
41763992813
41763992671
41763992769
41763992751
41763992994
41763992462
41763992996
41763992950
41763992781
41763992703
41763992707
41763992899
41763992822
41763992840
41763992984
41763992796
41763992844
41763992963
41763992894
41763992551
41763992786
41763992544
41763992845
41763992988
41763992929
41763992979
41763992858
41763992852
41763992828
41763992784
41763992597
41763992924
41763992585
41763992944
41763992872
41763992665
41763992977
41763992919
41763992644
41763992930
41763992832
41763992912
41763992742
41763992952
41763992967
41763992876
41763992939
41763992953
41763992962
41763998012
41763998024
41763998011
41763998029
41763998005
41763998030
41763998004
41763998016
41763998023
41763998010
41763998014
41763998017
41763998020
41763998013
41763998008
41763998000
41763998001
41763998032
41763998006
41763998090
41763998094
41763998116
41763998033
41763998046
41763998065
41763998039
41763998041
41763998081
41763998045
41763998068
41763998061
41763998119
41763998086
41763998049
41763998080
41763998106
41763998213
41763998099
41763998047
41763998201
41763998222
41763998098
41763998174
41763998215
41763998074
41763998111
41763998118
41763998051
41763998038
41763998053
41763998073
41763998035
41763998176
41763998079
41763998089
41763998100
41763998120
41763998141
41763998185
41763998115
41763998232
41763998282
41763998108
41763998037
41763998125
41763998057
41763998332
41763998058
41763998177
41763998070
41763998145
41763998110
41763998083
41763998218
41763998078
41763998256
41763998043
41763998211
41763998290
41763998314
41763998183
41763998230
41763998465
41763998281
41763998253
41763998052
41763998040
41763998621
41763998397
41763998062
41763998422
41763998088
41763998200
41763998421
41763998340
41763998044
41763998139
41763998389
41763998242
41763998229
41763998206
41763998444
41763998235
41763998181
41763998371
41763998502
41763998131
41763998042
41763998207
41763998348
41763998054
41763998233
41763998187
41763998076
41763998084
41763998349
41763998134
41763998202
41763998075
41763998140
41763998105
41763998122
41763998060
41763998188
41763998284
41763998797
41763998586
41763998353
41763998228
41763998199
41763998710
41763998289
41763998384
41763998091
41763998136
41763998255
41763998216
41763998363
41763998394
41763998474
41763998376
41763998500
41763998319
41763998193
41763998179
41763998486
41763998511
41763998796
41763998168
41763998190
41763998417
41763998445
41763998247
41763998135
41763998782
41763998410
41763998661
41763998217
41763998265
41763998268
41763998161
41763998386
41763998423
41763998341
41763998214
41763998437
41763998772
41763998197
41763998320
41763998272
41763998221
41763998961
41763998762
41763998184
41763998594
41763998303
41763998333
41763998283
41763998650
41763998536
41763998527
41763998257
41763998760
41763998544
41763998328
41763998240
41763998260
41763998885
41763998520
41763998144
41763998454
41763998792
41763998676
41763998752
41763998473
41763998245
41763998641
41763998393
41763998123
41763998345
41763998927
41763998114
41763998264
41763998351
41763998192
41763998505
41763998503
41763998951
41763998274
41763998302
41763998667
41763998381
41763998580
41763998909
41763998359
41763998495
41763998558
41763998407
41763998404
41763998238
41763998210
41763998337
41763998906
41763998799
41763998304
41763998556
41763998440
41763998308
41763998878
41763998550
41763998595
41763998645
41763998263
41763998412
41763998414
41763998501
41763998845
41763998452
41763998311
41763998523
41763998157
41763998301
41763998436
41763998409
41763998547
41763998316
41763998622
41763998546
41763998522
41763998666
41763998459
41763998277
41763998767
41763998309
41763998484
41763998517
41763998960
41763998610
41763998743
41763998988
41763998678
41763998554
41763998532
41763998364
41763998992
41763998463
41763998829
41763998379
41763998593
41763998574
41763998270
41763998684
41763998688
41763998707
41763998564
41763998607
41763998087
41763998682
41763998241
41763998602
41763998569
41763998424
41763998587
41763998838
41763998910
41763998817
41763998831
41763998609
41763998657
41763998720
41763998350
41763998403
41763998708
41763998271
41763998537
41763998652
41763998946
41763998449
41763998693
41763998375
41763998368
41763998848
41763998156
41763998432
41763998324
41763998659
41763998668
41763998716
41763998153
41763998573
41763998846
41763998952
41763998457
41763998514
41763998780
41763998904
41763998969
41763998492
41763998900
41763998380
41763998469
41763998870
41763998879
41763998377
41763998654
41763998318
41763998300
41763998395
41763998557
41763998405
41763998633
41763998861
41763998984
41763998847
41763998555
41763998837
41763998758
41763998539
41763998895
41763998827
41763998738
41763998466
41763998212
41763998577
41763998852
41763998470
41763998611
41763998634
41763998809
41763998516
41763998701
41763998843
41763998627
41763998545
41763998322
41763998807
41763998382
41763998477
41763998640
41763998441
41763998948
41763998343
41763998408
41763998674
41763998781
41763998560
41763998867
41763998816
41763998822
41763998685
41763998850
41763998306
41763998443
41763998448
41763998383
41763998683
41763998724
41763998795
41763998893
41763998806
41763998778
41763998497
41763998205
41763998635
41763998924
41763998800
41763998653
41763998462
41763998513
41763998705
41763998331
41763998810
41763998387
41763998774
41763998483
41763998669
41763998929
41763998985
41763998987
41763998585
41763998679
41763998888
41763998571
41763998956
41763998715
41763998884
41763998703
41763998696
41763998922
41763998876
41763998390
41763998750
41763998741
41763998692
41763998851
41763998977
41763998499
41763998775
41763998600
41763998942
41763998950
41763998442
41763998907
41763998835
41763998939
41763998413
41763998791
41763998983
41763998753
41763998890
41763998819
41763998542
41763998862
41763998833
41763998695
41763998525
41763998945
41763998428
41763998832
41763998504
41763998455
41763998584
41763998697
41763998813
41763998877
41763998989
41763998663
41763998805
41763998887
41763998549
41763998812
41763998897
41763998677
41763998636
41763998930
41763998919
41763998863
41763998761
41763998962
41763998980
41763998714
41763998808
41763998849
41763998905
41763998592
41763998826
41763998460
41763998583
41763998917
41763998864
41763998597
41763998926
41763998902
41763998873
41763998608
41763998913
41763998825
41763998936
41763998599
41763998836
41763998986
41763998687
41763998712
41763998941
41763998755
41763998803
41763998670
41763998625
41763998765
41763998923
41763998747
41763998620
41763998699
41763998618
41763998711
41763998785
41763998841
41763998958
41763998892
41763998757
41763998570
41763998723
41763998769
41763998964
41763998933
41763998865
41763998854
41763998639
41763998857
41763998840
41763998673
41763998959
41763998872
41763998834
41763998940
41763998991
41763998839
41763998830
41763998896
41763998844
41763998938
41763997002
41763997008
41763997003
41763997015
41763997004
41763997018
41763997020
41763997007
41763997022
41763997001
41763997005
41763997010
41763997019
41763997030
41763997013
41763997021
41763997014
41763997057
41763997128
41763997035
41763997079
41763997119
41763997130
41763997190
41763997067
41763997046
41763997076
41763997154
41763997073
41763997093
41763997138
41763997062
41763997082
41763997102
41763997111
41763997084
41763997228
41763997044
41763997042
41763997099
41763997096
41763997124
41763997199
41763997195
41763997131
41763997162
41763997169
41763997054
41763997222
41763997107
41763997141
41763997033
41763997161
41763997135
41763997235
41763997127
41763997070
41763997074
41763997307
41763997095
41763997211
41763997332
41763997300
41763997192
41763997047
41763997301
41763997063
41763997071
41763997270
41763997077
41763997072
41763997038
41763997200
41763997112
41763997160
41763997174
41763997133
41763997134
41763997187
41763997213
41763997166
41763997287
41763997075
41763997178
41763997055
41763997171
41763997335
41763997060
41763997229
41763997319
41763997034
41763997227
41763997066
41763997221
41763997108
41763997121
41763997272
41763997210
41763997151
41763997198
41763997216
41763997330
41763997106
41763997101
41763997283
41763997090
41763997144
41763997292
41763997186
41763997290
41763997255
41763997145
41763997294
41763997317
41763997168
41763997233
41763997336
41763997110
41763997129
41763997277
41763997268
41763997197
41763997114
41763997184
41763997118
41763997215
41763997193
41763997146
41763997311
41763997143
41763997176
41763997223
41763997269
41763997340
41763997136
41763997158
41763997125
41763997120
41763997310
41763997278
41763997249
41763997339
41763997234
41763997296
41763997328
41763997321
41763997273
41763997342
41763997201
41763997219
41763997323
41763997285
41763997175
41763997180
41763997309
41763997318
41763997275
41763997316
41763997214
41763997203
41763997239
41763997288
41763997320
41763997299
41763997308
41763997322
41763997293
41763997303
41763997370
41763997366
41763997361
41763997373
41763997351
41763997377
41763997362
41763997376
41763997371
41763997352
41763997375
41763997378
41763997381
41763997441
41763997526
41763997388
41763997401
41763997412
41763997431
41763997424
41763997387
41763997422
41763997588
41763997419
41763997547
41763997481
41763997600
41763997383
41763997504
41763997445
41763997437
41763997418
41763997443
41763997487
41763997447
41763997435
41763997403
41763997438
41763997476
41763997465
41763997430
41763997483
41763997475
41763997425
41763997486
41763997464
41763997587
41763997515
41763997568
41763997532
41763997527
41763997569
41763997413
41763997406
41763997612
41763997400
41763997624
41763997590
41763997423
41763997444
41763997575
41763997395
41763997399
41763997417
41763997456
41763997414
41763997654
41763997474
41763997482
41763997490
41763997503
41763997497
41763997394
41763997617
41763997479
41763997499
41763997565
41763997485
41763997573
41763997518
41763997658
41763997626
41763997607
41763997408
41763997455
41763997684
41763997405
41763997496
41763997637
41763997507
41763997580
41763997560
41763997516
41763997653
41763997480
41763997574
41763997605
41763997453
41763997471
41763997488
41763997572
41763997393
41763997672
41763997551
41763997576
41763997652
41763997433
41763997442
41763997513
41763997538
41763997477
41763997544
41763997470
41763997602
41763997603
41763997577
41763997608
41763997648
41763997531
41763997449
41763997472
41763997645
41763997676
41763997543
41763997670
41763997550
41763997446
41763997599
41763997613
41763997558
41763997528
41763997534
41763997642
41763997623
41763997647
41763997545
41763997615
41763997514
41763997611
41763997489
41763997620
41763997585
41763997686
41763997685
41763997657
41763997434
41763997655
41763997616
41763997522
41763997463
41763997633
41763997563
41763997666
41763997665
41763997688
41763997664
41763997675
41763997671
41763997535
41763997586
41763997478
41763997699
41763997411
41763997662
41763997562
41763997673
41763997553
41763997555
41763997571
41763997604
41763997680
41763997627
41763997698
41763997711
41763997710
41763997721
41763997704
41763997728
41763997709
41763997701
41763997706
41763997723
41763997726
41763997725
41763997702
41763997716
41763997715
41763997719
41763997703
41763997717
41763997727
41763997713
41763997700
41763997729
41763997784
41763997742
41763997774
41763997786
41763997739
41763997761
41763997772
41763997766
41763997778
41763997731
41763997746
41763997762
41763997737
41763997770
41763997769
41763997788
41763997744
41763997732
41763997758
41763997790
41763997773
41763997754
41763997791
41763997780
41763997783
41763997777
41763997750
41763997779
41763997789
41763997785
41763997765
41763997781
41763997757
41763997767
41763997756
41763997745
41763997787
41763997837
41763997850
41763997796
41763997798
41763997805
41763997812
41763997818
41763997803
41763997814
41763997835
41763997822
41763997862
41763997839
41763997848
41763997816
41763997795
41763997809
41763997877
41763997841
41763997857
41763997811
41763997797
41763997821
41763997858
41763997825
41763997874
41763997867
41763997799
41763997869
41763997807
41763997866
41763997852
41763997815
41763997840
41763997843
41763997871
41763997870
41763997819
41763997863
41763997895
41763997899
41763997883
41763997900
41763997886
41763997937
41763997885
41763997912
41763997905
41763997889
41763997961
41763997964
41763997929
41763997938
41763997888
41763997882
41763997963
41763997902
41763997919
41763997953
41763997940
41763997887
41763997930
41763997893
41763997901
41763997907
41763997935
41763997927
41763997945
41763997898
41763997955
41763997960
41763997962
41763997934
41763997911
41763997954
41763997931
41763997998
41763997974
41763997970
41763997988
41763997972
41763997990
41763997991
41763997994
41763997985
41763997979
41763997992
41763997969
41763997967
41763997966
41763997973
41763997978
41763997980
41763997984
41763997989
