41783545030
41783545001
41783545015
41783545060
41783545125
41783545161
41783545250
41783545150
41783545054
41783545040
41783545115
41783545343
41783545262
41783545305
41783545210
41783545152
41783545345
41783545233
41783545222
41783545314
41783545353
41783545363
41783545377
41783545401
41783545411
41783545387
41783545416
41783545406
41783545464
41783545400
41783545605
41783545484
41783545550
41783545554
41783545449
41783545404
41783545515
41783545656
41783545410
41783545559
41783545599
41783545555
41783545500
41783545556
41783545614
41783545680
41783545582
41783545688
41783545648
41783545664
41783545471
41783545476
41783545566
41783545718
41783545700
41783545764
41783545848
41783545832
41783545808
41783545799
41783545838
41783545858
41783545900
41783545933
41783545929
41783544000
41783544030
41783544041
41783544044
41783544045
41783544090
41783544068
41783544488
41783544466
41783544455
41783544646
41783544326
41783544460
41783544445
41783544242
41783544464
41783544625
41783544544
41783544927
41783544747
41783544545
41783544500
41783544440
41783544900
41783546000
41783546004
41783546010
41783546002
41783546064
41783546139
41783546152
41783546061
41783546050
41783546400
41783546090
41783546474
41783546404
41783546171
41783546200
41783546101
41783546154
41783546210
41783546121
41783546233
41783546808
41783546550
41783546669
41783546500
41783546766
41783546704
41783546388
41783546655
41783546869
41783546868
41783546687
41783546660
41783546800
41783546777
41783546839
41783546942
41783546961
41783546770
41783540000
41783540002
41783540010
41783540018
41783540014
41783540020
41783540025
41783540056
41783540045
41783540081
41783540054
41783540181
41783540037
41783540244
41783540070
41783540300
41783540088
41783540090
41783540094
41783540322
41783540272
41783540134
41783540444
41783540191
41783540443
41783540200
41783540801
41783540403
41783540100
41783540282
41783540660
41783540390
41783540565
41783540249
41783540550
41783540429
41783540791
41783540260
41783540530
41783540564
41783540318
41783540824
41783540473
41783540646
41783540577
41783540278
41783540433
41783540818
41783540808
41783540440
41783540188
41783540644
41783540580
41783540511
41783540701
41783540866
41783540666
41783540920
41783540541
41783540669
41783540413
41783540655
41783540630
41783540501
41783540700
41783540988
41783540600
41783540470
41783540760
41783540555
41783540933
41783540505
41783540771
41783540363
41783540777
41783540606
41783540797
41783540707
41783540708
41783540855
41783540625
41783540909
41783540904
41783540670
41783540774
41783540819
41783540704
41783540838
41783540747
41783540908
41783540773
41783540990
41783549000
41783549060
41783549181
41783549090
41783549230
41783549191
41783549133
41783549255
41783549404
41783549383
41783549488
41783549419
41783549565
41783549400
41783549808
41783549966
41783549950
41783549960
41783543000
41783543001
41783543020
41783543090
41783543058
41783543131
41783543232
41783543330
41783543440
41783543357
41783543900
41783543707
41783543522
41783543566
41783543434
41783543544
41783543535
41783543638
41783543344
41783543786
41783543950
41783543982
41783541000
41783541020
41783541010
41783541015
41783541144
41783541087
41783541111
41783541041
41783541070
41783541166
41783541122
41783541330
41783541660
41783541674
41783541133
41783541430
41783541128
41783541270
41783541373
41783541650
41783541700
41783541730
41783541404
41783541213
41783541398
41783541586
41783541400
41783541530
41783541358
41783541546
41783541848
41783541911
41783541555
41783541717
41783541099
41783541550
41783541990
41783541456
41783541428
41783541744
41783541905
41783541800
41783541948
41783541900
41783541490
41783541919
41783541904
41783541616
41783541636
41783541980
41783541870
41783541414
41783541892
41783541691
41783541406
41783542024
41783542006
41783542023
41783542121
41783542292
41783542178
41783542302
41783542223
41783542080
41783542202
41783542131
41783542103
41783542094
41783542277
41783542233
41783542091
41783542726
41783542424
41783542220
41783542190
41783542600
41783542484
41783542390
41783542344
41783542830
41783542929
41783542412
41783542414
41783542800
41783542728
41783542450
41783542777
41783542353
41783542506
41783542221
41783542805
41783542890
41783542494
41783542888
41783542827
41783548030
41783548022
41783548020
41783548055
41783548160
41783548040
41783548130
41783548050
41783548183
41783548222
41783548182
41783548181
41783548279
41783548239
41783548121
41783548255
41783548374
41783548393
41783548388
41783548410
41783548515
41783548555
41783548474
41783548787
41783548822
41783548884
41783548904
41783548889
41783548989
41783548968
41783548988
41783548990
41783548996
41783548999
41783547001
41783547010
41783547004
41783547030
41783547111
41783547101
41783547131
41783547107
41783547119
41783547189
41783547211
41783547333
41783547130
41783547200
41783547323
41783547300
41783547373
41783547436
41783547480
41783547535
41783547676
41783547551
41783547474
41783547522
41783547640
41783547711
41783547722
41783547700
41783547777
41783547838
41783547778
41783547809
41783547909
41783547910
41783547979
