41796475000
41796475007
41796475024
41796475011
41796475020
41796475026
41796475021
41796475012
41796475002
41796475032
41796475001
41796475016
41796475009
41796475015
41796475028
41796475006
41796475004
41796475010
41796475025
41796475031
41796475057
41796475133
41796475177
41796475058
41796475065
41796475099
41796475237
41796475033
41796475060
41796475138
41796475097
41796475101
41796475063
41796475235
41796475074
41796475066
41796475104
41796475152
41796475116
41796475265
41796475106
41796475207
41796475205
41796475127
41796475270
41796475041
41796475184
41796475056
41796475135
41796475144
41796475304
41796475072
41796475147
41796475068
41796475257
41796475108
41796475120
41796475049
41796475064
41796475163
41796475311
41796475186
41796475111
41796475327
41796475109
41796475043
41796475231
41796475193
41796475042
41796475053
41796475061
41796475220
41796475141
41796475114
41796475210
41796475055
41796475315
41796475247
41796475128
41796475146
41796475318
41796475176
41796475254
41796475215
41796475036
41796475078
41796475292
41796475103
41796475087
41796475291
41796475213
41796475274
41796475037
41796475194
41796475232
41796475164
41796475159
41796475229
41796475204
41796475129
41796475314
41796475261
41796475196
41796475170
41796475269
41796475081
41796475126
41796475161
41796475301
41796475187
41796475322
41796475286
41796475167
41796475239
41796475162
41796475331
41796475158
41796475224
41796475238
41796475136
41796475272
41796475107
41796475073
41796475130
41796475267
41796475240
41796475154
41796475245
41796475280
41796475285
41796475329
41796475217
41796475175
41796475313
41796475248
41796475268
41796475256
41796475321
41796475264
41796475216
41796475325
41796475121
41796475119
41796475340
41796475333
41796475324
41796475123
41796475326
41796475125
41796475165
41796475222
41796475157
41796475155
41796475306
41796475234
41796475297
41796475203
41796475307
41796475336
41796475279
41796475166
41796475233
41796475171
41796475305
41796475211
41796475255
41796475246
41796475296
41796475347
41796475102
41796475200
41796475309
41796475182
41796475312
41796475343
41796475349
41796475172
41796475348
41796475319
41796475252
41796475341
41796475293
41796475284
41796475263
41796475281
41796475242
41796475266
41796475328
41796475380
41796475377
41796475378
41796475364
41796475353
41796475379
41796475366
41796475358
41796475369
41796475363
41796475352
41796475360
41796475356
41796475357
41796475368
41796475376
41796475362
41796475374
41796475375
41796475382
41796475383
41796475401
41796475539
41796475532
41796475407
41796475434
41796475398
41796475386
41796475425
41796475444
41796475430
41796475442
41796475440
41796475471
41796475570
41796475414
41796475439
41796475395
41796475433
41796475663
41796475683
41796475474
41796475686
41796475574
41796475404
41796475595
41796475453
41796475409
41796475516
41796475568
41796475392
41796475609
41796475428
41796475504
41796475468
41796475578
41796475584
41796475603
41796475626
41796475399
41796475557
41796475546
41796475636
41796475390
41796475522
41796475544
41796475400
41796475405
41796475422
41796475620
41796475432
41796475556
41796475413
41796475415
41796475457
41796475554
41796475394
41796475489
41796475586
41796475521
41796475472
41796475455
41796475467
41796475540
41796475447
41796475391
41796475436
41796475429
41796475577
41796475384
41796475672
41796475476
41796475511
41796475692
41796475387
41796475615
41796475385
41796475424
41796475397
41796475684
41796475580
41796475649
41796475486
41796475479
41796475614
41796475503
41796475624
41796475406
41796475665
41796475567
41796475560
41796475598
41796475418
41796475622
41796475450
41796475417
41796475666
41796475650
41796475583
41796475529
41796475524
41796475542
41796475426
41796475637
41796475579
41796475644
41796475655
41796475618
41796475669
41796475520
41796475527
41796475630
41796475519
41796475500
41796475659
41796475465
41796475674
41796475441
41796475548
41796475572
41796475662
41796475493
41796475668
41796475588
41796475437
41796475555
41796475536
41796475696
41796475565
41796475507
41796475531
41796475571
41796475591
41796475562
41796475606
41796475518
41796475530
41796475510
41796475670
41796475695
41796475639
41796475473
41796475687
41796475515
41796475602
41796475535
41796475619
41796475389
41796475671
41796475576
41796475612
41796475673
41796475605
41796475549
41796475645
41796475484
41796475640
41796475628
41796475642
41796475654
41796475688
41796475563
41796475613
41796475593
41796475589
41796475393
41796475566
41796475679
41796475689
41796475646
41796475676
41796475651
41796475631
41796475664
41796475610
41796475667
41796475488
41796475675
41796475517
41796475528
41796475616
41796475652
41796475721
41796475701
41796475709
41796475724
41796475702
41796475727
41796475720
41796475728
41796475716
41796475708
41796475722
41796475712
41796475710
41796475757
41796475778
41796475751
41796475755
41796475744
41796475760
41796475741
41796475785
41796475791
41796475772
41796475769
41796475736
41796475750
41796475745
41796475739
41796475742
41796475777
41796475753
41796475758
41796475790
41796475771
41796475734
41796475781
41796475737
41796475768
41796475789
41796475743
41796475748
41796475788
41796475767
41796475783
41796475770
41796475775
41796475773
41796475802
41796475799
41796475816
41796475821
41796475822
41796475813
41796475794
41796475800
41796475838
41796475798
41796475824
41796475850
41796475814
41796475812
41796475809
41796475805
41796475817
41796475818
41796475831
41796475808
41796475801
41796475810
41796475806
41796475807
41796475825
41796475820
41796475843
41796475819
41796475826
41796475830
41796475832
41796475846
41796475848
41796475835
41796475851
41796475845
41796475891
41796475877
41796475864
41796475889
41796475900
41796475859
41796475894
41796475874
41796475887
41796475905
41796475911
41796475880
41796475855
41796475876
41796475858
41796475862
41796475875
41796475863
41796475867
41796475872
41796475908
41796475871
41796475856
41796475902
41796475854
41796475873
41796475878
41796475881
41796475909
41796475890
41796475879
41796475886
41796475901
41796475903
41796475865
41796475883
41796475893
41796475904
41796475940
41796475937
41796475932
41796475916
41796475921
41796475955
41796475965
41796475962
41796475928
41796475927
41796475915
41796475925
41796475950
41796475961
41796475944
41796475958
41796475931
41796475918
41796475946
41796475960
41796475942
41796475920
41796475936
41796475949
41796475933
41796475924
41796475957
41796475939
41796475954
41796475966
41796475952
41796475988
41796475980
41796475990
41796475973
41796475975
41796475992
41796475993
41796475977
41796475995
41796475989
41796475984
41796475974
41796475979
41796474000
41796474013
41796474026
41796474002
41796474023
41796474001
41796474024
41796474021
41796474022
41796474017
41796474020
41796474008
41796474003
41796474004
41796474018
41796474019
41796474028
41796474030
41796474005
41796474009
41796474016
41796474031
41796474087
41796474056
41796474101
41796474077
41796474070
41796474045
41796474116
41796474255
41796474080
41796474333
41796474041
41796474210
41796474084
41796474119
41796474140
41796474138
41796474033
41796474169
41796474054
41796474037
41796474222
41796474146
41796474291
41796474074
41796474064
41796474047
41796474178
41796474245
41796474259
41796474157
41796474251
41796474167
41796474144
41796474195
41796474118
41796474238
41796474040
41796474100
41796474206
41796474308
41796474089
41796474226
41796474082
41796474285
41796474311
41796474113
41796474038
41796474149
41796474066
41796474105
41796474096
41796474163
41796474309
41796474239
41796474268
41796474202
41796474097
41796474061
41796474145
41796474112
41796474128
41796474150
41796474090
41796474284
41796474262
41796474147
41796474148
41796474093
41796474083
41796474094
41796474240
41796474325
41796474121
41796474349
41796474111
41796474126
41796474247
41796474057
41796474332
41796474207
41796474301
41796474315
41796474154
41796474214
41796474067
41796474261
41796474193
41796474322
41796474296
41796474335
41796474179
41796474237
41796474256
41796474257
41796474203
41796474164
41796474310
41796474336
41796474143
41796474320
41796474135
41796474197
41796474209
41796474142
41796474321
41796474092
41796474331
41796474270
41796474305
41796474160
41796474165
41796474059
41796474344
41796474334
41796474326
41796474292
41796474208
41796474266
41796474108
41796474346
41796474242
41796474172
41796474273
41796474095
41796474250
41796474229
41796474249
41796474338
41796474106
41796474191
41796474120
41796474330
41796474286
41796474337
41796474235
41796474302
41796474323
41796474327
41796474289
41796474231
41796474274
41796474200
41796474339
41796474211
41796474316
41796474254
41796474343
41796474348
41796474224
41796474347
41796474265
41796474264
41796474317
41796474277
41796474307
41796474246
41796474324
41796474319
41796474351
41796474361
41796474363
41796474371
41796474375
41796474352
41796474372
41796474362
41796474357
41796474354
41796474380
41796474382
41796474405
41796474391
41796474404
41796474387
41796474402
41796474443
41796474457
41796474456
41796474383
41796474490
41796474494
41796474386
41796474516
41796474393
41796474575
41796474572
41796474513
41796474517
41796474500
41796474542
41796474576
41796474514
41796474521
41796474426
41796474568
41796474677
41796474389
41796474422
41796474401
41796474447
41796474515
41796474474
41796474416
41796474692
41796474648
41796474505
41796474486
41796474472
41796474540
41796474662
41796474384
41796474409
41796474454
41796474594
41796474587
41796474463
41796474603
41796474444
41796474663
41796474479
41796474469
41796474698
41796474417
41796474642
41796474497
41796474408
41796474697
41796474643
41796474561
41796474673
41796474560
41796474626
41796474545
41796474556
41796474681
41796474502
41796474388
41796474569
41796474593
41796474592
41796474503
41796474599
41796474582
41796474508
41796474693
41796474583
41796474695
41796474453
41796474610
41796474538
41796474419
41796474680
41796474446
41796474651
41796474530
41796474627
41796474604
41796474584
41796474652
41796474606
41796474684
41796474524
41796474570
41796474633
41796474498
41796474565
41796474547
41796474455
41796474675
41796474574
41796474551
41796474670
41796474634
41796474504
41796474487
41796474440
41796474480
41796474531
41796474637
41796474601
41796474534
41796474685
41796474614
41796474600
41796474493
41796474529
41796474566
41796474539
41796474674
41796474546
41796474629
41796474563
41796474728
41796474716
41796474712
41796474722
41796474702
41796474705
41796474724
41796474714
41796474715
41796474704
41796474703
41796474706
41796474718
41796474717
41796474713
41796474723
41796474745
41796474766
41796474760
41796474752
41796474754
41796474763
41796474735
41796474748
41796474774
41796474776
41796474764
41796474742
41796474746
41796474791
41796474750
41796474770
41796474744
41796474777
41796474788
41796474784
41796474781
41796474749
41796474765
41796474747
41796474758
41796474771
41796474743
41796474821
41796474844
41796474812
41796474855
41796474799
41796474801
41796474816
41796474831
41796474834
41796474842
41796474794
41796474840
41796474811
41796474857
41796474833
41796474822
41796474795
41796474851
41796474838
41796474810
41796474823
41796474849
41796474829
41796474858
41796474856
41796474878
41796474845
41796474848
41796474804
41796474824
41796474832
41796474868
41796474846
41796474918
41796474901
41796474912
41796474945
41796474915
41796474884
41796474919
41796474888
41796474966
41796474923
41796474934
41796474940
41796474933
41796474883
41796474885
41796474910
41796474959
41796474954
41796474882
41796474887
41796474930
41796474902
41796474913
41796474950
41796474962
41796474924
41796474889
41796474958
41796474946
41796474961
41796474932
41796474947
41796474963
41796474937
41796474931
41796474943
41796474953
41796474904
41796474922
41796474926
41796474941
41796474948
41796474993
41796474990
41796474998
41796474999
41796474992
41796474984
41796474980
41796474983
41796474981
41796474989
41796474970
41796474969
41796474994
41796476000
41796476012
41796476014
41796476029
41796476026
41796476010
41796476007
41796476020
41796476006
41796476001
41796476028
41796476019
41796476002
41796476018
41796476030
41796476056
41796476086
41796476094
41796476163
41796476097
41796476105
41796476123
41796476115
41796476047
41796476053
41796476111
41796476160
41796476182
41796476093
41796476101
41796476113
41796476144
41796476139
41796476165
41796476169
41796476274
41796476129
41796476102
41796476126
41796476239
41796476261
41796476127
41796476301
41796476210
41796476062
41796476149
41796476342
41796476272
41796476280
41796476313
41796476194
41796476350
41796476245
41796476080
41796476244
41796476054
41796476240
41796476034
41796476335
41796476145
41796476150
41796476259
41796476038
41796476063
41796476112
41796476337
41796476050
41796476257
41796476070
41796476046
41796476049
41796476065
41796476235
41796476196
41796476088
41796476184
41796476083
41796476072
41796476202
41796476204
41796476100
41796476120
41796476069
41796476064
41796476130
41796476122
41796476205
41796476278
41796476315
41796476181
41796476180
41796476147
41796476270
41796476336
41796476109
41796476125
41796476143
41796476292
41796476136
41796476304
41796476327
41796476157
41796476346
41796476119
41796476219
41796476215
41796476044
41796476275
41796476332
41796476284
41796476318
41796476334
41796476042
41796476310
41796476226
41796476067
41796476152
41796476276
41796476317
41796476134
41796476176
41796476308
41796476153
41796476338
41796476175
41796476116
41796476236
41796476107
41796476068
41796476137
41796476348
41796476217
41796476187
41796476170
41796476291
41796476190
41796476294
41796476319
41796476269
41796476142
41796476198
41796476267
41796476254
41796476268
41796476303
41796476191
41796476265
41796476195
41796476221
41796476141
41796476214
41796476197
41796476324
41796476326
41796476296
41796476349
41796476322
41796476211
41796476232
41796476238
41796476223
41796476305
41796476314
41796476249
41796476311
41796476316
41796476260
41796476222
41796476241
41796476307
41796476242
41796476234
41796476216
41796476290
41796476220
41796476167
41796476321
41796476325
41796476237
41796476159
41796476258
41796476271
41796476178
41796476333
41796476343
41796476264
41796476331
41796476218
41796476250
41796476344
41796476353
41796476376
41796476368
41796476360
41796476364
41796476361
41796476352
41796476366
41796476372
41796476370
41796476373
41796476374
41796476381
41796476369
41796476367
41796476354
41796476379
41796476602
41796476409
41796476680
41796476664
41796476486
41796476389
41796476402
41796476386
41796476465
41796476393
41796476509
41796476414
41796476551
41796476401
41796476474
41796476578
41796476524
41796476404
41796476428
41796476546
41796476456
41796476491
41796476442
41796476436
41796476408
41796476446
41796476487
41796476530
41796476484
41796476695
41796476662
41796476589
41796476478
41796476426
41796476391
41796476464
41796476427
41796476504
41796476413
41796476417
41796476398
41796476447
41796476453
41796476425
41796476388
41796476526
41796476440
41796476480
41796476590
41796476543
41796476422
41796476545
41796476574
41796476675
41796476455
41796476481
41796476445
41796476494
41796476548
41796476467
41796476689
41796476531
41796476492
41796476513
41796476552
41796476469
41796476633
41796476610
41796476630
41796476385
41796476437
41796476520
41796476460
41796476438
41796476678
41796476450
41796476475
41796476515
41796476463
41796476523
41796476663
41796476433
41796476514
41796476501
41796476575
41796476507
41796476441
41796476528
41796476412
41796476458
41796476410
41796476434
41796476568
41796476580
41796476641
41796476674
41796476418
41796476549
41796476415
41796476554
41796476452
41796476537
41796476668
41796476448
41796476512
41796476553
41796476406
41796476466
41796476577
41796476609
41796476462
41796476632
41796476694
41796476624
41796476562
41796476688
41796476503
41796476635
41796476416
41796476499
41796476573
41796476600
41796476471
41796476461
41796476571
41796476670
41796476397
41796476660
41796476510
41796476423
41796476637
41796476625
41796476640
41796476539
41796476570
41796476606
41796476561
41796476572
41796476605
41796476666
41796476584
41796476518
41796476648
41796476470
41796476622
41796476581
41796476614
41796476505
41796476592
41796476616
41796476629
41796476613
41796476533
41796476657
41796476508
41796476451
41796476653
41796476646
41796476557
41796476488
41796476435
41796476618
41796476620
41796476555
41796476560
41796476608
41796476697
41796476566
41796476645
41796476669
41796476612
41796476387
41796476529
41796476540
41796476642
41796476672
41796476652
41796476611
41796476502
41796476556
41796476638
41796476603
41796476654
41796476559
41796476658
41796476621
41796476656
41796476647
41796476617
41796476681
41796476691
41796476649
41796476690
41796476639
41796476644
41796476479
41796476626
41796476604
41796476636
41796476677
41796476651
41796476659
41796476728
41796476729
41796476703
41796476713
41796476736
41796476715
41796476711
41796476750
41796476743
41796476747
41796476755
41796476745
41796476726
41796476731
41796476746
41796476761
41796476753
41796476707
41796476737
41796476751
41796476705
41796476716
41796476718
41796476759
41796476735
41796476706
41796476720
41796476712
41796476754
41796476704
41796476758
41796476700
41796476749
41796476734
41796476709
41796476744
41796476733
41796476767
41796476837
41796476791
41796476805
41796476838
41796476777
41796476790
41796476827
41796476834
41796476770
41796476772
41796476781
41796476806
41796476841
41796476846
41796476782
41796476768
41796476809
41796476836
41796476816
41796476784
41796476773
41796476812
41796476829
41796476769
41796476787
41796476785
41796476779
41796476775
41796476810
41796476819
41796476799
41796476844
41796476823
41796476847
41796476818
41796476807
41796476811
41796476774
41796476815
41796476820
41796476817
41796476832
41796476842
41796476880
41796476907
41796476854
41796476902
41796476872
41796476875
41796476889
41796476859
41796476864
41796476862
41796476871
41796476855
41796476868
41796476884
41796476893
41796476901
41796476857
41796476881
41796476848
41796476851
41796476878
41796476876
41796476869
41796476892
41796476849
41796476860
41796476910
41796476873
41796476908
41796476852
41796476900
41796476890
41796476909
41796476905
41796476904
41796476899
41796476865
41796476891
41796476951
41796476994
41796476928
41796476932
41796476923
41796476970
41796476964
41796476971
41796476915
41796476920
41796476929
41796476950
41796476960
41796476959
41796476912
41796476975
41796476969
41796476972
41796476918
41796476949
41796476939
41796476925
41796476988
41796476954
41796476981
41796476957
41796476934
41796476962
41796476967
41796476980
41796476931
41796476963
41796476983
41796476914
41796476944
41796476965
41796476999
41796476984
41796476991
41796476990
41796476989
41796476942
41796476985
41796476933
41796476993
41796476955
41796476937
41796476941
41796470000
41796470029
41796470031
41796470001
41796470003
41796470013
41796470004
41796470019
41796470006
41796470010
41796470009
41796470025
41796470014
41796470007
41796470015
41796470012
41796470032
41796470028
41796470024
41796470064
41796470038
41796470046
41796470042
41796470056
41796470058
41796470048
41796470059
41796470054
41796470044
41796470041
41796470049
41796470034
41796470063
41796470061
41796470036
41796470050
41796470057
41796470053
41796470035
41796470065
41796470073
41796470093
41796470071
41796470090
41796470097
41796470066
41796470082
41796470089
41796470094
41796470110
41796470117
41796470077
41796470102
41796470081
41796470091
41796470088
41796470069
41796470072
41796470074
41796470111
41796470106
41796470112
41796470109
41796470104
41796470103
41796470067
41796470076
41796470092
41796470100
41796470080
41796470113
41796470107
41796470075
41796470150
41796470164
41796470125
41796470118
41796470142
41796470126
41796470124
41796470169
41796470173
41796470143
41796470161
41796470129
41796470131
41796470144
41796470162
41796470160
41796470171
41796470146
41796470149
41796470147
41796470174
41796470128
41796470163
41796470159
41796470165
41796470209
41796470214
41796470200
41796470229
41796470192
41796470225
41796470184
41796470183
41796470198
41796470220
41796470228
41796470187
41796470193
41796470196
41796470218
41796470213
41796470211
41796470215
41796470188
41796470191
41796470217
41796470197
41796470206
41796470234
41796470216
41796470252
41796470271
41796470256
41796470245
41796470268
41796470239
41796470235
41796470251
41796470267
41796470266
41796470263
41796470286
41796470236
41796470262
41796470284
41796470246
41796470276
41796470288
41796470260
41796470269
41796470242
41796470265
41796470270
41796470253
41796470264
41796470255
41796470250
41796470278
41796470282
41796470274
41796470247
41796470289
41796470287
41796470281
41796470249
41796470293
41796470290
41796470254
41796470307
41796470322
41796470312
41796470323
41796470336
41796470340
41796470302
41796470310
41796470316
41796470304
41796470325
41796470330
41796470321
41796470332
41796470347
41796470303
41796470320
41796470348
41796470335
41796470306
41796470294
41796470324
41796470305
41796470326
41796470343
41796470346
41796470327
41796470300
41796470345
41796470329
41796470334
41796470338
41796470344
41796470361
41796470380
41796470381
41796470371
41796470353
41796470369
41796470379
41796470360
41796470356
41796470377
41796470372
41796470355
41796470367
41796470382
41796470373
41796470378
41796470368
41796470357
41796470364
41796470351
41796470366
41796470421
41796470385
41796470422
41796470446
41796470441
41796470469
41796470577
41796470447
41796470532
41796470394
41796470601
41796470491
41796470419
41796470460
41796470530
41796470387
41796470442
41796470453
41796470545
41796470558
41796470479
41796470484
41796470390
41796470639
41796470631
41796470518
41796470416
41796470457
41796470507
41796470454
41796470531
41796470519
41796470473
41796470470
41796470517
41796470487
41796470520
41796470555
41796470672
41796470533
41796470589
41796470464
41796470537
41796470413
41796470388
41796470511
41796470548
41796470468
41796470653
41796470534
41796470471
41796470677
41796470478
41796470502
41796470391
41796470586
41796470384
41796470578
41796470386
41796470452
41796470426
41796470410
41796470489
41796470594
41796470465
41796470522
41796470656
41796470486
41796470514
41796470513
41796470564
41796470529
41796470451
41796470398
41796470569
41796470535
41796470559
41796470536
41796470585
41796470521
41796470661
41796470604
41796470695
41796470526
41796470638
41796470540
41796470428
41796470412
41796470568
41796470600
41796470556
41796470650
41796470682
41796470603
41796470539
41796470461
41796470676
41796470490
41796470538
41796470525
41796470474
41796470425
41796470651
41796470618
41796470450
41796470610
41796470455
41796470576
41796470612
41796470645
41796470681
41796470623
41796470544
41796470565
41796470400
41796470571
41796470590
41796470503
41796470678
41796470580
41796470679
41796470619
41796470635
41796470575
41796470587
41796470466
41796470621
41796470562
41796470690
41796470563
41796470694
41796470583
41796470467
41796470657
41796470485
41796470622
41796470624
41796470527
41796470669
41796470592
41796470573
41796470481
41796470691
41796470655
41796470613
41796470512
41796470632
41796470549
41796470693
41796470476
41796470684
41796470552
41796470561
41796470647
41796470614
41796470680
41796470668
41796470560
41796470683
41796470649
41796470670
41796470664
41796470642
41796470660
41796470644
41796470615
41796470609
41796470625
41796470506
41796470620
41796470634
41796470699
41796470685
41796470673
41796470646
41796470605
41796470707
41796470701
41796470703
41796470700
41796470730
41796470729
41796470706
41796470717
41796470718
41796470715
41796470720
41796470709
41796470710
41796470704
41796470713
41796470705
41796470727
41796470723
41796470757
41796470734
41796470765
41796470759
41796470733
41796470731
41796470747
41796470732
41796470767
41796470735
41796470774
41796470758
41796470768
41796470738
41796470788
41796470762
41796470770
41796470756
41796470791
41796470775
41796470773
41796470740
41796470789
41796470742
41796470760
41796470778
41796470744
41796470764
41796470785
41796470766
41796470737
41796470749
41796470751
41796470783
41796470790
41796470761
41796470743
41796470763
41796470780
41796470806
41796470804
41796470803
41796470822
41796470818
41796470827
41796470852
41796470851
41796470794
41796470839
41796470807
41796470840
41796470832
41796470795
41796470796
41796470847
41796470846
41796470797
41796470833
41796470793
41796470819
41796470812
41796470845
41796470798
41796470824
41796470801
41796470821
41796470811
41796470849
41796470820
41796470814
41796470816
41796470809
41796470813
41796470837
41796470830
41796470855
41796470861
41796470864
41796470857
41796470881
41796470875
41796470876
41796470888
41796470890
41796470901
41796470877
41796470886
41796470859
41796470860
41796470894
41796470867
41796470853
41796470868
41796470892
41796470897
41796470907
41796470879
41796470856
41796470889
41796470878
41796470911
41796470873
41796470874
41796470904
41796470866
41796470863
41796470898
41796470908
41796470880
41796470854
41796470862
41796470896
41796470943
41796470993
41796470976
41796470927
41796470924
41796470945
41796470913
41796470980
41796470957
41796470925
41796470915
41796470955
41796470920
41796470960
41796470958
41796470950
41796470940
41796470965
41796470983
41796470959
41796470954
41796470979
41796470922
41796470918
41796470973
41796470947
41796470972
41796470996
41796470974
41796470989
41796470964
41796470968
41796470994
41796470916
41796470936
41796470941
41796470935
41796470990
41796470930
41796470969
41796470985
41796470966
41796470932
41796470975
41796470946
41796470934
41796470944
41796470977
41796470963
41796470953
41796470952
41796470938
41796479013
41796479010
41796479009
41796479022
41796479029
41796479005
41796479023
41796479015
41796479030
41796479028
41796479011
41796479019
41796479003
41796479017
41796479006
41796479053
41796479095
41796479047
41796479049
41796479065
41796479249
41796479033
41796479050
41796479106
41796479064
41796479016
41796479088
41796479079
41796479100
41796479127
41796479147
41796479041
41796479062
41796479208
41796479077
41796479213
41796479102
41796479080
41796479134
41796479197
41796479037
41796479285
41796479202
41796479063
41796479180
41796479193
41796479255
41796479082
41796479206
41796479098
41796479101
41796479139
41796479125
41796479084
41796479215
41796479078
41796479142
41796479114
41796479128
41796479083
41796479123
41796479228
41796479403
41796479444
41796479108
41796479273
41796479054
41796479406
41796479231
41796479453
41796479066
41796479045
41796479537
41796479305
41796479115
41796479148
41796479141
41796479044
41796479173
41796479069
41796479367
41796479104
41796479211
41796479174
41796479271
41796479314
41796479156
41796479133
41796479191
41796479289
41796479234
41796479229
41796479184
41796479075
41796479094
41796479451
41796479287
41796479099
41796479169
41796479121
41796479140
41796479383
41796479246
41796479155
41796479177
41796479042
41796479073
41796479176
41796479223
41796479440
41796479262
41796479520
41796479136
41796479059
41796479207
41796479335
41796479369
41796479268
41796479702
41796479414
41796479212
41796479693
41796479190
41796479239
41796479677
41796479181
41796479439
41796479126
41796479097
41796479087
41796479522
41796479120
41796479216
41796479436
41796479124
41796479072
41796479240
41796479523
41796479172
41796479407
41796479188
41796479638
41796479967
41796479526
41796479091
41796479544
41796479248
41796479665
41796479359
41796479795
41796479338
41796479363
41796479111
41796479117
41796479110
41796479194
41796479258
41796479356
41796479925
41796479362
41796479157
41796479753
41796479495
41796479412
41796479219
41796479129
41796479479
41796479497
41796479179
41796479648
41796479438
41796479201
41796479237
41796479493
41796479720
41796479640
41796479310
41796479299
41796479486
41796479302
41796479257
41796479218
41796479492
41796479780
41796479569
41796479435
41796479741
41796479178
41796479170
41796479308
41796479871
41796479472
41796479496
41796479274
41796479872
41796479377
41796479494
41796479426
41796479814
41796479131
41796479263
41796479161
41796479851
41796479649
41796479266
41796479203
41796479166
41796479311
41796479296
41796479425
41796479562
41796479329
41796479521
41796479584
41796479674
41796479717
41796479222
41796479509
41796479491
41796479515
41796479701
41796479714
41796479446
41796479773
41796479540
41796479380
41796479388
41796479502
41796479458
41796479165
41796479529
41796479591
41796479823
41796479226
41796479373
41796479547
41796479785
41796479372
41796479806
41796479488
41796479321
41796479343
41796479857
41796479430
41796479680
41796479505
41796479882
41796479379
41796479848
41796479767
41796479138
41796479368
41796479244
41796479267
41796479455
41796479241
41796479542
41796479842
41796479545
41796479554
41796479666
41796479251
41796479277
41796479431
41796479754
41796479252
41796479410
41796479395
41796479582
41796479628
41796479326
41796479508
41796479929
41796479794
41796479480
41796479461
41796479748
41796479424
41796479854
41796479421
41796479734
41796479333
41796479370
41796479728
41796479400
41796479306
41796479604
41796479747
41796479710
41796479844
41796479975
41796479886
41796479652
41796479613
41796479833
41796479841
41796479699
41796479565
41796479227
41796479186
41796479512
41796479376
41796479418
41796479706
41796479668
41796479787
41796479973
41796479517
41796479386
41796479895
41796479500
41796479574
41796479765
41796479556
41796479856
41796479473
41796479678
41796479499
41796479663
41796479577
41796479527
41796479560
41796479631
41796479599
41796479391
41796479573
41796479989
41796479771
41796479724
41796479482
41796479450
41796479474
41796479986
41796479463
41796479759
41796479910
41796479937
41796479770
41796479832
41796479566
41796479873
41796479468
41796479339
41796479822
41796479247
41796479408
41796479880
41796479993
41796479884
41796479733
41796479419
41796479618
41796479839
41796479719
41796479855
41796479501
41796479614
41796479507
41796479385
41796479348
41796479903
41796479713
41796479322
41796479742
41796479357
41796479270
41796479398
41796479487
41796479957
41796479601
41796479405
41796479513
41796479810
41796479543
41796479772
41796479725
41796479955
41796479358
41796479766
41796479673
41796479585
41796479985
41796479994
41796479603
41796479374
41796479578
41796479831
41796479657
41796479316
41796479478
41796479952
41796479745
41796479711
41796479539
41796479516
41796479658
41796479671
41796479861
41796479907
41796479928
41796479624
41796479153
41796479557
41796479622
41796479467
41796479950
41796479484
41796479332
41796479511
41796479976
41796479651
41796479743
41796479913
41796479636
41796479935
41796479384
41796479623
41796479490
41796479643
41796479956
41796479676
41796479583
41796479775
41796479781
41796479784
41796479783
41796479581
41796479689
41796479592
41796479726
41796479700
41796479958
41796479354
41796479921
41796479587
41796479481
41796479932
41796479941
41796479682
41796479620
41796479830
41796479887
41796479875
41796479469
41796479633
41796479866
41796479798
41796479971
41796479470
41796479712
41796479860
41796479551
41796479936
41796479498
41796479777
41796479889
41796479868
41796479413
41796479352
41796479617
41796479616
41796479934
41796479723
41796479948
41796479825
41796479590
41796479550
41796479964
41796479558
41796479707
41796479877
41796479654
41796479749
41796479927
41796479776
41796479802
41796479883
41796479709
41796479799
41796479919
41796479757
41796479433
41796479983
41796479801
41796479586
41796479894
41796479704
41796479594
41796479881
41796479949
41796479930
41796479864
41796479600
41796479667
41796479705
41796479828
41796479970
41796479589
41796479751
41796479960
41796479876
41796479703
41796479897
41796479961
41796479916
41796479778
41796479988
41796479664
41796479911
41796479567
41796479632
41796479908
41796479635
41796479786
41796479740
41796479803
41796479672
41796479933
41796479963
41796479954
41796479996
41796479943
41796479915
41796479691
41796479793
41796479694
41796479982
41796479809
41796479629
41796479904
41796479752
41796479761
41796479959
41796479892
41796479758
41796479840
41796479849
41796479729
41796479829
41796479533
41796479951
41796479684
41796479660
41796479762
41796479737
41796479926
41796479885
41796479953
41796479731
41796479997
41796479947
41796479774
41796479923
41796479779
41796479788
41796479890
41796479968
41796479816
41796479978
41796479979
41796479768
41796473000
41796473022
41796473002
41796473011
41796473010
41796473017
41796473026
41796473032
41796473019
41796473007
41796473006
41796473005
41796473004
41796473001
41796473023
41796473024
41796473041
41796473042
41796473079
41796473086
41796473111
41796473133
41796473138
41796473028
41796473234
41796473265
41796473053
41796473067
41796473056
41796473355
41796473039
41796473034
41796473101
41796473036
41796473119
41796473037
41796473186
41796473074
41796473066
41796473105
41796473132
41796473136
41796473051
41796473110
41796473107
41796473122
41796473140
41796473113
41796473124
41796473191
41796473097
41796473114
41796473162
41796473109
41796473033
41796473280
41796473155
41796473090
41796473046
41796473276
41796473278
41796473060
41796473414
41796473052
41796473230
41796473174
41796473144
41796473306
41796473035
41796473333
41796473214
41796473047
41796473098
41796473125
41796473559
41796473222
41796473130
41796473118
41796473045
41796473049
41796473054
41796473059
41796473164
41796473071
41796473043
41796473373
41796473081
41796473040
41796473274
41796473072
41796473171
41796473116
41796473117
41796473137
41796473375
41796473135
41796473199
41796473075
41796473153
41796473170
41796473126
41796473365
41796473510
41796473239
41796473129
41796473313
41796473180
41796473078
41796473128
41796473261
41796473163
41796473449
41796473108
41796473083
41796473332
41796473272
41796473434
41796473288
41796473363
41796473403
41796473530
41796473165
41796473172
41796473491
41796473504
41796473320
41796473146
41796473514
41796473465
41796473287
41796473273
41796473151
41796473115
41796473315
41796473300
41796473244
41796473290
41796473258
41796473281
41796473372
41796473387
41796473099
41796473348
41796473084
41796473690
41796473207
41796473425
41796473350
41796473289
41796473674
41796473168
41796473809
41796473205
41796473343
41796473433
41796473391
41796473094
41796473607
41796473464
41796473309
41796473469
41796473379
41796473238
41796473190
41796473319
41796473366
41796473149
41796473624
41796473382
41796473187
41796473551
41796473570
41796473252
41796473243
41796473322
41796473257
41796473158
41796473393
41796473798
41796473454
41796473293
41796473302
41796473212
41796473225
41796473479
41796473554
41796473182
41796473598
41796473253
41796473369
41796473751
41796473064
41796473344
41796473210
41796473268
41796473360
41796473377
41796473381
41796473651
41796473173
41796473376
41796473264
41796473550
41796473339
41796473353
41796473630
41796473150
41796473645
41796473548
41796473417
41796473733
41796473093
41796473398
41796473285
41796473195
41796473215
41796473450
41796473502
41796473361
41796473336
41796473544
41796473435
41796473487
41796473188
41796473582
41796473301
41796473177
41796473240
41796473330
41796473169
41796473600
41796473591
41796473291
41796473440
41796473178
41796473318
41796473648
41796473370
41796473341
41796473331
41796473378
41796473299
41796473789
41796473385
41796473362
41796473156
41796473383
41796473691
41796473226
41796473685
41796473577
41796473310
41796473545
41796473783
41796473657
41796473539
41796473371
41796473494
41796473620
41796473325
41796473865
41796473717
41796473275
41796473573
41796473647
41796473457
41796473763
41796473323
41796473902
41796473814
41796473827
41796473380
41796473436
41796473671
41796473407
41796473699
41796473934
41796473324
41796473715
41796473209
41796473260
41796473328
41796473714
41796473211
41796473744
41796473409
41796473897
41796473262
41796473845
41796473259
41796473639
41796473477
41796473642
41796473354
41796473347
41796473547
41796473390
41796473507
41796473780
41796473777
41796473508
41796473623
41796473459
41796473400
41796473824
41796473761
41796473692
41796473606
41796473585
41796473762
41796473438
41796473308
41796473702
41796473746
41796473357
41796473805
41796473485
41796473668
41796473460
41796473670
41796473672
41796473899
41796473601
41796473358
41796473329
41796473533
41796473817
41796473825
41796473513
41796473520
41796473522
41796473792
41796473562
41796473349
41796473755
41796473667
41796473441
41796473936
41796473747
41796473660
41796473853
41796473526
41796473586
41796473512
41796473725
41796473496
41796473549
41796473532
41796473543
41796473560
41796473590
41796473446
41796473563
41796473335
41796473351
41796473856
41796473633
41796473352
41796473968
41796473646
41796473913
41796473953
41796473628
41796473910
41796473536
41796473456
41796473917
41796473637
41796473992
41796473972
41796473578
41796473745
41796473627
41796473869
41796473408
41796473875
41796473445
41796473618
41796473665
41796473423
41796473389
41796473571
41796473911
41796473579
41796473858
41796473723
41796473773
41796473955
41796473631
41796473517
41796473947
41796473975
41796473716
41796473635
41796473461
41796473978
41796473775
41796473521
41796473738
41796473740
41796473636
41796473453
41796473721
41796473669
41796473498
41796473890
41796473584
41796473574
41796473555
41796473887
41796473841
41796473604
41796473686
41796473701
41796473765
41796473531
41796473753
41796473676
41796473643
41796473463
41796473704
41796473837
41796473945
41796473855
41796473527
41796473640
41796473957
41796473766
41796473977
41796473813
41796473587
41796473922
41796473654
41796473835
41796473703
41796473616
41796473820
41796473840
41796473705
41796473893
41796473752
41796473656
41796473720
41796473830
41796473819
41796473800
41796473489
41796473938
41796473949
41796473625
41796473583
41796473912
41796473734
41796473981
41796473959
41796473886
41796473951
41796473614
41796473905
41796473760
41796473847
41796473812
41796473987
41796473914
41796473871
41796473694
41796473906
41796473941
41796473644
41796473908
41796473617
41796473666
41796473916
41796473710
41796473850
41796473722
41796473935
41796473823
41796473891
41796473864
41796473996
41796473719
41796473983
41796473924
41796473933
41796473925
41796473915
41796473727
41796473960
41796473680
41796473779
41796473989
41796473854
41796473851
41796473952
41796473979
41796473964
41796473791
41796473939
41796473980
41796473969
41796473990
41796473984
41796473197
41796473237
41796473444
41796473927
41796471000
41796471024
41796471018
41796471032
41796471020
41796471015
41796471011
41796471031
41796471012
41796471025
41796471026
41796471017
41796471003
41796471022
41796471023
41796471029
41796471042
41796471050
41796471057
41796471118
41796471148
41796471169
41796471067
41796471249
41796471052
41796471043
41796471103
41796471089
41796471101
41796471061
41796471207
41796471202
41796471192
41796471144
41796471099
41796471143
41796471166
41796471066
41796471171
41796471141
41796471279
41796471021
41796471292
41796471296
41796471041
41796471033
41796471075
41796471344
41796471055
41796471308
41796471302
41796471117
41796471178
41796471106
41796471225
41796471146
41796471098
41796471120
41796471317
41796471312
41796471176
41796471217
41796471070
41796471272
41796471091
41796471273
41796471383
41796471059
41796471064
41796471074
41796471318
41796471201
41796471194
41796471053
41796471127
41796471300
41796471036
41796471046
41796471049
41796471073
41796471170
41796471084
41796471082
41796471076
41796471525
41796471233
41796471183
41796471125
41796471156
41796471182
41796471072
41796471537
41796471162
41796471309
41796471443
41796471326
41796471654
41796471228
41796471244
41796471122
41796471165
41796471047
41796471266
41796471253
41796471406
41796471382
41796471111
41796471270
41796471078
41796471129
41796471560
41796471313
41796471475
41796471150
41796471376
41796471153
41796471044
41796471260
41796471160
41796471068
41796471174
41796471092
41796471093
41796471069
41796471261
41796471226
41796471039
41796471124
41796471086
41796471401
41796471570
41796471187
41796471167
41796471140
41796471355
41796471152
41796471083
41796471371
41796471223
41796471257
41796471438
41796471360
41796471288
41796471172
41796471200
41796471700
41796471186
41796471472
41796471240
41796471255
41796471347
41796471280
41796471221
41796471137
41796471203
41796471599
41796471455
41796471105
41796471552
41796471299
41796471065
41796471530
41796471325
41796471657
41796471293
41796471847
41796471138
41796471465
41796471190
41796471384
41796471605
41796471110
41796471142
41796471341
41796471243
41796471060
41796471608
41796471216
41796471133
41796471248
41796471297
41796471564
41796471381
41796471753
41796471448
41796471723
41796471214
41796471589
41796471442
41796471336
41796471333
41796471747
41796471375
41796471535
41796471626
41796471738
41796471767
41796471541
41796471407
41796471979
41796471534
41796471705
41796471107
41796471484
41796471327
41796471369
41796471680
41796471314
41796471229
41796471519
41796471337
41796471286
41796471422
41796471732
41796471281
41796471345
41796471373
41796471206
41796471841
41796471409
41796471744
41796471188
41796471139
41796471305
41796471576
41796471687
41796471283
41796471469
41796471550
41796471494
41796471471
41796471818
41796471367
41796471430
41796471306
41796471254
41796471287
41796471851
41796471246
41796471675
41796471557
41796471963
41796471822
41796471994
41796471285
41796471978
41796471585
41796471361
41796471551
41796471421
41796471237
41796471418
41796471506
41796471596
41796471239
41796471607
41796471276
41796471544
41796471434
41796471491
41796471354
41796471661
41796471492
41796471451
41796471824
41796471352
41796471377
41796471856
41796471310
41796471390
41796471528
41796471356
41796471511
41796471803
41796471568
41796471391
41796471264
41796471468
41796471477
41796471714
41796471691
41796471349
41796471311
41796471741
41796471627
41796471808
41796471521
41796471855
41796471374
41796471917
41796471446
41796471882
41796471329
41796471328
41796471711
41796471950
41796471500
41796471413
41796471900
41796471640
41796471866
41796471579
41796471536
41796471652
41796471733
41796471602
41796471412
41796471870
41796471294
41796471517
41796471400
41796471673
41796471905
41796471558
41796471752
41796471650
41796471663
41796471505
41796471762
41796471435
41796471976
41796471431
41796471436
41796471479
41796471444
41796471632
41796471724
41796471884
41796471619
41796471678
41796471569
41796471284
41796471703
41796471839
41796471278
41796471942
41796471646
41796471518
41796471600
41796471574
41796471611
41796471402
41796471486
41796471507
41796471578
41796471746
41796471861
41796471786
41796471425
41796471366
41796471745
41796471572
41796471918
41796471415
41796471346
41796471235
41796471829
41796471259
41796471929
41796471840
41796471692
41796471757
41796471961
41796471690
41796471508
41796471470
41796471441
41796471660
41796471778
41796471512
41796471684
41796471828
41796471771
41796471638
41796471636
41796471653
41796471780
41796471995
41796471729
41796471644
41796471562
41796471693
41796471483
41796471781
41796471807
41796471339
41796471854
41796471735
41796471449
41796471985
41796471351
41796471445
41796471473
41796471670
41796471482
41796471811
41796471411
41796471424
41796471740
41796471277
41796471665
41796471320
41796471553
41796471974
41796471760
41796471784
41796471645
41796471886
41796471801
41796471945
41796471968
41796471958
41796471549
41796471779
41796471792
41796471902
41796471874
41796471940
41796471622
41796471911
41796471556
41796471772
41796471516
41796471909
41796471890
41796471777
41796471618
41796471689
41796471567
41796471701
41796471783
41796471868
41796471710
41796471887
41796471408
41796471667
41796471969
41796471966
41796471614
41796471668
41796471630
41796471875
41796471378
41796471532
41796471620
41796471952
41796471920
41796471836
41796471748
41796471987
41796471827
41796471737
41796471766
41796471625
41796471561
41796471262
41796471649
41796471651
41796471592
41796471833
41796471698
41796471879
41796471682
41796471877
41796471457
41796471928
41796471817
41796471800
41796471750
41796471809
41796471478
41796471820
41796471708
41796471716
41796471694
41796471913
41796471730
41796471883
41796471679
41796471830
41796471659
41796471989
41796471842
41796471775
41796471953
41796471594
41796471773
41796471715
41796471681
41796471791
41796471965
41796471816
41796471581
41796471776
41796471610
41796471936
41796471904
41796471876
41796471617
41796471845
41796471706
41796471452
41796471944
41796471584
41796471751
41796471955
41796471957
41796471862
41796471897
41796471814
41796471759
41796471915
41796471634
41796471769
41796471970
41796471954
41796471990
41796471898
41796471931
41796471612
41796471683
41796471910
41796471869
41796471454
41796471899
41796471794
41796471948
41796471932
41796471927
41796471878
41796471959
41796471559
41796471580
41796471880
41796471739
41796471938
41796471656
41796471967
41796471921
41796471949
41796471686
41796471971
41796471713
41796471992
41796471671
41796471727
41796471881
41796471787
41796471835
41796471993
41796471939
41796471889
41796471983
41796471720
41796471501
41796471637
41796471826
41796471924
41796472003
41796472018
41796472010
41796472011
41796472005
41796472002
41796472001
41796472025
41796472031
41796472028
41796472006
41796472032
41796472015
41796472030
41796472027
41796472023
41796472017
41796472009
41796472013
41796472026
41796472021
41796472020
41796472007
41796472022
41796472012
41796472024
41796472040
41796472065
41796472147
41796472042
41796472096
41796472163
41796472081
41796472054
41796472050
41796472038
41796472110
41796472170
41796472052
41796472165
41796472062
41796472049
41796472059
41796472310
41796472107
41796472104
41796472112
41796472119
41796472161
41796472145
41796472198
41796472222
41796472208
41796472056
41796472126
41796472246
41796472139
41796472090
41796472085
41796472260
41796472259
41796472043
41796472131
41796472178
41796472210
41796472327
41796472226
41796472263
41796472132
41796472109
41796472144
41796472167
41796472151
41796472345
41796472238
41796472143
41796472101
41796472098
41796472247
41796472045
41796472076
41796472133
41796472034
41796472103
41796472193
41796472068
41796472082
41796472070
41796472127
41796472230
41796472135
41796472094
41796472099
41796472317
41796472137
41796472095
41796472108
41796472124
41796472200
41796472173
41796472270
41796472039
41796472308
41796472212
41796472114
41796472079
41796472061
41796472201
41796472035
41796472203
41796472217
41796472130
41796472261
41796472272
41796472149
41796472072
41796472254
41796472187
41796472243
41796472055
41796472273
41796472265
41796472074
41796472120
41796472102
41796472190
41796472297
41796472084
41796472343
41796472286
41796472350
41796472060
41796472264
41796472157
41796472329
41796472199
41796472314
41796472185
41796472244
41796472332
41796472214
41796472342
41796472152
41796472122
41796472326
41796472160
41796472136
41796472141
41796472277
41796472258
41796472184
41796472305
41796472301
41796472036
41796472209
41796472125
41796472140
41796472338
41796472348
41796472241
41796472146
41796472325
41796472073
41796472240
41796472077
41796472268
41796472172
41796472097
41796472123
41796472267
41796472206
41796472319
41796472158
41796472128
41796472252
41796472138
41796472257
41796472183
41796472186
41796472168
41796472215
41796472293
41796472058
41796472219
41796472174
41796472228
41796472318
41796472339
41796472153
41796472080
41796472218
41796472195
41796472162
41796472156
41796472283
41796472337
41796472289
41796472227
41796472150
41796472202
41796472196
41796472224
41796472266
41796472221
41796472309
41796472253
41796472233
41796472302
41796472278
41796472298
41796472234
41796472341
41796472347
41796472346
41796472324
41796472216
41796472294
41796472249
41796472239
41796472269
41796472333
41796472321
41796472179
41796472248
41796472344
41796472275
41796472279
41796472211
41796472223
41796472322
41796472069
41796472078
41796472299
41796472300
41796472355
41796472357
41796472363
41796472354
41796472376
41796472352
41796472374
41796472358
41796472353
41796472356
41796472366
41796472373
41796472382
41796472380
41796472361
41796472367
41796472381
41796472419
41796472416
41796472614
41796472400
41796472429
41796472431
41796472388
41796472387
41796472394
41796472500
41796472630
41796472398
41796472432
41796472412
41796472544
41796472442
41796472555
41796472407
41796472455
41796472477
41796472496
41796472389
41796472663
41796472448
41796472502
41796472691
41796472410
41796472510
41796472463
41796472393
41796472397
41796472451
41796472493
41796472668
41796472606
41796472406
41796472526
41796472583
41796472563
41796472443
41796472392
41796472386
41796472655
41796472536
41796472422
41796472384
41796472440
41796472470
41796472462
41796472601
41796472401
41796472423
41796472433
41796472530
41796472505
41796472504
41796472485
41796472554
41796472458
41796472595
41796472566
41796472515
41796472525
41796472559
41796472567
41796472434
41796472486
41796472487
41796472414
41796472481
41796472677
41796472572
41796472439
41796472404
41796472629
41796472460
41796472409
41796472602
41796472488
41796472658
41796472403
41796472527
41796472524
41796472586
41796472537
41796472534
41796472446
41796472494
41796472482
41796472649
41796472457
41796472696
41796472547
41796472594
41796472551
41796472593
41796472603
41796472580
41796472624
41796472599
41796472421
41796472511
41796472539
41796472491
41796472520
41796472430
41796472633
41796472521
41796472679
41796472637
41796472483
41796472622
41796472528
41796472441
41796472570
41796472621
41796472516
41796472676
41796472436
41796472560
41796472454
41796472514
41796472449
41796472662
41796472497
41796472661
41796472437
41796472576
41796472569
41796472628
41796472445
41796472646
41796472561
41796472473
41796472627
41796472582
41796472588
41796472490
41796472535
41796472666
41796472484
41796472693
41796472600
41796472652
41796472476
41796472654
41796472604
41796472577
41796472408
41796472564
41796472656
41796472619
41796472550
41796472615
41796472562
41796472529
41796472653
41796472639
41796472671
41796472450
41796472549
41796472645
41796472670
41796472672
41796472589
41796472584
41796472478
41796472607
41796472640
41796472523
41796472545
41796472643
41796472642
41796472660
41796472608
41796472665
41796472620
41796472727
41796472722
41796472707
41796472744
41796472746
41796472709
41796472700
41796472712
41796472702
41796472714
41796472706
41796472723
41796472761
41796472731
41796472730
41796472701
41796472703
41796472704
41796472752
41796472756
41796472719
41796472721
41796472739
41796472749
41796472729
41796472760
41796472705
41796472728
41796472757
41796472717
41796472759
41796472733
41796472736
41796472737
41796472713
41796472748
41796472738
41796472734
41796472732
41796472710
41796472754
41796472715
41796472751
41796472780
41796472782
41796472823
41796472777
41796472769
41796472815
41796472765
41796472803
41796472820
41796472810
41796472767
41796472774
41796472763
41796472771
41796472791
41796472802
41796472783
41796472843
41796472811
41796472847
41796472806
41796472797
41796472768
41796472792
41796472837
41796472830
41796472835
41796472775
41796472793
41796472816
41796472784
41796472801
41796472838
41796472799
41796472812
41796472845
41796472819
41796472764
41796472842
41796472804
41796472825
41796472808
41796472832
41796472831
41796472829
41796472813
41796472814
41796472809
41796472839
41796472789
41796472887
41796472910
41796472848
41796472851
41796472854
41796472852
41796472889
41796472849
41796472859
41796472856
41796472862
41796472865
41796472885
41796472877
41796472893
41796472898
41796472899
41796472911
41796472880
41796472905
41796472881
41796472882
41796472903
41796472870
41796472871
41796472891
41796472894
41796472869
41796472892
41796472872
41796472855
41796472888
41796472886
41796472878
41796472922
41796472962
41796472925
41796472916
41796472918
41796472941
41796472954
41796472959
41796472951
41796472924
41796472952
41796472932
41796472939
41796472964
41796472914
41796472961
41796472956
41796472913
41796472940
41796472934
41796472935
41796472946
41796472958
41796472930
41796472955
41796472933
41796472923
41796472953
41796472927
41796472965
41796472942
41796472947
41796472977
41796472982
41796472988
41796472980
41796472993
41796472996
41796472981
41796472976
41796472978
41796472973
41796472990
41796472974
41796472975
41796472972
41796472994
41796472987
41796472999
41796472989
41796472979
41796472970
41796472984
41796478002
41796478008
41796478028
41796478023
41796478025
41796478011
41796478006
41796478004
41796478003
41796478001
41796478031
41796478017
41796478030
41796478020
41796478042
41796478051
41796478067
41796478076
41796478084
41796478097
41796478106
41796478120
41796478129
41796478085
41796478153
41796478035
41796478250
41796478068
41796478252
41796478103
41796478079
41796478039
41796478112
41796478108
41796478337
41796478144
41796478152
41796478186
41796478195
41796478038
41796478381
41796478063
41796478055
41796478162
41796478214
41796478218
41796478091
41796478081
41796478093
41796478100
41796478065
41796478439
41796478059
41796478304
41796478070
41796478121
41796478077
41796478294
41796478379
41796478329
41796478207
41796478318
41796478137
41796478213
41796478230
41796478262
41796478115
41796478354
41796478105
41796478040
41796478443
41796478161
41796478511
41796478104
41796478092
41796478283
41796478048
41796478127
41796478132
41796478212
41796478049
41796478037
41796478165
41796478052
41796478072
41796478188
41796478390
41796478187
41796478078
41796478047
41796478265
41796478338
41796478191
41796478074
41796478403
41796478228
41796478164
41796478154
41796478231
41796478300
41796478559
41796478341
41796478263
41796478241
41796478550
41796478565
41796478117
41796478343
41796478238
41796478482
41796478747
41796478149
41796478273
41796478088
41796478131
41796478170
41796478457
41796478275
41796478405
41796478075
41796478069
41796478148
41796478671
41796478094
41796478057
41796478270
41796478281
41796478171
41796478426
41796478229
41796478278
41796478587
41796478274
41796478160
41796478166
41796478383
41796478392
41796478335
41796478692
41796478175
41796478359
41796478143
41796478141
41796478466
41796478190
41796478054
41796478235
41796478402
41796478336
41796478310
41796478177
41796478169
41796478685
41796478376
41796478139
41796478058
41796478393
41796478501
41796478401
41796478150
41796478225
41796478572
41796478240
41796478208
41796478193
41796478289
41796478462
41796478777
41796478110
41796478219
41796478537
41796478707
41796478111
41796478130
41796478576
41796478526
41796478680
41796478145
41796478458
41796478447
41796478277
41796478114
41796478189
41796478525
41796478192
41796478326
41796478328
41796478449
41796478417
41796478809
41796478425
41796478286
41796478441
41796478404
41796478768
41796478489
41796478374
41796478251
41796478316
41796478340
41796478751
41796478369
41796478450
41796478662
41796478634
41796478651
41796478628
41796478657
41796478293
41796478303
41796478422
41796478362
41796478258
41796478259
41796478540
41796478167
41796478513
41796478357
41796478345
41796478198
41796478507
41796478534
41796478324
41796478308
41796478434
41796478157
41796478307
41796478826
41796478163
41796478650
41796478601
41796478356
41796478246
41796478723
41796478543
41796478637
41796478591
41796478871
41796478247
41796478333
41796478256
41796478408
41796478545
41796478535
41796478479
41796478694
41796478239
41796478820
41796478204
41796478399
41796478520
41796478107
41796478539
41796478305
41796478382
41796478234
41796478899
41796478142
41796478413
41796478437
41796478487
41796478687
41796478709
41796478486
41796478483
41796478232
41796478249
41796478196
41796478780
41796478719
41796478385
41796478202
41796478766
41796478409
41796478471
41796478574
41796478626
41796478549
41796478253
41796478548
41796478394
41796478384
41796478675
41796478430
41796478732
41796478914
41796478674
41796478378
41796478455
41796478444
41796478306
41796478821
41796478446
41796478433
41796478718
41796478440
41796478593
41796478586
41796478493
41796478317
41796478908
41796478781
41796478862
41796478742
41796478477
41796478748
41796478481
41796478916
41796478693
41796478688
41796478618
41796478745
41796478321
41796478741
41796478720
41796478269
41796478554
41796478603
41796478410
41796478432
41796478500
41796478854
41796478969
41796478504
41796478420
41796478224
41796478233
41796478744
41796478353
41796478377
41796478287
41796478682
41796478935
41796478380
41796478663
41796478541
41796478529
41796478290
41796478943
41796478509
41796478334
41796478527
41796478480
41796478342
41796478701
41796478859
41796478894
41796478830
41796478835
41796478428
41796478323
41796478497
41796478864
41796478490
41796478823
41796478611
41796478788
41796478825
41796478524
41796478760
41796478711
41796478716
41796478296
41796478331
41796478613
41796478562
41796478608
41796478514
41796478344
41796478478
41796478319
41796478724
41796478892
41796478503
41796478460
41796478421
41796478869
41796478818
41796478558
41796478708
41796478870
41796478834
41796478986
41796478553
41796478681
41796478678
41796478927
41796478856
41796478767
41796478544
41796478400
41796478542
41796478653
41796478556
41796478292
41796478941
41796478810
41796478664
41796478649
41796478528
41796478791
41796478633
41796478592
41796478607
41796478631
41796478846
41796478906
41796478746
41796478886
41796478391
41796478624
41796478619
41796478776
41796478276
41796478454
41796478737
41796478470
41796478822
41796478530
41796478866
41796478806
41796478738
41796478510
41796478752
41796478769
41796478805
41796478961
41796478689
41796478773
41796478418
41796478831
41796478786
41796478665
41796478931
41796478974
41796478915
41796478610
41796478881
41796478629
41796478960
41796478772
41796478921
41796478819
41796478982
41796478907
41796478973
41796478904
41796478992
41796478712
41796478841
41796478614
41796478863
41796478656
41796478840
41796478807
41796478580
41796478778
41796478632
41796478861
41796478735
41796478740
41796478816
41796478726
41796478743
41796478762
41796478429
41796478784
41796478577
41796478705
41796478476
41796478372
41796478836
41796478980
41796478659
41796478813
41796478922
41796478811
41796478851
41796478703
41796478700
41796478644
41796478865
41796478625
41796478956
41796478857
41796478967
41796478828
41796478878
41796478910
41796478938
41796478733
41796478647
41796478794
41796478979
41796478763
41796478852
41796478728
41796478977
41796478948
41796478801
41796478804
41796478435
41796478736
41796478918
41796478789
41796478508
41796478774
41796478887
41796478827
41796478877
41796478888
41796478909
41796478837
41796478658
41796478842
41796478518
41796478754
41796478848
41796478677
41796478962
41796478925
41796478873
41796478876
41796478750
41796478802
41796478965
41796478758
41796478950
41796478919
41796478832
41796478939
41796478981
41796478937
41796478771
41796478934
41796478975
41796478850
41796478893
41796478795
41796478897
41796478770
41796478991
41796478928
41796478721
41796478800
41796478666
41796478983
41796478920
41796478872
41796478985
41796478902
41796478993
41796478696
41796478972
41796478912
41796478929
41796478839
41796478947
41796478551
41796478968
41796477029
41796477003
41796477017
41796477027
41796477023
41796477015
41796477001
41796477007
41796477006
41796477019
41796477012
41796477014
41796477009
41796477008
41796477010
41796477018
41796477011
41796477032
41796477025
41796477030
41796477026
41796477031
41796477036
41796477039
41796477034
41796477354
41796477046
41796477098
41796477089
41796477100
41796477119
41796477115
41796477127
41796477090
41796477146
41796477157
41796477216
41796477221
41796477035
41796477042
41796477051
41796477060
41796477057
41796477064
41796477285
41796477287
41796477047
41796477107
41796477108
41796477103
41796477139
41796477056
41796477149
41796477164
41796477038
41796477072
41796477083
41796477208
41796477052
41796477075
41796477077
41796477256
41796477091
41796477062
41796477048
41796477150
41796477131
41796477204
41796477200
41796477294
41796477302
41796477113
41796477318
41796477109
41796477093
41796477222
41796477171
41796477071
41796477172
41796477033
41796477101
41796477106
41796477279
41796477084
41796477145
41796477040
41796477344
41796477250
41796477118
41796477073
41796477151
41796477137
41796477050
41796477417
41796477123
41796477297
41796477220
41796477133
41796477251
41796477284
41796477233
41796477178
41796477044
41796477069
41796477209
41796477225
41796477102
41796477212
41796477156
41796477295
41796477371
41796477120
41796477110
41796477235
41796477162
41796477258
41796477240
41796477160
41796477413
41796477456
41796477276
41796477433
41796477166
41796477148
41796477238
41796477136
41796477346
41796477219
41796477361
41796477203
41796477168
41796477184
41796477535
41796477364
41796477224
41796477135
41796477066
41796477243
41796477434
41796477067
41796477174
41796477616
41796477749
41796477267
41796477094
41796477409
41796477217
41796477188
41796477349
41796477507
41796477489
41796477518
41796477193
41796477088
41796477058
41796477540
41796477709
41796477132
41796477383
41796477232
41796477175
41796477365
41796477522
41796477387
41796477480
41796477551
41796477231
41796477587
41796477268
41796477059
41796477630
41796477410
41796477114
41796477671
41796477081
41796477143
41796477179
41796477180
41796477147
41796477226
41796477444
41796477415
41796477640
41796477237
41796477223
41796477270
41796477230
41796477331
41796477288
41796477508
41796477307
41796477352
41796477539
41796477362
41796477423
41796477702
41796477316
41796477163
41796477375
41796477189
41796477283
41796477185
41796477609
41796477778
41796477578
41796477140
41796477520
41796477367
41796477396
41796477345
41796477277
41796477336
41796477475
41796477320
41796477290
41796477068
41796477317
41796477261
41796477774
41796477241
41796477425
41796477392
41796477765
41796477649
41796477782
41796477491
41796477381
41796477182
41796477852
41796477548
41796477422
41796477289
41796477368
41796477884
41796477310
41796477428
41796477259
41796477736
41796477266
41796477494
41796477144
41796477202
41796477576
41796477761
41796477273
41796477356
41796477280
41796477552
41796477513
41796477531
41796477932
41796477435
41796477385
41796477366
41796477955
41796477350
41796477776
41796477613
41796477353
41796477628
41796477858
41796477471
41796477737
41796477969
41796477512
41796477605
41796477421
41796477499
41796477526
41796477427
41796477431
41796477334
41796477500
41796477504
41796477772
41796477213
41796477889
41796477201
41796477300
41796477206
41796477805
41796477314
41796477957
41796477698
41796477214
41796477563
41796477105
41796477567
41796477477
41796477330
41796477620
41796477218
41796477672
41796477436
41796477441
41796477729
41796477829
41796477511
41796477462
41796477792
41796477154
41796477619
41796477864
41796477583
41796477603
41796477286
41796477382
41796477562
41796477322
41796477848
41796477642
41796477812
41796477291
41796477894
41796477525
41796477880
41796477305
41796477313
41796477355
41796477497
41796477369
41796477192
41796477158
41796477565
41796477601
41796477731
41796477473
41796477167
41796477281
41796477455
41796477554
41796477543
41796477254
41796477458
41796477886
41796477735
41796477750
41796477169
41796477581
41796477528
41796477809
41796477542
41796477828
41796477794
41796477680
41796477717
41796477482
41796477292
41796477523
41796477760
41796477648
41796477257
41796477713
41796477596
41796477558
41796477738
41796477481
41796477682
41796477376
41796477781
41796477710
41796477988
41796477666
41796477493
41796477393
41796477745
41796477483
41796477722
41796477546
41796477299
41796477514
41796477312
41796477624
41796477509
41796477626
41796477407
41796477684
41796477802
41796477964
41796477388
41796477694
41796477584
41796477676
41796477963
41796477170
41796477655
41796477818
41796477244
41796477787
41796477602
41796477408
41796477654
41796477389
41796477306
41796477245
41796477278
41796477515
41796477403
41796477429
41796477541
41796477519
41796477721
41796477402
41796477762
41796477718
41796477652
41796477839
41796477960
41796477545
41796477643
41796477983
41796477615
41796477706
41796477457
41796477855
41796477982
41796477573
41796477986
41796477589
41796477440
41796477569
41796477714
41796477622
41796477631
41796477856
41796477211
41796477904
41796477323
41796477770
41796477689
41796477673
41796477611
41796477987
41796477866
41796477935
41796477699
41796477712
41796477780
41796477869
41796477967
41796477801
41796477992
41796477521
41796477833
41796477412
41796477804
41796477577
41796477724
41796477723
41796477893
41796477947
41796477568
41796477887
41796477704
41796477683
41796477919
41796477639
41796477878
41796477897
41796477664
41796477246
41796477343
41796477533
41796477325
41796477632
41796477763
41796477215
41796477783
41796477606
41796477452
41796477687
41796477948
41796477808
41796477448
41796477625
41796477850
41796477756
41796477321
41796477328
41796477517
41796477333
41796477424
41796477744
41796477705
41796477502
41796477843
41796477708
41796477968
41796477668
41796477974
41796477980
41796477582
41796477831
41796477976
41796477900
41796477913
41796477650
41796477921
41796477937
41796477865
41796477847
41796477807
41796477836
41796477769
41796477892
41796477751
41796477757
41796477773
41796477845
41796477806
41796477465
41796477623
41796477442
41796477872
41796477516
41796477669
41796477920
41796477950
41796477996
41796477327
41796477975
41796477842
41796477479
41796477973
41796477377
41796477685
41796477862
41796477629
41796477915
41796477867
41796477701
41796477604
41796477641
41796477832
41796477647
41796477953
41796477903
41796477956
41796477931
41796477910
41796477503
41796477985
41796477691
41796477924
41796477692
41796477566
41796477938
41796477942
41796477990
41796477593
41796477725
41796477386
41796477501
41796477688
41796477851
41796477844
41796477703
41796477727
41796477965
41796477588
41796477970
41796477925
41796477959
41796477857
41796477571
41796477994
41796477879
41796477538
41796477755
41796477890
41796477923
41796477607
41796477853
41796477966
41796477930
41796477946
41796477753
41796477716
41796477667
41796477861
41796477810
41796477711
41796477557
41796477971
41796477733
41796477977
41796477916
41796477993
41796477803
41796477906
41796477914
41796477746
41796477644
41796477984
41796477785
41796477790
41796477934
41796477917
