41794145000
41794145016
41794145018
41794145031
41794145019
41794145011
41794145003
41794145001
41794145027
41794145004
41794145002
41794145008
41794145014
41794145026
41794145021
41794145006
41794145009
41794145015
41794145012
41794145028
41794145022
41794145025
41794145030
41794145088
41794145102
41794145148
41794145049
41794145072
41794145056
41794145100
41794145107
41794145126
41794145113
41794145149
41794145078
41794145140
41794145128
41794145198
41794145023
41794145109
41794145130
41794145251
41794145241
41794145053
41794145248
41794145162
41794145086
41794145314
41794145063
41794145044
41794145061
41794145055
41794145093
41794145231
41794145068
41794145036
41794145194
41794145101
41794145137
41794145490
41794145168
41794145077
41794145112
41794145177
41794145260
41794145059
41794145234
41794145365
41794145060
41794145404
41794145237
41794145040
41794145416
41794145114
41794145219
41794145326
41794145099
41794145201
41794145346
41794145282
41794145035
41794145264
41794145115
41794145152
41794145047
41794145452
41794145214
41794145439
41794145058
41794145255
41794145167
41794145129
41794145233
41794145135
41794145333
41794145065
41794145557
41794145143
41794145054
41794145381
41794145295
41794145188
41794145523
41794145085
41794145288
41794145242
41794145353
41794145133
41794145419
41794145486
41794145247
41794145477
41794145034
41794145273
41794145204
41794145184
41794145039
41794145069
41794145371
41794145473
41794145121
41794145249
41794145089
41794145579
41794145458
41794145175
41794145391
41794145057
41794145142
41794145082
41794145145
41794145238
41794145753
41794145106
41794145520
41794145227
41794145217
41794145110
41794145526
41794145180
41794145245
41794145457
41794145375
41794145131
41794145195
41794145672
41794145091
41794145493
41794145266
41794145352
41794145139
41794145414
41794145401
41794145280
41794145293
41794145324
41794145369
41794145268
41794145197
41794145155
41794145549
41794145221
41794145230
41794145321
41794145410
41794145179
41794145215
41794145855
41794145656
41794145495
41794145420
41794145153
41794145332
41794145689
41794145083
41794145161
41794145210
41794145271
41794145379
41794145535
41794145124
41794145228
41794145294
41794145464
41794145518
41794145440
41794145460
41794145319
41794145325
41794145373
41794145193
41794145572
41794145617
41794145317
41794145783
41794145472
41794145073
41794145150
41794145709
41794145521
41794145534
41794145485
41794145096
41794145156
41794145640
41794145141
41794145501
41794145482
41794145355
41794145259
41794145636
41794145533
41794145291
41794145278
41794145576
41794145187
41794145300
41794145123
41794145334
41794145178
41794145919
41794145335
41794145351
41794145515
41794145212
41794145183
41794145494
41794145250
41794145328
41794145303
41794145905
41794145364
41794145283
41794145165
41794145480
41794145327
41794145571
41794145176
41794145831
41794145639
41794145657
41794145441
41794145239
41794145513
41794145350
41794145978
41794145484
41794145475
41794145687
41794145432
41794145612
41794145912
41794145316
41794145888
41794145653
41794145119
41794145359
41794145252
41794145443
41794145760
41794145407
41794145531
41794145509
41794145734
41794145298
41794145784
41794145223
41794145309
41794145362
41794145257
41794145208
41794145649
41794145357
41794145717
41794145437
41794145614
41794145542
41794145343
41794145525
41794145723
41794145445
41794145342
41794145471
41794145553
41794145181
41794145646
41794145207
41794145386
41794145191
41794145320
41794145503
41794145558
41794145580
41794145667
41794145623
41794145385
41794145287
41794145470
41794145569
41794145797
41794145224
41794145575
41794145593
41794145274
41794145301
41794145904
41794145655
41794145759
41794145256
41794145699
41794145337
41794145702
41794145491
41794145512
41794145637
41794145765
41794145628
41794145507
41794145615
41794145627
41794145474
41794145459
41794145602
41794145744
41794145645
41794145567
41794145323
41794145585
41794145800
41794145336
41794145918
41794145329
41794145423
41794145489
41794145384
41794145839
41794145586
41794145388
41794145844
41794145610
41794145376
41794145788
41794145563
41794145823
41794145608
41794145939
41794145377
41794145568
41794145345
41794145747
41794145754
41794145306
41794145412
41794145276
41794145478
41794145769
41794145395
41794145387
41794145550
41794145926
41794145954
41794145508
41794145367
41794145746
41794145461
41794145605
41794145750
41794145311
41794145546
41794145421
41794145756
41794145700
41794145940
41794145390
41794145997
41794145455
41794145394
41794145584
41794145597
41794145406
41794145817
41794145468
41794145338
41794145923
41794145749
41794145595
41794145846
41794145663
41794145403
41794145356
41794145304
41794145358
41794145422
41794145511
41794145642
41794145673
41794145363
41794145966
41794145720
41794145552
41794145880
41794145701
41794145716
41794145638
41794145735
41794145703
41794145676
41794145603
41794145684
41794145254
41794145762
41794145806
41794145739
41794145958
41794145588
41794145651
41794145722
41794145779
41794145537
41794145600
41794145891
41794145570
41794145551
41794145725
41794145510
41794145771
41794145671
41794145787
41794145781
41794145424
41794145483
41794145789
41794145465
41794145736
41794145815
41794145393
41794145577
41794145488
41794145856
41794145836
41794145517
41794145522
41794145925
41794145402
41794145909
41794145894
41794145773
41794145814
41794145313
41794145792
41794145506
41794145827
41794145820
41794145620
41794145444
41794145635
41794145698
41794145446
41794145861
41794145718
41794145405
41794145629
41794145692
41794145828
41794145780
41794145947
41794145890
41794145934
41794145969
41794145710
41794145772
41794145463
41794145892
41794145942
41794145705
41794145415
41794145538
41794145767
41794145971
41794145310
41794145632
41794145790
41794145770
41794145481
41794145677
41794145825
41794145970
41794145933
41794145950
41794145413
41794145851
41794145981
41794145863
41794145852
41794145648
41794145678
41794145916
41794145857
41794145516
41794145708
41794145808
41794145547
41794145728
41794145984
41794145992
41794145866
41794145879
41794145727
41794145908
41794145641
41794145755
41794145685
41794145943
41794145741
41794145914
41794145813
41794145874
41794145545
41794145796
41794145902
41794145980
41794145867
41794145583
41794145530
41794145721
41794145951
41794145429
41794145985
41794145786
41794145694
41794145696
41794145854
41794145707
41794145859
41794145660
41794145922
41794145975
41794145634
41794145573
41794145986
41794145589
41794145903
41794145878
41794145581
41794145906
41794145812
41794145948
41794145680
41794145848
41794145664
41794145778
41794145895
41794145801
41794145713
41794145900
41794145920
41794145936
41794145987
41794145962
41794145715
41794145932
41794145907
41794145860
41794145886
41794145816
41794145956
41794145889
41794145872
41794145742
41794145885
41794145917
41794145730
41794145941
41794145850
41794145818
41794145979
41794145688
41794145991
41794145877
41794145990
41794145865
41794145803
41794145993
41794145766
41794145793
41794145959
41794145719
41794145758
41794145938
41794145882
41794145955
41794145935
41794145821
41794145949
41794145945
41794145869
41794145995
41794145911
41794145896
41794145897
41794145982
41794145893
41794144000
41794144006
41794144003
41794144015
41794144014
41794144012
41794144024
41794144016
41794144020
41794144023
41794144029
41794144007
41794144011
41794144013
41794144005
41794144022
41794144008
41794144028
41794144017
41794144004
41794144021
41794144096
41794144061
41794144116
41794144062
41794144040
41794144035
41794144137
41794144149
41794144059
41794144063
41794144110
41794144156
41794144107
41794144104
41794144108
41794144135
41794144037
41794144280
41794144044
41794144049
41794144189
41794144048
41794144077
41794144331
41794144083
41794144056
41794144114
41794144121
41794144042
41794144161
41794144292
41794144309
41794144088
41794144179
41794144076
41794144159
41794144043
41794144275
41794144181
41794144069
41794144143
41794144123
41794144133
41794144165
41794144045
41794144103
41794144084
41794144099
41794144079
41794144150
41794144082
41794144140
41794144322
41794144057
41794144072
41794144211
41794144151
41794144115
41794144070
41794144100
41794144222
41794144224
41794144202
41794144242
41794144238
41794144144
41794144285
41794144047
41794144141
41794144276
41794144207
41794144064
41794144334
41794144321
41794144095
41794144131
41794144158
41794144178
41794144127
41794144094
41794144191
41794144038
41794144170
41794144246
41794144304
41794144160
41794144097
41794144194
41794144259
41794144138
41794144231
41794144183
41794144093
41794144147
41794144066
41794144233
41794144134
41794144299
41794144311
41794144305
41794144225
41794144118
41794144232
41794144213
41794144270
41794144154
41794144254
41794144182
41794144130
41794144327
41794144241
41794144186
41794144177
41794144350
41794144153
41794144166
41794144335
41794144284
41794144098
41794144235
41794144291
41794144203
41794144168
41794144157
41794144338
41794144212
41794144281
41794144206
41794144345
41794144237
41794144102
41794144318
41794144129
41794144164
41794144346
41794144234
41794144300
41794144255
41794144325
41794144176
41794144265
41794144343
41794144273
41794144204
41794144223
41794144323
41794144163
41794144314
41794144139
41794144348
41794144282
41794144196
41794144221
41794144266
41794144339
41794144263
41794144308
41794144303
41794144167
41794144267
41794144250
41794144320
41794144290
41794144247
41794144340
41794144214
41794144317
41794144240
41794144260
41794144145
41794144269
41794144341
41794144171
41794144198
41794144091
41794144332
41794144301
41794144251
41794144319
41794144236
41794144337
41794144197
41794144229
41794144312
41794144271
41794144333
41794144243
41794144336
41794144244
41794144283
41794144347
41794144354
41794144359
41794144365
41794144355
41794144351
41794144353
41794144378
41794144382
41794144352
41794144379
41794144381
41794144380
41794144358
41794144369
41794144367
41794144374
41794144356
41794144360
41794144363
41794144368
41794144375
41794144371
41794144370
41794144377
41794144364
41794144398
41794144428
41794144385
41794144395
41794144416
41794144452
41794144468
41794144467
41794144384
41794144389
41794144401
41794144430
41794144453
41794144464
41794144465
41794144495
41794144505
41794144459
41794144425
41794144440
41794144586
41794144415
41794144412
41794144482
41794144421
41794144460
41794144671
41794144388
41794144540
41794144390
41794144544
41794144433
41794144437
41794144490
41794144571
41794144469
41794144541
41794144549
41794144525
41794144431
41794144442
41794144414
41794144397
41794144417
41794144392
41794144477
41794144520
41794144475
41794144408
41794144624
41794144405
41794144403
41794144522
41794144411
41794144508
41794144679
41794144521
41794144494
41794144669
41794144587
41794144526
41794144500
41794144443
41794144492
41794144552
41794144410
41794144501
41794144532
41794144554
41794144529
41794144484
41794144550
41794144625
41794144487
41794144519
41794144406
41794144434
41794144486
41794144621
41794144503
41794144496
41794144513
41794144474
41794144579
41794144499
41794144427
41794144515
41794144594
41794144563
41794144445
41794144612
41794144567
41794144686
41794144689
41794144636
41794144575
41794144429
41794144542
41794144628
41794144674
41794144590
41794144573
41794144610
41794144617
41794144663
41794144698
41794144688
41794144693
41794144667
41794144537
41794144655
41794144393
41794144570
41794144527
41794144613
41794144682
41794144683
41794144531
41794144449
41794144654
41794144616
41794144653
41794144673
41794144545
41794144565
41794144582
41794144461
41794144658
41794144626
41794144593
41794144432
41794144466
41794144670
41794144646
41794144696
41794144546
41794144641
41794144551
41794144596
41794144523
41794144585
41794144538
41794144648
41794144637
41794144665
41794144564
41794144555
41794144470
41794144566
41794144644
41794144533
41794144635
41794144677
41794144640
41794144611
41794144455
41794144668
41794144561
41794144685
41794144660
41794144676
41794144672
41794144678
41794144569
41794144627
41794144606
41794144601
41794144650
41794144622
41794144687
41794144600
41794144535
41794144602
41794144681
41794144399
41794144633
41794144562
41794144656
41794144664
41794144620
41794144559
41794144657
41794144652
41794144697
41794144632
41794144583
41794144619
41794144595
41794144576
41794144598
41794144479
41794144642
41794144450
41794144614
41794144662
41794144584
41794144691
41794144649
41794144630
41794144694
41794144675
41794144692
41794144548
41794144710
41794144716
41794144700
41794144724
41794144704
41794144711
41794144701
41794144717
41794144705
41794144718
41794144719
41794144713
41794144702
41794144721
41794144714
41794144703
41794144720
41794144715
41794144707
41794144725
41794144726
41794144723
41794144736
41794144759
41794144732
41794144753
41794144747
41794144752
41794144751
41794144738
41794144743
41794144744
41794144745
41794144737
41794144733
41794144761
41794144757
41794144735
41794144764
41794144746
41794144758
41794144755
41794144763
41794144750
41794144805
41794144776
41794144781
41794144768
41794144783
41794144782
41794144779
41794144820
41794144793
41794144771
41794144778
41794144790
41794144770
41794144801
41794144808
41794144798
41794144802
41794144800
41794144791
41794144767
41794144823
41794144814
41794144786
41794144785
41794144818
41794144809
41794144792
41794144775
41794144774
41794144819
41794144803
41794144816
41794144817
41794144806
41794144780
41794144787
41794144846
41794144858
41794144877
41794144833
41794144849
41794144845
41794144831
41794144850
41794144864
41794144824
41794144825
41794144830
41794144853
41794144843
41794144855
41794144863
41794144847
41794144861
41794144867
41794144869
41794144876
41794144848
41794144841
41794144860
41794144874
41794144870
41794144879
41794144881
41794144842
41794144857
41794144827
41794144834
41794144836
41794144875
41794144887
41794144899
41794144931
41794144891
41794144905
41794144912
41794144929
41794144908
41794144924
41794144911
41794144900
41794144893
41794144884
41794144886
41794144907
41794144928
41794144922
41794144914
41794144904
41794144920
41794144894
41794144888
41794144919
41794144898
41794144897
41794144938
41794144937
41794144939
41794144916
41794144923
41794144940
41794144932
41794144962
41794144947
41794144961
41794144944
41794144960
41794144971
41794144958
41794144955
41794144946
41794144951
41794144950
41794144967
41794144965
41794144966
41794144942
41794144964
41794144952
41794144943
41794144953
41794144970
41794144956
41794144949
41794144941
41794144945
41794144954
41794144972
41794144983
41794144989
41794144978
41794144993
41794144986
41794144973
41794144974
41794144990
41794144998
41794144999
41794144976
41794144979
41794144984
41794144992
41794144991
41794144980
41794144982
41794144995
41794146000
41794146002
41794146008
41794146031
41794146003
41794146007
41794146015
41794146005
41794146013
41794146027
41794146010
41794146023
41794146001
41794146009
41794146030
41794146006
41794146029
41794146024
41794146012
41794146042
41794146087
41794146051
41794146101
41794146038
41794146074
41794146106
41794146072
41794146047
41794146095
41794146110
41794146055
41794146184
41794146167
41794146116
41794146245
41794146041
41794146076
41794146362
41794146170
41794146118
41794146234
41794146228
41794146195
41794146250
41794146035
41794146143
41794146052
41794146206
41794146161
41794146077
41794146329
41794146171
41794146186
41794146120
41794146084
41794146054
41794146039
41794146046
41794146079
41794146217
41794146269
41794146486
41794146099
41794146033
41794146173
41794146268
41794146044
41794146175
41794146154
41794146172
41794146129
41794146155
41794146238
41794146109
41794146127
41794146517
41794146070
41794146183
41794146061
41794146241
41794146083
41794146290
41794146226
41794146113
41794146320
41794146043
41794146111
41794146048
41794146271
41794146124
41794146281
41794146037
41794146417
41794146430
41794146134
41794146177
41794146139
41794146096
41794146064
41794146040
41794146285
41794146117
41794146080
41794146246
41794146224
41794146521
41794146147
41794146300
41794146036
41794146423
41794146253
41794146034
41794146130
41794146209
41794146119
41794146222
41794146577
41794146169
41794146192
41794146086
41794146279
41794146141
41794146344
41794146178
41794146144
41794146159
41794146342
41794146507
41794146301
41794146213
41794146066
41794146045
41794146216
41794146350
41794146346
41794146324
41794146439
41794146283
41794146235
41794146272
41794146112
41794146194
41794146199
41794146131
41794146056
41794146616
41794146384
41794146412
41794146589
41794146650
41794146132
41794146327
41794146212
41794146176
41794146146
41794146526
41794146163
41794146420
41794146140
41794146343
41794146494
41794146622
41794146152
41794146128
41794146060
41794146160
41794146107
41794146122
41794146162
41794146145
41794146404
41794146502
41794146255
41794146425
41794146518
41794146236
41794146251
41794146292
41794146259
41794146135
41794146424
41794146280
41794146604
41794146620
41794146073
41794146388
41794146142
41794146166
41794146094
41794146289
41794146219
41794146640
41794146432
41794146275
41794146302
41794146069
41794146483
41794146773
41794146284
41794146323
41794146462
41794146328
41794146230
41794146478
41794146849
41794146367
41794146200
41794146550
41794146875
41794146380
41794146188
41794146331
41794146191
41794146214
41794146053
41794146632
41794146258
41794146179
41794146477
41794146414
41794146126
41794146514
41794146337
41794146786
41794146499
41794146297
41794146437
41794146596
41794146180
41794146123
41794146402
41794146366
41794146256
41794146304
41794146491
41794146257
41794146498
41794146338
41794146148
41794146532
41794146310
41794146580
41794146473
41794146197
41794146474
41794146158
41794146628
41794146196
41794146249
41794146153
41794146370
41794146389
41794146479
41794146431
41794146309
41794146603
41794146509
41794146422
41794146330
41794146270
41794146405
41794146735
41794146316
41794146231
41794146546
41794146254
41794146278
41794146449
41794146795
41794146363
41794146490
41794146595
41794146463
41794146800
41794146262
41794146336
41794146712
41794146296
41794146648
41794146267
41794146242
41794146318
41794146568
41794146534
41794146467
41794146508
41794146690
41794146558
41794146523
41794146223
41794146458
41794146298
41794146351
41794146136
41794146374
41794146105
41794146541
41794146429
41794146229
41794146445
41794146276
41794146635
41794146776
41794146542
41794146748
41794146421
41794146260
41794146156
41794146434
41794146418
41794146485
41794146454
41794146464
41794146360
41794146626
41794146335
41794146525
41794146325
41794146347
41794146406
41794146341
41794146321
41794146633
41794146456
41794146359
41794146984
41794146651
41794146570
41794146530
41794146435
41794146649
41794146375
41794146372
41794146314
41794146535
41794146386
41794146274
41794146840
41794146446
41794146935
41794146427
41794146631
41794146559
41794146643
41794146416
41794146531
41794146403
41794146397
41794146691
41794146607
41794146611
41794146455
41794146672
41794146688
41794146798
41794146697
41794146371
41794146822
41794146638
41794146364
41794146349
41794146706
41794146613
41794146629
41794146564
41794146993
41794146560
41794146469
41794146373
41794146339
41794146288
41794146992
41794146481
41794146587
41794146447
41794146383
41794146239
41794146679
41794146332
41794146593
41794146450
41794146900
41794146504
41794146602
41794146621
41794146676
41794146585
41794146436
41794146472
41794146818
41794146547
41794146529
41794146678
41794146814
41794146554
41794146533
41794146572
41794146655
41794146500
41794146597
41794146820
41794146408
41794146394
41794146646
41794146470
41794146813
41794146683
41794146576
41794146205
41794146763
41794146513
41794146970
41794146503
41794146265
41794146385
41794146400
41794146441
41794146663
41794146605
41794146913
41794146522
41794146770
41794146885
41794146624
41794146694
41794146855
41794146745
41794146584
41794146647
41794146501
41794146645
41794146982
41794146426
41794146413
41794146484
41794146625
41794146699
41794146524
41794146618
41794146574
41794146578
41794146880
41794146836
41794146569
41794146700
41794146782
41794146419
41794146348
41794146357
41794146552
41794146892
41794146733
41794146528
41794146973
41794146548
41794146586
41794146543
41794146907
41794146739
41794146549
41794146720
41794146610
41794146665
41794146753
41794146810
41794146634
41794146515
41794146909
41794146940
41794146990
41794146345
41794146922
41794146769
41794146664
41794146919
41794146661
41794146989
41794146727
41794146606
41794146987
41794146488
41794146382
41794146946
41794146698
41794146627
41794146609
41794146947
41794146724
41794146707
41794146842
41794146755
41794146779
41794146401
41794146592
41794146838
41794146950
41794146903
41794146702
41794146675
41794146996
41794146843
41794146767
41794146428
41794146901
41794146459
41794146737
41794146824
41794146832
41794146738
41794146930
41794146780
41794146704
41794146744
41794146806
41794146711
41794146708
41794146757
41794146465
41794146831
41794146821
41794146968
41794146830
41794146723
41794146811
41794146891
41794146938
41794146794
41794146819
41794146881
41794146957
41794146949
41794146983
41794146872
41794146865
41794146862
41794146766
41794146785
41794146910
41794146725
41794146758
41794146877
41794146804
41794146722
41794146864
41794146960
41794146921
41794146994
41794146841
41794146715
41794146976
41794146719
41794146893
41794146812
41794146941
41794146888
41794146759
41794146914
41794146553
41794146844
41794146726
41794146904
41794146565
41794146612
41794146747
41794146962
41794146870
41794146944
41794146969
41794146802
41794146988
41794146916
41794146951
41794146915
41794146936
41794146511
41794146856
41794146858
41794146834
41794146579
41794146765
41794146897
41794146790
41794146817
41794146732
41794146787
41794146582
41794146510
41794146545
41794146985
41794146975
41794146833
41794146979
41794146867
41794146853
41794146827
41794146972
41794146869
41794146917
41794146845
41794146781
41794146956
41794146918
41794146583
41794146653
41794146923
41794146911
41794146808
41794146601
41794146835
41794146778
41794146746
41794146971
41794146709
41794146656
41794146895
41794146906
41794146924
41794146848
41794146659
41794146948
41794146954
41794146876
41794146929
41794146986
41794146934
41794146741
41794146963
41794146898
41794146974
41794146668
41794146981
41794146943
41794146803
41794146783
41794146837
41794146905
41794146695
41794146850
41794146852
41794146997
41794146815
41794146868
41794146878
41794140027
41794140006
41794140009
41794140005
41794140026
41794140023
41794140001
41794140024
41794140014
41794140018
41794140011
41794140003
41794140021
41794140020
41794140029
41794140015
41794140012
41794140025
41794140022
41794140004
41794140028
41794140030
41794140010
41794140013
41794140032
41794140002
41794140056
41794140100
41794140132
41794140186
41794140044
41794140048
41794140054
41794140055
41794140110
41794140138
41794140085
41794140182
41794140051
41794140166
41794140188
41794140125
41794140184
41794140208
41794140059
41794140088
41794140215
41794140080
41794140124
41794140133
41794140198
41794140118
41794140214
41794140314
41794140104
41794140278
41794140036
41794140043
41794140123
41794140067
41794140300
41794140150
41794140037
41794140109
41794140078
41794140164
41794140250
41794140267
41794140158
41794140045
41794140033
41794140057
41794140101
41794140387
41794140035
41794140105
41794140071
41794140304
41794140347
41794140197
41794140213
41794140363
41794140216
41794140161
41794140064
41794140517
41794140146
41794140139
41794140093
41794140211
41794140062
41794140428
41794140468
41794140558
41794140230
41794140129
41794140047
41794140102
41794140079
41794140112
41794140156
41794140098
41794140318
41794140114
41794140740
41794140113
41794140244
41794140154
41794140162
41794140167
41794140714
41794140310
41794140319
41794140357
41794140070
41794140694
41794140108
41794140074
41794140135
41794140522
41794140205
41794140084
41794140287
41794140331
41794140218
41794140115
41794140134
41794140183
41794140121
41794140325
41794140172
41794140560
41794140239
41794140268
41794140249
41794140094
41794140337
41794140157
41794140170
41794140148
41794140281
41794140335
41794140130
41794140159
41794140717
41794140719
41794140296
41794140280
41794140341
41794140557
41794140411
41794140285
41794140232
41794140579
41794140340
41794140097
41794140482
41794140414
41794140338
41794140111
41794140177
41794140136
41794140397
41794140407
41794140202
41794140128
41794140469
41794140405
41794140665
41794140269
41794140458
41794140204
41794140309
41794140480
41794140406
41794140173
41794140152
41794140408
41794140572
41794140276
41794140450
41794140143
41794140456
41794140171
41794140160
41794140448
41794140858
41794140344
41794140668
41794140413
41794140386
41794140520
41794140934
41794140873
41794140212
41794140209
41794140415
41794140409
41794140500
41794140201
41794140261
41794140819
41794140175
41794140058
41794140247
41794140511
41794140410
41794140294
41794140181
41794140122
41794140833
41794140744
41794140092
41794140424
41794140180
41794140233
41794140715
41794140313
41794140454
41794140667
41794140352
41794140324
41794140568
41794140564
41794140272
41794140412
41794140289
41794140251
41794140707
41794140360
41794140284
41794140459
41794140388
41794140190
41794140329
41794140275
41794140438
41794140336
41794140542
41794140196
41794140403
41794140229
41794140625
41794140137
41794140322
41794140437
41794140189
41794140086
41794140174
41794140381
41794140315
41794140966
41794140467
41794140809
41794140824
41794140590
41794140427
41794140751
41794140531
41794140225
41794140200
41794140392
41794140217
41794140370
41794140402
41794140263
41794140659
41794140969
41794140299
41794140222
41794140475
41794140349
41794140575
41794140462
41794140090
41794140788
41794140582
41794140346
41794140288
41794140391
41794140631
41794140365
41794140528
41794140320
41794140460
41794140923
41794140393
41794140312
41794140439
41794140282
41794140611
41794140502
41794140366
41794140836
41794140787
41794140476
41794140422
41794140732
41794140863
41794140756
41794140179
41794140865
41794140553
41794140473
41794140277
41794140317
41794140607
41794140418
41794140298
41794140237
41794140235
41794140681
41794140066
41794140666
41794140248
41794140243
41794140345
41794140291
41794140760
41794140529
41794140286
41794140501
41794140548
41794140615
41794140602
41794140676
41794140996
41794140487
41794140429
41794140266
41794140328
41794140829
41794140612
41794140589
41794140753
41794140426
41794140754
41794140516
41794140466
41794140374
41794140662
41794140661
41794140929
41794140853
41794140927
41794140563
41794140870
41794140827
41794140449
41794140671
41794140762
41794140988
41794140637
41794140323
41794140380
41794140359
41794140334
41794140382
41794140684
41794140464
41794140228
41794140375
41794140742
41794140944
41794140622
41794140400
41794140647
41794140390
41794140493
41794140770
41794140580
41794140930
41794140339
41794140704
41794140116
41794140778
41794140491
41794140544
41794140888
41794140443
41794140554
41794140606
41794140672
41794140453
41794140689
41794140960
41794140343
41794140851
41794140640
41794140535
41794140688
41794140342
41794140984
41794140509
41794140567
41794140846
41794140550
41794140823
41794140806
41794140669
41794140900
41794140757
41794140394
41794140371
41794140503
41794140539
41794140372
41794140807
41794140586
41794140978
41794140992
41794140483
41794140763
41794140649
41794140585
41794140830
41794140646
41794140474
41794140417
41794140470
41794140702
41794140642
41794140519
41794140234
41794140654
41794140803
41794140604
41794140759
41794140940
41794140722
41794140935
41794140920
41794140860
41794140592
41794140463
41794140876
41794140488
41794140765
41794140872
41794140446
41794140909
41794140569
41794140755
41794140619
41794140546
41794140610
41794140663
41794140608
41794140749
41794140951
41794140720
41794140635
41794140943
41794140432
41794140616
41794140559
41794140556
41794140942
41794140852
41794140771
41794140361
41794140533
41794140780
41794140884
41794140597
41794140950
41794140660
41794140617
41794140904
41794140594
41794140499
41794140810
41794140752
41794140748
41794140898
41794140566
41794140645
41794140368
41794140419
41794140603
41794140718
41794140626
41794140844
41794140811
41794140445
41794140855
41794140901
41794140678
41794140862
41794140634
41794140850
41794140938
41794140790
41794140832
41794140995
41794140864
41794140576
41794140308
41794140893
41794140692
41794140709
41794140738
41794140534
41794140220
41794140899
41794140504
41794140442
41794140708
41794140629
41794140914
41794140781
41794140875
41794140723
41794140543
41794140404
41794140624
41794140982
41794140731
41794140857
41794140561
41794140151
41794140902
41794140838
41794140926
41794140784
41794140583
41794140842
41794140525
41794140593
41794140828
41794140734
41794140497
41794140377
41794140728
41794140727
41794140478
41794140911
41794140686
41794140854
41794140887
41794140821
41794140506
41794140831
41794140867
41794140859
41794140861
41794140644
41794140956
41794140834
41794140919
41794140552
41794140641
41794140818
41794140814
41794140440
41794140955
41794140461
41794140970
41794140936
41794140701
41794140985
41794140271
41794140794
41794140712
41794140981
41794140761
41794140805
41794140913
41794140840
41794140804
41794140699
41794140848
41794140743
41794140965
41794140987
41794140773
41794140958
41794140835
41794140990
41794140939
41794140515
41794140815
41794140764
41794140843
41794140176
41794140971
41794140957
41794140908
41794140874
41794140643
41794140941
41794140783
41794140825
41794140265
41794140880
41794140733
41794140657
41794140490
41794140962
41794140912
41794140785
41794140584
41794140798
41794140775
41794140961
41794140792
41794140524
41794140977
41794140813
41794140725
41794140949
41794140658
41794140947
41794140367
41794140972
41794140627
41794140937
41794140922
41794140921
41794140986
41794140890
41794140800
41794140768
41794140933
41794140979
41794140703
41794140994
41794140793
41794140716
41794140776
41794140812
41794140881
41794140700
41794140713
41794140974
41794140766
41794140605
41794140653
41794140903
41794140777
41794140973
41794140816
41794140871
41794140954
41794149000
41794149024
41794149010
41794149005
41794149008
41794149026
41794149006
41794149020
41794149032
41794149028
41794149001
41794149019
41794149002
41794149029
41794149015
41794149018
41794149017
41794149022
41794149023
41794149014
41794149004
41794149030
41794149012
41794149044
41794149051
41794149060
41794149062
41794149074
41794149076
41794149102
41794149107
41794149104
41794149066
41794149130
41794149118
41794149199
41794149035
41794149186
41794149055
41794149037
41794149058
41794149061
41794149085
41794149259
41794149082
41794149086
41794149111
41794149308
41794149131
41794149117
41794149151
41794149170
41794149040
41794149057
41794149081
41794149209
41794149224
41794149101
41794149048
41794149034
41794149303
41794149041
41794149240
41794149046
41794149103
41794149063
41794149088
41794149134
41794149083
41794149091
41794149125
41794149133
41794149114
41794149042
41794149094
41794149183
41794149189
41794149159
41794149192
41794149090
41794149135
41794149202
41794149078
41794149119
41794149213
41794149112
41794149043
41794149150
41794149036
41794149300
41794149039
41794149215
41794149045
41794149093
41794149200
41794149397
41794149194
41794149373
41794149054
41794149298
41794149190
41794149324
41794149089
41794149167
41794149136
41794149335
41794149344
41794149069
41794149325
41794149197
41794149065
41794149473
41794149163
41794149047
41794149210
41794149087
41794149195
41794149179
41794149256
41794149127
41794149282
41794149142
41794149332
41794149395
41794149220
41794149140
41794149333
41794149641
41794149214
41794149321
41794149247
41794149038
41794149161
41794149689
41794149543
41794149305
41794149059
41794149233
41794149432
41794149340
41794149145
41794149318
41794149182
41794149279
41794149223
41794149171
41794149191
41794149188
41794149168
41794149258
41794149454
41794149511
41794149647
41794149479
41794149455
41794149169
41794149098
41794149284
41794149217
41794149208
41794149160
41794149206
41794149175
41794149281
41794149228
41794149343
41794149380
41794149461
41794149383
41794149483
41794149154
41794149248
41794149382
41794149254
41794149616
41794149099
41794149068
41794149487
41794149272
41794149503
41794149370
41794149563
41794149705
41794149388
41794149116
41794149462
41794149297
41794149152
41794149266
41794149464
41794149245
41794149350
41794149222
41794149310
41794149239
41794149426
41794149271
41794149360
41794149485
41794149631
41794149212
41794149106
41794149070
41794149398
41794149621
41794149386
41794149554
41794149296
41794149268
41794149230
41794149301
41794149392
41794149267
41794149205
41794149552
41794149642
41794149287
41794149562
41794149549
41794149662
41794149534
41794149148
41794149743
41794149080
41794149682
41794149339
41794149484
41794149288
41794149783
41794149760
41794149348
41794149489
41794149166
41794149242
41794149445
41794149509
41794149514
41794149497
41794149278
41794149241
41794149219
41794149381
41794149361
41794149450
41794149253
41794149313
41794149694
41794149494
41794149546
41794149606
41794149132
41794149326
41794149521
41794149428
41794149877
41794149365
41794149207
41794149225
41794149533
41794149577
41794149359
41794149246
41794149235
41794149291
41794149989
41794149306
41794149529
41794149270
41794149299
41794149255
41794149162
41794149309
41794149351
41794149550
41794149362
41794149764
41794149638
41794149723
41794149177
41794149664
41794149593
41794149680
41794149196
41794149775
41794149672
41794149940
41794149409
41794149227
41794149590
41794149411
41794149396
41794149544
41794149441
41794149582
41794149304
41794149424
41794149568
41794149452
41794149378
41794149669
41794149249
41794149707
41794149634
41794149854
41794149251
41794149551
41794149977
41794149374
41794149448
41794149774
41794149231
41794149532
41794149252
41794149666
41794149659
41794149539
41794149811
41794149592
41794149265
41794149294
41794149765
41794149322
41794149345
41794149584
41794149541
41794149280
41794149295
41794149469
41794149725
41794149453
41794149437
41794149390
41794149710
41794149357
41794149679
41794149611
41794149273
41794149986
41794149460
41794149302
41794149204
41794149792
41794149276
41794149181
41794149404
41794149566
41794149283
41794149983
41794149557
41794149334
41794149875
41794149429
41794149823
41794149779
41794149927
41794149505
41794149717
41794149681
41794149341
41794149922
41794149801
41794149805
41794149688
41794149706
41794149838
41794149418
41794149644
41794149405
41794149446
41794149377
41794149353
41794149349
41794149488
41794149600
41794149957
41794149342
41794149471
41794149389
41794149553
41794149890
41794149347
41794149729
41794149598
41794149788
41794149226
41794149560
41794149862
41794149903
41794149813
41794149698
41794149602
41794149797
41794149748
41794149935
41794149408
41794149656
41794149401
41794149718
41794149444
41794149524
41794149737
41794149535
41794149966
41794149667
41794149330
41794149591
41794149897
41794149896
41794149565
41794149400
41794149366
41794149394
41794149826
41794149757
41794149548
41794149829
41794149571
41794149449
41794149997
41794149648
41794149771
41794149458
41794149623
41794149868
41794149559
41794149804
41794149618
41794149312
41794149742
41794149415
41794149880
41794149703
41794149891
41794149609
41794149613
41794149802
41794149976
41794149410
41794149315
41794149356
41794149655
41794149482
41794149570
41794149668
41794149822
41794149852
41794149951
41794149442
41794149695
41794149746
41794149674
41794149573
41794149661
41794149476
41794149651
41794149767
41794149751
41794149547
41794149542
41794149827
41794149512
41794149892
41794149569
41794149417
41794149587
41794149932
41794149615
41794149736
41794149319
41794149913
41794149597
41794149874
41794149585
41794149523
41794149820
41794149643
41794149833
41794149575
41794149730
41794149993
41794149919
41794149945
41794149720
41794149481
41794149821
41794149654
41794149447
41794149808
41794149848
41794149617
41794149831
41794149761
41794149696
41794149331
41794149412
41794149807
41794149459
41794149872
41794149646
41794149594
41794149950
41794149789
41794149982
41794149416
41794149988
41794149908
41794149954
41794149965
41794149753
41794149861
41794149752
41794149650
41794149589
41794149816
41794149834
41794149889
41794149975
41794149735
41794149778
41794149819
41794149879
41794149995
41794149434
41794149911
41794149946
41794149952
41794149780
41794149791
41794149955
41794149817
41794149898
41794149772
41794149747
41794149576
41794149745
41794149755
41794149851
41794149690
41794149815
41794149744
41794149364
41794149978
41794149620
41794149784
41794149943
41794149990
41794149787
41794149928
41794149832
41794149558
41794149893
41794149768
41794149466
41794149866
41794149921
41794149968
41794149781
41794149435
41794149936
41794149916
41794149878
41794149758
41794149786
41794149845
41794149853
41794149724
41794149604
41794149971
41794149800
41794149652
41794149847
41794149625
41794149985
41794149337
41794149859
41794149860
41794149969
41794149895
41794149992
41794149870
41794149857
41794149701
41794149883
41794149958
41794149649
41794149949
41794149776
41794149855
41794149686
41794149925
41794149727
41794149967
41794149894
41794149803
41794149901
41794149994
41794149795
41794149846
41794149561
41794149964
41794149888
41794149937
41794149974
41794149608
41794149876
41794149614
41794149440
41794149700
41794149941
41794149912
41794149926
41794149673
41794149858
41794149904
41794149960
41794149798
41794149884
41794149812
41794149963
41794149970
41794149914
41794149794
41794143000
41794143007
41794143028
41794143012
41794143021
41794143011
41794143020
41794143031
41794143006
41794143003
41794143015
41794143033
41794143017
41794143018
41794143014
41794143027
41794143002
41794143009
41794143025
41794143023
41794143099
41794143040
41794143039
41794143062
41794143065
41794143076
41794143090
41794143047
41794143102
41794143132
41794143112
41794143055
41794143121
41794143150
41794143181
41794143184
41794143246
41794143163
41794143044
41794143059
41794143045
41794143053
41794143098
41794143071
41794143036
41794143324
41794143079
41794143107
41794143074
41794143129
41794143162
41794143189
41794143172
41794143037
41794143094
41794143248
41794143100
41794143110
41794143035
41794143073
41794143057
41794143070
41794143060
41794143149
41794143177
41794143122
41794143182
41794143158
41794143148
41794143085
41794143049
41794143078
41794143080
41794143128
41794143084
41794143242
41794143050
41794143075
41794143061
41794143173
41794143142
41794143244
41794143290
41794143066
41794143254
41794143383
41794143131
41794143081
41794143068
41794143042
41794143171
41794143103
41794143116
41794143203
41794143093
41794143038
41794143147
41794143123
41794143413
41794143394
41794143314
41794143291
41794143117
41794143382
41794143058
41794143190
41794143192
41794143345
41794143145
41794143139
41794143188
41794143197
41794143332
41794143141
41794143095
41794143186
41794143253
41794143211
41794143389
41794143477
41794143238
41794143118
41794143164
41794143115
41794143077
41794143456
41794143016
41794143613
41794143398
41794143212
41794143111
41794143424
41794143092
41794143200
41794143176
41794143225
41794143468
41794143295
41794143174
41794143299
41794143736
41794143352
41794143114
41794143429
41794143286
41794143438
41794143410
41794143208
41794143416
41794143088
41794143473
41794143198
41794143232
41794143250
41794143418
41794143255
41794143561
41794143305
41794143339
41794143370
41794143626
41794143086
41794143156
41794143486
41794143420
41794143137
41794143222
41794143249
41794143237
41794143108
41794143227
41794143288
41794143220
41794143485
41794143542
41794143146
41794143342
41794143443
41794143323
41794143300
41794143230
41794143134
41794143333
41794143236
41794143125
41794143303
41794143321
41794143446
41794143179
41794143350
41794143180
41794143330
41794143754
41794143216
41794143175
41794143160
41794143504
41794143415
41794143766
41794143642
41794143346
41794143513
41794143935
41794143431
41794143213
41794143326
41794143397
41794143377
41794143414
41794143199
41794143252
41794143379
41794143229
41794143335
41794143566
41794143272
41794143214
41794143265
41794143491
41794143717
41794143285
41794143487
41794143458
41794143289
41794143453
41794143375
41794143202
41794143441
41794143261
41794143266
41794143719
41794143553
41794143301
41794143488
41794143317
41794143879
41794143432
41794143278
41794143442
41794143344
41794143348
41794143240
41794143155
41794143259
41794143371
41794143336
41794143428
41794143251
41794143327
41794143454
41794143283
41794143310
41794143520
41794143319
41794143862
41794143372
41794143530
41794143313
41794143411
41794143296
41794143373
41794143387
41794143381
41794143359
41794143492
41794143564
41794143500
41794143368
41794143585
41794143459
41794143271
41794143201
41794143168
41794143235
41794143366
41794143834
41794143604
41794143660
41794143343
41794143640
41794143455
41794143353
41794143906
41794143698
41794143917
41794143448
41794143279
41794143534
41794143790
41794143210
41794143270
41794143877
41794143482
41794143267
41794143545
41794143302
41794143537
41794143617
41794143562
41794143535
41794143430
41794143681
41794143733
41794143355
41794143402
41794143481
41794143447
41794143734
41794143538
41794143602
41794143450
41794143625
41794143533
41794143612
41794143571
41794143400
41794143550
41794143565
41794143274
41794143745
41794143480
41794143423
41794143512
41794143851
41794143726
41794143367
41794143475
41794143991
41794143388
41794143440
41794143309
41794143444
41794143393
41794143559
41794143476
41794143943
41794143435
41794143347
41794143674
41794143576
41794143584
41794143425
41794143233
41794143544
41794143618
41794143311
41794143540
41794143437
41794143632
41794143484
41794143837
41794143516
41794143822
41794143670
41794143421
41794143555
41794143929
41794143994
41794143933
41794143934
41794143751
41794143683
41794143979
41794143478
41794143814
41794143273
41794143467
41794143621
41794143583
41794143357
41794143645
41794143526
41794143658
41794143598
41794143758
41794143652
41794143974
41794143257
41794143569
41794143688
41794143685
41794143655
41794143696
41794143700
41794143662
41794143570
41794143479
41794143768
41794143801
41794143603
41794143743
41794143897
41794143499
41794143325
41794143403
41794143601
41794143395
41794143580
41794143690
41794143939
41794143812
41794143722
41794143380
41794143599
41794143865
41794143639
41794143461
41794143594
41794143663
41794143661
41794143315
41794143365
41794143588
41794143623
41794143829
41794143676
41794143951
41794143755
41794143740
41794143624
41794143349
41794143882
41794143498
41794143361
41794143850
41794143693
41794143762
41794143833
41794143774
41794143654
41794143757
41794143161
41794143772
41794143539
41794143794
41794143785
41794143607
41794143993
41794143672
41794143800
41794143721
41794143703
41794143792
41794143422
41794143756
41794143904
41794143859
41794143779
41794143849
41794143404
41794143760
41794143824
41794143842
41794143838
41794143732
41794143449
41794143610
41794143528
41794143826
41794143591
41794143716
41794143636
41794143650
41794143861
41794143608
41794143665
41794143915
41794143495
41794143679
41794143531
41794143664
41794143587
41794143804
41794143753
41794143907
41794143944
41794143360
41794143746
41794143508
41794143860
41794143735
41794143727
41794143815
41794143909
41794143548
41794143631
41794143606
41794143765
41794143921
41794143436
41794143869
41794143811
41794143417
41794143776
41794143515
41794143243
41794143910
41794143813
41794143374
41794143634
41794143970
41794143788
41794143880
41794143558
41794143364
41794143853
41794143876
41794143980
41794143923
41794143529
41794143597
41794143739
41794143827
41794143666
41794143574
41794143983
41794143391
41794143946
41794143913
41794143667
41794143474
41794143611
41794143782
41794143729
41794143472
41794143628
41794143738
41794143901
41794143961
41794143964
41794143748
41794143867
41794143864
41794143855
41794143532
41794143616
41794143773
41794143953
41794143795
41794143737
41794143769
41794143878
41794143988
41794143941
41794143912
41794143708
41794143560
41794143900
41794143694
41794143956
41794143966
41794143712
41794143543
41794143982
41794143637
41794143969
41794143633
41794143924
41794143962
41794143592
41794143747
41794143892
41794143957
41794143963
41794143894
41794143908
41794143854
41794143675
41794143978
41794143931
41794143995
41794143987
41794143919
41794143805
41794143713
41794143798
41794143730
41794143554
41794143715
41794143744
41794143848
41794143932
41794143871
41794143971
41794143955
41794143465
41794143684
41794143937
41794143986
41794143973
41794143938
41794143927
41794143778
41794143843
41794143835
41794143886
41794143557
41794143989
41794143699
41794143840
41794143940
41794143710
41794143749
41794143942
41794143825
41794143469
41794143967
41794143905
41794143802
41794143916
41794143883
41794143810
41794143893
41794143714
41794143965
41794143830
41794143975
41794143960
41794143902
41794143959
41794143821
41794143911
41794143875
41794141000
41794141014
41794141001
41794141032
41794141009
41794141008
41794141017
41794141015
41794141006
41794141018
41794141013
41794141028
41794141016
41794141023
41794141024
41794141010
41794141007
41794141031
41794141004
41794141002
41794141019
41794141038
41794141044
41794141045
41794141037
41794141070
41794141095
41794141080
41794141104
41794141144
41794141171
41794141201
41794141224
41794141082
41794141213
41794141072
41794141056
41794141069
41794141081
41794141060
41794141034
41794141055
41794141074
41794141164
41794141101
41794141210
41794141284
41794141151
41794141155
41794141111
41794141100
41794141129
41794141311
41794141137
41794141123
41794141117
41794141280
41794141184
41794141358
41794141185
41794141217
41794141255
41794141127
41794141196
41794141200
41794141145
41794141333
41794141170
41794141106
41794141160
41794141088
41794141041
41794141500
41794141092
41794141305
41794141146
41794141394
41794141130
41794141112
41794141122
41794141135
41794141198
41794141276
41794141058
41794141132
41794141367
41794141035
41794141191
41794141234
41794141211
41794141128
41794141482
41794141440
41794141047
41794141216
41794141079
41794141289
41794141188
41794141134
41794141096
41794141098
41794141267
41794141052
41794141279
41794141136
41794141140
41794141238
41794141059
41794141107
41794141053
41794141263
41794141166
41794141513
41794141379
41794141297
41794141172
41794141383
41794141269
41794141054
41794141159
41794141108
41794141141
41794141277
41794141700
41794141039
41794141114
41794141143
41794141215
41794141043
41794141148
41794141126
41794141120
41794141050
41794141118
41794141158
41794141309
41794141232
41794141233
41794141488
41794141138
41794141353
41794141087
41794141533
41794141559
41794141405
41794141335
41794141436
41794141167
41794141692
41794141208
41794141455
41794141456
41794141430
41794141303
41794141356
41794141150
41794141240
41794141317
41794141202
41794141531
41794141511
41794141544
41794141373
41794141330
41794141435
41794141417
41794141375
41794141115
41794141131
41794141411
41794141328
41794141410
41794141110
41794141226
41794141266
41794141218
41794141168
41794141149
41794141395
41794141268
41794141365
41794141452
41794141199
41794141493
41794141244
41794141223
41794141302
41794141613
41794141413
41794141713
41794141152
41794141175
41794141323
41794141387
41794141222
41794141753
41794141408
41794141487
41794141161
41794141414
41794141459
41794141425
41794141183
41794141068
41794141798
41794141476
41794141537
41794141288
41794141225
41794141490
41794141109
41794141192
41794141364
41794141517
41794141815
41794141732
41794141094
41794141093
41794141415
41794141274
41794141477
41794141197
41794141206
41794141369
41794141570
41794141077
41794141316
41794141204
41794141663
41794141635
41794141256
41794141049
41794141062
41794141748
41794141467
41794141386
41794141163
41794141737
41794141539
41794141484
41794141227
41794141407
41794141371
41794141558
41794141219
41794141362
41794141252
41794141489
41794141516
41794141592
41794141561
41794141236
41794141689
41794141355
41794141624
41794141179
41794141290
41794141441
41794141668
41794141454
41794141473
41794141419
41794141242
41794141687
41794141588
41794141429
41794141174
41794141090
41794141878
41794141427
41794141287
41794141469
41794141246
41794141664
41794141538
41794141294
41794141251
41794141382
41794141696
41794141600
41794141071
41794141461
41794141301
41794141283
41794141291
41794141577
41794141426
41794141228
41794141553
41794141392
41794141520
41794141515
41794141421
41794141458
41794141674
41794141299
41794141505
41794141682
41794141253
41794141775
41794141619
41794141839
41794141445
41794141501
41794141076
41794141650
41794141344
41794141398
41794141248
41794141772
41794141858
41794141649
41794141498
41794141645
41794141496
41794141626
41794141125
41794141590
41794141214
41794141177
41794141838
41794141231
41794141785
41794141147
41794141567
41794141733
41794141572
41794141229
41794141651
41794141606
41794141976
41794141261
41794141618
41794141437
41794141702
41794141275
41794141681
41794141341
41794141595
41794141601
41794141318
41794141298
41794141530
41794141370
41794141466
41794141207
41794141449
41794141547
41794141688
41794141262
41794141578
41794141932
41794141691
41794141250
41794141581
41794141755
41794141281
41794141418
41794141178
41794141582
41794141296
41794141282
41794141404
41794141686
41794141549
41794141434
41794141475
41794141913
41794141825
41794141781
41794141450
41794141372
41794141706
41794141508
41794141154
41794141837
41794141655
41794141634
41794141322
41794141657
41794141807
41794141378
41794141176
41794141162
41794141675
41794141881
41794141719
41794141940
41794141704
41794141602
41794141665
41794141479
41794141667
41794141481
41794141714
41794141310
41794141778
41794141693
41794141628
41794141767
41794141312
41794141642
41794141525
41794141237
41794141854
41794141801
41794141212
41794141336
41794141662
41794141872
41794141941
41794141685
41794141361
41794141326
41794141864
41794141485
41794141919
41794141640
41794141964
41794141703
41794141990
41794141958
41794141285
41794141319
41794141790
41794141646
41794141670
41794141695
41794141376
41794141845
41794141856
41794141633
41794141620
41794141773
41794141829
41794141390
41794141586
41794141734
41794141583
41794141654
41794141771
41794141614
41794141711
41794141973
41794141812
41794141995
41794141438
41794141816
41794141660
41794141560
41794141933
41794141327
41794141462
41794141830
41794141879
41794141751
41794141886
41794141727
41794141604
41794141608
41794141308
41794141659
41794141823
41794141766
41794141765
41794141486
41794141701
41794141616
41794141925
41794141905
41794141981
41794141752
41794141949
41794141377
41794141900
41794141897
41794141471
41794141519
41794141554
41794141814
41794141480
41794141717
41794141847
41794141503
41794141334
41794141653
41794141562
41794141972
41794141573
41794141769
41794141534
41794141403
41794141593
41794141546
41794141491
41794141715
41794141924
41794141610
41794141399
41794141822
41794141927
41794141507
41794141705
41794141779
41794141820
41794141314
41794141710
41794141625
41794141749
41794141638
41794141707
41794141388
41794141474
41794141444
41794141747
41794141956
41794141611
41794141970
41794141644
41794141548
41794141965
41794141979
41794141961
41794141841
41794141859
41794141967
41794141988
41794141849
41794141762
41794141754
41794141869
41794141946
41794141920
41794141877
41794141550
41794141510
41794141888
41794141969
41794141857
41794141791
41794141746
41794141623
41794141738
41794141596
41794141348
41794141983
41794141910
41794141677
41794141987
41794141420
41794141631
41794141809
41794141851
41794141800
41794141764
41794141880
41794141978
41794141763
41794141643
41794141551
41794141726
41794141899
41794141463
41794141917
41794141903
41794141955
41794141819
41794141658
41794141884
41794141883
41794141892
41794141804
41794141827
41794141984
41794141953
41794141921
41794141741
41794141776
41794141774
41794141935
41794141882
41794141966
41794141758
41794141722
41794141971
41794141982
41794141564
41794141947
41794141929
41794141962
41794141729
41794141756
41794141863
41794141552
41794141943
41794141661
41794141890
41794141994
41794141709
41794141811
41794141911
41794141563
41794141768
41794141540
41794141922
41794141432
41794141885
41794141865
41794141523
41794141848
41794141617
41794141637
41794141834
41794141977
41794141936
41794141495
41794141846
41794141594
41794141908
41794141996
41794141784
41794141889
41794141502
41794141950
41794141853
41794141986
41794141833
41794141894
41794141725
41794141795
41794141736
41794141898
41794141742
41794141673
41794141893
41794141937
41794141842
41794141915
41794141831
41794141835
41794141954
41794141759
41794141876
41794141975
41794141895
41794142000
41794142018
41794142019
41794142015
41794142006
41794142017
41794142014
41794142021
41794142023
41794142005
41794142004
41794142024
41794142032
41794142009
41794142025
41794142028
41794142008
41794142013
41794142029
41794142022
41794142030
41794142061
41794142217
41794142042
41794142046
41794142049
41794142053
41794142058
41794142124
41794142122
41794142123
41794142076
41794142153
41794142170
41794142037
41794142038
41794142255
41794142086
41794142092
41794142104
41794142114
41794142137
41794142318
41794142133
41794142043
41794142187
41794142047
41794142064
41794142174
41794142236
41794142135
41794142103
41794142088
41794142048
41794142062
41794142075
41794142152
41794142105
41794142101
41794142093
41794142184
41794142304
41794142060
41794142082
41794142282
41794142134
41794142542
41794142205
41794142197
41794142226
41794142127
41794142242
41794142070
41794142056
41794142067
41794142341
41794142167
41794142204
41794142268
41794142213
41794142085
41794142360
41794142059
41794142077
41794142150
41794142126
41794142040
41794142073
41794142111
41794142258
41794142250
41794142175
41794142054
41794142161
41794142096
41794142172
41794142357
41794142140
41794142035
41794142215
41794142079
41794142139
41794142450
41794142112
41794142065
41794142457
41794142243
41794142145
41794142531
41794142269
41794142173
41794142347
41794142057
41794142336
41794142113
41794142411
41794142253
41794142107
41794142281
41794142146
41794142388
41794142199
41794142381
41794142693
41794142121
41794142553
41794142322
41794142193
41794142362
41794142421
41794142227
41794142221
41794142295
41794142272
41794142498
41794142202
41794142261
41794142072
41794142611
41794142298
41794142097
41794142151
41794142628
41794142171
41794142550
41794142157
41794142216
41794142136
41794142218
41794142330
41794142452
41794142240
41794142220
41794142465
41794142400
41794142493
41794142376
41794142192
41794142479
41794142292
41794142180
41794142160
41794142119
41794142125
41794142367
41794142228
41794142349
41794142736
41794142257
41794142108
41794142141
41794142354
41794142233
41794142539
41794142840
41794142443
41794142448
41794142563
41794142422
41794142069
41794142277
41794142333
41794142672
41794142597
41794142229
41794142225
41794142548
41794142552
41794142142
41794142084
41794142219
41794142081
41794142143
41794142200
41794142560
41794142334
41794142164
41794142234
41794142188
41794142379
41794142102
41794142666
41794142482
41794142275
41794142415
41794142364
41794142307
41794142246
41794142254
41794142210
41794142412
41794142431
41794142405
41794142340
41794142324
41794142417
41794142378
41794142163
41794142596
41794142572
41794142410
41794142445
41794142568
41794142472
41794142724
41794142156
41794142310
41794142751
41794142585
41794142232
41794142389
41794142290
41794142424
41794142384
41794142351
41794142456
41794142487
41794142238
41794142332
41794142303
41794142521
41794142433
41794142532
41794142095
41794142449
41794142182
41794142289
41794142535
41794142239
41794142749
41794142570
41794142288
41794142483
41794142555
41794142558
41794142514
41794142256
41794142644
41794142434
41794142209
41794142331
41794142211
41794142889
41794142639
41794142582
41794142306
41794142575
41794142605
41794142490
41794142294
41794142489
41794142391
41794142462
41794142356
41794142385
41794142848
41794142270
41794142601
41794142190
41794142309
41794142463
41794142201
41794142393
41794142392
41794142198
41794142769
41794142574
41794142453
41794142505
41794142363
41794142703
41794142549
41794142623
41794142828
41794142480
41794142195
41794142602
41794142619
41794142609
41794142540
41794142168
41794142441
41794142502
41794142374
41794142369
41794142506
41794142343
41794142346
41794142573
41794142402
41794142316
41794142608
41794142640
41794142129
41794142404
41794142600
41794142690
41794142756
41794142590
41794142739
41794142361
41794142244
41794142864
41794142981
41794142979
41794142519
41794142923
41794142284
41794142299
41794142622
41794142447
41794142260
41794142649
41794142883
41794142777
41794142512
41794142671
41794142406
41794142158
41794142685
41794142530
41794142643
41794142169
41794142571
41794142466
41794142320
41794142566
41794142557
41794142478
41794142515
41794142730
41794142642
41794142821
41794142372
41794142495
41794142586
41794142442
41794142569
41794142414
41794142792
41794142682
41794142696
41794142836
41794142500
41794142834
41794142317
41794142293
41794142776
41794142297
41794142707
41794142627
41794142625
41794142305
41794142461
41794142656
41794142386
41794142621
41794142546
41794142668
41794142342
41794142436
41794142612
41794142300
41794142822
41794142857
41794142504
41794142708
41794142564
41794142583
41794142440
41794142588
41794142517
41794142648
41794142794
41794142802
41794142888
41794142544
41794142547
41794142476
41794142430
41794142641
41794142854
41794142626
41794142524
41794142663
41794142911
41794142537
41794142804
41794142667
41794142897
41794142485
41794142403
41794142653
41794142533
41794142858
41794142928
41794142191
41794142329
41794142620
41794142742
41794142345
41794142752
41794142678
41794142885
41794142594
41794142525
41794142541
41794142908
41794142954
41794142454
41794142655
41794142937
41794142709
41794142280
41794142423
41794142887
41794142798
41794142394
41794142787
41794142833
41794142565
41794142634
41794142717
41794142458
41794142683
41794142955
41794142800
41794142978
41794142325
41794142732
41794142920
41794142735
41794142873
41794142593
41794142866
41794142801
41794142522
41794142630
41794142587
41794142437
41794142323
41794142603
41794142967
41794142880
41794142838
41794142917
41794142460
41794142509
41794142344
41794142867
41794142872
41794142577
41794142750
41794142875
41794142856
41794142947
41794142528
41794142758
41794142508
41794142520
41794142673
41794142870
41794142475
41794142676
41794142868
41794142983
41794142581
41794142746
41794142925
41794142780
41794142851
41794142701
41794142855
41794142829
41794142473
41794142591
41794142781
41794142526
41794142740
41794142561
41794142652
41794142721
41794142843
41794142617
41794142918
41794142940
41794142945
41794142711
41794142959
41794142842
41794142688
41794142681
41794142748
41794142352
41794142763
41794142907
41794142637
41794142662
41794142645
41794142692
41794142995
41794142957
41794142861
41794142654
41794142899
41794142631
41794142785
41794142830
41794142823
41794142976
41794142670
41794142849
41794142755
41794142744
41794142871
41794142650
41794142853
41794142677
41794142759
41794142729
41794142793
41794142881
41794142727
41794142860
41794142852
41794142998
41794142963
41794142712
41794142922
41794142604
41794142919
41794142624
41794142420
41794142903
41794142772
41794142968
41794142809
41794142686
41794142716
41794142982
41794142820
41794142646
41794142990
41794142684
41794142760
41794142350
41794142877
41794142874
41794142906
41794142952
41794142636
41794142926
41794142737
41794142975
41794142827
41794142745
41794142915
41794142966
41794142766
41794142464
41794142771
41794142865
41794142869
41794142806
41794142993
41794142900
41794142788
41794142953
41794142991
41794142939
41794142455
41794142984
41794142844
41794142892
41794142971
41794142902
41794142499
41794142958
41794142635
41794142932
41794142743
41794142988
41794142973
41794142713
41794148000
41794148008
41794148011
41794148015
41794148029
41794148031
41794148002
41794148019
41794148023
41794148005
41794148003
41794148013
41794148020
41794148028
41794148001
41794148027
41794148025
41794148014
41794148017
41794148032
41794148007
41794148012
41794148050
41794148071
41794148236
41794148062
41794148290
41794148304
41794148033
41794148214
41794148206
41794148038
41794148064
41794148072
41794148234
41794148056
41794148081
41794148067
41794148165
41794148098
41794148170
41794148134
41794148075
41794148326
41794148136
41794148327
41794148249
41794148161
41794148048
41794148142
41794148208
41794148108
41794148293
41794148042
41794148258
41794148423
41794148100
41794148034
41794148114
41794148036
41794148317
41794148037
41794148047
41794148120
41794148094
41794148088
41794148137
41794148103
41794148078
41794148077
41794148185
41794148216
41794148344
41794148040
41794148164
41794148402
41794148226
41794148273
41794148475
41794148063
41794148035
41794148386
41794148312
41794148300
41794148180
41794148178
41794148259
41794148331
41794148272
41794148205
41794148057
41794148222
41794148146
41794148622
41794148139
41794148401
41794148411
41794148104
41794148335
41794148086
41794148262
41794148235
41794148110
41794148309
41794148121
41794148049
41794148485
41794148397
41794148247
41794148264
41794148341
41794148285
41794148380
41794148111
41794148458
41794148343
41794148053
41794148307
41794148492
41794148613
41794148328
41794148414
41794148558
41794148254
41794148218
41794148212
41794148131
41794148673
41794148068
41794148452
41794148494
41794148107
41794148446
41794148305
41794148324
41794148394
41794148179
41794148433
41794148824
41794148190
41794148060
41794148789
41794148096
41794148469
41794148474
41794148090
41794148271
41794148653
41794148163
41794148503
41794148654
41794148220
41794148132
41794148289
41794148065
41794148587
41794148080
41794148113
41794148537
41794148186
41794148123
41794148296
41794148266
41794148513
41794148406
41794148124
41794148230
41794148158
41794148310
41794148642
41794148228
41794148531
41794148215
41794148354
41794148407
41794148141
41794148518
41794148292
41794148231
41794148481
41794148150
41794148286
41794148499
41794148463
41794148314
41794148576
41794148278
41794148361
41794148775
41794148260
41794148168
41794148827
41794148546
41794148473
41794148590
41794148609
41794148508
41794148585
41794148122
41794148867
41794148382
41794148445
41794148488
41794148749
41794148754
41794148497
41794148193
41794148457
41794148797
41794148948
41794148243
41794148294
41794148916
41794148210
41794148399
41794148428
41794148605
41794148798
41794148336
41794148340
41794148315
41794148756
41794148533
41794148195
41794148338
41794148959
41794148831
41794148551
41794148779
41794148683
41794148676
41794148357
41794148516
41794148202
41794148935
41794148543
41794148552
41794148323
41794148688
41794148464
41794148261
41794148227
41794148732
41794148374
41794148391
41794148225
41794148207
41794148482
41794148910
41794148425
41794148559
41794148841
41794148581
41794148844
41794148511
41794148429
41794148311
41794148250
41794148632
41794148834
41794148381
41794148669
41794148596
41794148427
41794148177
41794148240
41794148507
41794148491
41794148665
41794148275
41794148196
41794148580
41794148541
41794148232
41794148696
41794148832
41794148777
41794148191
41794148702
41794148435
41794148483
41794148280
41794148265
41794148774
41794148811
41794148350
41794148498
41794148612
41794148805
41794148610
41794148505
41794148818
41794148952
41794148468
41794148283
41794148383
41794148339
41794148484
41794148459
41794148329
41794148500
41794148318
41794148766
41794148627
41794148377
41794148570
41794148684
41794148416
41794148375
41794148877
41794148393
41794148555
41794148299
41794148274
41794148279
41794148413
41794148608
41794148893
41794148301
41794148782
41794148909
41794148353
41794148686
41794148562
41794148371
41794148257
41794148200
41794148388
41794148941
41794148238
41794148735
41794148946
41794148723
41794148384
41794148277
41794148646
41794148364
41794148368
41794148358
41794148887
41794148866
41794148707
41794148392
41794148814
41794148420
41794148593
41794148966
41794148415
41794148241
41794148611
41794148837
41794148987
41794148530
41794148405
41794148645
41794148404
41794148758
41794148961
41794148920
41794148839
41794148817
41794148532
41794148738
41794148455
41794148592
41794148578
41794148678
41794148519
41794148450
41794148182
41794148233
41794148276
41794148659
41794148705
41794148255
41794148493
41794148664
41794148349
41794148436
41794148741
41794148617
41794148334
41794148477
41794148740
41794148971
41794148925
41794148790
41794148674
41794148953
41794148418
41794148759
41794148734
41794148792
41794148515
41794148859
41794148748
41794148556
41794148746
41794148575
41794148284
41794148574
41794148183
41794148313
41794148771
41794148915
41794148582
41794148943
41794148830
41794148812
41794148303
41794148919
41794148410
41794148332
41794148849
41794148929
41794148554
41794148432
41794148829
41794148736
41794148641
41794148733
41794148440
41794148623
41794148661
41794148470
41794148698
41794148465
41794148726
41794148810
41794148985
41794148679
41794148940
41794148836
41794148815
41794148510
41794148517
41794148586
41794148963
41794148785
41794148426
41794148248
41794148873
41794148369
41794148490
41794148901
41794148525
41794148658
41794148666
41794148709
41794148750
41794148342
41794148616
41794148347
41794148747
41794148466
41794148687
41794148376
41794148449
41794148663
41794148845
41794148927
41794148875
41794148690
41794148389
41794148876
41794148400
41794148872
41794148874
41794148643
41794148847
41794148662
41794148448
41794148535
41794148409
41794148489
41794148542
41794148742
41794148821
41794148647
41794148600
41794148989
41794148480
41794148979
41794148657
41794148924
41794148614
41794148528
41794148897
41794148982
41794148644
41794148462
41794148899
41794148913
41794148990
41794148478
41794148964
41794148631
41794148522
41794148550
41794148852
41794148819
41794148351
41794148731
41794148557
41794148579
41794148322
41794148846
41794148886
41794148932
41794148479
41794148514
41794148548
41794148460
41794148560
41794148424
41794148689
41794148787
41794148378
41794148882
41794148956
41794148620
41794148976
41794148618
41794148680
41794148842
41794148826
41794148737
41794148857
41794148973
41794148588
41794148970
41794148639
41794148923
41794148885
41794148972
41794148564
41794148816
41794148539
41794148670
41794148601
41794148633
41794148918
41794148960
41794148591
41794148922
41794148694
41794148813
41794148942
41794148744
41794148573
41794148677
41794148855
41794148453
41794148991
41794148938
41794148640
41794148431
41794148403
41794148904
41794148894
41794148602
41794148983
41794148902
41794148908
41794148685
41794148889
41794148784
41794148634
41794148931
41794148843
41794148950
41794148708
41794148978
41794148760
41794148651
41794148706
41794148967
41794148825
41794148880
41794148761
41794148939
41794148975
41794148921
41794148649
41794148780
41794148883
41794148879
41794148791
41794148621
41794148936
41794148907
41794148788
41794148851
41794148870
41794148981
41794148996
41794148838
41794148781
41794148700
41794148764
41794148786
41794148795
41794148808
41794148888
41794148977
41794148572
41794148951
41794148864
41794148854
41794148986
41794148850
41794148891
41794148619
41794148968
41794148695
41794148724
41794148965
41794147010
41794147009
41794147025
41794147012
41794147016
41794147023
41794147022
41794147004
41794147026
41794147024
41794147011
41794147020
41794147005
41794147028
41794147031
41794147003
41794147002
41794147019
41794147030
41794147027
41794147013
41794147014
41794147015
41794147017
41794147018
41794147086
41794147161
41794147192
41794147219
41794147051
41794147052
41794147035
41794147053
41794147049
41794147043
41794147042
41794147041
41794147045
41794147159
41794147073
41794147102
41794147197
41794147054
41794147112
41794147105
41794147103
41794147036
41794147131
41794147153
41794147063
41794147038
41794147173
41794147188
41794147039
41794147082
41794147096
41794147223
41794147247
41794147079
41794147104
41794147127
41794147033
41794147068
41794147164
41794147256
41794147083
41794147056
41794147107
41794147134
41794147297
41794147303
41794147163
41794147162
41794147151
41794147047
41794147269
41794147160
41794147076
41794147276
41794147100
41794147343
41794147140
41794147239
41794147059
41794147080
41794147067
41794147044
41794147133
41794147122
41794147072
41794147094
41794147178
41794147058
41794147087
41794147137
41794147165
41794147350
41794147183
41794147289
41794147077
41794147075
41794147175
41794147071
41794147150
41794147217
41794147114
41794147296
41794147272
41794147187
41794147146
41794147124
41794147246
41794147199
41794147143
41794147282
41794147170
41794147118
41794147339
41794147081
41794147111
41794147229
41794147208
41794147235
41794147250
41794147070
41794147116
41794147126
41794147101
41794147139
41794147123
41794147292
41794147273
41794147135
41794147177
41794147088
41794147233
41794147128
41794147179
41794147326
41794147330
41794147283
41794147172
41794147279
41794147313
41794147277
41794147215
41794147092
41794147309
41794147293
41794147249
41794147110
41794147342
41794147120
41794147265
41794147319
41794147148
41794147181
41794147154
41794147322
41794147209
41794147136
41794147262
41794147158
41794147157
41794147270
41794147211
41794147240
41794147314
41794147193
41794147294
41794147066
41794147176
41794147189
41794147191
41794147168
41794147304
41794147115
41794147227
41794147275
41794147346
41794147264
41794147345
41794147147
41794147307
41794147169
41794147225
41794147060
41794147320
41794147299
41794147288
41794147280
41794147327
41794147204
41794147201
41794147244
41794147258
41794147268
41794147300
41794147238
41794147141
41794147226
41794147224
41794147221
41794147274
41794147213
41794147335
41794147174
41794147231
41794147171
41794147328
41794147291
41794147305
41794147341
41794147318
41794147302
41794147180
41794147316
41794147228
41794147315
41794147317
41794147298
41794147243
41794147348
41794147321
41794147375
41794147356
41794147364
41794147368
41794147378
41794147363
41794147380
41794147379
41794147367
41794147359
41794147371
41794147372
41794147376
41794147354
41794147366
41794147377
41794147381
41794147369
41794147421
41794147533
41794147411
41794147427
41794147402
41794147424
41794147410
41794147397
41794147387
41794147502
41794147388
41794147413
41794147452
41794147433
41794147454
41794147450
41794147473
41794147468
41794147484
41794147486
41794147496
41794147613
41794147407
41794147538
41794147439
41794147588
41794147599
41794147589
41794147466
41794147594
41794147510
41794147633
41794147491
41794147451
41794147500
41794147560
41794147524
41794147564
41794147453
41794147546
41794147509
41794147536
41794147445
41794147572
41794147416
41794147526
41794147512
41794147398
41794147675
41794147422
41794147447
41794147513
41794147420
41794147570
41794147666
41794147516
41794147434
41794147643
41794147462
41794147431
41794147464
41794147417
41794147534
41794147430
41794147404
41794147458
41794147479
41794147395
41794147493
41794147561
41794147392
41794147631
41794147566
41794147540
41794147582
41794147530
41794147541
41794147592
41794147515
41794147623
41794147456
41794147642
41794147440
41794147539
41794147508
41794147555
41794147563
41794147579
41794147576
41794147522
41794147547
41794147403
41794147423
41794147481
41794147426
41794147492
41794147543
41794147565
41794147608
41794147488
41794147514
41794147648
41794147567
41794147647
41794147401
41794147418
41794147542
41794147506
41794147577
41794147553
41794147640
41794147499
41794147692
41794147625
41794147463
41794147469
41794147554
41794147605
41794147668
41794147606
41794147632
41794147575
41794147474
41794147629
41794147537
41794147477
41794147618
41794147435
41794147504
41794147490
41794147600
41794147494
41794147590
41794147612
41794147681
41794147583
41794147448
41794147694
41794147574
41794147507
41794147441
41794147619
41794147476
41794147529
41794147443
41794147656
41794147523
41794147672
41794147616
41794147638
41794147670
41794147650
41794147677
41794147679
41794147637
41794147549
41794147470
41794147528
41794147557
41794147586
41794147585
41794147699
41794147662
41794147593
41794147518
41794147604
41794147685
41794147673
41794147471
41794147478
41794147562
41794147683
41794147690
41794147636
41794147591
41794147578
41794147544
41794147569
41794147614
41794147603
41794147587
41794147660
41794147645
41794147644
41794147693
41794147609
41794147698
41794147691
41794147684
41794147584
41794147617
41794147671
41794147663
41794147658
41794147676
41794147607
41794147646
41794147689
41794147639
41794147483
41794147558
41794147580
41794147682
41794147723
41794147711
41794147718
41794147706
41794147729
41794147710
41794147709
41794147724
41794147725
41794147701
41794147730
41794147722
41794147719
41794147708
41794147713
41794147717
41794147707
41794147700
41794147714
41794147721
41794147750
41794147760
41794147732
41794147741
41794147739
41794147751
41794147748
41794147755
41794147747
41794147734
41794147737
41794147753
41794147733
41794147742
41794147740
41794147763
41794147738
41794147746
41794147777
41794147823
41794147807
41794147779
41794147781
41794147803
41794147774
41794147802
41794147765
41794147772
41794147821
41794147812
41794147773
41794147808
41794147770
41794147776
41794147790
41794147787
41794147801
41794147788
41794147796
41794147816
41794147786
41794147789
41794147806
41794147783
41794147817
41794147799
41794147811
41794147813
41794147810
41794147798
41794147785
41794147778
41794147782
41794147884
41794147839
41794147837
41794147856
41794147849
41794147864
41794147878
41794147838
41794147876
41794147893
41794147908
41794147874
41794147834
41794147824
41794147865
41794147826
41794147854
41794147852
41794147899
41794147906
41794147829
41794147846
41794147827
41794147850
41794147896
41794147845
41794147835
41794147857
41794147844
41794147873
41794147848
41794147895
41794147868
41794147879
41794147872
41794147853
41794147861
41794147901
41794147887
41794147890
41794147831
41794147860
41794147875
41794147902
41794147882
41794147909
41794147888
41794147841
41794147858
41794147903
41794147862
41794147894
41794147907
41794147880
41794147886
41794147842
41794147867
41794147871
41794147885
41794147904
41794147889
41794147924
41794147922
41794147910
41794147912
41794147916
41794147929
41794147931
41794147923
41794147954
41794147950
41794147937
41794147948
41794147949
41794147915
41794147969
41794147968
41794147957
41794147946
41794147934
41794147914
41794147936
41794147939
41794147930
41794147956
41794147918
41794147917
41794147938
41794147920
41794147932
41794147928
41794147965
41794147959
41794147958
41794147960
41794147947
41794147964
41794147955
41794147927
41794147952
41794147982
41794147970
41794147981
41794147992
41794147994
41794147971
41794147985
41794147975
41794147999
41794147986
41794147989
41794147980
41794147979
41794147996
41794147997
41794147976
