41762675001
41762675023
41762675002
41762675010
41762675022
41762675041
41762675072
41762675107
41762675122
41762675059
41762675044
41762675051
41762675315
41762675146
41762675223
41762675202
41762675064
41762675205
41762675248
41762675269
41762675239
41762675154
41762675046
41762675206
41762675038
41762675320
41762675035
41762675111
41762675114
41762675087
41762675071
41762675241
41762675171
41762675045
41762675353
41762675037
41762675243
41762675083
41762675131
41762675289
41762675398
41762675197
41762675054
41762675325
41762675175
41762675141
41762675465
41762675356
41762675437
41762675379
41762675435
41762675530
41762675372
41762675452
41762675199
41762675156
41762675332
41762675444
41762675337
41762675490
41762675343
41762675263
41762675279
41762675252
41762675194
41762675739
41762675648
41762675283
41762675189
41762675056
41762675067
41762675510
41762675399
41762675158
41762675577
41762675479
41762675486
41762675477
41762675117
41762675643
41762675300
41762675447
41762675784
41762675369
41762675217
41762675460
41762675658
41762675512
41762675127
41762675275
41762675494
41762675620
41762675102
41762675610
41762675618
41762675901
41762675591
41762675568
41762675424
41762675454
41762675284
41762675260
41762675741
41762675527
41762675251
41762675589
41762675657
41762675834
41762675820
41762675840
41762675650
41762675896
41762675138
41762675624
41762675509
41762675680
41762675569
41762675293
41762675502
41762675601
41762675411
41762675808
41762675622
41762675631
41762675387
41762675514
41762675630
41762675757
41762675685
41762675395
41762675288
41762675550
41762675678
41762675459
41762675944
41762675700
41762675449
41762675218
41762675802
41762675734
41762675994
41762675491
41762675655
41762675691
41762675921
41762675419
41762675986
41762675464
41762675707
41762675409
41762675646
41762675656
41762675792
41762675819
41762675860
41762675847
41762675780
41762675995
41762675977
41762675811
41762675679
41762675969
41762675525
41762675292
41762675856
41762675945
41762675628
41762675677
41762675963
41762675533
41762675924
41762675799
41762675862
41762675718
41762675919
41762675709
41762675838
41762675926
41762675448
41762675665
41762675809
41762675574
41762675795
41762675535
41762675843
41762675724
41762675612
41762675897
41762675918
41762675662
41762675868
41762675546
41762675910
41762675774
41762675744
41762675800
41762675389
41762675743
41762675930
41762675870
41762675872
41762675592
41762675682
41762675877
41762675920
41762675603
41762675899
41762675857
41762675962
41762675990
41762675942
41762675996
41762675821
41762675911
41762675952
41762674023
41762674004
41762674024
41762674032
41762674017
41762674016
41762674031
41762674014
41762674361
41762674070
41762674065
41762674083
41762674111
41762674060
41762674204
41762674332
41762674235
41762674171
41762674115
41762674071
41762674229
41762674168
41762674082
41762674165
41762674157
41762674322
41762674062
41762674201
41762674374
41762674036
41762674258
41762674190
41762674140
41762674280
41762674084
41762674089
41762674211
41762674839
41762674399
41762674208
41762674125
41762674145
41762674353
41762674284
41762674705
41762674296
41762674156
41762674260
41762674359
41762674121
41762674066
41762674094
41762674230
41762674595
41762674252
41762674461
41762674130
41762674242
41762674299
41762674248
41762674760
41762674308
41762674058
41762674437
41762674836
41762674243
41762674500
41762674188
41762674077
41762674269
41762674583
41762674692
41762674878
41762674667
41762674270
41762674785
41762674180
41762674780
41762674392
41762674757
41762674293
41762674431
41762674161
41762674059
41762674102
41762674575
41762674184
41762674436
41762674424
41762674660
41762674324
41762674559
41762674442
41762674703
41762674409
41762674254
41762674704
41762674387
41762674371
41762674535
41762674783
41762674472
41762674335
41762674356
41762674806
41762674859
41762674510
41762674463
41762674937
41762674326
41762674430
41762674732
41762674833
41762674257
41762674410
41762674949
41762674657
41762674796
41762674729
41762674550
41762674465
41762674772
41762674664
41762674203
41762674386
41762674671
41762674964
41762674358
41762674422
41762674676
41762674558
41762674823
41762674807
41762674475
41762674736
41762674690
41762674350
41762674739
41762674717
41762674523
41762674622
41762674336
41762674496
41762674902
41762674522
41762674537
41762674672
41762674687
41762674838
41762674712
41762674763
41762674982
41762674788
41762674670
41762674887
41762674733
41762674875
41762674635
41762674659
41762674545
41762674644
41762674995
41762674725
41762674764
41762674640
41762674884
41762674656
41762674942
41762674852
41762674417
41762674920
41762674901
41762674405
41762674784
41762674652
41762674708
41762674549
41762674851
41762674938
41762674643
41762674983
41762674746
41762674959
41762674913
41762674822
41762674727
41762674924
41762674647
41762674755
41762674992
41762674991
41762674283
41762674941
41762674943
41762674723
41762674939
41762674793
41762674908
41762674978
41762674749
41762674961
41762674478
41762674893
41762674702
41762674996
41762674971
41762674904
41762674842
41762674977
41762674899
41762676006
41762676021
41762676015
41762676023
41762676003
41762676008
41762676086
41762676091
41762676064
41762676035
41762676045
41762676124
41762676160
41762676139
41762676043
41762676079
41762676067
41762676159
41762676083
41762676113
41762676036
41762676111
41762676080
41762676306
41762676333
41762676193
41762676145
41762676272
41762676341
41762676034
41762676451
41762676274
41762676195
41762676182
41762676291
41762676203
41762676248
41762676180
41762676270
41762676158
41762676347
41762676282
41762676263
41762676372
41762676115
41762676367
41762676252
41762676142
41762676202
41762676120
41762676209
41762676351
41762676500
41762676335
41762676223
41762676053
41762676275
41762676304
41762676404
41762676162
41762676301
41762676261
41762676406
41762676392
41762676757
41762676577
41762676072
41762676555
41762676330
41762676077
41762676302
41762676439
41762676918
41762676479
41762676458
41762676449
41762676477
41762676428
41762676243
41762676617
41762676206
41762676340
41762676916
41762676654
41762676267
41762676871
41762676226
41762676362
41762676475
41762676584
41762676740
41762676484
41762676482
41762676909
41762676618
41762676486
41762676744
41762676844
41762676478
41762676453
41762676524
41762676815
41762676380
41762676321
41762676816
41762676499
41762676501
41762676652
41762676671
41762676513
41762676200
41762676800
41762676828
41762676518
41762676579
41762676850
41762676774
41762676982
41762676743
41762676608
41762676465
41762676647
41762676456
41762676674
41762676640
41762676730
41762676746
41762676338
41762676903
41762676533
41762676619
41762676700
41762676886
41762676559
41762676490
41762676809
41762676677
41762676793
41762676629
41762676797
41762676731
41762676254
41762676936
41762676358
41762676818
41762676644
41762676537
41762676840
41762676955
41762676594
41762676772
41762676898
41762676554
41762676912
41762676748
41762676752
41762676833
41762676736
41762676958
41762676826
41762676649
41762676651
41762676502
41762676847
41762676926
41762676707
41762676356
41762676837
41762676678
41762676568
41762676680
41762676573
41762676601
41762676822
41762676628
41762676872
41762676749
41762676925
41762676919
41762676812
41762676742
41762676589
41762676944
41762676882
41762676977
41762676627
41762676990
41762676771
41762676798
41762676770
41762676859
41762676648
41762676984
41762676873
41762670014
41762670029
41762670011
41762670028
41762670003
41762670010
41762670024
41762670026
41762670007
41762670022
41762670001
41762670008
41762670027
41762670042
41762670037
41762670114
41762670170
41762670190
41762670033
41762670058
41762670111
41762670043
41762670055
41762670186
41762670401
41762670066
41762670102
41762670165
41762670054
41762670122
41762670083
41762670202
41762670126
41762670099
41762670056
41762670191
41762670034
41762670113
41762670121
41762670073
41762670171
41762670085
41762670261
41762670060
41762670236
41762670196
41762670395
41762670553
41762670303
41762670295
41762670607
41762670630
41762670222
41762670522
41762670290
41762670057
41762670120
41762670381
41762670164
41762670370
41762670275
41762670459
41762670067
41762670104
41762670289
41762670366
41762670184
41762670117
41762670330
41762670081
41762670511
41762670403
41762670661
41762670631
41762670563
41762670357
41762670307
41762670312
41762670322
41762670047
41762670197
41762670263
41762670328
41762670706
41762670444
41762670333
41762670161
41762670439
41762670299
41762670077
41762670217
41762670270
41762670356
41762670688
41762670805
41762670145
41762670954
41762670969
41762670380
41762670470
41762670326
41762670368
41762670751
41762670341
41762670750
41762670372
41762670371
41762670893
41762670338
41762670551
41762670491
41762670435
41762670310
41762670987
41762670729
41762670510
41762670548
41762670501
41762670739
41762670421
41762670796
41762670617
41762670892
41762670779
41762670573
41762670423
41762670717
41762670651
41762670925
41762670391
41762670182
41762670815
41762670407
41762670692
41762670825
41762670931
41762670536
41762670776
41762670722
41762670824
41762670959
41762670514
41762670560
41762670229
41762670790
41762670744
41762670469
41762670620
41762670855
41762670691
41762670843
41762670848
41762670807
41762670595
41762670821
41762670801
41762670447
41762670906
41762670917
41762670898
41762670287
41762670809
41762670873
41762670494
41762670813
41762670400
41762670278
41762670967
41762670963
41762670649
41762670656
41762670838
41762670610
41762670647
41762670557
41762670241
41762670932
41762670767
41762670985
41762670934
41762670780
41762670591
41762670908
41762670982
41762670977
41762670863
41762670730
41762670794
41762670973
41762670950
41762670742
41762670505
41762670951
41762670791
41762670956
41762670939
41762670995
41762670964
41762670874
41762670646
41762670802
41762670597
41762670820
41762670720
41762670976
41762670808
41762670689
41762670983
41762670984
41762670864
41762670756
41762670992
41762670965
41762670775
41762670899
41762670654
41762670810
41762679018
41762679008
41762679013
41762679091
41762679115
41762679050
41762679045
41762679096
41762679130
41762679108
41762679058
41762679052
41762679034
41762679181
41762679307
41762679150
41762679212
41762679263
41762679153
41762679156
41762679297
41762679047
41762679169
41762679345
41762679080
41762679104
41762679087
41762679131
41762679193
41762679151
41762679332
41762679078
41762679306
41762679086
41762679203
41762679142
41762679057
41762679116
41762679264
41762679330
41762679049
41762679275
41762679325
41762679167
41762679183
41762679100
41762679284
41762679191
41762679170
41762679301
41762679350
41762679296
41762679233
41762679287
41762679109
41762679136
41762679319
41762679328
41762679141
41762679198
41762679161
41762679125
41762679248
41762679276
41762679148
41762679272
41762679257
41762679315
41762679363
41762679368
41762679352
41762679369
41762679395
41762679428
41762679468
41762679439
41762679419
41762679392
41762679451
41762679600
41762679409
41762679435
41762679545
41762679399
41762679602
41762679431
41762679469
41762679544
41762679613
41762679485
41762679427
41762679579
41762679421
41762679473
41762679670
41762679445
41762679411
41762679515
41762679525
41762679494
41762679420
41762679562
41762679513
41762679434
41762679438
41762679660
41762679455
41762679569
41762679636
41762679554
41762679609
41762679667
41762679533
41762679463
41762679500
41762679432
41762679546
41762679656
41762679416
41762679549
41762679657
41762679571
41762679664
41762679542
41762679663
41762679608
41762679640
41762679681
41762679632
41762679630
41762679578
41762679646
41762679629
41762679495
41762679671
41762679677
41762679688
41762679648
41762679674
41762679714
41762679724
41762679703
41762679726
41762679708
41762679716
41762679764
41762679731
41762679749
41762679747
41762679787
41762679739
41762679761
41762679754
41762679755
41762679767
41762679783
41762679785
41762679782
41762679769
41762679786
41762679860
41762679808
41762679796
41762679811
41762679807
41762679868
41762679849
41762679837
41762679817
41762679864
41762679874
41762679870
41762679862
41762679871
41762679884
41762679893
41762679913
41762679935
41762679918
41762679925
41762679922
41762679927
41762679899
41762679886
41762679901
41762679892
41762679919
41762679937
41762679905
41762679972
41762679969
41762679952
41762679968
41762679942
41762679960
41762679978
41762679985
41762679979
41762679989
41762679984
41762679975
41762673015
41762673007
41762673008
41762673031
41762673003
41762673010
41762673001
41762673018
41762673025
41762673013
41762673162
41762673058
41762673070
41762673086
41762673033
41762673077
41762673117
41762673155
41762673167
41762673214
41762673034
41762673040
41762673114
41762673109
41762673338
41762673171
41762673223
41762673064
41762673089
41762673048
41762673088
41762673364
41762673206
41762673107
41762673204
41762673244
41762673227
41762673005
41762673112
41762673125
41762673377
41762673292
41762673119
41762673293
41762673626
41762673336
41762673111
41762673422
41762673284
41762673174
41762673288
41762673498
41762673237
41762673382
41762673195
41762673330
41762673371
41762673739
41762673270
41762673275
41762673806
41762673133
41762673653
41762673143
41762673298
41762673494
41762673122
41762673193
41762673185
41762673325
41762673454
41762673098
41762673092
41762673273
41762673311
41762673487
41762673410
41762673159
41762673369
41762673274
41762673221
41762673619
41762673415
41762673675
41762673667
41762673455
41762673404
41762673607
41762673176
41762673209
41762673317
41762673659
41762673297
41762673612
41762673395
41762673830
41762673480
41762673646
41762673647
41762673583
41762673385
41762673468
41762673832
41762673911
41762673388
41762673611
41762673681
41762673655
41762673551
41762673937
41762673628
41762673595
41762673307
41762673358
41762673339
41762673585
41762673534
41762673235
41762673356
41762673895
41762673638
41762673381
41762673753
41762673475
41762673282
41762673435
41762673773
41762673972
41762673434
41762673932
41762673674
41762673425
41762673733
41762673495
41762673526
41762673332
41762673342
41762673660
41762673613
41762673573
41762673506
41762673715
41762673177
41762673557
41762673378
41762673748
41762673636
41762673641
41762673260
41762673432
41762673853
41762673979
41762673904
41762673622
41762673313
41762673357
41762673955
41762673578
41762673838
41762673841
41762673680
41762673903
41762673652
41762673690
41762673983
41762673908
41762673725
41762673878
41762673533
41762673678
41762673931
41762673512
41762673784
41762673491
41762673467
41762673920
41762673917
41762673519
41762673864
41762673728
41762673933
41762673992
41762673905
41762673510
41762673927
41762673757
41762673620
41762673744
41762673723
41762673993
41762673978
41762673593
41762673855
41762673775
41762673535
41762673893
41762673497
41762673874
41762673847
41762673809
41762673995
41762673768
41762673883
41762673949
41762673863
41762673930
41762673574
41762673746
41762671007
41762671011
41762671004
41762671031
41762671022
41762671025
41762671002
41762671040
41762671103
41762671140
41762671160
41762671193
41762671037
41762671048
41762671047
41762671052
41762671122
41762671123
41762671104
41762671108
41762671152
41762671141
41762671172
41762671180
41762671202
41762671065
41762671222
41762671064
41762671076
41762671214
41762671035
41762671033
41762671359
41762671203
41762671273
41762671041
41762671370
41762671249
41762671178
41762671080
41762671087
41762671158
41762671181
41762671079
41762671210
41762671148
41762671429
41762671197
41762671392
41762671167
41762671183
41762671077
41762671244
41762671391
41762671330
41762671610
41762671309
41762671277
41762671282
41762671408
41762671280
41762671318
41762671253
41762671470
41762671209
41762671603
41762671195
41762671887
41762671325
41762671151
41762671177
41762671384
41762671765
41762671624
41762671189
41762671442
41762671397
41762671349
41762671460
41762671207
41762671247
41762671523
41762671402
41762671474
41762671488
41762671356
41762671311
41762671250
41762671766
41762671182
41762671515
41762671324
41762671547
41762671866
41762671413
41762671303
41762671263
41762671744
41762671536
41762671254
41762671394
41762671477
41762671414
41762671337
41762671486
41762671221
41762671505
41762671411
41762671702
41762671712
41762671351
41762671734
41762671323
41762671215
41762671876
41762671565
41762671455
41762671570
41762671773
41762671412
41762671489
41762671166
41762671566
41762671655
41762671437
41762671530
41762671289
41762671732
41762671800
41762671407
41762671380
41762671709
41762671695
41762671449
41762671642
41762671722
41762671877
41762671476
41762671946
41762671516
41762671190
41762671558
41762671557
41762671863
41762671849
41762671563
41762671517
41762671294
41762671950
41762671606
41762671743
41762671316
41762671884
41762671204
41762671965
41762671364
41762671801
41762671625
41762671467
41762671597
41762671343
41762671431
41762671967
41762671769
41762671553
41762671531
41762671576
41762671589
41762671614
41762671806
41762671745
41762671648
41762671657
41762671675
41762671975
41762671555
41762671953
41762671399
41762671727
41762671814
41762671885
41762671948
41762671908
41762671740
41762671757
41762671837
41762671746
41762671559
41762671684
41762671612
41762671717
41762671843
41762671868
41762671720
41762671964
41762671978
41762671686
41762671938
41762671584
41762671409
41762671725
41762671683
41762671919
41762671888
41762671875
41762671973
41762671790
41762671786
41762671767
41762671645
41762671644
41762671861
41762671988
41762671808
41762671947
41762671899
41762671993
41762671860
41762671936
41762671905
41762671972
41762671994
41762672004
41762672022
41762672015
41762672024
41762672029
41762672019
41762672032
41762672007
41762672005
41762672003
41762672028
41762672074
41762672045
41762672046
41762672052
41762672056
41762672090
41762672044
41762672167
41762672151
41762672270
41762672117
41762672110
41762672205
41762672187
41762672131
41762672059
41762672060
41762672220
41762672037
41762672174
41762672118
41762672291
41762672226
41762672041
41762672043
41762672298
41762672194
41762672038
41762672215
41762672245
41762672082
41762672281
41762672144
41762672232
41762672372
41762672183
41762672061
41762672170
41762672385
41762672091
41762672089
41762672149
41762672054
41762672356
41762672248
41762672311
41762672433
41762672471
41762672325
41762672156
41762672123
41762672348
41762672095
41762672099
41762672137
41762672313
41762672432
41762672092
41762672279
41762672244
41762672504
41762672508
41762672384
41762672424
41762672550
41762672406
41762672329
41762672644
41762672373
41762672390
41762672096
41762672208
41762672217
41762672102
41762672111
41762672262
41762672155
41762672239
41762672466
41762672515
41762672306
41762672562
41762672241
41762672282
41762672233
41762672077
41762672286
41762672344
41762672330
41762672392
41762672667
41762672420
41762672444
41762672498
41762672427
41762672332
41762672860
41762672697
41762672398
41762672451
41762672739
41762672339
41762672728
41762672441
41762672178
41762672700
41762672500
41762672598
41762672413
41762672610
41762672549
41762672408
41762672353
41762672531
41762672300
41762672535
41762672590
41762672565
41762672207
41762672756
41762672902
41762672443
41762672243
41762672431
41762672558
41762672592
41762672626
41762672411
41762672534
41762672483
41762672875
41762672619
41762672493
41762672801
41762672905
41762672771
41762672738
41762672673
41762672746
41762672949
41762672465
41762672512
41762672600
41762672737
41762672659
41762672747
41762672418
41762672804
41762672499
41762672993
41762672546
41762672847
41762672204
41762672462
41762672437
41762672583
41762672962
41762672798
41762672609
41762672543
41762672477
41762672900
41762672755
41762672710
41762672423
41762672503
41762672472
41762672687
41762672766
41762672948
41762672645
41762672972
41762672855
41762672820
41762672594
41762672442
41762672705
41762672935
41762672867
41762672684
41762672573
41762672623
41762672917
41762672822
41762672545
41762672485
41762672532
41762672788
41762672727
41762672782
41762672923
41762672263
41762672992
41762672826
41762672716
41762672812
41762672909
41762672849
41762672726
41762672511
41762672898
41762672956
41762672795
41762672769
41762672837
41762672955
41762672647
41762672894
41762672930
41762672799
41762672945
41762672763
41762672989
41762672884
41762672958
41762672904
41762672968
41762678011
41762678028
41762678005
41762678004
41762678021
41762678032
41762678019
41762678002
41762678017
41762678014
41762678125
41762678268
41762678201
41762678088
41762678211
41762678045
41762678200
41762678089
41762678197
41762678329
41762678174
41762678171
41762678291
41762678042
41762678062
41762678305
41762678286
41762678181
41762678242
41762678041
41762678090
41762678110
41762678099
41762678264
41762678157
41762678120
41762678183
41762678280
41762678274
41762678238
41762678251
41762678247
41762678195
41762678205
41762678061
41762678100
41762678290
41762678255
41762678266
41762678081
41762678186
41762678226
41762678345
41762678271
41762678300
41762678270
41762678139
41762678066
41762678299
41762678052
41762678301
41762678220
41762678248
41762678340
41762678230
41762678380
41762678377
41762678356
41762678359
41762678360
41762678355
41762678379
41762678431
41762678422
41762678454
41762678466
41762678413
41762678593
41762678423
41762678437
41762678449
41762678390
41762678405
41762678662
41762678465
41762678483
41762678660
41762678416
41762678446
41762678539
41762678633
41762678452
41762678445
41762678448
41762678477
41762678542
41762678450
41762678627
41762678686
41762678659
41762678489
41762678479
41762678548
41762678476
41762678551
41762678439
41762678591
41762678474
41762678579
41762678573
41762678401
41762678494
41762678538
41762678556
41762678664
41762678620
41762678563
41762678585
41762678695
41762678609
41762678575
41762678667
41762678656
41762678706
41762678704
41762678708
41762678702
41762678719
41762678716
41762678712
41762678725
41762678582
41762678768
41762678765
41762678770
41762678751
41762678764
41762678776
41762678800
41762678773
41762678791
41762678769
41762678782
41762678736
41762678739
41762678745
41762678754
41762678793
41762678746
41762678788
41762678775
41762678796
41762678820
41762678859
41762678843
41762678876
41762678868
41762678854
41762678860
41762678880
41762678840
41762678866
41762678832
41762678857
41762678870
41762678881
41762678899
41762678885
41762678905
41762678889
41762678915
41762678928
41762678900
41762678910
41762678914
41762678912
41762678927
41762678940
41762678932
41762678948
41762678951
41762678942
41762678953
41762678968
41762678945
41762678967
41762678955
41762678986
41762678979
41762678988
41762678989
41762678991
41762678978
41762678992
41762678994
41762678980
41762678973
41762678976
41762678995
41762677006
41762677025
41762677014
41762677021
41762677001
41762677004
41762677007
41762677018
41762677005
41762677103
41762677137
41762677155
41762677300
41762677290
41762677126
41762677107
41762677138
41762677100
41762677041
41762677149
41762677123
41762677053
41762677079
41762677185
41762677188
41762677045
41762677173
41762677092
41762677095
41762677229
41762677039
41762677313
41762677171
41762677094
41762677066
41762677049
41762677154
41762677287
41762677316
41762677213
41762677114
41762677178
41762677296
41762677163
41762677276
41762677194
41762677253
41762677336
41762677660
41762677417
41762677301
41762677101
41762677454
41762677342
41762677284
41762677328
41762677546
41762677128
41762677159
41762677294
41762677299
41762677388
41762677262
41762677614
41762677132
41762677446
41762677557
41762677514
41762677210
41762677576
41762677269
41762677322
41762677442
41762677785
41762677405
41762677549
41762677245
41762677825
41762677375
41762677181
41762677456
41762677622
41762677183
41762677258
41762677959
41762677764
41762677745
41762677715
41762677499
41762677769
41762677574
41762677403
41762677108
41762677562
41762677871
41762677222
41762677444
41762677348
41762677416
41762677636
41762677847
41762677091
41762677993
41762677400
41762677500
41762677575
41762677305
41762677904
41762677473
41762677366
41762677267
41762677343
41762677312
41762677292
41762677919
41762677414
41762677332
41762677867
41762677589
41762677794
41762677233
41762677232
41762677538
41762677842
41762677624
41762677615
41762677700
41762677796
41762677676
41762677695
41762677598
41762677651
41762677435
41762677878
41762677353
41762677880
41762677824
41762677542
41762677419
41762677363
41762677616
41762677882
41762677603
41762677711
41762677619
41762677568
41762677673
41762677471
41762677974
41762677607
41762677208
41762677432
41762677272
41762677783
41762677713
41762677890
41762677854
41762677818
41762677315
41762677306
41762677721
41762677698
41762677716
41762677680
41762677580
41762677524
41762677588
41762677931
41762677903
41762677687
41762677355
41762677595
41762677726
41762677909
41762677780
41762677991
41762677449
41762677759
41762677788
41762677555
41762677972
41762677639
41762677911
41762677674
41762677933
41762677530
41762677564
41762677736
41762677952
41762677706
41762677907
41762677955
41762677930
41762677829
41762677893
41762677887
41762677633
41762677704
41762677784
41762677897
41762677374
41762677480
41762677649
41762677881
41762677950
41762677861
41762677815
41762677947
41762677995
41762677902
41762677875
41762677990
41762677642
41762677658
41762677994
41762677843
41762677945
