41763585013
41763585008
41763585011
41763585009
41763585012
41763585028
41763585025
41763585001
41763585005
41763585002
41763585003
41763585021
41763585007
41763585024
41763585115
41763585078
41763585106
41763585118
41763585168
41763585139
41763585228
41763585077
41763585282
41763585084
41763585097
41763585033
41763585067
41763585109
41763585096
41763585090
41763585251
41763585116
41763585034
41763585243
41763585059
41763585051
41763585113
41763585074
41763585060
41763585076
41763585111
41763585303
41763585027
41763585053
41763585233
41763585221
41763585075
41763585143
41763585137
41763585123
41763585410
41763585037
41763585080
41763585163
41763585337
41763585085
41763585052
41763585089
41763585050
41763585356
41763585333
41763585124
41763585458
41763585519
41763585189
41763585114
41763585141
41763585151
41763585534
41763585277
41763585255
41763585212
41763585313
41763585103
41763585203
41763585145
41763585208
41763585094
41763585280
41763585082
41763585315
41763585338
41763585517
41763585177
41763585250
41763585482
41763585316
41763585158
41763585055
41763585213
41763585552
41763585165
41763585579
41763585568
41763585353
41763585310
41763585544
41763585325
41763585452
41763585281
41763585166
41763585226
41763585104
41763585301
41763585300
41763585488
41763585214
41763585416
41763585443
41763585119
41763585174
41763585252
41763585572
41763585240
41763585355
41763585357
41763585332
41763585264
41763585365
41763585224
41763585427
41763585232
41763585471
41763585358
41763585545
41763585227
41763585220
41763585703
41763585409
41763585725
41763585866
41763585369
41763585819
41763585515
41763585855
41763585578
41763585379
41763585433
41763585498
41763585528
41763585444
41763585562
41763585478
41763585426
41763585759
41763585319
41763585500
41763585399
41763585860
41763585276
41763585230
41763585386
41763585596
41763585512
41763585293
41763585784
41763585329
41763585432
41763585965
41763585246
41763585253
41763585882
41763585621
41763585665
41763585182
41763585308
41763585530
41763585838
41763585377
41763585408
41763585560
41763585490
41763585604
41763585602
41763585526
41763585501
41763585549
41763585989
41763585564
41763585555
41763585612
41763585623
41763585678
41763585324
41763585352
41763585403
41763585991
41763585375
41763585900
41763585730
41763585507
41763585263
41763585202
41763585570
41763585720
41763585677
41763585731
41763585667
41763585486
41763585897
41763585733
41763585542
41763585460
41763585765
41763585290
41763585649
41763585518
41763585833
41763585201
41763585593
41763585606
41763585312
41763585431
41763585909
41763585551
41763585344
41763585381
41763585546
41763585364
41763585485
41763585821
41763585712
41763585504
41763585429
41763585440
41763585395
41763585447
41763585553
41763585751
41763585539
41763585994
41763585538
41763585581
41763585979
41763585889
41763585738
41763585468
41763585600
41763585577
41763585837
41763585847
41763585875
41763585774
41763585527
41763585800
41763585879
41763585664
41763585793
41763585893
41763585873
41763585957
41763585548
41763585634
41763585758
41763585599
41763585810
41763585921
41763585844
41763585710
41763585336
41763585696
41763585404
41763585323
41763585734
41763585439
41763585869
41763585603
41763585423
41763585438
41763585591
41763585660
41763585892
41763585275
41763585674
41763585659
41763585871
41763585809
41763585796
41763585955
41763585864
41763585430
41763585808
41763585354
41763585457
41763585686
41763585514
41763585988
41763585505
41763585533
41763585811
41763585996
41763585828
41763585525
41763585576
41763585550
41763585894
41763585971
41763585792
41763585924
41763585981
41763585858
41763585841
41763585295
41763585343
41763585987
41763585652
41763585777
41763585895
41763585586
41763585676
41763585509
41763585640
41763585969
41763585926
41763585254
41763585456
41763585689
41763585717
41763585995
41763585668
41763585742
41763585868
41763585761
41763585571
41763585928
41763585442
41763585620
41763585845
41763585655
41763585878
41763585902
41763585888
41763585700
41763585558
41763585881
41763585760
41763585791
41763585670
41763585729
41763585653
41763585829
41763585786
41763585639
41763585843
41763585780
41763585785
41763585876
41763585848
41763585948
41763585688
41763585824
41763585927
41763585835
41763585764
41763585990
41763585898
41763585807
41763585853
41763585629
41763585711
41763585951
41763585918
41763585715
41763585773
41763585914
41763585919
41763585908
41763585877
41763585935
41763585959
41763585887
41763585705
41763585903
41763585673
41763585701
41763585949
41763585911
41763585939
41763585983
41763584007
41763584012
41763584017
41763584002
41763584003
41763584013
41763584014
41763584009
41763584011
41763584028
41763584001
41763584019
41763584027
41763584008
41763584032
41763584021
41763584091
41763584133
41763584137
41763584214
41763584047
41763584037
41763584055
41763584083
41763584162
41763584072
41763584035
41763584211
41763584163
41763584244
41763584041
41763584400
41763584281
41763584044
41763584274
41763584117
41763584080
41763584122
41763584140
41763584051
41763584058
41763584252
41763584110
41763584155
41763584057
41763584441
41763584332
41763584172
41763584038
41763584139
41763584106
41763584082
41763584148
41763584074
41763584078
41763584098
41763584070
41763584045
41763584112
41763584052
41763584254
41763584154
41763584147
41763584042
41763584033
41763584250
41763584707
41763584049
41763584355
41763584165
41763584151
41763584097
41763584327
41763584105
41763584102
41763584142
41763584220
41763584095
41763584505
41763584225
41763584461
41763584200
41763584386
41763584403
41763584299
41763584266
41763584414
41763584445
41763584086
41763584204
41763584663
41763584087
41763584217
41763584466
41763584499
41763584683
41763584054
41763584222
41763584337
41763584471
41763584181
41763584535
41763584331
41763584126
41763584183
41763584381
41763584399
41763584442
41763584099
41763584121
41763584189
41763584889
41763584280
41763584448
41763584237
41763584292
41763584551
41763584727
41763584335
41763584272
41763584267
41763584300
41763584150
41763584348
41763584368
41763584422
41763584326
41763584376
41763584180
41763584364
41763584284
41763584412
41763584676
41763584677
41763584622
41763584124
41763584109
41763584168
41763584484
41763584749
41763584129
41763584717
41763584144
41763584675
41763584411
41763584479
41763584924
41763584500
41763584194
41763584328
41763584855
41763584642
41763584848
41763584199
41763584234
41763584701
41763584341
41763584458
41763584443
41763584437
41763584207
41763584303
41763584371
41763584618
41763584898
41763584964
41763584275
41763584713
41763584636
41763584820
41763584585
41763584565
41763584472
41763584599
41763584282
41763584314
41763584450
41763584511
41763584276
41763584737
41763584567
41763584844
41763584119
41763584402
41763584431
41763584408
41763584840
41763584336
41763584404
41763584320
41763584333
41763584498
41763584503
41763584586
41763584656
41763584818
41763584365
41763584514
41763584509
41763584647
41763584718
41763584929
41763584428
41763584849
41763584545
41763584555
41763584405
41763584653
41763584557
41763584985
41763584504
41763584114
41763584714
41763584851
41763584424
41763584795
41763584608
41763584440
41763584833
41763584748
41763584419
41763584700
41763584410
41763584415
41763584790
41763584334
41763584648
41763584953
41763584588
41763584452
41763584343
41763584451
41763584740
41763584490
41763584784
41763584981
41763584916
41763584482
41763584672
41763584771
41763584857
41763584895
41763584563
41763584842
41763584590
41763584538
41763584905
41763584416
41763584884
41763584347
41763584600
41763584665
41763584667
41763584572
41763584744
41763584526
41763584845
41763584476
41763584720
41763584387
41763584696
41763584388
41763584807
41763584658
41763584870
41763584513
41763584994
41763584646
41763584346
41763584626
41763584597
41763584859
41763584762
41763584763
41763584923
41763584858
41763584800
41763584967
41763584635
41763584854
41763584660
41763584974
41763584831
41763584645
41763584888
41763584757
41763584824
41763584819
41763584909
41763584488
41763584825
41763584455
41763584943
41763584391
41763584838
41763584552
41763584995
41763584915
41763584847
41763584732
41763584900
41763584789
41763584247
41763584710
41763584960
41763584927
41763584494
41763584554
41763584524
41763584828
41763584892
41763584578
41763584914
41763584877
41763584991
41763584659
41763584808
41763584962
41763584603
41763584664
41763584806
41763584979
41763584617
41763584862
41763584233
41763584319
41763584925
41763584829
41763584530
41763584621
41763584666
41763584837
41763584880
41763586020
41763586008
41763586027
41763586029
41763586011
41763586005
41763586013
41763586022
41763586003
41763586021
41763586025
41763586006
41763586038
41763586041
41763586080
41763586100
41763586101
41763586138
41763586147
41763586034
41763586247
41763586077
41763586063
41763586094
41763586252
41763586125
41763586121
41763586150
41763586066
41763586032
41763586462
41763586067
41763586056
41763586284
41763586127
41763586085
41763586117
41763586214
41763586114
41763586070
41763586073
41763586141
41763586111
41763586042
41763586053
41763586106
41763586191
41763586267
41763586357
41763586090
41763586287
41763586228
41763586354
41763586036
41763586068
41763586050
41763586082
41763586321
41763586202
41763586369
41763586178
41763586164
41763586222
41763586221
41763586137
41763586443
41763586333
41763586212
41763586268
41763586485
41763586275
41763586300
41763586098
41763586165
41763586319
41763586348
41763586415
41763586346
41763586152
41763586489
41763586388
41763586331
41763586116
41763586707
41763586636
41763586448
41763586144
41763586102
41763586671
41763586410
41763586616
41763586358
41763586601
41763586384
41763586234
41763586277
41763586316
41763586140
41763586133
41763586714
41763586208
41763586748
41763586244
41763586205
41763586161
41763586409
41763586323
41763586334
41763586708
41763586682
41763586129
41763586506
41763586203
41763586396
41763586815
41763586500
41763586555
41763586394
41763586726
41763586597
41763586738
41763586659
41763586239
41763586363
41763586301
41763586308
41763586295
41763586366
41763586325
41763586774
41763586530
41763586344
41763586565
41763586440
41763586531
41763586514
41763586326
41763586617
41763586263
41763586399
41763586383
41763586193
41763586553
41763586361
41763586215
41763586142
41763586279
41763586437
41763586216
41763586330
41763586687
41763586310
41763586744
41763586709
41763586511
41763586226
41763586757
41763586271
41763586894
41763586844
41763586528
41763586626
41763586403
41763586666
41763586779
41763586572
41763586224
41763586618
41763586262
41763586801
41763586772
41763586510
41763586656
41763586522
41763586200
41763586509
41763586537
41763586501
41763586471
41763586557
41763586927
41763586353
41763586696
41763586583
41763586220
41763586624
41763586739
41763586976
41763586261
41763586630
41763586404
41763586469
41763586578
41763586223
41763586858
41763586311
41763586406
41763586891
41763586447
41763586517
41763586645
41763586811
41763586827
41763586405
41763586527
41763586536
41763586800
41763586923
41763586705
41763586668
41763586810
41763586767
41763586296
41763586677
41763586425
41763586426
41763586918
41763586658
41763586722
41763586633
41763586591
41763586416
41763586397
41763586488
41763586637
41763586598
41763586688
41763586759
41763586876
41763586520
41763586828
41763586940
41763586651
41763586314
41763586402
41763586635
41763586505
41763586878
41763586580
41763586444
41763586421
41763586600
41763586513
41763586676
41763586946
41763586942
41763586977
41763586491
41763586752
41763586989
41763586609
41763586855
41763586474
41763586736
41763586818
41763586539
41763586599
41763586996
41763586427
41763586773
41763586508
41763586660
41763586435
41763586798
41763586653
41763586684
41763586547
41763586786
41763586794
41763586758
41763586558
41763586673
41763586614
41763586664
41763586829
41763586768
41763586958
41763586652
41763586950
41763586956
41763586769
41763586856
41763586622
41763586581
41763586699
41763586797
41763586700
41763586860
41763586689
41763586924
41763586954
41763586737
41763586466
41763586830
41763586849
41763586567
41763586209
41763586605
41763586657
41763586782
41763586574
41763586990
41763586880
41763586979
41763586812
41763586899
41763586922
41763586969
41763586980
41763586837
41763586930
41763586778
41763586459
41763586766
41763586549
41763586947
41763586944
41763586988
41763586888
41763586889
41763586808
41763586886
41763586879
41763586967
41763586519
41763586910
41763586560
41763586799
41763586711
41763586966
41763586788
41763586864
41763586825
41763586663
41763586498
41763586669
41763586693
41763580000
41763580027
41763580003
41763580018
41763580008
41763580001
41763580032
41763580010
41763580005
41763580007
41763580017
41763580009
41763580030
41763580006
41763580004
41763580002
41763580011
41763580022
41763580066
41763580130
41763580014
41763580033
41763580055
41763580092
41763580081
41763580118
41763580115
41763580148
41763580047
41763580063
41763580036
41763580273
41763580095
41763580105
41763580102
41763580076
41763580119
41763580089
41763580045
41763580084
41763580075
41763580222
41763580048
41763580083
41763580250
41763580039
41763580109
41763580040
41763580145
41763580155
41763580322
41763580160
41763580049
41763580070
41763580242
41763580101
41763580225
41763580126
41763580255
41763580269
41763580231
41763580404
41763580090
41763580203
41763580072
41763580078
41763580103
41763580253
41763580221
41763580516
41763580411
41763580141
41763580186
41763580139
41763580064
41763580162
41763580324
41763580308
41763580373
41763580197
41763580114
41763580107
41763580305
41763580248
41763580331
41763580482
41763580177
41763580431
41763580182
41763580421
41763580110
41763580593
41763580369
41763580238
41763580292
41763580208
41763580113
41763580052
41763580056
41763580116
41763580288
41763580205
41763580108
41763580303
41763580312
41763580597
41763580200
41763580491
41763580106
41763580307
41763580410
41763580635
41763580297
41763580395
41763580310
41763580127
41763580206
41763580819
41763580287
41763580527
41763580144
41763580753
41763580419
41763580609
41763580724
41763580375
41763580356
41763580618
41763580093
41763580149
41763580302
41763580478
41763580270
41763580365
41763580400
41763580433
41763580289
41763580738
41763580415
41763580897
41763580583
41763580475
41763580327
41763580506
41763580717
41763580403
41763580441
41763580259
41763580598
41763580429
41763580457
41763580490
41763580451
41763580678
41763580503
41763580584
41763580665
41763580735
41763580285
41763580655
41763580499
41763580435
41763580283
41763580407
41763580214
41763580880
41763580339
41763580265
41763580680
41763580590
41763580120
41763580402
41763580439
41763580727
41763580791
41763580511
41763580293
41763580195
41763580370
41763580394
41763580328
41763580473
41763580333
41763580316
41763580513
41763580261
41763580391
41763580520
41763580804
41763580392
41763580325
41763580828
41763580653
41763580495
41763580512
41763580720
41763580622
41763580582
41763580311
41763580950
41763580594
41763580343
41763580993
41763580317
41763580564
41763580276
41763580604
41763580980
41763580613
41763580858
41763580228
41763580806
41763580794
41763580436
41763580301
41763580444
41763580555
41763580578
41763580623
41763580722
41763580837
41763580625
41763580280
41763580883
41763580557
41763580956
41763580729
41763580401
41763580906
41763580100
41763580440
41763580669
41763580793
41763580823
41763580615
41763580711
41763580414
41763580815
41763580902
41763580304
41763580747
41763580210
41763580612
41763580517
41763580687
41763580829
41763580397
41763580890
41763580803
41763580714
41763580992
41763580826
41763580521
41763580768
41763580976
41763580730
41763580399
41763580550
41763580788
41763580969
41763580830
41763580716
41763580771
41763580893
41763580592
41763580691
41763580471
41763580728
41763580553
41763580923
41763580497
41763580721
41763580345
41763580949
41763580494
41763580406
41763580989
41763580878
41763580167
41763580795
41763580715
41763580388
41763580930
41763580671
41763580907
41763580599
41763580703
41763580522
41763580926
41763580756
41763580690
41763580854
41763580953
41763580812
41763580427
41763580860
41763580799
41763580579
41763580611
41763580713
41763580409
41763580801
41763580888
41763580500
41763580732
41763580629
41763580824
41763580278
41763580882
41763580606
41763580951
41763580492
41763580766
41763580913
41763580560
41763580777
41763580624
41763580827
41763580596
41763580770
41763580784
41763580839
41763580710
41763580933
41763580672
41763580955
41763580831
41763580581
41763580632
41763580916
41763580876
41763580674
41763580247
41763580763
41763580861
41763580723
41763580773
41763580935
41763580872
41763580900
41763580601
41763580707
41763580966
41763580977
41763580809
41763580885
41763580866
41763580670
41763580859
41763580919
41763580811
41763580864
41763580315
41763580749
41763580868
41763580856
41763580647
41763580929
41763580869
41763580855
41763580825
41763580588
41763580981
41763580742
41763580936
41763580309
41763580751
41763580779
41763580886
41763580509
41763580921
41763580889
41763580896
41763580851
41763580510
41763580787
41763580899
41763580927
41763580952
41763580912
41763580917
41763580802
41763580805
41763580718
41763580995
41763580904
41763580501
41763580959
41763580958
41763580957
41763580821
41763589022
41763589013
41763589001
41763589017
41763589027
41763589010
41763589090
41763589112
41763589196
41763589194
41763589060
41763589103
41763589132
41763589094
41763589143
41763589099
41763589170
41763589212
41763589152
41763589081
41763589191
41763589232
41763589038
41763589050
41763589107
41763589245
41763589150
41763589111
41763589114
41763589177
41763589240
41763589118
41763589155
41763589077
41763589091
41763589201
41763589130
41763589162
41763589220
41763589307
41763589256
41763589189
41763589180
41763589257
41763589179
41763589181
41763589192
41763589098
41763589158
41763589139
41763589100
41763589070
41763589117
41763589174
41763589259
41763589144
41763589115
41763589093
41763589142
41763589119
41763589092
41763589229
41763589262
41763589221
41763589209
41763589319
41763589277
41763589301
41763589333
41763589171
41763589110
41763589138
41763589193
41763589126
41763589127
41763589327
41763589223
41763589328
41763589167
41763589251
41763589332
41763589067
41763589226
41763589302
41763589306
41763589198
41763589140
41763589339
41763589350
41763589203
41763589243
41763589252
41763589267
41763589297
41763589295
41763589311
41763589349
41763589345
41763589354
41763589378
41763589381
41763589375
41763589527
41763589421
41763589413
41763589383
41763589440
41763589415
41763589457
41763589425
41763589445
41763589399
41763589470
41763589500
41763589488
41763589393
41763589484
41763589533
41763589403
41763589434
41763589391
41763589587
41763589604
41763589437
41763589392
41763589555
41763589490
41763589641
41763589450
41763589512
41763589553
41763589519
41763589526
41763589529
41763589600
41763589514
41763589612
41763589594
41763589630
41763589665
41763589501
41763589394
41763589621
41763589430
41763589453
41763589535
41763589578
41763589528
41763589669
41763589436
41763589483
41763589496
41763589544
41763589408
41763589698
41763589663
41763589431
41763589563
41763589585
41763589688
41763589693
41763589454
41763589538
41763589697
41763589573
41763589694
41763589494
41763589615
41763589568
41763589596
41763589433
41763589428
41763589549
41763589658
41763589695
41763589664
41763589552
41763589655
41763589576
41763589696
41763589624
41763589689
41763589720
41763589702
41763589718
41763589714
41763589705
41763589703
41763589721
41763589700
41763589726
41763589725
41763589706
41763589710
41763589727
41763589743
41763589767
41763589734
41763589771
41763589733
41763589748
41763589777
41763589760
41763589757
41763589742
41763589747
41763589761
41763589792
41763589788
41763589798
41763589794
41763589845
41763589836
41763589801
41763589842
41763589818
41763589840
41763589811
41763589797
41763589834
41763589825
41763589909
41763589891
41763589908
41763589867
41763589890
41763589893
41763589906
41763589876
41763589859
41763589896
41763589892
41763589910
41763589880
41763589898
41763589903
41763589868
41763589905
41763589883
41763589904
41763589911
41763589897
41763589894
41763589881
41763589885
41763589921
41763589927
41763589958
41763589912
41763589949
41763589944
41763589915
41763589966
41763589953
41763589933
41763589917
41763589969
41763589914
41763589919
41763589929
41763589963
41763589977
41763589993
41763589982
41763589997
41763589984
41763589979
41763589991
41763589989
41763589988
41763589996
41763589974
41763589975
41763583006
41763583007
41763583028
41763583001
41763583019
41763583003
41763583018
41763583020
41763583009
41763583023
41763583015
41763583008
41763583002
41763583030
41763583010
41763583070
41763583072
41763583178
41763583035
41763583046
41763583067
41763583113
41763583083
41763583033
41763583064
41763583128
41763583269
41763583081
41763583248
41763583095
41763583171
41763583296
41763583238
41763583321
41763583037
41763583119
41763583089
41763583086
41763583088
41763583207
41763583176
41763583129
41763583141
41763583275
41763583287
41763583054
41763583133
41763583274
41763583206
41763583220
41763583224
41763583040
41763583193
41763583108
41763583038
41763583052
41763583068
41763583071
41763583124
41763583114
41763583239
41763583145
41763583170
41763583110
41763583120
41763583161
41763583121
41763583101
41763583209
41763583229
41763583189
41763583075
41763583266
41763583255
41763583324
41763583201
41763583227
41763583213
41763583208
41763583107
41763583069
41763583184
41763583080
41763583320
41763583116
41763583337
41763583210
41763583194
41763583185
41763583109
41763583132
41763583312
41763583203
41763583288
41763583231
41763583332
41763583142
41763583127
41763583202
41763583262
41763583315
41763583222
41763583230
41763583331
41763583198
41763583090
41763583098
41763583223
41763583335
41763583303
41763583188
41763583221
41763583317
41763583340
41763583339
41763583347
41763583307
41763583219
41763583183
41763583293
41763583306
41763583282
41763583302
41763583311
41763583191
41763583225
41763583318
41763583313
41763583342
41763583249
41763583333
41763583330
41763583281
41763583351
41763583371
41763583378
41763583377
41763583359
41763583355
41763583365
41763583369
41763583367
41763583366
41763583360
41763583374
41763583370
41763583380
41763583352
41763583362
41763583399
41763583478
41763583436
41763583400
41763583444
41763583403
41763583394
41763583398
41763583423
41763583430
41763583546
41763583413
41763583424
41763583504
41763583432
41763583433
41763583422
41763583517
41763583555
41763583671
41763583437
41763583446
41763583683
41763583498
41763583443
41763583435
41763583480
41763583465
41763583401
41763583456
41763583578
41763583503
41763583414
41763583530
41763583570
41763583487
41763583445
41763583662
41763583685
41763583385
41763583565
41763583464
41763583681
41763583533
41763583590
41763583434
41763583610
41763583554
41763583518
41763583493
41763583470
41763583592
41763583635
41763583474
41763583450
41763583580
41763583449
41763583534
41763583535
41763583638
41763583481
41763583522
41763583553
41763583523
41763583598
41763583698
41763583674
41763583693
41763583485
41763583541
41763583595
41763583647
41763583696
41763583673
41763583490
41763583687
41763583482
41763583689
41763583654
41763583492
41763583428
41763583617
41763583500
41763583680
41763583514
41763583521
41763583488
41763583545
41763583495
41763583686
41763583560
41763583653
41763583643
41763583636
41763583494
41763583658
41763583536
41763583690
41763583527
41763583655
41763583669
41763583644
41763583558
41763583626
41763583532
41763583600
41763583615
41763583630
41763583563
41763583668
41763583675
41763583556
41763583579
41763583582
41763583682
41763583604
41763583679
41763583709
41763583708
41763583719
41763583717
41763583725
41763583728
41763583712
41763583705
41763583703
41763583700
41763583721
41763583727
41763583713
41763583730
41763583722
41763583707
41763583732
41763583771
41763583786
41763583739
41763583753
41763583767
41763583769
41763583744
41763583738
41763583741
41763583791
41763583777
41763583734
41763583757
41763583792
41763583768
41763583860
41763583845
41763583830
41763583806
41763583825
41763583797
41763583874
41763583854
41763583834
41763583819
41763583837
41763583828
41763583796
41763583804
41763583848
41763583824
41763583847
41763583833
41763583857
41763583864
41763583808
41763583835
41763583839
41763583829
41763583846
41763583817
41763583913
41763583952
41763583901
41763583922
41763583910
41763583944
41763583930
41763583941
41763583937
41763583958
41763583928
41763583909
41763583891
41763583897
41763583880
41763583895
41763583882
41763583931
41763583885
41763583950
41763583965
41763583888
41763583899
41763583956
41763583932
41763583935
41763583955
41763583943
41763583920
41763583939
41763583959
41763583912
41763583963
41763583994
41763583998
41763583982
41763583966
41763583969
41763583993
41763583989
41763583981
41763583992
41763581030
41763581006
41763581023
41763581022
41763581008
41763581021
41763581018
41763581002
41763581028
41763581015
41763581005
41763581124
41763581158
41763581163
41763581205
41763581029
41763581037
41763581056
41763581217
41763581144
41763581067
41763581118
41763581086
41763581071
41763581312
41763581213
41763581148
41763581336
41763581289
41763581026
41763581003
41763581012
41763581296
41763581305
41763581014
41763581400
41763581415
41763581358
41763581264
41763581575
41763581214
41763581295
41763581337
41763581306
41763581013
41763581107
41763581112
41763581565
41763581541
41763581204
41763581055
41763581666
41763581200
41763581409
41763581135
41763581501
41763581311
41763581220
41763581277
41763581425
41763581171
41763581441
41763581192
41763581202
41763581001
41763581060
41763581105
41763581310
41763581410
41763581113
41763581218
41763581032
41763581408
41763581109
41763581211
41763581298
41763581100
41763581821
41763581209
41763581210
41763581161
41763581444
41763581154
41763581075
41763581778
41763581550
41763581233
41763581248
41763581224
41763581290
41763581151
41763581194
41763581504
41763581407
41763581297
41763581434
41763581010
41763581091
41763581706
41763581515
41763581272
41763581223
41763581108
41763581266
41763581508
41763581517
41763581085
41763581188
41763581245
41763581555
41763581421
41763581601
41763581704
41763581182
41763581076
41763581235
41763581177
41763581343
41763581258
41763581273
41763581276
41763581648
41763581520
41763581041
41763581682
41763581255
41763581663
41763581052
41763581133
41763581516
41763581881
41763581505
41763581752
41763581180
41763581404
41763581451
41763581117
41763581560
41763581164
41763581968
41763581503
41763581281
41763581150
41763581315
41763581331
41763581514
41763581215
41763581110
41763581608
41763581670
41763581278
41763581106
41763581553
41763581606
41763581709
41763581287
41763581399
41763581962
41763581535
41763581613
41763581418
41763581673
41763581456
41763581621
41763581611
41763581207
41763581846
41763581402
41763581808
41763581978
41763581355
41763581811
41763581101
41763581749
41763581796
41763581884
41763581292
41763581840
41763581654
41763581350
41763581130
41763581771
41763581346
41763581388
41763581363
41763581222
41763581308
41763581971
41763581236
41763581801
41763581687
41763581303
41763581362
41763581660
41763581357
41763581810
41763581901
41763581054
41763581442
41763581726
41763581865
41763581736
41763581267
41763581949
41763581892
41763581851
41763581313
41763581850
41763581657
41763581509
41763581820
41763581328
41763581199
41763581405
41763581510
41763581680
41763581943
41763581827
41763581773
41763581716
41763581828
41763581677
41763581932
41763581979
41763581114
41763581077
41763581525
41763581926
41763581885
41763581996
41763581139
41763581309
41763581872
41763581721
41763581662
41763581597
41763581983
41763581948
41763581813
41763581843
41763581815
41763581967
41763581552
41763581886
41763581747
41763581919
41763581880
41763581587
41763581445
41763581980
41763581727
41763581692
41763581719
41763581977
41763581511
41763581092
41763581873
41763581822
41763581903
41763581512
41763581500
41763581809
41763581088
41763581314
41763581453
41763581633
41763581166
41763581617
41763581734
41763581140
41763581909
41763581339
41763581803
41763581942
41763581987
41763581975
41763581893
41763581243
41763581604
41763581490
41763581602
41763581546
41763581639
41763581713
41763581883
41763581946
41763581219
41763581936
41763581647
41763581965
41763581406
41763581861
41763581642
41763581659
41763581911
41763581658
41763581065
41763581577
41763581817
41763581935
41763581300
41763581941
41763581744
41763581947
41763581862
41763581330
41763581038
41763581818
41763581955
41763581758
41763581661
41763581868
41763581614
41763581649
41763581984
41763581906
41763581969
41763581770
41763581609
41763581772
41763581985
41763581332
41763581950
41763581878
41763581982
41763581705
41763581620
41763581907
41763581383
41763581769
41763581718
41763581420
41763581422
41763581701
41763581991
41763581323
41763581957
41763581938
41763581634
41763581956
41763581708
41763581563
41763581779
41763581338
41763581600
41763581632
41763581905
41763581825
41763581129
41763581333
41763581807
41763581940
41763581432
41763581612
41763581966
41763581992
41763581988
41763581152
41763581958
41763581871
41763581551
41763581794
41763581870
41763581997
41763581693
41763581970
41763581993
41763581689
41763581804
41763581974
41763581797
41763581302
41763581964
41763581944
41763581995
41763581963
41763582010
41763582012
41763582002
41763582009
41763582019
41763582011
41763582013
41763582014
41763582030
41763582025
41763582027
41763582006
41763582005
41763582026
41763582031
41763582020
41763582022
41763582004
41763582007
41763582070
41763582102
41763582105
41763582092
41763582062
41763582080
41763582234
41763582125
41763582108
41763582053
41763582060
41763582112
41763582068
41763582228
41763582040
41763582111
41763582211
41763582100
41763582230
41763582235
41763582324
41763582037
41763582094
41763582050
41763582221
41763582233
41763582209
41763582299
41763582079
41763582038
41763582047
41763582113
41763582190
41763582205
41763582300
41763582086
41763582126
41763582085
41763582084
41763582141
41763582143
41763582352
41763582226
41763582138
41763582171
41763582212
41763582208
41763582303
41763582179
41763582307
41763582311
41763582187
41763582295
41763582130
41763582272
41763582058
41763582155
41763582356
41763582223
41763582261
41763582232
41763582306
41763582122
41763582109
41763582202
41763582332
41763582192
41763582243
41763582117
41763582087
41763582195
41763582133
41763582184
41763582124
41763582345
41763582302
41763582185
41763582204
41763582305
41763582194
41763582197
41763582333
41763582244
41763582200
41763582325
41763582275
41763582206
41763582207
41763582312
41763582301
41763582137
41763582239
41763582110
41763582322
41763582254
41763582227
41763582193
41763582181
41763582326
41763582242
41763582341
41763582320
41763582310
41763582293
41763582287
41763582362
41763582385
41763582359
41763582387
41763582378
41763582376
41763582382
41763582361
41763582394
41763582428
41763582503
41763582455
41763582452
41763582408
41763582417
41763582407
41763582396
41763582412
41763582421
41763582422
41763582420
41763582414
41763582438
41763582558
41763582461
41763582555
41763582567
41763582426
41763582658
41763582504
41763582562
41763582612
41763582603
41763582404
41763582559
41763582391
41763582411
41763582403
41763582633
41763582507
41763582442
41763582505
41763582468
41763582509
41763582583
41763582488
41763582424
41763582413
41763582463
41763582494
41763582462
41763582676
41763582450
41763582550
41763582415
41763582686
41763582489
41763582481
41763582508
41763582425
41763582486
41763582625
41763582490
41763582521
41763582656
41763582650
41763582540
41763582535
41763582679
41763582532
41763582661
41763582609
41763582651
41763582557
41763582510
41763582423
41763582523
41763582710
41763582514
41763582626
41763582565
41763582610
41763582608
41763582706
41763582602
41763582695
41763582501
41763582526
41763582434
41763582644
41763582601
41763582680
41763582604
41763582712
41763582701
41763582600
41763582649
41763582580
41763582639
41763582547
41763582621
41763582704
41763582669
41763582551
41763582629
41763582709
41763582711
41763582705
41763582585
41763582731
41763582727
41763582718
41763582723
41763582735
41763582726
41763582757
41763582771
41763582787
41763582753
41763582780
41763582769
41763582777
41763582774
41763582748
41763582808
41763582789
41763582804
41763582752
41763582751
41763582801
41763582802
41763582795
41763582865
41763582848
41763582811
41763582831
41763582828
41763582847
41763582814
41763582829
41763582818
41763582887
41763582846
41763582812
41763582810
41763582850
41763582860
41763582868
41763582858
41763582958
41763582922
41763582899
41763582905
41763582947
41763582950
41763582949
41763582957
41763582993
41763582984
41763582969
41763582964
41763582979
41763582982
41763582988
41763582966
41763582992
41763582999
41763582997
41763588022
41763588032
41763588004
41763588009
41763588018
41763588005
41763588012
41763588015
41763588003
41763588008
41763588027
41763588029
41763588030
41763588011
41763588025
41763588020
41763588173
41763588215
41763588051
41763588048
41763588035
41763588108
41763588144
41763588070
41763588050
41763588110
41763588223
41763588049
41763588096
41763588082
41763588047
41763588080
41763588134
41763588291
41763588075
41763588128
41763588136
41763588168
41763588092
41763588186
41763588109
41763588090
41763588129
41763588036
41763588241
41763588197
41763588126
41763588190
41763588060
41763588057
41763588052
41763588091
41763588238
41763588261
41763588202
41763588245
41763588258
41763588269
41763588171
41763588121
41763588120
41763588192
41763588040
41763588042
41763588260
41763588152
41763588219
41763588228
41763588102
41763588039
41763588289
41763588125
41763588105
41763588133
41763588055
41763588155
41763588203
41763588254
41763588088
41763588191
41763588330
41763588153
41763588308
41763588312
41763588138
41763588302
41763588187
41763588161
41763588303
41763588214
41763588213
41763588225
41763588341
41763588181
41763588290
41763588210
41763588100
41763588112
41763588295
41763588292
41763588299
41763588211
41763588247
41763588206
41763588115
41763588322
41763588237
41763588200
41763588331
41763588189
41763588284
41763588340
41763588336
41763588227
41763588288
41763588286
41763588304
41763588310
41763588232
41763588297
41763588242
41763588300
41763588166
41763588344
41763588333
41763588301
41763588250
41763588319
41763588365
41763588382
41763588359
41763588361
41763588376
41763588360
41763588377
41763588380
41763588374
41763588355
41763588366
41763588353
41763588373
41763588483
41763588484
41763588388
41763588409
41763588391
41763588509
41763588390
41763588579
41763588392
41763588410
41763588406
41763588535
41763588435
41763588436
41763588433
41763588455
41763588413
41763588621
41763588408
41763588522
41763588495
41763588629
41763588600
41763588494
41763588444
41763588431
41763588412
41763588515
41763588546
41763588404
41763588508
41763588560
41763588611
41763588478
41763588576
41763588547
41763588395
41763588516
41763588615
41763588671
41763588552
41763588582
41763588540
41763588441
41763588662
41763588446
41763588518
41763588699
41763588663
41763588460
41763588523
41763588434
41763588538
41763588590
41763588565
41763588650
41763588507
41763588503
41763588555
41763588678
41763588472
41763588695
41763588581
41763588604
41763588548
41763588623
41763588415
41763588594
41763588556
41763588419
41763588553
41763588533
41763588608
41763588653
41763588557
41763588586
41763588638
41763588632
41763588485
41763588630
41763588666
41763588596
41763588655
41763588583
41763588488
41763588692
41763588688
41763588606
41763588502
41763588541
41763588587
41763588487
41763588683
41763588422
41763588684
41763588570
41763588575
41763588681
41763588652
41763588527
41763588658
41763588685
41763588667
41763588571
41763588644
41763588593
41763588635
41763588686
41763588709
41763588702
41763588717
41763588718
41763588729
41763588728
41763588722
41763588707
41763588711
41763588700
41763588720
41763588721
41763588734
41763588732
41763588749
41763588750
41763588764
41763588765
41763588803
41763588800
41763588817
41763588766
41763588795
41763588821
41763588784
41763588808
41763588777
41763588776
41763588815
41763588768
41763588816
41763588806
41763588771
41763588774
41763588823
41763588841
41763588830
41763588903
41763588851
41763588833
41763588875
41763588899
41763588863
41763588858
41763588908
41763588831
41763588826
41763588847
41763588846
41763588874
41763588854
41763588852
41763588902
41763588870
41763588859
41763588880
41763588901
41763588840
41763588866
41763588861
41763588904
41763588848
41763588879
41763588920
41763588929
41763588957
41763588910
41763588933
41763588939
41763588953
41763588968
41763588969
41763588934
41763588912
41763588911
41763588926
41763588935
41763588940
41763588954
41763588924
41763588977
41763588980
41763588979
41763588999
41763588970
41763588993
41763588972
41763588989
41763587020
41763587022
41763587013
41763587015
41763587011
41763587008
41763587007
41763587006
41763587029
41763587025
41763587024
41763587003
41763587026
41763587027
41763587005
41763587019
41763587066
41763587109
41763587037
41763587058
41763587105
41763587101
41763587050
41763587036
41763587041
41763587033
41763587099
41763587107
41763587075
41763587098
41763587147
41763587176
41763587080
41763587139
41763587209
41763587064
41763587269
41763587246
41763587194
41763587042
41763587129
41763587078
41763587151
41763587227
41763587273
41763587299
41763587038
41763587212
41763587047
41763587174
41763587161
41763587225
41763587068
41763587282
41763587270
41763587156
41763587110
41763587289
41763587184
41763587111
41763587121
41763587142
41763587192
41763587204
41763587063
41763587261
41763587215
41763587073
41763587291
41763587300
41763587187
41763587328
41763587122
41763587220
41763587140
41763587090
41763587103
41763587271
41763587335
41763587264
41763587304
41763587218
41763587191
41763587277
41763587339
41763587201
41763587202
41763587178
41763587081
41763587169
41763587208
41763587301
41763587272
41763587284
41763587311
41763587197
41763587331
41763587219
41763587104
41763587303
41763587290
41763587332
41763587292
41763587245
41763587274
41763587348
41763587255
41763587308
41763587249
41763587250
41763587347
41763587372
41763587376
41763587370
41763587357
41763587373
41763587361
41763587377
41763587362
41763587380
41763587396
41763587474
41763587521
41763587430
41763587505
41763587444
41763587388
41763587446
41763587578
41763587403
41763587479
41763587486
41763587546
41763587520
41763587407
41763587491
41763587383
41763587680
41763587445
41763587573
41763587402
41763587519
41763587475
41763587540
41763587442
41763587389
41763587485
41763587526
41763587554
41763587440
41763587421
41763587467
41763587484
41763587447
41763587579
41763587654
41763587576
41763587527
41763587631
41763587665
41763587666
41763587698
41763587400
41763587455
41763587588
41763587454
41763587477
41763587626
41763587672
41763587674
41763587507
41763587619
41763587473
41763587459
41763587677
41763587630
41763587560
41763587427
41763587572
41763587696
41763587590
41763587659
41763587657
41763587465
41763587501
41763587556
41763587599
41763587586
41763587638
41763587571
41763587652
41763587629
41763587565
41763587682
41763587644
41763587611
41763587567
41763587688
41763587533
41763587664
41763587686
41763587585
41763587488
41763587628
41763587506
41763587612
41763587675
41763587683
41763587490
41763587627
41763587660
41763587668
41763587700
41763587701
41763587717
41763587721
41763587727
41763587729
41763587703
41763587706
41763587713
41763587724
41763587709
41763587711
41763587708
41763587730
41763587712
41763587718
41763587773
41763587743
41763587733
41763587731
41763587744
41763587766
41763587760
41763587755
41763587778
41763587735
41763587757
41763587758
41763587787
41763587762
41763587775
41763587740
41763587752
41763587749
41763587756
41763587739
41763587770
41763587745
41763587738
41763587790
41763587774
41763587736
41763587780
41763587765
41763587771
41763587792
41763587818
41763587819
41763587827
41763587851
41763587850
41763587794
41763587820
41763587802
41763587815
41763587799
41763587798
41763587833
41763587796
41763587795
41763587813
41763587831
41763587843
41763587878
41763587901
41763587855
41763587880
41763587857
41763587881
41763587860
41763587871
41763587866
41763587886
41763587887
41763587867
41763587889
41763587882
41763587874
41763587890
41763587910
41763587869
41763587903
41763587909
41763587883
41763587888
41763587954
41763587926
41763587922
41763587942
41763587927
41763587919
41763587964
41763587929
41763587934
41763587984
41763587971
41763587987
41763587991
41763587988
41763587977
41763587982
41763587979
41763587996
41763587985
41763587974
41763587992
41763587999
41763587993
41763587998
