41764785004
41764785016
41764785006
41764785002
41764785020
41764785011
41764785030
41764785025
41764785007
41764785026
41764785013
41764785012
41764785003
41764785034
41764785052
41764785089
41764785040
41764785035
41764785101
41764785043
41764785084
41764785128
41764785056
41764785164
41764785161
41764785163
41764785100
41764785263
41764785137
41764785299
41764785036
41764785060
41764785076
41764785122
41764785223
41764785079
41764785063
41764785176
41764785444
41764785681
41764785067
41764785380
41764785155
41764785133
41764785166
41764785178
41764785146
41764785039
41764785058
41764785292
41764785298
41764785148
41764785643
41764785159
41764785252
41764785165
41764785051
41764785363
41764785224
41764785250
41764785072
41764785091
41764785277
41764785237
41764785243
41764785050
41764785522
41764785187
41764785215
41764785291
41764785417
41764785316
41764785136
41764785232
41764785066
41764785471
41764785402
41764785386
41764785078
41764785368
41764785527
41764785082
41764785229
41764785088
41764785284
41764785175
41764785670
41764785120
41764785221
41764785290
41764785293
41764785186
41764785149
41764785260
41764785566
41764785153
41764785142
41764785533
41764785505
41764785644
41764785466
41764785592
41764785435
41764785510
41764785546
41764785387
41764785327
41764785188
41764785532
41764785303
41764785271
41764785239
41764785209
41764785553
41764785576
41764785194
41764785213
41764785484
41764785152
41764785423
41764785266
41764785580
41764785336
41764785495
41764785696
41764785568
41764785476
41764785463
41764785605
41764785211
41764785772
41764785228
41764785289
41764785813
41764785248
41764785247
41764785515
41764785222
41764785711
41764785600
41764785615
41764785202
41764785503
41764785244
41764785678
41764785365
41764785545
41764785465
41764785520
41764785642
41764785262
41764785474
41764785864
41764785236
41764785497
41764785488
41764785588
41764785892
41764785552
41764785786
41764785554
41764785514
41764785755
41764785559
41764785302
41764785581
41764785354
41764785441
41764785346
41764785977
41764785727
41764785343
41764785256
41764785774
41764785707
41764785464
41764785688
41764785373
41764785876
41764785478
41764785597
41764785716
41764785583
41764785118
41764785359
41764785620
41764785410
41764785393
41764785759
41764785675
41764785817
41764785992
41764785929
41764785967
41764785676
41764785697
41764785611
41764785827
41764785601
41764785468
41764785840
41764785396
41764785856
41764785458
41764785717
41764785309
41764785823
41764785530
41764785868
41764785418
41764785944
41764785599
41764785594
41764785502
41764785454
41764785375
41764785933
41764785472
41764785852
41764785979
41764785333
41764785758
41764785783
41764785117
41764785171
41764785604
41764785651
41764785412
41764785733
41764785700
41764785445
41764785585
41764785993
41764785753
41764785661
41764785870
41764785557
41764785930
41764785560
41764785943
41764785477
41764785672
41764785482
41764785976
41764785766
41764785504
41764785926
41764785682
41764785685
41764785426
41764785627
41764785519
41764785854
41764785988
41764785860
41764785928
41764785978
41764785842
41764785144
41764785565
41764785971
41764785846
41764785805
41764785558
41764785990
41764785199
41764785432
41764785880
41764785647
41764785729
41764785909
41764785573
41764785493
41764785888
41764785865
41764785850
41764785822
41764785767
41764785427
41764785828
41764785761
41764785195
41764785964
41764785579
41764785653
41764785353
41764785991
41764785919
41764785757
41764785584
41764785549
41764785452
41764785982
41764785459
41764785910
41764785741
41764785659
41764785935
41764785877
41764785763
41764785453
41764785570
41764785791
41764785770
41764785855
41764785956
41764785885
41764785788
41764785794
41764785773
41764785835
41764785906
41764785887
41764785958
41764785901
41764785953
41764785959
41764785924
41764784007
41764784024
41764784009
41764784012
41764784004
41764784023
41764784029
41764784031
41764784020
41764784006
41764784028
41764784017
41764784002
41764784011
41764784030
41764784008
41764784022
41764784015
41764784010
41764784018
41764784034
41764784047
41764784070
41764784059
41764784082
41764784081
41764784140
41764784176
41764784220
41764784245
41764784378
41764784109
41764784083
41764784051
41764784053
41764784044
41764784146
41764784057
41764784084
41764784068
41764784043
41764784075
41764784087
41764784100
41764784117
41764784099
41764784078
41764784062
41764784284
41764784261
41764784240
41764784064
41764784049
41764784459
41764784250
41764784069
41764784324
41764784287
41764784145
41764784519
41764784120
41764784048
41764784313
41764784122
41764784148
41764784106
41764784218
41764784431
41764784619
41764784173
41764784138
41764784042
41764784163
41764784065
41764784080
41764784110
41764784289
41764784208
41764784090
41764784368
41764784290
41764784231
41764784111
41764784153
41764784227
41764784323
41764784609
41764784112
41764784302
41764784188
41764784611
41764784205
41764784282
41764784199
41764784360
41764784204
41764784178
41764784434
41764784185
41764784247
41764784576
41764784123
41764784362
41764784343
41764784412
41764784416
41764784401
41764784127
41764784114
41764784352
41764784102
41764784322
41764784564
41764784410
41764784191
41764784713
41764784232
41764784249
41764784418
41764784141
41764784269
41764784206
41764784340
41764784278
41764784248
41764784383
41764784238
41764784707
41764784363
41764784452
41764784156
41764784103
41764784258
41764784107
41764784144
41764784456
41764784800
41764784394
41764784243
41764784228
41764784565
41764784184
41764784858
41764784296
41764784543
41764784551
41764784788
41764784430
41764784405
41764784440
41764784373
41764784326
41764784244
41764784219
41764784195
41764784336
41764784422
41764784445
41764784490
41764784717
41764784443
41764784785
41764784239
41764784643
41764784369
41764784400
41764784491
41764784994
41764784558
41764784745
41764784293
41764784541
41764784906
41764784380
41764784055
41764784528
41764784540
41764784636
41764784129
41764784202
41764784720
41764784750
41764784174
41764784252
41764784518
41764784837
41764784468
41764784557
41764784743
41764784371
41764784404
41764784582
41764784108
41764784600
41764784920
41764784888
41764784351
41764784209
41764784824
41764784441
41764784604
41764784569
41764784812
41764784417
41764784889
41764784464
41764784257
41764784377
41764784424
41764784466
41764784126
41764784547
41764784711
41764784887
41764784342
41764784775
41764784724
41764784474
41764784955
41764784347
41764784719
41764784939
41764784535
41764784626
41764784408
41764784242
41764784549
41764784345
41764784911
41764784808
41764784810
41764784498
41764784625
41764784506
41764784961
41764784917
41764784488
41764784450
41764784965
41764784381
41764784477
41764784696
41764784494
41764784457
41764784601
41764784746
41764784384
41764784473
41764784678
41764784660
41764784781
41764784633
41764784783
41764784722
41764784708
41764784349
41764784425
41764784982
41764784752
41764784556
41764784525
41764784715
41764784194
41764784648
41764784333
41764784907
41764784453
41764784718
41764784832
41764784511
41764784847
41764784612
41764784704
41764784673
41764784976
41764784740
41764784554
41764784304
41764784978
41764784838
41764784803
41764784774
41764784442
41764784680
41764784742
41764784856
41764784317
41764784840
41764784890
41764784433
41764784796
41764784495
41764784986
41764784484
41764784691
41764784771
41764784874
41764784617
41764784657
41764784472
41764784407
41764784942
41764784966
41764784759
41764784979
41764784823
41764784930
41764784793
41764784912
41764784980
41764784997
41764784935
41764784426
41764784741
41764784618
41764784941
41764784990
41764784339
41764784695
41764784860
41764784553
41764784444
41764784849
41764784871
41764784948
41764784496
41764784510
41764784922
41764784820
41764784851
41764784914
41764784594
41764784953
41764784580
41764784692
41764784780
41764784947
41764784664
41764784545
41764784883
41764784908
41764784848
41764784727
41764784974
41764784790
41764784757
41764784977
41764784485
41764784841
41764784960
41764784988
41764784932
41764784809
41764784646
41764784516
41764784909
41764784797
41764784760
41764784770
41764784959
41764784885
41764784822
41764784985
41764784915
41764784731
41764784992
41764784748
41764784814
41764784875
41764784546
41764784544
41764784806
41764784882
41764784995
41764784819
41764784835
41764784884
41764784668
41764784929
41764784951
41764784936
41764784895
41764784956
41764784736
41764786014
41764786028
41764786029
41764786004
41764786013
41764786022
41764786011
41764786006
41764786015
41764786016
41764786007
41764786030
41764786048
41764786105
41764786056
41764786066
41764786154
41764786047
41764786055
41764786038
41764786113
41764786096
41764786104
41764786145
41764786045
41764786185
41764786158
41764786060
41764786166
41764786098
41764786046
41764786143
41764786232
41764786069
41764786200
41764786103
41764786121
41764786095
41764786263
41764786140
41764786067
41764786310
41764786050
41764786036
41764786181
41764786150
41764786099
41764786134
41764786087
41764786160
41764786187
41764786186
41764786229
41764786141
41764786221
41764786248
41764786163
41764786251
41764786333
41764786090
41764786064
41764786114
41764786129
41764786247
41764786307
41764786305
41764786245
41764786256
41764786070
41764786252
41764786127
41764786280
41764786308
41764786052
41764786144
41764786288
41764786257
41764786139
41764786346
41764786171
41764786265
41764786222
41764786220
41764786294
41764786335
41764786269
41764786182
41764786225
41764786195
41764786259
41764786254
41764786165
41764786331
41764786162
41764786077
41764786244
41764786336
41764786267
41764786287
41764786320
41764786325
41764786284
41764786348
41764786243
41764786282
41764786330
41764786301
41764786255
41764786313
41764786329
41764786208
41764786272
41764786091
41764786365
41764786381
41764786353
41764786368
41764786370
41764786372
41764786379
41764786364
41764786363
41764786378
41764786371
41764786351
41764786382
41764786473
41764786491
41764786446
41764786469
41764786566
41764786454
41764786468
41764786496
41764786411
41764786417
41764786526
41764786456
41764786394
41764786435
41764786552
41764786477
41764786434
41764786470
41764786560
41764786490
41764786410
41764786523
41764786577
41764786603
41764786391
41764786668
41764786403
41764786420
41764786519
41764786442
41764786472
41764786438
41764786478
41764786413
41764786497
41764786664
41764786583
41764786474
41764786489
41764786395
41764786587
41764786617
41764786421
41764786535
41764786623
41764786564
41764786507
41764786591
41764786545
41764786619
41764786541
41764786464
41764786608
41764786574
41764786461
41764786650
41764786648
41764786630
41764786447
41764786532
41764786569
41764786475
41764786612
41764786649
41764786509
41764786506
41764786656
41764786484
41764786436
41764786653
41764786517
41764786555
41764786550
41764786544
41764786697
41764786510
41764786618
41764786634
41764786565
41764786400
41764786540
41764786585
41764786678
41764786622
41764786699
41764786696
41764786580
41764786600
41764786625
41764786629
41764786494
41764786661
41764786567
41764786605
41764786604
41764786646
41764786588
41764786662
41764786530
41764786672
41764786624
41764786596
41764786644
41764786694
41764786675
41764786708
41764786721
41764786705
41764786728
41764786707
41764786709
41764786703
41764786717
41764786729
41764786730
41764786756
41764786758
41764786777
41764786770
41764786761
41764786764
41764786735
41764786759
41764786766
41764786760
41764786775
41764786742
41764786768
41764786788
41764786754
41764786737
41764786773
41764786787
41764786771
41764786842
41764786840
41764786823
41764786796
41764786818
41764786833
41764786837
41764786830
41764786803
41764786875
41764786806
41764786869
41764786808
41764786834
41764786865
41764786832
41764786862
41764786849
41764786872
41764786822
41764786826
41764786876
41764786927
41764786908
41764786894
41764786898
41764786886
41764786887
41764786881
41764786935
41764786930
41764786934
41764786917
41764786889
41764786914
41764786919
41764786931
41764786951
41764786949
41764786946
41764786964
41764786958
41764786955
41764786947
41764786988
41764786986
41764786980
41764786991
41764786995
41764786990
41764786983
41764786977
41764786984
41764786975
41764786979
41764786978
41764786989
41764780000
41764780010
41764780002
41764780031
41764780017
41764780014
41764780013
41764780021
41764780025
41764780016
41764780011
41764780005
41764780020
41764780024
41764780027
41764780009
41764780030
41764780108
41764780125
41764780086
41764780152
41764780240
41764780065
41764780036
41764780111
41764780042
41764780113
41764780044
41764780048
41764780339
41764780161
41764780037
41764780094
41764780191
41764780075
41764780225
41764780082
41764780053
41764780198
41764780106
41764780258
41764780356
41764780095
41764780137
41764780328
41764780201
41764780124
41764780040
41764780282
41764780189
41764780099
41764780062
41764780300
41764780110
41764780105
41764780109
41764780079
41764780238
41764780102
41764780190
41764780166
41764780358
41764780207
41764780203
41764780154
41764780122
41764780034
41764780255
41764780139
41764780226
41764780076
41764780058
41764780096
41764780336
41764780147
41764780227
41764780181
41764780077
41764780140
41764780353
41764780323
41764780170
41764780304
41764780183
41764780252
41764780157
41764780231
41764780219
41764780090
41764780229
41764780092
41764780180
41764780176
41764780311
41764780114
41764780118
41764780242
41764780205
41764780153
41764780164
41764780107
41764780158
41764780333
41764780182
41764780084
41764780244
41764780273
41764780148
41764780334
41764780143
41764780184
41764780233
41764780196
41764780142
41764780243
41764780275
41764780192
41764780200
41764780237
41764780223
41764780307
41764780163
41764780341
41764780257
41764780349
41764780206
41764780306
41764780270
41764780248
41764780112
41764780330
41764780325
41764780337
41764780283
41764780310
41764780222
41764780232
41764780287
41764780215
41764780315
41764780345
41764780309
41764780278
41764780097
41764780265
41764780217
41764780296
41764780055
41764780286
41764780302
41764780239
41764780298
41764780251
41764780380
41764780373
41764780393
41764780388
41764780382
41764780367
41764780377
41764780397
41764780391
41764780430
41764780415
41764780400
41764780405
41764780414
41764780417
41764780426
41764780420
41764780455
41764780619
41764780446
41764780449
41764780488
41764780490
41764780624
41764780499
41764780519
41764780529
41764780470
41764780433
41764780471
41764780465
41764780530
41764780568
41764780474
41764780544
41764780416
41764780413
41764780623
41764780595
41764780679
41764780701
41764780518
41764780466
41764780586
41764780521
41764780491
41764780432
41764780407
41764780587
41764780457
41764780480
41764780527
41764780592
41764780590
41764780563
41764780560
41764780498
41764780403
41764780469
41764780562
41764780570
41764780437
41764780418
41764780404
41764780723
41764780511
41764780402
41764780452
41764780478
41764780444
41764780524
41764780537
41764780443
41764780582
41764780689
41764780551
41764780612
41764780622
41764780462
41764780596
41764780479
41764780495
41764780427
41764780602
41764780515
41764780620
41764780611
41764780719
41764780429
41764780500
41764780727
41764780533
41764780597
41764780573
41764780713
41764780574
41764780674
41764780565
41764780593
41764780707
41764780502
41764780423
41764780605
41764780704
41764780690
41764780678
41764780663
41764780639
41764780523
41764780712
41764780630
41764780628
41764780508
41764780550
41764780513
41764780477
41764780642
41764780421
41764780681
41764780538
41764780660
41764780702
41764780675
41764780522
41764780705
41764780451
41764780711
41764780664
41764780722
41764780717
41764780715
41764780686
41764780601
41764780422
41764780520
41764780606
41764780566
41764780724
41764780599
41764780608
41764780600
41764780672
41764780661
41764780730
41764780583
41764780650
41764780604
41764780666
41764780603
41764780726
41764780617
41764780716
41764780687
41764780503
41764780526
41764780634
41764780667
41764780561
41764780718
41764780703
41764780677
41764780708
41764780748
41764780740
41764780764
41764780749
41764780737
41764780757
41764780735
41764780760
41764780752
41764780742
41764780785
41764780820
41764780768
41764780810
41764780778
41764780774
41764780815
41764780803
41764780812
41764780783
41764780796
41764780808
41764780828
41764780826
41764780800
41764780801
41764780784
41764780772
41764780825
41764780827
41764780779
41764780811
41764780824
41764780771
41764780777
41764780805
41764780766
41764780776
41764780804
41764780807
41764780813
41764780781
41764780799
41764780818
41764780821
41764780819
41764780790
41764780802
41764780806
41764780780
41764780789
41764780830
41764780865
41764780861
41764780864
41764780872
41764780885
41764780832
41764780839
41764780883
41764780871
41764780846
41764780848
41764780869
41764780867
41764780886
41764780835
41764780833
41764780844
41764780877
41764780837
41764780875
41764780887
41764780881
41764780870
41764780853
41764780888
41764780890
41764780907
41764780895
41764780891
41764780901
41764780920
41764780908
41764780919
41764780900
41764780930
41764780911
41764780910
41764780950
41764780912
41764780906
41764780951
41764780916
41764780929
41764780904
41764780925
41764780909
41764780941
41764780918
41764780992
41764780980
41764780960
41764780995
41764780958
41764780975
41764780952
41764780986
41764780956
41764780977
41764780972
41764780970
41764780994
41764780969
41764780981
41764780963
41764780976
41764780989
41764780953
41764780978
41764780990
41764780974
41764780987
41764780991
41764789015
41764789007
41764789024
41764789003
41764789009
41764789022
41764789013
41764789006
41764789002
41764789018
41764789028
41764789026
41764789027
41764789023
41764789032
41764789005
41764789033
41764789091
41764789223
41764789090
41764789049
41764789067
41764789073
41764789045
41764789121
41764789087
41764789192
41764789102
41764789199
41764789151
41764789142
41764789146
41764789056
41764789141
41764789163
41764789179
41764789292
41764789089
41764789094
41764789096
41764789184
41764789356
41764789351
41764789139
41764789095
41764789092
41764789373
41764789081
41764789255
41764789414
41764789183
41764789160
41764789066
41764789243
41764789176
41764789229
41764789128
41764789364
41764789050
41764789344
41764789173
41764789149
41764789174
41764789248
41764789238
41764789119
41764789120
41764789145
41764789293
41764789398
41764789147
41764789653
41764789232
41764789800
41764789098
41764789213
41764789101
41764789295
41764789083
41764789363
41764789552
41764789100
41764789650
41764789275
41764789264
41764789394
41764789171
41764789311
41764789425
41764789137
41764789581
41764789492
41764789279
41764789181
41764789088
41764789209
41764789555
41764789276
41764789327
41764789783
41764789357
41764789472
41764789450
41764789126
41764789144
41764789372
41764789106
41764789227
41764789409
41764789424
41764789280
41764789577
41764789343
41764789110
41764789316
41764789112
41764789219
41764789482
41764789584
41764789387
41764789385
41764789178
41764789325
41764789658
41764789298
41764789350
41764789604
41764789495
41764789496
41764789348
41764789304
41764789452
41764789513
41764789408
41764789544
41764789278
41764789393
41764789272
41764789956
41764789701
41764789455
41764789432
41764789391
41764789263
41764789153
41764789324
41764789828
41764789629
41764789235
41764789274
41764789503
41764789593
41764789476
41764789541
41764789583
41764789711
41764789752
41764789360
41764789716
41764789193
41764789530
41764789939
41764789329
41764789478
41764789634
41764789218
41764789330
41764789418
41764789548
41764789355
41764789531
41764789606
41764789654
41764789236
41764789680
41764789661
41764789810
41764789460
41764789305
41764789806
41764789296
41764789244
41764789378
41764789426
41764789768
41764789532
41764789464
41764789610
41764789266
41764789992
41764789743
41764789323
41764789792
41764789603
41764789377
41764789490
41764789461
41764789466
41764789639
41764789591
41764789602
41764789317
41764789504
41764789588
41764789933
41764789580
41764789880
41764789396
41764789829
41764789843
41764789745
41764789456
41764789643
41764789168
41764789570
41764789568
41764789422
41764789755
41764789808
41764789744
41764789864
41764789676
41764789622
41764789598
41764789775
41764789866
41764789612
41764789527
41764789371
41764789430
41764789949
41764789776
41764789890
41764789901
41764789986
41764789952
41764789968
41764789512
41764789519
41764789663
41764789493
41764789389
41764789788
41764789867
41764789727
41764789320
41764789533
41764789494
41764789944
41764789551
41764789395
41764789767
41764789876
41764789722
41764789294
41764789587
41764789651
41764789719
41764789502
41764789689
41764789919
41764789687
41764789889
41764789838
41764789632
41764789648
41764789557
41764789893
41764789697
41764789922
41764789481
41764789862
41764789721
41764789501
41764789955
41764789888
41764789940
41764789900
41764789786
41764789562
41764789935
41764789906
41764789793
41764789589
41764789686
41764789892
41764789877
41764789549
41764789757
41764789938
41764789735
41764789859
41764789510
41764789969
41764789973
41764789815
41764789870
41764789914
41764789916
41764789526
41764789720
41764789677
41764789990
41764789855
41764789772
41764789567
41764789798
41764789575
41764789835
41764789596
41764789920
41764789592
41764789559
41764789662
41764789595
41764789970
41764789684
41764789440
41764789884
41764789730
41764789477
41764789966
41764789946
41764789802
41764789972
41764789896
41764789979
41764789820
41764789747
41764789695
41764789918
41764789702
41764789965
41764789839
41764789605
41764789770
41764789709
41764789762
41764789764
41764789824
41764789841
41764789807
41764789905
41764789886
41764789773
41764789947
41764789794
41764789875
41764789985
41764789909
41764789913
41764789915
41764783030
41764783007
41764783027
41764783012
41764783021
41764783001
41764783016
41764783004
41764783011
41764783008
41764783014
41764783003
41764783010
41764783026
41764783024
41764783141
41764783107
41764783148
41764783056
41764783077
41764783071
41764783076
41764783053
41764783052
41764783133
41764783214
41764783218
41764783213
41764783179
41764783036
41764783132
41764783075
41764783262
41764783150
41764783183
41764783320
41764783059
41764783047
41764783063
41764783099
41764783272
41764783110
41764783067
41764783151
41764783084
41764783123
41764783131
41764783278
41764783178
41764783124
41764783060
41764783182
41764783050
41764783120
41764783034
41764783082
41764783108
41764783095
41764783078
41764783338
41764783100
41764783111
41764783040
41764783163
41764783323
41764783083
41764783221
41764783147
41764783164
41764783232
41764783048
41764783224
41764783158
41764783335
41764783153
41764783204
41764783166
41764783081
41764783112
41764783280
41764783336
41764783126
41764783284
41764783202
41764783293
41764783249
41764783257
41764783155
41764783207
41764783243
41764783140
41764783311
41764783192
41764783301
41764783281
41764783270
41764783194
41764783043
41764783237
41764783327
41764783212
41764783300
41764783324
41764783220
41764783191
41764783343
41764783193
41764783352
41764783322
41764783138
41764783225
41764783353
41764783200
41764783332
41764783325
41764783355
41764783309
41764783211
41764783267
41764783291
41764783244
41764783279
41764783306
41764783363
41764783385
41764783390
41764783373
41764783382
41764783370
41764783366
41764783380
41764783368
41764783375
41764783377
41764783379
41764783388
41764783449
41764783416
41764783426
41764783468
41764783660
41764783533
41764783428
41764783424
41764783538
41764783457
41764783434
41764783508
41764783502
41764783437
41764783410
41764783465
41764783454
41764783441
41764783456
41764783617
41764783531
41764783600
41764783563
41764783576
41764783435
41764783415
41764783392
41764783490
41764783501
41764783443
41764783419
41764783537
41764783516
41764783433
41764783500
41764783471
41764783644
41764783546
41764783699
41764783512
41764783417
41764783400
41764783689
41764783612
41764783707
41764783402
41764783663
41764783470
41764783607
41764783690
41764783553
41764783425
41764783394
41764783680
41764783596
41764783486
41764783637
41764783505
41764783485
41764783539
41764783481
41764783575
41764783494
41764783572
41764783513
41764783526
41764783695
41764783442
41764783542
41764783515
41764783530
41764783564
41764783708
41764783694
41764783536
41764783698
41764783519
41764783420
41764783589
41764783601
41764783634
41764783552
41764783585
41764783491
41764783557
41764783622
41764783633
41764783688
41764783686
41764783582
41764783510
41764783603
41764783701
41764783588
41764783697
41764783543
41764783559
41764783691
41764783532
41764783499
41764783571
41764783658
41764783666
41764783709
41764783627
41764783681
41764783610
41764783628
41764783654
41764783558
41764783599
41764783679
41764783642
41764783692
41764783597
41764783611
41764783719
41764783720
41764783734
41764783741
41764783715
41764783738
41764783718
41764783733
41764783744
41764783735
41764783729
41764783769
41764783767
41764783793
41764783787
41764783755
41764783747
41764783762
41764783808
41764783797
41764783807
41764783759
41764783773
41764783766
41764783780
41764783760
41764783772
41764783790
41764783822
41764783849
41764783812
41764783827
41764783826
41764783824
41764783860
41764783871
41764783828
41764783838
41764783862
41764783848
41764783813
41764783839
41764783864
41764783846
41764783886
41764783844
41764783818
41764783819
41764783816
41764783876
41764783880
41764783882
41764783861
41764783892
41764783869
41764783852
41764783830
41764783874
41764783836
41764783866
41764783879
41764783843
41764783920
41764783918
41764783903
41764783929
41764783943
41764783951
41764783922
41764783911
41764783914
41764783898
41764783952
41764783900
41764783919
41764783930
41764783933
41764783938
41764783906
41764783959
41764783957
41764783953
41764783955
41764783966
41764783982
41764783996
41764783987
41764783969
41764783994
41764783998
41764783999
41764783991
41764783989
41764783985
41764783997
41764783983
41764781009
41764781002
41764781001
41764781019
41764781006
41764781031
41764781025
41764781030
41764781011
41764781017
41764781005
41764781016
41764781003
41764781018
41764781191
41764781064
41764781116
41764781081
41764781050
41764781106
41764781022
41764781229
41764781105
41764781174
41764781121
41764781078
41764781104
41764781129
41764781138
41764781051
41764781057
41764781180
41764781135
41764781154
41764781232
41764781085
41764781047
41764781091
41764781252
41764781046
41764781083
41764781059
41764781130
41764781088
41764781099
41764781038
41764781072
41764781065
41764781087
41764781097
41764781278
41764781074
41764781185
41764781126
41764781086
41764781173
41764781054
41764781060
41764781066
41764781201
41764781212
41764781100
41764781214
41764781070
41764781123
41764781113
41764781346
41764781281
41764781063
41764781107
41764781237
41764781333
41764781197
41764781200
41764781177
41764781189
41764781367
41764781153
41764781203
41764781053
41764781127
41764781172
41764781073
41764781207
41764781280
41764781067
41764781133
41764781075
41764781507
41764781331
41764781117
41764781353
41764781409
41764781267
41764781118
41764781122
41764781208
41764781492
41764781244
41764781271
41764781204
41764781601
41764781321
41764781155
41764781268
41764781158
41764781382
41764781190
41764781145
41764781222
41764781273
41764781451
41764781454
41764781742
41764781332
41764781128
41764781205
41764781196
41764781218
41764781188
41764781151
41764781119
41764781304
41764781265
41764781434
41764781564
41764781124
41764781134
41764781588
41764781168
41764781418
41764781098
41764781658
41764781284
41764781381
41764781726
41764781110
41764781242
41764781140
41764781261
41764781077
41764781496
41764781219
41764781305
41764781266
41764781103
41764781228
41764781788
41764781393
41764781804
41764781534
41764781412
41764781435
41764781263
41764781635
41764781850
41764781277
41764781755
41764781603
41764781231
41764781530
41764781144
41764781160
41764781522
41764781365
41764781314
41764781287
41764781339
41764781220
41764781184
41764781293
41764781565
41764781916
41764781685
41764781487
41764781457
41764781637
41764781663
41764781250
41764781652
41764781327
41764781310
41764781554
41764781416
41764781175
41764781230
41764781528
41764781274
41764781181
41764781510
41764781675
41764781374
41764781989
41764781223
41764781847
41764781217
41764781684
41764781307
41764781375
41764781533
41764781419
41764781286
41764781414
41764781306
41764781616
41764781972
41764781371
41764781835
41764781354
41764781478
41764781705
41764781558
41764781248
41764781344
41764781402
41764781395
41764781612
41764781348
41764781561
41764781512
41764781536
41764781800
41764781562
41764781303
41764781164
41764781984
41764781166
41764781551
41764781907
41764781169
41764781523
41764781443
41764781430
41764781526
41764781627
41764781552
41764781727
41764781462
41764781456
41764781653
41764781849
41764781678
41764781884
41764781502
41764781803
41764781432
41764781990
41764781814
41764781656
41764781511
41764781499
41764781602
41764781591
41764781513
41764781709
41764781808
41764781444
41764781388
41764781960
41764781881
41764781308
41764781642
41764781600
41764781553
41764781401
41764781831
41764781855
41764781345
41764781921
41764781909
41764781421
41764781724
41764781844
41764781311
41764781398
41764781738
41764781667
41764781915
41764781875
41764781783
41764781437
41764781446
41764781830
41764781599
41764781628
41764781946
41764781183
41764781608
41764781776
41764781501
41764781980
41764781857
41764781604
41764781540
41764781623
41764781771
41764781428
41764781378
41764781995
41764781703
41764781633
41764781711
41764781732
41764781514
41764781758
41764781686
41764781255
41764781708
41764781952
41764781869
41764781715
41764781834
41764781389
41764781509
41764781318
41764781923
41764781285
41764781823
41764781978
41764781809
41764781819
41764781506
41764781805
41764781767
41764781411
41764781624
41764781897
41764781503
41764781609
41764781740
41764781953
41764781644
41764781790
41764781646
41764781778
41764781518
41764781919
41764781842
41764781721
41764781423
41764781997
41764781447
41764781975
41764781714
41764781770
41764781450
41764781966
41764781698
41764781974
41764781538
41764781934
41764781651
41764781954
41764781772
41764781908
41764781910
41764781816
41764781309
41764781730
41764781971
41764781606
41764781911
41764781681
41764781683
41764781780
41764781848
41764781334
41764781906
41764781968
41764781950
41764781988
41764781448
41764781837
41764781785
41764781918
41764781969
41764781982
41764781671
41764781905
41764781976
41764781335
41764781958
41764781779
41764781621
41764781936
41764781555
41764781992
41764781868
41764781336
41764781957
41764781987
41764781930
41764781811
41764781692
41764781782
41764781806
41764781812
41764781994
41764781901
41764781417
41764781963
41764781904
41764781690
41764781933
41764781802
41764781640
41764781902
41764781894
41764781883
41764781913
41764781888
41764781829
41764781983
41764782013
41764782030
41764782008
41764782011
41764782012
41764782003
41764782032
41764782004
41764782007
41764782009
41764782017
41764782024
41764782005
41764782019
41764782002
41764782018
41764782026
41764782014
41764782020
41764782010
41764782122
41764782034
41764782107
41764782088
41764782211
41764782245
41764782094
41764782149
41764782062
41764782102
41764782077
41764782098
41764782140
41764782044
41764782156
41764782148
41764782220
41764782115
41764782087
41764782085
41764782071
41764782072
41764782050
41764782165
41764782129
41764782048
41764782119
41764782076
41764782232
41764782060
41764782101
41764782282
41764782137
41764782038
41764782045
41764782065
41764782209
41764782117
41764782053
41764782218
41764782153
41764782255
41764782311
41764782068
41764782108
41764782120
41764782096
41764782217
41764782134
41764782160
41764782205
41764782235
41764782328
41764782251
41764782288
41764782196
41764782307
41764782229
41764782326
41764782093
41764782123
41764782163
41764782182
41764782332
41764782131
41764782104
41764782059
41764782200
41764782174
41764782082
41764782109
41764782336
41764782155
41764782202
41764782110
41764782239
41764782236
41764782291
41764782128
41764782312
41764782111
41764782241
41764782121
41764782079
41764782089
41764782057
41764782327
41764782334
41764782335
41764782259
41764782183
41764782125
41764782302
41764782330
41764782204
41764782309
41764782046
41764782083
41764782230
41764782213
41764782133
41764782323
41764782150
41764782186
41764782285
41764782256
41764782238
41764782284
41764782100
41764782198
41764782331
41764782162
41764782260
41764782225
41764782223
41764782264
41764782343
41764782130
41764782299
41764782147
41764782286
41764782206
41764782304
41764782203
41764782066
41764782146
41764782303
41764782221
41764782274
41764782338
41764782272
41764782283
41764782344
41764782319
41764782308
41764782207
41764782324
41764782214
41764782340
41764782298
41764782244
41764782136
41764782301
41764782350
41764782380
41764782354
41764782361
41764782356
41764782372
41764782351
41764782362
41764782377
41764782359
41764782365
41764782382
41764782358
41764782363
41764782403
41764782449
41764782406
41764782425
41764782495
41764782504
41764782444
41764782445
41764782470
41764782442
41764782501
41764782401
41764782430
41764782410
41764782384
41764782419
41764782533
41764782480
41764782413
41764782402
41764782409
41764782412
41764782396
41764782487
41764782464
41764782440
41764782620
41764782531
41764782538
41764782511
41764782500
41764782592
41764782383
41764782414
41764782624
41764782441
41764782421
41764782518
41764782394
41764782416
41764782508
41764782472
41764782467
41764782492
41764782612
41764782575
41764782506
41764782666
41764782424
41764782557
41764782475
41764782647
41764782397
41764782426
41764782407
41764782478
41764782423
41764782565
41764782408
41764782456
41764782527
41764782595
41764782386
41764782479
41764782654
41764782694
41764782667
41764782443
41764782570
41764782392
41764782546
41764782549
41764782503
41764782680
41764782529
41764782547
41764782619
41764782601
41764782458
41764782488
41764782507
41764782555
41764782581
41764782582
41764782594
41764782510
41764782474
41764782542
41764782589
41764782452
41764782558
41764782584
41764782574
41764782615
41764782561
41764782562
41764782662
41764782563
41764782588
41764782484
41764782587
41764782695
41764782448
41764782602
41764782603
41764782579
41764782586
41764782465
41764782656
41764782477
41764782604
41764782606
41764782463
41764782665
41764782523
41764782514
41764782554
41764782681
41764782522
41764782664
41764782699
41764782621
41764782676
41764782613
41764782608
41764782661
41764782682
41764782642
41764782627
41764782598
41764782663
41764782610
41764782697
41764782679
41764782468
41764782718
41764782727
41764782706
41764782709
41764782723
41764782720
41764782701
41764782721
41764782730
41764782711
41764782707
41764782713
41764782719
41764782726
41764782728
41764782725
41764782717
41764782757
41764782733
41764782762
41764782737
41764782760
41764782752
41764782745
41764782759
41764782765
41764782808
41764782781
41764782810
41764782826
41764782782
41764782788
41764782812
41764782801
41764782811
41764782818
41764782830
41764782784
41764782827
41764782822
41764782828
41764782790
41764782803
41764782806
41764782838
41764782850
41764782777
41764782817
41764782814
41764782823
41764782840
41764782843
41764782841
41764782832
41764782802
41764782834
41764782819
41764782867
41764782905
41764782891
41764782899
41764782895
41764782903
41764782885
41764782882
41764782888
41764782909
41764782876
41764782874
41764782907
41764782900
41764782877
41764782892
41764782908
41764782871
41764782929
41764782924
41764782965
41764782914
41764782958
41764782951
41764782952
41764782926
41764782912
41764782930
41764782941
41764782922
41764782969
41764782956
41764782927
41764782928
41764782953
41764782940
41764782987
41764782970
41764782991
41764782998
41764782983
41764782981
41764782977
41764782971
41764782984
41764782988
41764782982
41764782989
41764788022
41764788019
41764788008
41764788027
41764788031
41764788015
41764788028
41764788023
41764788004
41764788002
41764788018
41764788029
41764788030
41764788016
41764788202
41764788026
41764788037
41764788038
41764788060
41764788120
41764788128
41764788132
41764788162
41764788088
41764788080
41764788090
41764788275
41764788307
41764788040
41764788036
41764788111
41764788070
41764788192
41764788051
41764788115
41764788113
41764788103
41764788166
41764788154
41764788091
41764788101
41764788182
41764788085
41764788108
41764788161
41764788054
41764788304
41764788045
41764788153
41764788048
41764788093
41764788288
41764788069
41764788042
41764788100
41764788338
41764788125
41764788317
41764788130
41764788135
41764788034
41764788160
41764788151
41764788147
41764788118
41764788183
41764788057
41764788055
41764788050
41764788214
41764788129
41764788196
41764788331
41764788185
41764788173
41764788324
41764788247
41764788375
41764788305
41764788402
41764788461
41764788092
41764788230
41764788210
41764788252
41764788156
41764788388
41764788383
41764788204
41764788355
41764788189
41764788344
41764788365
41764788193
41764788137
41764788371
41764788233
41764788217
41764788373
41764788222
41764788313
41764788134
41764788062
41764788478
41764788238
41764788434
41764788251
41764788195
41764788350
41764788755
41764788457
41764788495
41764788144
41764788823
41764788443
41764788212
41764788316
41764788126
41764788342
41764788581
41764788432
41764788424
41764788681
41764788150
41764788348
41764788838
41764788349
41764788423
41764788290
41764788464
41764788221
41764788990
41764788689
41764788576
41764788114
41764788817
41764788451
41764788584
41764788287
41764788711
41764788775
41764788482
41764788239
41764788208
41764788272
41764788588
41764788675
41764788397
41764788677
41764788237
41764788640
41764788209
41764788281
41764788436
41764788310
41764788389
41764788469
41764788253
41764788382
41764788448
41764788228
41764788714
41764788246
41764788302
41764788532
41764788608
41764788836
41764788641
41764788670
41764788446
41764788895
41764788575
41764788850
41764788260
41764788467
41764788514
41764788618
41764788368
41764788259
41764788873
41764788284
41764788205
41764788537
41764788742
41764788845
41764788610
41764788703
41764788615
41764788786
41764788504
41764788289
41764788245
41764788515
41764788381
41764788299
41764788496
41764788320
41764788277
41764788855
41764788784
41764788242
41764788384
41764788415
41764788567
41764788614
41764788978
41764788665
41764788789
41764788846
41764788949
41764788701
41764788556
41764788559
41764788526
41764788562
41764788400
41764788574
41764788325
41764788411
41764788554
41764788682
41764788853
41764788356
41764788647
41764788752
41764788462
41764788727
41764788876
41764788754
41764788626
41764788745
41764788509
41764788456
41764788303
41764788293
41764788875
41764788674
41764788891
41764788869
41764788646
41764788571
41764788782
41764788928
41764788725
41764788952
41764788667
41764788522
41764788770
41764788790
41764788821
41764788841
41764788339
41764788717
41764788341
41764788606
41764788334
41764788877
41764788587
41764788792
41764788322
41764788687
41764788633
41764788444
41764788598
41764788816
41764788856
41764788787
41764788538
41764788521
41764788859
41764788758
41764788825
41764788902
41764788945
41764788835
41764788539
41764788720
41764788803
41764788591
41764788879
41764788669
41764788800
41764788678
41764788699
41764788569
41764788543
41764788740
41764788896
41764788578
41764788842
41764788353
41764788715
41764788473
41764788664
41764788471
41764788822
41764788957
41764788282
41764788810
41764788676
41764788833
41764788773
41764788984
41764788634
41764788700
41764788824
41764788995
41764788528
41764788807
41764788491
41764788923
41764788921
41764788560
41764788847
41764788827
41764788858
41764788728
41764788597
41764788932
41764788551
41764788595
41764788637
41764788819
41764788947
41764788872
41764788499
41764788865
41764788900
41764788479
41764788294
41764788548
41764788766
41764788997
41764788993
41764788805
41764788933
41764788962
41764788831
41764788843
41764788801
41764788804
41764788713
41764788760
41764788982
41764788668
41764788599
41764788558
41764788686
41764788555
41764788603
41764788785
41764788912
41764788624
41764788814
41764788658
41764788991
41764788586
41764788604
41764788466
41764788337
41764788925
41764788731
41764788916
41764788730
41764788748
41764788851
41764788994
41764788639
41764788930
41764788486
41764788768
41764788394
41764788977
41764788946
41764788968
41764788520
41764788897
41764788611
41764788867
41764788848
41764788839
41764788929
41764788914
41764788791
41764788922
41764788935
41764788967
41764787012
41764787021
41764787022
41764787003
41764787023
41764787010
41764787004
41764787018
41764787005
41764787011
41764787031
41764787017
41764787042
41764787074
41764787066
41764787124
41764787139
41764787122
41764787045
41764787227
41764787073
41764787106
41764787091
41764787130
41764787056
41764787212
41764787077
41764787232
41764787071
41764787088
41764787128
41764787111
41764787076
41764787189
41764787079
41764787083
41764787228
41764787099
41764787163
41764787175
41764787060
41764787275
41764787661
41764787375
41764787257
41764787090
41764787374
41764787195
41764787282
41764787573
41764787224
41764787397
41764787127
41764787327
41764787121
41764787458
41764787268
41764787144
41764787119
41764787665
41764787491
41764787404
41764787750
41764787131
41764787289
41764787181
41764787101
41764787365
41764787572
41764787114
41764787686
41764787401
41764787140
41764787247
41764787337
41764787164
41764787145
41764787261
41764787180
41764787210
41764787046
41764787463
41764787625
41764787520
41764787834
41764787302
41764787538
41764787461
41764787749
41764787408
41764787417
41764787677
41764787095
41764787292
41764787117
41764787112
41764787325
41764787267
41764787499
41764787093
41764787610
41764787299
41764787532
41764787344
41764787843
41764787947
41764787477
41764787964
41764787309
41764787531
41764787449
41764787441
41764787172
41764787161
41764787341
41764787486
41764787720
41764787822
41764787435
41764787250
41764787698
41764787270
41764787307
41764787923
41764787506
41764787271
41764787835
41764787133
41764787603
41764787116
41764787277
41764787996
41764787316
41764787388
41764787667
41764787676
41764787160
41764787262
41764787753
41764787343
41764787825
41764787147
41764787643
41764787982
41764787590
41764787767
41764787436
41764787406
41764787654
41764787407
41764787394
41764787700
41764787738
41764787269
41764787170
41764787565
41764787557
41764787266
41764787852
41764787723
41764787402
41764787220
41764787273
41764787357
41764787498
41764787525
41764787844
41764787274
41764787630
41764787376
41764787696
41764787473
41764787167
41764787604
41764787629
41764787551
41764787523
41764787636
41764787715
41764787487
41764787768
41764787973
41764787445
41764787980
41764787728
41764787880
41764787387
41764787735
41764787226
41764787541
41764787351
41764787790
41764787339
41764787899
41764787183
41764787583
41764787336
41764787475
41764787536
41764787517
41764787710
41764787783
41764787799
41764787733
41764787800
41764787860
41764787807
41764787678
41764787708
41764787312
41764787919
41764787882
41764787587
41764787438
41764787258
41764787508
41764787304
41764787897
41764787757
41764787564
41764787330
41764787727
41764787816
41764787823
41764787566
41764787584
41764787953
41764787670
41764787664
41764787318
41764787533
41764787400
41764787745
41764787827
41764787782
41764787467
41764787434
41764787626
41764787622
41764787593
41764787702
41764787701
41764787878
41764787588
41764787832
41764787732
41764787948
41764787765
41764787900
41764787627
41764787962
41764787666
41764787692
41764787940
41764787719
41764787440
41764787614
41764787763
41764787450
41764787425
41764787599
41764787955
41764787886
41764787618
41764787734
41764787854
41764787929
41764787851
41764787372
41764787842
41764787672
41764787448
41764787704
41764787932
41764787684
41764787781
41764787655
41764787963
41764787979
41764787424
41764787476
41764787752
41764787659
41764787805
41764787894
41764787981
41764787679
41764787907
41764787706
41764787877
41764787787
41764787699
41764787848
41764787737
41764787633
41764787512
41764787364
41764787909
41764787784
41764787984
41764787504
41764787762
41764787857
41764787746
41764787519
41764787778
41764787952
41764787995
41764787769
41764787887
41764787788
41764787879
41764787837
41764787759
41764787934
41764787810
41764787905
41764787766
41764787846
41764787944
41764787718
41764787730
41764787904
41764787892
41764787802
41764787931
41764787972
41764787906
41764787774
41764787840
41764787969
41764787991
41764787917
41764787777
