41792885000
41792885014
41792885029
41792885010
41792885021
41792885015
41792885042
41792885046
41792885044
41792885065
41792885063
41792885066
41792885031
41792885091
41792885004
41792885006
41792885118
41792885132
41792885022
41792885002
41792885039
41792885260
41792885093
41792885147
41792885173
41792885028
41792885241
41792885076
41792885104
41792885193
41792885056
41792885133
41792885123
41792885060
41792885057
41792885051
41792885256
41792885139
41792885255
41792885003
41792885077
41792885124
41792885024
41792885020
41792885017
41792885145
41792885005
41792885023
41792885125
41792885009
41792885018
41792885054
41792885107
41792885222
41792885272
41792885032
41792885165
41792885041
41792885142
41792885055
41792885079
41792885074
41792885150
41792885316
41792885300
41792885050
41792885068
41792885186
41792885303
41792885130
41792885313
41792885101
41792885069
41792885097
41792885252
41792885052
41792885240
41792885141
41792885158
41792885038
41792885180
41792885285
41792885072
41792885219
41792885111
41792885037
41792885040
41792885317
41792885194
41792885224
41792885196
41792885082
41792885220
41792885083
41792885334
41792885339
41792885034
41792885140
41792885215
41792885152
41792885108
41792885265
41792885291
41792885144
41792885062
41792885043
41792885114
41792885090
41792885253
41792885381
41792885134
41792885182
41792885352
41792885214
41792885275
41792885159
41792885172
41792885235
41792885223
41792885071
41792885320
41792885230
41792885245
41792885404
41792885278
41792885297
41792885364
41792885061
41792885204
41792885437
41792885094
41792885318
41792885259
41792885087
41792885129
41792885517
41792885525
41792885099
41792885293
41792885263
41792885126
41792885096
41792885488
41792885170
41792885221
41792885121
41792885225
41792885289
41792885672
41792885168
41792885179
41792885117
41792885554
41792885198
41792885414
41792885429
41792885309
41792885258
41792885181
41792885262
41792885413
41792885516
41792885595
41792885447
41792885177
41792885157
41792885106
41792885080
41792885199
41792885151
41792885067
41792885299
41792885446
41792885116
41792885322
41792885205
41792885684
41792885348
41792885357
41792885570
41792885512
41792885164
41792885388
41792885450
41792885304
41792885331
41792885234
41792885543
41792885369
41792885324
41792885593
41792885247
41792885202
41792885400
41792885643
41792885604
41792885475
41792885451
41792885218
41792885228
41792885360
41792885452
41792885461
41792885879
41792885544
41792885394
41792885463
41792885476
41792885383
41792885399
41792885361
41792885350
41792885655
41792885236
41792885341
41792885528
41792885308
41792885506
41792885436
41792885501
41792885602
41792885583
41792885283
41792885485
41792885626
41792885237
41792885110
41792885109
41792885396
41792885585
41792885377
41792885156
41792885469
41792885515
41792885566
41792885618
41792885227
41792885858
41792885716
41792885307
41792885571
41792885470
41792885417
41792885493
41792885550
41792885569
41792885653
41792885183
41792885745
41792885365
41792885542
41792885787
41792885568
41792885387
41792885281
41792885826
41792885564
41792885455
41792885714
41792885229
41792885636
41792885343
41792885328
41792885668
41792885670
41792885532
41792885207
41792885425
41792885508
41792885398
41792885407
41792885606
41792885333
41792885184
41792885154
41792885503
41792885459
41792885389
41792885665
41792885473
41792885912
41792885248
41792885637
41792885558
41792885314
41792885443
41792885415
41792885213
41792885495
41792885342
41792885277
41792885530
41792885840
41792885577
41792885551
41792885500
41792885346
41792885441
41792885919
41792885861
41792885545
41792885620
41792885894
41792885691
41792885853
41792885630
41792885239
41792885483
41792885553
41792885380
41792885663
41792885409
41792885654
41792885683
41792885838
41792885659
41792885478
41792885574
41792885271
41792885880
41792885368
41792885648
41792885711
41792885692
41792885899
41792885848
41792885480
41792885715
41792885325
41792885729
41792885845
41792885713
41792885257
41792885702
41792885746
41792885717
41792885825
41792885411
41792885556
41792885802
41792885445
41792885584
41792885344
41792885479
41792885616
41792885421
41792885306
41792885955
41792885619
41792885965
41792885859
41792885799
41792885922
41792885614
41792885751
41792885288
41792885559
41792885888
41792885722
41792885976
41792885906
41792885206
41792885169
41792885929
41792885747
41792885784
41792885298
41792885720
41792885640
41792885188
41792885323
41792885405
41792885872
41792885249
41792885427
41792885878
41792885667
41792885401
41792885657
41792885454
41792885426
41792885464
41792885849
41792885384
41792885310
41792885536
41792885772
41792885977
41792885741
41792885731
41792885410
41792885212
41792885191
41792885433
41792885651
41792885549
41792885991
41792885633
41792885487
41792885494
41792885704
41792885496
41792885533
41792885987
41792885627
41792885460
41792885820
41792885865
41792885430
41792885791
41792885682
41792885697
41792885676
41792885511
41792885330
41792885538
41792885810
41792885416
41792885649
41792885624
41792885978
41792885974
41792885903
41792885492
41792885514
41792885980
41792885519
41792885725
41792885827
41792885944
41792885474
41792885807
41792885195
41792885699
41792885834
41792885794
41792885565
41792885835
41792885560
41792885406
41792885969
41792885658
41792885920
41792885477
41792885730
41792885666
41792885874
41792885423
41792885562
41792885363
41792885594
41792885552
41792885650
41792885596
41792885504
41792885771
41792885786
41792885877
41792885403
41792885743
41792885958
41792885701
41792885993
41792885855
41792885804
41792885760
41792885763
41792885719
41792885664
41792885815
41792885990
41792885868
41792885769
41792885762
41792885448
41792885561
41792885521
41792885914
41792885732
41792885625
41792885953
41792885555
41792885790
41792885673
41792885753
41792885582
41792885431
41792885828
41792885581
41792885841
41792885809
41792885669
41792885526
41792885749
41792885638
41792885467
41792885734
41792885956
41792885961
41792885972
41792885748
41792885871
41792885800
41792885921
41792885847
41792885472
41792885457
41792885975
41792885742
41792885862
41792885687
41792885572
41792885641
41792885959
41792885527
41792885983
41792885926
41792885989
41792885843
41792885873
41792885462
41792885916
41792885886
41792885925
41792885889
41792885592
41792885918
41792885995
41792885901
41792885930
41792885777
41792885857
41792885588
41792885986
41792885909
41792885946
41792885963
41792885660
41792885718
41792885933
41792885895
41792885816
41792885915
41792885617
41792885910
41792885822
41792885752
41792885882
41792885941
41792885936
41792885547
41792885971
41792885685
41792885750
41792885832
41792885864
41792885924
41792885656
41792885793
41792885942
41792885821
41792885774
41792885806
41792885842
41792885789
41792885896
41792885723
41792885688
41792885898
41792885911
41792885829
41792885970
41792885954
41792885997
41792885833
41792884008
41792884004
41792884012
41792884029
41792884020
41792884018
41792884017
41792884001
41792884006
41792884010
41792884013
41792884005
41792884019
41792884028
41792884014
41792884011
41792884024
41792884015
41792884022
41792884026
41792884016
41792884002
41792884032
41792884030
41792884031
41792884027
41792884061
41792884075
41792884025
41792884046
41792884251
41792884090
41792884112
41792884131
41792884185
41792884068
41792884033
41792884040
41792884078
41792884034
41792884111
41792884103
41792884129
41792884089
41792884117
41792884060
41792884104
41792884041
41792884145
41792884260
41792884049
41792884122
41792884175
41792884101
41792884094
41792884037
41792884056
41792884171
41792884085
41792884076
41792884338
41792884200
41792884227
41792884193
41792884424
41792884048
41792884361
41792884263
41792884297
41792884044
41792884118
41792884177
41792884488
41792884220
41792884084
41792884066
41792884114
41792884469
41792884163
41792884176
41792884100
41792884167
41792884515
41792884091
41792884130
41792884054
41792884202
41792884045
41792884047
41792884204
41792884215
41792884252
41792884291
41792884190
41792884082
41792884268
41792884343
41792884110
41792884115
41792884265
41792884109
41792884035
41792884128
41792884180
41792884247
41792884073
41792884258
41792884433
41792884372
41792884311
41792884062
41792884138
41792884102
41792884439
41792884188
41792884411
41792884244
41792884444
41792884482
41792884367
41792884063
41792884166
41792884160
41792884644
41792884146
41792884253
41792884093
41792884064
41792884290
41792884846
41792884414
41792884218
41792884310
41792884152
41792884270
41792884264
41792884330
41792884207
41792884174
41792884165
41792884574
41792884262
41792884168
41792884246
41792884097
41792884074
41792884570
41792884284
41792884285
41792884351
41792884353
41792884211
41792884133
41792884113
41792884513
41792884283
41792884154
41792884455
41792884132
41792884164
41792884309
41792884123
41792884151
41792884327
41792884157
41792884446
41792884401
41792884083
41792884419
41792884647
41792884346
41792884221
41792884147
41792884631
41792884234
41792884653
41792884173
41792884558
41792884329
41792884464
41792884179
41792884546
41792884347
41792884410
41792884502
41792884350
41792884375
41792884408
41792884250
41792884457
41792884550
41792884237
41792884494
41792884637
41792884584
41792884271
41792884181
41792884748
41792884580
41792884393
41792884344
41792884475
41792884493
41792884172
41792884568
41792884178
41792884230
41792884432
41792884511
41792884286
41792884390
41792884191
41792884645
41792884427
41792884228
41792884127
41792884233
41792884385
41792884498
41792884590
41792884652
41792884604
41792884254
41792884554
41792884388
41792884323
41792884808
41792884646
41792884723
41792884452
41792884096
41792884203
41792884512
41792884348
41792884293
41792884370
41792884369
41792884607
41792884526
41792884924
41792884053
41792884555
41792884626
41792884654
41792884314
41792884467
41792884243
41792884813
41792884780
41792884333
41792884398
41792884470
41792884614
41792884872
41792884744
41792884454
41792884240
41792884564
41792884586
41792884437
41792884615
41792884259
41792884675
41792884443
41792884257
41792884521
41792884462
41792884490
41792884235
41792884412
41792884487
41792884649
41792884683
41792884208
41792884579
41792884315
41792884762
41792884425
41792884822
41792884630
41792884528
41792884931
41792884477
41792884587
41792884352
41792884704
41792884539
41792884399
41792884088
41792884772
41792884301
41792884236
41792884336
41792884545
41792884355
41792884440
41792884079
41792884658
41792884460
41792884135
41792884981
41792884540
41792884608
41792884716
41792884273
41792884523
41792884797
41792884622
41792884413
41792884485
41792884381
41792884242
41792884342
41792884600
41792884603
41792884300
41792884387
41792884621
41792884578
41792884292
41792884980
41792884219
41792884256
41792884934
41792884320
41792884448
41792884585
41792884920
41792884733
41792884698
41792884619
41792884517
41792884803
41792884378
41792884866
41792884541
41792884917
41792884650
41792884400
41792884496
41792884778
41792884790
41792884499
41792884556
41792884430
41792884754
41792884453
41792884374
41792884337
41792884384
41792884721
41792884404
41792884629
41792884472
41792884815
41792884883
41792884696
41792884225
41792884871
41792884839
41792884996
41792884911
41792884507
41792884706
41792884141
41792884569
41792884972
41792884961
41792884983
41792884766
41792884939
41792884281
41792884406
41792884761
41792884583
41792884484
41792884403
41792884205
41792884888
41792884959
41792884288
41792884885
41792884887
41792884893
41792884529
41792884575
41792884365
41792884855
41792884850
41792884991
41792884844
41792884724
41792884989
41792884547
41792884857
41792884987
41792884829
41792884912
41792884743
41792884851
41792884241
41792884837
41792884807
41792884957
41792884312
41792884665
41792884969
41792884948
41792884734
41792884611
41792884287
41792884722
41792884760
41792884525
41792884445
41792884880
41792884922
41792884334
41792884942
41792884816
41792884354
41792884481
41792884953
41792884589
41792884679
41792884818
41792884449
41792884896
41792884376
41792884823
41792884860
41792884530
41792884988
41792884845
41792884651
41792884905
41792884421
41792884941
41792884717
41792884331
41792884582
41792884736
41792884678
41792884456
41792884690
41792884729
41792884861
41792884795
41792884324
41792884840
41792884925
41792884677
41792884325
41792884666
41792884642
41792884422
41792884386
41792884882
41792884784
41792884576
41792884960
41792884838
41792884728
41792884782
41792884436
41792884900
41792884581
41792884588
41792884688
41792884377
41792884995
41792884633
41792884497
41792884913
41792884681
41792884848
41792884536
41792884982
41792884901
41792884657
41792884601
41792884810
41792884919
41792884865
41792884976
41792884737
41792884841
41792884935
41792884328
41792884985
41792884712
41792884691
41792884930
41792884781
41792884974
41792884510
41792884423
41792884638
41792884560
41792884899
41792884771
41792884964
41792884955
41792884994
41792884632
41792884886
41792884891
41792884486
41792884806
41792884992
41792884593
41792884764
41792884804
41792884620
41792884705
41792884714
41792884977
41792884755
41792884833
41792884849
41792884682
41792884881
41792884843
41792884926
41792884749
41792884720
41792884954
41792884366
41792884544
41792884428
41792884869
41792884971
41792884435
41792884968
41792884776
41792884563
41792884858
41792884746
41792884801
41792884745
41792884775
41792884909
41792884929
41792884814
41792884921
41792884927
41792884662
41792884627
41792884889
41792884973
41792884876
41792884975
41792884890
41792884571
41792884928
41792884557
41792884835
41792884577
41792884779
41792884687
41792884757
41792884984
41792884655
41792884951
41792884990
41792884854
41792884628
41792884800
41792884770
41792884993
41792884640
41792884910
41792884802
41792884684
41792884718
41792884966
41792884713
41792884963
41792884897
41792884950
41792884933
41792886000
41792886027
41792886028
41792886003
41792886008
41792886010
41792886024
41792886005
41792886014
41792886011
41792886015
41792886022
41792886021
41792886018
41792886002
41792886016
41792886007
41792886055
41792886064
41792886073
41792886117
41792886089
41792886130
41792886163
41792886173
41792886272
41792886054
41792886060
41792886025
41792886329
41792886110
41792886129
41792886080
41792886216
41792886186
41792886095
41792886140
41792886049
41792886042
41792886246
41792886165
41792886039
41792886103
41792886048
41792886209
41792886065
41792886047
41792886041
41792886072
41792886092
41792886144
41792886091
41792886151
41792886331
41792886043
41792886267
41792886391
41792886142
41792886053
41792886335
41792886062
41792886038
41792886125
41792886264
41792886507
41792886380
41792886046
41792886161
41792886097
41792886087
41792886248
41792886035
41792886177
41792886111
41792886557
41792886135
41792886088
41792886082
41792886075
41792886149
41792886198
41792886368
41792886132
41792886290
41792886058
41792886063
41792886492
41792886068
41792886179
41792886096
41792886274
41792886270
41792886553
41792886226
41792886134
41792886276
41792886086
41792886071
41792886167
41792886302
41792886394
41792886112
41792886288
41792886131
41792886404
41792886523
41792886057
41792886220
41792886259
41792886066
41792886182
41792886213
41792886090
41792886121
41792886561
41792886235
41792886286
41792886233
41792886616
41792886558
41792886141
41792886511
41792886168
41792886207
41792886316
41792886203
41792886218
41792886354
41792886237
41792886465
41792886423
41792886591
41792886240
41792886469
41792886136
41792886195
41792886706
41792886215
41792886303
41792886109
41792886120
41792886669
41792886477
41792886325
41792886425
41792886188
41792886189
41792886422
41792886154
41792886429
41792886438
41792886281
41792886402
41792886146
41792886389
41792886158
41792886037
41792886271
41792886700
41792886439
41792886451
41792886253
41792886420
41792886415
41792886524
41792886114
41792886481
41792886494
41792886122
41792886615
41792886231
41792886855
41792886171
41792886170
41792886145
41792886311
41792886196
41792886409
41792886378
41792886502
41792886217
41792886665
41792886180
41792886293
41792886197
41792886623
41792886143
41792886341
41792886662
41792886336
41792886548
41792886372
41792886403
41792886238
41792886147
41792886454
41792886437
41792886050
41792886123
41792886340
41792886541
41792886223
41792886330
41792886127
41792886116
41792886918
41792886800
41792886436
41792886666
41792886679
41792886184
41792886208
41792886681
41792886289
41792886658
41792886192
41792886652
41792886426
41792886802
41792886283
41792886468
41792886585
41792886251
41792886521
41792886981
41792886628
41792886305
41792886766
41792886339
41792886748
41792886434
41792886908
41792886478
41792886474
41792886301
41792886418
41792886287
41792886333
41792886488
41792886153
41792886862
41792886605
41792886736
41792886318
41792886424
41792886162
41792886446
41792886452
41792886247
41792886626
41792886258
41792886128
41792886586
41792886278
41792886663
41792886649
41792886294
41792886992
41792886612
41792886433
41792886319
41792886498
41792886291
41792886713
41792886323
41792886456
41792886386
41792886861
41792886842
41792886962
41792886822
41792886491
41792886328
41792886972
41792886871
41792886889
41792886279
41792886545
41792886254
41792886138
41792886471
41792886356
41792886308
41792886222
41792886655
41792886650
41792886417
41792886299
41792886462
41792886435
41792886453
41792886701
41792886520
41792886601
41792886858
41792886630
41792886181
41792886749
41792886843
41792886493
41792886211
41792886799
41792886387
41792886536
41792886428
41792886317
41792886572
41792886600
41792886760
41792886275
41792886324
41792886432
41792886574
41792886984
41792886476
41792886716
41792886603
41792886606
41792886514
41792886459
41792886735
41792886528
41792886590
41792886510
41792886952
41792886463
41792886296
41792886442
41792886608
41792886689
41792886255
41792886915
41792886657
41792886965
41792886205
41792886664
41792886516
41792886580
41792886896
41792886684
41792886709
41792886789
41792886245
41792886554
41792886710
41792886661
41792886833
41792886397
41792886542
41792886503
41792886632
41792886419
41792886899
41792886618
41792886326
41792886752
41792886966
41792886635
41792886869
41792886913
41792886982
41792886260
41792886944
41792886634
41792886834
41792886852
41792886935
41792886252
41792886295
41792886567
41792886346
41792886926
41792886342
41792886327
41792886579
41792886639
41792886782
41792886978
41792886633
41792886876
41792886519
41792886946
41792886989
41792886844
41792886479
41792886859
41792886487
41792886756
41792886382
41792886870
41792886923
41792886790
41792886444
41792886455
41792886495
41792886693
41792886224
41792886539
41792886581
41792886517
41792886917
41792886393
41792886977
41792886589
41792886961
41792886410
41792886647
41792886458
41792886573
41792886379
41792886921
41792886637
41792886740
41792886518
41792886712
41792886835
41792886668
41792886825
41792886674
41792886361
41792886262
41792886660
41792886620
41792886911
41792886727
41792886733
41792886856
41792886486
41792886719
41792886991
41792886732
41792886953
41792886743
41792886815
41792886596
41792886430
41792886755
41792886613
41792886642
41792886687
41792886538
41792886964
41792886848
41792886854
41792886406
41792886971
41792886894
41792886747
41792886551
41792886723
41792886412
41792886920
41792886484
41792886741
41792886646
41792886568
41792886744
41792886818
41792886874
41792886321
41792886940
41792886830
41792886919
41792886791
41792886949
41792886883
41792886645
41792886686
41792886724
41792886987
41792886540
41792886604
41792886957
41792886398
41792886559
41792886746
41792886750
41792886413
41792886407
41792886888
41792886566
41792886711
41792886466
41792886916
41792886936
41792886599
41792886414
41792886759
41792886282
41792886868
41792886905
41792886725
41792886788
41792886421
41792886584
41792886882
41792886832
41792886570
41792886688
41792886683
41792886777
41792886768
41792886955
41792886975
41792886891
41792886304
41792886890
41792886827
41792886947
41792886256
41792886627
41792886526
41792886939
41792886959
41792886979
41792886941
41792886677
41792886963
41792886525
41792886769
41792886629
41792886285
41792886774
41792886925
41792886691
41792886654
41792886927
41792886577
41792886801
41792886532
41792886344
41792886812
41792886751
41792886793
41792886897
41792886943
41792886659
41792886696
41792886739
41792886770
41792886853
41792886651
41792886705
41792886864
41792886610
41792886638
41792886988
41792886622
41792886824
41792886879
41792886730
41792886699
41792886805
41792886934
41792886956
41792886726
41792886838
41792886831
41792886967
41792886738
41792886900
41792886676
41792886906
41792886475
41792886867
41792886909
41792886707
41792886809
41792886837
41792886702
41792886892
41792886880
41792886994
41792886887
41792886761
41792886778
41792886847
41792886808
41792886922
41792886878
41792886901
41792886823
41792886875
41792880000
41792880022
41792880001
41792880015
41792880014
41792880023
41792880030
41792880010
41792880018
41792880032
41792880004
41792880028
41792880017
41792880003
41792880026
41792880009
41792880012
41792880011
41792880016
41792880041
41792880045
41792880117
41792880090
41792880038
41792880056
41792880051
41792880059
41792880119
41792880064
41792880069
41792880093
41792880123
41792880060
41792880133
41792880079
41792880077
41792880088
41792880039
41792880131
41792880190
41792880173
41792880264
41792880089
41792880044
41792880283
41792880066
41792880068
41792880308
41792880392
41792880210
41792880110
41792880036
41792880234
41792880170
41792880048
41792880166
41792880161
41792880071
41792880476
41792880078
41792880108
41792880103
41792880302
41792880237
41792880115
41792880245
41792880101
41792880037
41792880124
41792880194
41792880558
41792880198
41792880072
41792880129
41792880034
41792880097
41792880046
41792880214
41792880050
41792880258
41792880094
41792880155
41792880366
41792880256
41792880174
41792880043
41792880073
41792880176
41792880172
41792880057
41792880063
41792880087
41792880105
41792880054
41792880336
41792880053
41792880424
41792880152
41792880211
41792880168
41792880070
41792880547
41792880231
41792880092
41792880209
41792880156
41792880081
41792880213
41792880257
41792880219
41792880143
41792880130
41792880230
41792880154
41792880151
41792880246
41792880292
41792880492
41792880179
41792880118
41792880353
41792880278
41792880164
41792880091
41792880549
41792880279
41792880335
41792880167
41792880457
41792880399
41792880158
41792880479
41792880299
41792880499
41792880380
41792880177
41792880436
41792880363
41792880193
41792880035
41792880165
41792880135
41792880249
41792880188
41792880370
41792880391
41792880202
41792880075
41792880241
41792880160
41792880306
41792880227
41792880310
41792880162
41792880149
41792880355
41792880407
41792880661
41792880377
41792880409
41792880082
41792880287
41792880074
41792880468
41792880388
41792880585
41792880301
41792880268
41792880236
41792880282
41792880334
41792880393
41792880223
41792880076
41792880062
41792880239
41792880218
41792880159
41792880524
41792880267
41792880262
41792880531
41792880153
41792880225
41792880266
41792880289
41792880221
41792880102
41792880290
41792880447
41792880337
41792880189
41792880163
41792880325
41792880360
41792880285
41792880313
41792880600
41792880464
41792880396
41792880415
41792880150
41792880672
41792880375
41792880364
41792880329
41792880125
41792880199
41792880406
41792880242
41792880422
41792880332
41792880426
41792880372
41792880389
41792880295
41792880640
41792880205
41792880634
41792880229
41792880405
41792880655
41792880577
41792880694
41792880385
41792880645
41792880395
41792880195
41792880120
41792880404
41792880693
41792880833
41792880854
41792880808
41792880280
41792880556
41792880559
41792880639
41792880743
41792880648
41792880478
41792880475
41792880207
41792880513
41792880442
41792880186
41792880281
41792880712
41792880503
41792880374
41792880328
41792880318
41792880444
41792880519
41792880373
41792880215
41792880765
41792880126
41792880261
41792880347
41792880134
41792880311
41792880293
41792880654
41792880379
41792880663
41792880208
41792880595
41792880555
41792880254
41792880483
41792880937
41792880551
41792880331
41792880536
41792880575
41792880586
41792880260
41792880507
41792880812
41792880905
41792880361
41792880570
41792880248
41792880986
41792880252
41792880368
41792880271
41792880751
41792880467
41792880449
41792880481
41792880491
41792880148
41792880430
41792880445
41792880352
41792880949
41792880540
41792880333
41792880688
41792880995
41792880584
41792880217
41792880272
41792880667
41792880606
41792880678
41792880632
41792880931
41792880651
41792880345
41792880408
41792880459
41792880526
41792880916
41792880420
41792880605
41792880603
41792880588
41792880520
41792880664
41792880826
41792880458
41792880763
41792880685
41792880823
41792880303
41792880157
41792880431
41792880206
41792880773
41792880222
41792880591
41792880569
41792880670
41792880878
41792880362
41792880543
41792880665
41792880908
41792880463
41792880800
41792880855
41792880731
41792880440
41792880722
41792880660
41792880378
41792880472
41792880922
41792880777
41792880653
41792880314
41792880428
41792880181
41792880573
41792880622
41792880676
41792880484
41792880764
41792880981
41792880516
41792880320
41792880525
41792880608
41792880711
41792880983
41792880787
41792880563
41792880581
41792880448
41792880767
41792880562
41792880390
41792880703
41792880522
41792880850
41792880327
41792880894
41792880780
41792880689
41792880747
41792880728
41792880827
41792880970
41792880620
41792880650
41792880212
41792880350
41792880371
41792880592
41792880754
41792880183
41792880991
41792880610
41792880786
41792880304
41792880876
41792880411
41792880792
41792880987
41792880710
41792880892
41792880427
41792880739
41792880315
41792880601
41792880488
41792880537
41792880590
41792880647
41792880343
41792880438
41792880726
41792880715
41792880599
41792880939
41792880550
41792880691
41792880940
41792880794
41792880832
41792880906
41792880681
41792880317
41792880226
41792880564
41792880700
41792880649
41792880708
41792880533
41792880759
41792880903
41792880597
41792880625
41792880486
41792880501
41792880749
41792880423
41792880901
41792880840
41792880637
41792880326
41792880596
41792880618
41792880718
41792880746
41792880974
41792880956
41792880721
41792880518
41792880460
41792880346
41792880807
41792880847
41792880686
41792880809
41792880753
41792880891
41792880511
41792880965
41792880704
41792880611
41792880888
41792880788
41792880628
41792880386
41792880674
41792880730
41792880843
41792880904
41792880829
41792880929
41792880732
41792880801
41792880822
41792880798
41792880772
41792880736
41792880561
41792880756
41792880816
41792880338
41792880455
41792880862
41792880616
41792880740
41792880819
41792880629
41792880907
41792880870
41792880884
41792880828
41792880947
41792880666
41792880875
41792880617
41792880845
41792880879
41792880541
41792880860
41792880856
41792880644
41792880978
41792880441
41792880919
41792880414
41792880758
41792880782
41792880532
41792880918
41792880425
41792880604
41792880958
41792880435
41792880895
41792880909
41792880720
41792880902
41792880966
41792880473
41792880750
41792880898
41792880434
41792880957
41792880568
41792880858
41792880679
41792880838
41792880643
41792880893
41792880928
41792880757
41792880817
41792880571
41792880853
41792880502
41792880811
41792880932
41792880474
41792880849
41792880857
41792880912
41792880733
41792880851
41792880542
41792880914
41792880933
41792880972
41792880744
41792880877
41792880948
41792880910
41792880714
41792880781
41792880797
41792880774
41792880945
41792880861
41792880864
41792880716
41792880841
41792880755
41792880383
41792880963
41792880821
41792880882
41792880802
41792880659
41792880953
41792880992
41792880741
41792880867
41792880505
41792880968
41792880824
41792880976
41792880810
41792880702
41792880982
41792880553
41792880725
41792880734
41792880770
41792880760
41792880579
41792880896
41792880859
41792880866
41792880803
41792880934
41792880935
41792880920
41792880973
41792880952
41792880993
41792880433
41792880500
41792880656
41792880813
41792880818
41792889000
41792889030
41792889014
41792889003
41792889020
41792889021
41792889005
41792889013
41792889012
41792889022
41792889010
41792889032
41792889011
41792889023
41792889026
41792889015
41792889016
41792889029
41792889034
41792889143
41792889063
41792889058
41792889066
41792889078
41792889131
41792889033
41792889038
41792889046
41792889120
41792889054
41792889069
41792889073
41792889084
41792889079
41792889162
41792889092
41792889062
41792889117
41792889090
41792889159
41792889043
41792889057
41792889064
41792889042
41792889077
41792889076
41792889223
41792889055
41792889111
41792889060
41792889108
41792889156
41792889151
41792889035
41792889155
41792889180
41792889036
41792889318
41792889152
41792889233
41792889154
41792889267
41792889298
41792889164
41792889051
41792889039
41792889061
41792889271
41792889232
41792889052
41792889068
41792889226
41792889207
41792889041
41792889328
41792889158
41792889145
41792889218
41792889134
41792889080
41792889045
41792889181
41792889110
41792889114
41792889104
41792889093
41792889141
41792889325
41792889264
41792889115
41792889169
41792889188
41792889148
41792889220
41792889173
41792889165
41792889195
41792889059
41792889261
41792889187
41792889283
41792889144
41792889112
41792889242
41792889247
41792889153
41792889056
41792889123
41792889344
41792889244
41792889168
41792889161
41792889053
41792889174
41792889095
41792889272
41792889194
41792889204
41792889285
41792889189
41792889130
41792889208
41792889190
41792889109
41792889118
41792889167
41792889182
41792889286
41792889293
41792889214
41792889199
41792889137
41792889047
41792889347
41792889229
41792889088
41792889296
41792889291
41792889202
41792889316
41792889266
41792889105
41792889319
41792889209
41792889215
41792889276
41792889166
41792889150
41792889237
41792889222
41792889107
41792889240
41792889100
41792889336
41792889306
41792889198
41792889196
41792889329
41792889170
41792889322
41792889212
41792889290
41792889246
41792889348
41792889313
41792889217
41792889303
41792889294
41792889295
41792889258
41792889292
41792889136
41792889219
41792889101
41792889314
41792889317
41792889171
41792889280
41792889205
41792889273
41792889268
41792889234
41792889289
41792889321
41792889345
41792889349
41792889315
41792889259
41792889341
41792889275
41792889282
41792889346
41792889193
41792889350
41792889250
41792889301
41792889288
41792889300
41792889335
41792889327
41792889216
41792889184
41792889338
41792889227
41792889355
41792889374
41792889358
41792889357
41792889351
41792889370
41792889373
41792889360
41792889359
41792889375
41792889376
41792889361
41792889365
41792889381
41792889380
41792889379
41792889400
41792889543
41792889403
41792889406
41792889525
41792889485
41792889390
41792889396
41792889412
41792889489
41792889410
41792889436
41792889441
41792889459
41792889475
41792889466
41792889401
41792889476
41792889462
41792889388
41792889386
41792889391
41792889393
41792889544
41792889508
41792889532
41792889409
41792889468
41792889608
41792889541
41792889464
41792889536
41792889493
41792889438
41792889549
41792889672
41792889504
41792889581
41792889435
41792889450
41792889505
41792889667
41792889482
41792889446
41792889628
41792889420
41792889385
41792889467
41792889421
41792889384
41792889486
41792889416
41792889671
41792889692
41792889445
41792889677
41792889439
41792889646
41792889535
41792889455
41792889506
41792889570
41792889538
41792889510
41792889612
41792889463
41792889593
41792889566
41792889495
41792889559
41792889611
41792889490
41792889457
41792889426
41792889424
41792889643
41792889507
41792889695
41792889434
41792889584
41792889516
41792889675
41792889413
41792889515
41792889389
41792889537
41792889404
41792889465
41792889558
41792889454
41792889431
41792889586
41792889422
41792889442
41792889502
41792889635
41792889477
41792889616
41792889484
41792889471
41792889427
41792889610
41792889618
41792889657
41792889554
41792889500
41792889656
41792889632
41792889509
41792889604
41792889634
41792889577
41792889548
41792889518
41792889540
41792889660
41792889592
41792889472
41792889539
41792889598
41792889617
41792889591
41792889681
41792889444
41792889679
41792889576
41792889594
41792889452
41792889603
41792889674
41792889651
41792889653
41792889545
41792889547
41792889687
41792889648
41792889519
41792889670
41792889488
41792889669
41792889573
41792889522
41792889531
41792889481
41792889571
41792889640
41792889503
41792889690
41792889557
41792889461
41792889553
41792889684
41792889645
41792889644
41792889614
41792889668
41792889694
41792889599
41792889411
41792889693
41792889534
41792889636
41792889623
41792889663
41792889652
41792889574
41792889621
41792889637
41792889664
41792889647
41792889533
41792889630
41792889582
41792889689
41792889654
41792889555
41792889607
41792889585
41792889546
41792889678
41792889666
41792889650
41792889680
41792889631
41792889688
41792889726
41792889733
41792889729
41792889727
41792889702
41792889709
41792889706
41792889718
41792889711
41792889712
41792889730
41792889732
41792889723
41792889715
41792889708
41792889707
41792889703
41792889705
41792889772
41792889770
41792889760
41792889755
41792889742
41792889752
41792889757
41792889767
41792889754
41792889774
41792889790
41792889782
41792889779
41792889784
41792889762
41792889734
41792889741
41792889735
41792889747
41792889746
41792889764
41792889750
41792889763
41792889789
41792889768
41792889777
41792889745
41792889738
41792889776
41792889792
41792889788
41792889737
41792889793
41792889778
41792889756
41792889748
41792889761
41792889781
41792889751
41792889787
41792889847
41792889801
41792889820
41792889804
41792889825
41792889846
41792889797
41792889794
41792889816
41792889834
41792889850
41792889837
41792889803
41792889835
41792889808
41792889798
41792889811
41792889851
41792889827
41792889833
41792889800
41792889826
41792889817
41792889844
41792889830
41792889810
41792889818
41792889823
41792889840
41792889828
41792889802
41792889822
41792889849
41792889838
41792889829
41792889841
41792889877
41792889862
41792889906
41792889855
41792889859
41792889876
41792889888
41792889878
41792889903
41792889898
41792889861
41792889853
41792889874
41792889909
41792889854
41792889894
41792889905
41792889907
41792889863
41792889902
41792889881
41792889866
41792889885
41792889882
41792889899
41792889890
41792889858
41792889900
41792889865
41792889893
41792889892
41792889867
41792889910
41792889891
41792889868
41792889884
41792889880
41792889904
41792889923
41792889962
41792889928
41792889966
41792889912
41792889922
41792889920
41792889986
41792889916
41792889939
41792889957
41792889956
41792889963
41792889969
41792889983
41792889982
41792889934
41792889917
41792889931
41792889988
41792889946
41792889952
41792889996
41792889932
41792889926
41792889937
41792889971
41792889975
41792889913
41792889968
41792889958
41792889953
41792889914
41792889933
41792889918
41792889960
41792889977
41792889993
41792889997
41792889990
41792889943
41792889979
41792889981
41792889936
41792889938
41792889942
41792889976
41792889989
41792889967
41792889940
41792889950
41792889945
41792889984
41792889970
41792889954
41792889965
41792889991
41792889961
41792889955
41792889987
41792889978
41792889994
41792883000
41792883030
41792883004
41792883006
41792883021
41792883003
41792883015
41792883022
41792883008
41792883024
41792883013
41792883010
41792883002
41792883031
41792883017
41792883005
41792883001
41792883028
41792883007
41792883025
41792883020
41792883085
41792883034
41792883045
41792883378
41792883043
41792883065
41792883048
41792883095
41792883101
41792883110
41792883121
41792883175
41792883171
41792883217
41792883230
41792883051
41792883049
41792883069
41792883088
41792883093
41792883111
41792883047
41792883042
41792883141
41792883125
41792883129
41792883361
41792883080
41792883215
41792883136
41792883079
41792883033
41792883170
41792883250
41792883046
41792883086
41792883056
41792883092
41792883040
41792883050
41792883068
41792883105
41792883270
41792883153
41792883128
41792883073
41792883265
41792883106
41792883156
41792883305
41792883037
41792883220
41792883221
41792883181
41792883203
41792883072
41792883255
41792883055
41792883280
41792883327
41792883209
41792883053
41792883122
41792883052
41792883135
41792883139
41792883339
41792883351
41792883082
41792883343
41792883251
41792883267
41792883374
41792883216
41792883232
41792883081
41792883460
41792883301
41792883097
41792883041
41792883310
41792883120
41792883278
41792883161
41792883108
41792883208
41792883357
41792883104
41792883158
41792883236
41792883067
41792883272
41792883331
41792883160
41792883234
41792883060
41792883366
41792883253
41792883292
41792883406
41792883103
41792883115
41792883096
41792883479
41792883198
41792883385
41792883119
41792883173
41792883249
41792883333
41792883753
41792883164
41792883297
41792883408
41792883140
41792883258
41792883222
41792883294
41792883143
41792883044
41792883300
41792883137
41792883205
41792883188
41792883075
41792883281
41792883737
41792883481
41792883107
41792883113
41792883416
41792883391
41792883299
41792883145
41792883201
41792883070
41792883210
41792883359
41792883287
41792883184
41792883678
41792883516
41792883524
41792883535
41792883157
41792883375
41792883336
41792883167
41792883335
41792883386
41792883473
41792883642
41792883237
41792883259
41792883694
41792883202
41792883432
41792883304
41792883813
41792883585
41792883370
41792883616
41792883260
41792883126
41792883151
41792883593
41792883358
41792883212
41792883226
41792883371
41792883347
41792883367
41792883538
41792883193
41792883459
41792883311
41792883264
41792883861
41792883322
41792883741
41792883328
41792883200
41792883312
41792883942
41792883739
41792883329
41792883245
41792883195
41792883400
41792883426
41792883244
41792883458
41792883395
41792883756
41792883138
41792883936
41792883704
41792883390
41792883568
41792883625
41792883510
41792883134
41792883532
41792883127
41792883786
41792883454
41792883443
41792883257
41792883246
41792883471
41792883531
41792883334
41792883791
41792883503
41792883469
41792883353
41792883268
41792883435
41792883437
41792883192
41792883451
41792883239
41792883332
41792883362
41792883728
41792883404
41792883612
41792883213
41792883238
41792883478
41792883495
41792883147
41792883748
41792883447
41792883346
41792883522
41792883658
41792883653
41792883533
41792883356
41792883427
41792883638
41792883407
41792883490
41792883464
41792883448
41792883558
41792883830
41792883776
41792883675
41792883562
41792883573
41792883285
41792883751
41792883641
41792883442
41792883629
41792883863
41792883610
41792883235
41792883191
41792883276
41792883576
41792883419
41792883587
41792883579
41792883777
41792883363
41792883745
41792883289
41792883881
41792883501
41792883521
41792883598
41792883672
41792883480
41792883424
41792883436
41792883182
41792883449
41792883899
41792883651
41792883529
41792883941
41792883423
41792883279
41792883438
41792883709
41792883288
41792883163
41792883309
41792883444
41792883757
41792883607
41792883365
41792883233
41792883895
41792883364
41792883485
41792883645
41792883512
41792883567
41792883810
41792883721
41792883392
41792883566
41792883681
41792883569
41792883487
41792883631
41792883957
41792883659
41792883470
41792883551
41792883683
41792883743
41792883411
41792883382
41792883636
41792883321
41792883663
41792883578
41792883819
41792883504
41792883595
41792883525
41792883402
41792883306
41792883857
41792883771
41792883597
41792883494
41792883907
41792883476
41792883901
41792883570
41792883315
41792883539
41792883624
41792883508
41792883784
41792883665
41792883388
41792883718
41792883482
41792883628
41792883785
41792883668
41792883676
41792883768
41792883172
41792883841
41792883666
41792883376
41792883450
41792883621
41792883838
41792883475
41792883647
41792883349
41792883660
41792883816
41792883972
41792883940
41792883477
41792883891
41792883252
41792883517
41792883655
41792883502
41792883871
41792883967
41792883420
41792883422
41792883782
41792883596
41792883428
41792883920
41792883868
41792883699
41792883806
41792883373
41792883825
41792883869
41792883507
41792883393
41792883876
41792883882
41792883571
41792883992
41792883996
41792883700
41792883734
41792883425
41792883953
41792883618
41792883917
41792883780
41792883670
41792883360
41792883959
41792883707
41792883788
41792883679
41792883686
41792883854
41792883970
41792883695
41792883548
41792883883
41792883853
41792883874
41792883440
41792883581
41792883767
41792883908
41792883554
41792883828
41792883648
41792883582
41792883667
41792883801
41792883722
41792883790
41792883840
41792883809
41792883963
41792883456
41792883755
41792883714
41792883866
41792883633
41792883886
41792883696
41792883995
41792883626
41792883445
41792883974
41792883982
41792883911
41792883975
41792883609
41792883488
41792883687
41792883754
41792883588
41792883606
41792883669
41792883705
41792883717
41792883602
41792883773
41792883546
41792883586
41792883654
41792883991
41792883938
41792883803
41792883804
41792883589
41792883829
41792883906
41792883499
41792883650
41792883965
41792883888
41792883918
41792883747
41792883720
41792883880
41792883834
41792883950
41792883749
41792883832
41792883643
41792883893
41792883820
41792883824
41792883727
41792883946
41792883656
41792883762
41792883772
41792883919
41792883968
41792883873
41792883732
41792883783
41792883723
41792883808
41792883617
41792883983
41792883856
41792883775
41792883951
41792883457
41792883929
41792883990
41792883817
41792883988
41792883693
41792883909
41792883639
41792883948
41792883875
41792883843
41792883898
41792883463
41792883952
41792883993
41792883985
41792883831
41792883928
41792883744
41792883927
41792883913
41792883889
41792883961
41792883729
41792883921
41792883914
41792883958
41792883902
41792883823
41792883937
41792883580
41792883635
41792883730
41792883989
41792883657
41792883865
41792883577
41792883867
41792883622
41792883923
41792883960
41792881000
41792881005
41792881008
41792881010
41792881004
41792881032
41792881023
41792881016
41792881006
41792881030
41792881025
41792881027
41792881029
41792881001
41792881017
41792881046
41792881191
41792881235
41792881093
41792881131
41792881094
41792881038
41792881138
41792881058
41792881050
41792881043
41792881045
41792881074
41792881044
41792881107
41792881139
41792881217
41792881125
41792881350
41792881252
41792881098
41792881155
41792881154
41792881158
41792881163
41792881168
41792881052
41792881051
41792881185
41792881181
41792881202
41792881200
41792881097
41792881063
41792881096
41792881090
41792881109
41792881114
41792881127
41792881261
41792881059
41792881041
41792881277
41792881285
41792881072
41792881210
41792881230
41792881140
41792881192
41792881165
41792881150
41792881336
41792881282
41792881162
41792881340
41792881069
41792881142
41792881054
41792881087
41792881213
41792881121
41792881317
41792881206
41792881315
41792881262
41792881083
41792881100
41792881057
41792881119
41792881065
41792881270
41792881133
41792881145
41792881055
41792881159
41792881056
41792881237
41792881257
41792881152
41792881330
41792881239
41792881147
41792881081
41792881102
41792881304
41792881110
41792881104
41792881279
41792881295
41792881305
41792881034
41792881219
41792881088
41792881103
41792881170
41792881306
41792881208
41792881241
41792881075
41792881188
41792881214
41792881211
41792881167
41792881218
41792881334
41792881335
41792881111
41792881244
41792881260
41792881224
41792881326
41792881079
41792881328
41792881108
41792881255
41792881164
41792881137
41792881246
41792881136
41792881349
41792881268
41792881197
41792881204
41792881198
41792881321
41792881245
41792881124
41792881324
41792881329
41792881135
41792881196
41792881160
41792881259
41792881314
41792881288
41792881095
41792881281
41792881215
41792881221
41792881177
41792881238
41792881240
41792881146
41792881250
41792881300
41792881156
41792881151
41792881269
41792881106
41792881348
41792881331
41792881293
41792881128
41792881169
41792881278
41792881226
41792881312
41792881327
41792881338
41792881182
41792881222
41792881212
41792881153
41792881307
41792881289
41792881265
41792881148
41792881318
41792881223
41792881286
41792881294
41792881280
41792881234
41792881254
41792881345
41792881231
41792881299
41792881310
41792881251
41792881319
41792881233
41792881256
41792881201
41792881220
41792881313
41792881258
41792881343
41792881273
41792881228
41792881302
41792881274
41792881375
41792881352
41792881360
41792881361
41792881356
41792881359
41792881380
41792881358
41792881377
41792881382
41792881363
41792881353
41792881374
41792881372
41792881369
41792881373
41792881368
41792881371
41792881365
41792881366
41792881370
41792881405
41792881436
41792881416
41792881396
41792881421
41792881444
41792881471
41792881489
41792881385
41792881499
41792881409
41792881392
41792881537
41792881433
41792881447
41792881468
41792881390
41792881456
41792881486
41792881494
41792881595
41792881386
41792881517
41792881406
41792881555
41792881394
41792881432
41792881438
41792881448
41792881420
41792881650
41792881459
41792881501
41792881417
41792881623
41792881407
41792881465
41792881533
41792881414
41792881679
41792881680
41792881581
41792881504
41792881640
41792881442
41792881429
41792881453
41792881583
41792881693
41792881687
41792881391
41792881393
41792881431
41792881399
41792881645
41792881455
41792881467
41792881545
41792881422
41792881443
41792881661
41792881426
41792881452
41792881473
41792881509
41792881584
41792881419
41792881671
41792881569
41792881528
41792881515
41792881589
41792881531
41792881462
41792881470
41792881514
41792881659
41792881384
41792881398
41792881387
41792881689
41792881434
41792881536
41792881404
41792881454
41792881408
41792881535
41792881450
41792881562
41792881518
41792881493
41792881508
41792881512
41792881484
41792881548
41792881441
41792881566
41792881463
41792881620
41792881437
41792881691
41792881613
41792881482
41792881673
41792881646
41792881522
41792881604
41792881560
41792881654
41792881616
41792881541
41792881582
41792881588
41792881510
41792881590
41792881676
41792881423
41792881563
41792881472
41792881610
41792881480
41792881625
41792881457
41792881626
41792881539
41792881594
41792881603
41792881697
41792881699
41792881607
41792881578
41792881608
41792881460
41792881694
41792881415
41792881487
41792881612
41792881491
41792881547
41792881667
41792881614
41792881475
41792881483
41792881551
41792881529
41792881619
41792881666
41792881631
41792881492
41792881684
41792881520
41792881540
41792881546
41792881561
41792881621
41792881678
41792881660
41792881685
41792881503
41792881622
41792881466
41792881632
41792881549
41792881580
41792881500
41792881600
41792881601
41792881591
41792881605
41792881488
41792881559
41792881530
41792881696
41792881656
41792881498
41792881677
41792881647
41792881674
41792881688
41792881617
41792881692
41792881543
41792881575
41792881633
41792881525
41792881669
41792881593
41792881576
41792881544
41792881672
41792881681
41792881703
41792881723
41792881724
41792881718
41792881727
41792881708
41792881702
41792881720
41792881730
41792881725
41792881701
41792881716
41792881729
41792881704
41792881719
41792881711
41792881709
41792881700
41792881722
41792881717
41792881714
41792881747
41792881732
41792881761
41792881749
41792881757
41792881740
41792881754
41792881755
41792881731
41792881762
41792881752
41792881751
41792881736
41792881737
41792881746
41792881756
41792881741
41792881733
41792881744
41792881742
41792881763
41792881767
41792881783
41792881768
41792881765
41792881777
41792881813
41792881793
41792881772
41792881796
41792881814
41792881818
41792881786
41792881771
41792881781
41792881779
41792881787
41792881784
41792881805
41792881790
41792881811
41792881823
41792881766
41792881797
41792881821
41792881775
41792881788
41792881792
41792881801
41792881803
41792881810
41792881770
41792881774
41792881795
41792881785
41792881817
41792881808
41792881769
41792881809
41792881802
41792881800
41792881806
41792881807
41792881804
41792881849
41792881847
41792881835
41792881841
41792881848
41792881861
41792881844
41792881828
41792881872
41792881856
41792881832
41792881868
41792881855
41792881864
41792881873
41792881845
41792881852
41792881854
41792881870
41792881876
41792881837
41792881850
41792881865
41792881830
41792881862
41792881826
41792881824
41792881879
41792881860
41792881836
41792881857
41792881840
41792881878
41792881863
41792881859
41792881881
41792881871
41792881843
41792881900
41792881884
41792881928
41792881923
41792881897
41792881890
41792881901
41792881903
41792881891
41792881912
41792881927
41792881892
41792881906
41792881935
41792881893
41792881926
41792881894
41792881889
41792881883
41792881896
41792881886
41792881934
41792881913
41792881919
41792881902
41792881937
41792881936
41792881918
41792881909
41792881930
41792881920
41792881888
41792881922
41792881938
41792881904
41792881932
41792881905
41792881988
41792881956
41792881950
41792881948
41792881968
41792881973
41792881989
41792881995
41792881976
41792881955
41792881958
41792881960
41792881979
41792881986
41792881972
41792881947
41792881982
41792881941
41792881952
41792881943
41792881990
41792881998
41792881954
41792881985
41792881962
41792881978
41792881992
41792881967
41792881951
41792881980
41792881991
41792881970
41792882000
41792882008
41792882023
41792882004
41792882024
41792882031
41792882026
41792882019
41792882011
41792882003
41792882007
41792882029
41792882032
41792882002
41792882013
41792882018
41792882017
41792882027
41792882014
41792882030
41792882020
41792882022
41792882021
41792882045
41792882039
41792882043
41792882038
41792882037
41792882060
41792882063
41792882064
41792882082
41792882115
41792882084
41792882188
41792882048
41792882208
41792882054
41792882041
41792882195
41792882202
41792882223
41792882099
41792882231
41792882215
41792882033
41792882269
41792882287
41792882077
41792882189
41792882128
41792882047
41792882034
41792882050
41792882046
41792882071
41792882100
41792882092
41792882129
41792882306
41792882348
41792882040
41792882160
41792882226
41792882101
41792882036
41792882145
41792882407
41792882422
41792882139
41792882171
41792882087
41792882109
41792882135
41792882313
41792882148
41792882240
41792882083
41792882327
41792882381
41792882175
41792882173
41792882058
41792882055
41792882073
41792882248
41792882097
41792882103
41792882334
41792882066
41792882263
41792882657
41792882121
41792882094
41792882142
41792882085
41792882168
41792882120
41792882253
41792882597
41792882162
41792882110
41792882448
41792882187
41792882224
41792882134
41792882266
41792882346
41792882143
41792882244
41792882105
41792882079
41792882203
41792882108
41792882220
41792882235
41792882640
41792882281
41792882170
41792882351
41792882157
41792882286
41792882530
41792882078
41792882374
41792882057
41792882068
41792882205
41792882482
41792882181
41792882136
41792882221
41792882659
41792882150
41792882232
41792882199
41792882290
41792882246
41792882406
41792882288
41792882124
41792882871
41792882533
41792882369
41792882213
41792882433
41792882285
41792882386
41792882717
41792882211
41792882250
41792882331
41792882185
41792882842
41792882477
41792882350
41792882172
41792882305
41792882437
41792882602
41792882429
41792882794
41792882421
41792882542
41792882102
41792882141
41792882152
41792882228
41792882329
41792882289
41792882098
41792882194
41792882594
41792882315
41792882564
41792882293
41792882416
41792882459
41792882484
41792882480
41792882056
41792882643
41792882412
41792882218
41792882371
41792882559
41792882687
41792882165
41792882132
41792882646
41792882607
41792882383
41792882453
41792882494
41792882438
41792882769
41792882749
41792882579
41792882339
41792882277
41792882519
41792882670
41792882418
41792882927
41792882834
41792882720
41792882460
41792882439
41792882436
41792882090
41792882111
41792882695
41792882444
41792882164
41792882233
41792882379
41792882308
41792882385
41792882147
41792882234
41792882719
41792882442
41792882630
41792882322
41792882158
41792882274
41792882278
41792882767
41792882776
41792882272
41792882254
41792882372
41792882312
41792882443
41792882473
41792882629
41792882193
41792882552
41792882326
41792882388
41792882492
41792882840
41792882434
41792882503
41792882889
41792882601
41792882458
41792882823
41792882526
41792882728
41792882595
41792882243
41792882617
41792882585
41792882753
41792882724
41792882298
41792882323
41792882464
41792882344
41792882166
41792882755
41792882699
41792882501
41792882680
41792882093
41792882236
41792882517
41792882212
41792882364
41792882512
41792882176
41792882970
41792882709
41792882555
41792882677
41792882230
41792882303
41792882596
41792882621
41792882417
41792882528
41792882472
41792882975
41792882299
41792882180
41792882647
41792882612
41792882513
41792882493
41792882740
41792882294
41792882333
41792882779
41792882507
41792882706
41792882393
41792882696
41792882633
41792882545
41792882847
41792882811
41792882280
41792882461
41792882521
41792882260
41792882765
41792882790
41792882751
41792882200
41792882810
41792882271
41792882399
41792882511
41792882918
41792882804
41792882394
41792882648
41792882625
41792882376
41792882469
41792882361
41792882536
41792882611
41792882401
41792882547
41792882851
41792882846
41792882366
41792882217
41792882716
41792882415
41792882697
41792882638
41792882599
41792882781
41792882210
41792882343
41792882408
41792882787
41792882341
41792882798
41792882671
41792882573
41792882604
41792882742
41792882574
41792882631
41792882382
41792882838
41792882762
41792882276
41792882707
41792882375
41792882420
41792882615
41792882884
41792882895
41792882743
41792882862
41792882548
41792882636
41792882656
41792882538
41792882598
41792882715
41792882922
41792882583
41792882841
41792882177
41792882355
41792882582
41792882523
41792882750
41792882701
41792882311
41792882739
41792882540
41792882936
41792882258
41792882760
41792882848
41792882440
41792882824
41792882830
41792882653
41792882358
41792882935
41792882553
41792882577
41792882868
41792882449
41792882917
41792882662
41792882427
41792882384
41792882789
41792882314
41792882703
41792882985
41792882419
41792882682
41792882759
41792882921
41792882782
41792882713
41792882674
41792882980
41792882474
41792882888
41792882425
41792882360
41792882901
41792882466
41792882860
41792882578
41792882986
41792882900
41792882569
41792882591
41792882691
41792882430
41792882377
41792882744
41792882645
41792882807
41792882930
41792882801
41792882535
41792882905
41792882747
41792882426
41792882644
41792882663
41792882684
41792882592
41792882757
41792882650
41792882812
41792882941
41792882660
41792882937
41792882903
41792882726
41792882475
41792882537
41792882685
41792882518
41792882373
41792882620
41792882616
41792882764
41792882954
41792882878
41792882603
41792882872
41792882502
41792882995
41792882556
41792882821
41792882879
41792882733
41792882951
41792882989
41792882491
41792882955
41792882387
41792882694
41792882525
41792882913
41792882649
41792882738
41792882485
41792882628
41792882586
41792882800
41792882809
41792882902
41792882993
41792882792
41792882947
41792882471
41792882411
41792882982
41792882704
41792882843
41792882780
41792882864
41792882773
41792882688
41792882608
41792882854
41792882945
41792882925
41792882669
41792882668
41792882909
41792882920
41792882672
41792882504
41792882882
41792882771
41792882524
41792882754
41792882933
41792882963
41792882793
41792882700
41792882939
41792882714
41792882892
41792882915
41792882996
41792882958
41792882465
41792882850
41792882894
41792882858
41792882885
41792882566
41792882549
41792882932
41792882678
41792882816
41792882481
41792882969
41792882924
41792882845
41792882962
41792882953
41792882736
41792882981
41792882994
41792882956
41792882661
41792882976
41792882802
41792882580
41792882952
41792882832
41792882855
41792882825
41792882831
41792882887
41792882632
41792882692
41792882897
41792882642
41792882732
41792882946
41792882869
41792882916
41792882934
41792882822
41792882693
41792882875
41792882973
41792882959
41792882575
41792882225
41792882908
41792882264
41792882735
41792882906
41792888000
41792888007
41792888024
41792888023
41792888020
41792888005
41792888004
41792888013
41792888012
41792888029
41792888028
41792888021
41792888030
41792888001
41792888019
41792888018
41792888009
41792888008
41792888006
41792888002
41792888010
41792888016
41792888050
41792888027
41792888055
41792888092
41792888048
41792888044
41792888068
41792888077
41792888086
41792888094
41792888090
41792888118
41792888089
41792888116
41792888136
41792888146
41792888155
41792888079
41792888192
41792888202
41792888212
41792888091
41792888078
41792888125
41792888133
41792888056
41792888045
41792888304
41792888062
41792888111
41792888308
41792888052
41792888184
41792888179
41792888204
41792888203
41792888035
41792888240
41792888119
41792888082
41792888085
41792888158
41792888275
41792888088
41792888287
41792888064
41792888193
41792888264
41792888220
41792888115
41792888180
41792888109
41792888130
41792888144
41792888228
41792888183
41792888145
41792888223
41792888278
41792888254
41792888151
41792888057
41792888059
41792888043
41792888051
41792888214
41792888209
41792888297
41792888101
41792888150
41792888369
41792888356
41792888571
41792888186
41792888049
41792888503
41792888047
41792888073
41792888285
41792888350
41792888357
41792888087
41792888107
41792888255
41792888226
41792888239
41792888258
41792888247
41792888063
41792888370
41792888200
41792888233
41792888361
41792888655
41792888084
41792888272
41792888081
41792888378
41792888126
41792888170
41792888185
41792888131
41792888279
41792888154
41792888645
41792888157
41792888160
41792888371
41792888822
41792888587
41792888065
41792888262
41792888036
41792888034
41792888156
41792888375
41792888164
41792888293
41792888159
41792888321
41792888449
41792888387
41792888256
41792888539
41792888489
41792888483
41792888343
41792888393
41792888222
41792888459
41792888229
41792888236
41792888424
41792888423
41792888231
41792888584
41792888408
41792888259
41792888558
41792888629
41792888444
41792888198
41792888338
41792888102
41792888261
41792888227
41792888197
41792888061
41792888168
41792888271
41792888141
41792888148
41792888330
41792888523
41792888309
41792888391
41792888211
41792888609
41792888889
41792888201
41792888954
41792888392
41792888335
41792888320
41792888128
41792888435
41792888582
41792888188
41792888484
41792888763
41792888342
41792888488
41792888238
41792888573
41792888650
41792888041
41792888283
41792888736
41792888662
41792888181
41792888413
41792888165
41792888605
41792888105
41792888288
41792888695
41792888121
41792888331
41792888066
41792888354
41792888470
41792888656
41792888213
41792888985
41792888303
41792888540
41792888135
41792888610
41792888358
41792888294
41792888688
41792888637
41792888373
41792888775
41792888542
41792888269
41792888868
41792888072
41792888438
41792888245
41792888166
41792888549
41792888467
41792888525
41792888205
41792888447
41792888329
41792888524
41792888901
41792888636
41792888485
41792888849
41792888644
41792888986
41792888441
41792888305
41792888332
41792888531
41792888314
41792888508
41792888771
41792888583
41792888604
41792888281
41792888243
41792888745
41792888701
41792888075
41792888282
41792888685
41792888750
41792888300
41792888608
41792888532
41792888289
41792888301
41792888163
41792888399
41792888806
41792888744
41792888277
41792888417
41792888439
41792888127
41792888863
41792888634
41792888162
41792888594
41792888348
41792888070
41792888790
41792888225
41792888960
41792888515
41792888383
41792888936
41792888292
41792888132
41792888815
41792888772
41792888918
41792888653
41792888710
41792888628
41792888725
41792888252
41792888740
41792888263
41792888260
41792888828
41792888622
41792888952
41792888317
41792888307
41792888172
41792888809
41792888560
41792888723
41792888578
41792888732
41792888955
41792888635
41792888987
41792888098
41792888171
41792888749
41792888232
41792888386
41792888881
41792888407
41792888787
41792888791
41792888680
41792888563
41792888931
41792888554
41792888353
41792888365
41792888640
41792888548
41792888403
41792888318
41792888299
41792888463
41792888686
41792888420
41792888487
41792888579
41792888530
41792888734
41792888953
41792888770
41792888908
41792888977
41792888436
41792888167
41792888347
41792888676
41792888679
41792888433
41792888983
41792888313
41792888593
41792888768
41792888419
41792888681
41792888803
41792888432
41792888147
41792888890
41792888664
41792888216
41792888363
41792888437
41792888648
41792888673
41792888870
41792888902
41792888591
41792888972
41792888366
41792888724
41792888397
41792888241
41792888576
41792888464
41792888671
41792888808
41792888647
41792888930
41792888785
41792888915
41792888880
41792888381
41792888976
41792888242
41792888319
41792888498
41792888743
41792888689
41792888864
41792888248
41792888376
41792888474
41792888443
41792888458
41792888364
41792888374
41792888249
41792888359
41792888959
41792888672
41792888379
41792888425
41792888476
41792888606
41792888412
41792888388
41792888692
41792888741
41792888564
41792888730
41792888585
41792888848
41792888638
41792888477
41792888911
41792888796
41792888336
41792888783
41792888812
41792888829
41792888175
41792888568
41792888861
41792888994
41792888833
41792888753
41792888426
41792888843
41792888182
41792888529
41792888643
41792888630
41792888871
41792888756
41792888872
41792888957
41792888779
41792888661
41792888337
41792888697
41792888687
41792888738
41792888873
41792888878
41792888762
41792888817
41792888996
41792888804
41792888434
41792888882
41792888975
41792888475
41792888389
41792888448
41792888989
41792888380
41792888703
41792888813
41792888411
41792888677
41792888401
41792888842
41792888614
41792888893
41792888980
41792888832
41792888914
41792888678
41792888921
41792888993
41792888494
41792888886
41792888865
41792888325
41792888786
41792888516
41792888669
41792888481
41792888506
41792888789
41792888827
41792888478
41792888784
41792888545
41792888844
41792888328
41792888852
41792888345
41792888537
41792888586
41792888522
41792888590
41792888920
41792888927
41792888493
41792888891
41792888935
41792888949
41792888415
41792888836
41792888598
41792888490
41792888451
41792888853
41792888727
41792888693
41792888569
41792888805
41792888839
41792888500
41792888752
41792888879
41792888507
41792888926
41792888633
41792888368
41792888855
41792888939
41792888912
41792888748
41792888767
41792888711
41792888566
41792888588
41792888900
41792888465
41792888707
41792888950
41792888720
41792888929
41792888700
41792888919
41792888826
41792888390
41792888777
41792888837
41792888831
41792888992
41792888712
41792888811
41792888835
41792888866
41792888511
41792888754
41792888816
41792888894
41792888666
41792888518
41792888696
41792888794
41792888810
41792888834
41792888631
41792888824
41792888613
41792888860
41792888982
41792888899
41792888883
41792888978
41792888716
41792888709
41792888737
41792888925
41792888830
41792888694
41792888845
41792888907
41792888520
41792888903
41792888818
41792888602
41792888885
41792888801
41792888802
41792888543
41792888969
41792888838
41792888722
41792888884
41792888641
41792888862
41792888627
41792888905
41792888970
41792888964
41792888589
41792888928
41792888892
41792888971
41792888875
41792888934
41792888988
41792888984
41792888909
41792888705
41792888867
41792888792
41792888991
41792888758
41792888807
41792888922
41792888963
41792888410
41792888512
41792888639
41792888781
41792888877
41792887000
41792887019
41792887027
41792887002
41792887014
41792887004
41792887031
41792887016
41792887001
41792887009
41792887018
41792887023
41792887029
41792887010
41792887013
41792887017
41792887012
41792887020
41792887026
41792887015
41792887030
41792887131
41792887033
41792887227
41792887251
41792887054
41792887055
41792887086
41792887048
41792887105
41792887070
41792887073
41792887037
41792887118
41792887200
41792887193
41792887149
41792887064
41792887067
41792887079
41792887115
41792887144
41792887234
41792887267
41792887045
41792887061
41792887072
41792887298
41792887171
41792887011
41792887104
41792887052
41792887116
41792887083
41792887032
41792887102
41792887088
41792887205
41792887254
41792887451
41792887059
41792887110
41792887288
41792887203
41792887060
41792887041
41792887202
41792887075
41792887488
41792887198
41792887269
41792887143
41792887106
41792887256
41792887126
41792887197
41792887089
41792887448
41792887411
41792887100
41792887119
41792887069
41792887156
41792887165
41792887167
41792887058
41792887164
41792887082
41792887240
41792887313
41792887334
41792887108
41792887304
41792887123
41792887398
41792887270
41792887159
41792887005
41792887318
41792887178
41792887128
41792887484
41792887153
41792887241
41792887145
41792887378
41792887300
41792887050
41792887066
41792887053
41792887275
41792887137
41792887068
41792887081
41792887299
41792887309
41792887279
41792887228
41792887462
41792887148
41792887656
41792887324
41792887034
41792887109
41792887740
41792887166
41792887183
41792887327
41792887063
41792887547
41792887395
41792887285
41792887404
41792887169
41792887122
41792887307
41792887133
41792887250
41792887472
41792887206
41792887085
41792887292
41792887247
41792887440
41792887134
41792887391
41792887645
41792887103
41792887095
41792887323
41792887356
41792887671
41792887222
41792887207
41792887237
41792887071
41792887437
41792887328
41792887172
41792887838
41792887642
41792887146
41792887466
41792887335
41792887204
41792887230
41792887151
41792887477
41792887367
41792887129
41792887853
41792887355
41792887336
41792887188
41792887564
41792887296
41792887117
41792887281
41792887302
41792887130
41792887899
41792887414
41792887454
41792887074
41792887585
41792887176
41792887181
41792887284
41792887455
41792887333
41792887243
41792887483
41792887863
41792887416
41792887163
41792887576
41792887341
41792887190
41792887601
41792887062
41792887260
41792887312
41792887511
41792887402
41792887051
41792887154
41792887354
41792887113
41792887819
41792887375
41792887617
41792887491
41792887210
41792887185
41792887096
41792887215
41792887266
41792887555
41792887519
41792887162
41792887452
41792887725
41792887286
41792887444
41792887394
41792887238
41792887502
41792887272
41792887664
41792887499
41792887793
41792887851
41792887111
41792887463
41792887346
41792887331
41792887322
41792887492
41792887445
41792887557
41792887655
41792887456
41792887465
41792887380
41792887446
41792887208
41792887474
41792887094
41792887076
41792887427
41792887258
41792887438
41792887218
41792887107
41792887688
41792887673
41792887538
41792887482
41792887325
41792887508
41792887173
41792887911
41792887820
41792887459
41792887097
41792887276
41792887884
41792887475
41792887422
41792887468
41792887352
41792887514
41792887548
41792887955
41792887578
41792887570
41792887245
41792887774
41792887599
41792887220
41792887481
41792887561
41792887745
41792887425
41792887603
41792887384
41792887717
41792887890
41792887184
41792887209
41792887784
41792887457
41792887221
41792887841
41792887686
41792887706
41792887507
41792887359
41792887644
41792887489
41792887268
41792887365
41792887321
41792887850
41792887539
41792887201
41792887657
41792887660
41792887515
41792887506
41792887289
41792887436
41792887654
41792887253
41792887264
41792887303
41792887726
41792887807
41792887283
41792887575
41792887236
41792887771
41792887486
41792887476
41792887679
41792887242
41792887990
41792887822
41792887708
41792887974
41792887920
41792887571
41792887530
41792887738
41792887447
41792887461
41792887772
41792887678
41792887223
41792887823
41792887809
41792887525
41792887896
41792887749
41792887294
41792887783
41792887866
41792887605
41792887339
41792887719
41792887727
41792887358
41792887428
41792887781
41792887387
41792887357
41792887326
41792887799
41792887816
41792887602
41792887518
41792887211
41792887478
41792887435
41792887520
41792887329
41792887803
41792887840
41792887625
41792887737
41792887554
41792887844
41792887415
41792887929
41792887407
41792887353
41792887147
41792887736
41792887373
41792887418
41792887527
41792887684
41792887632
41792887826
41792887730
41792887212
41792887910
41792887676
41792887480
41792887361
41792887842
41792887814
41792887870
41792887701
41792887698
41792887909
41792887662
41792887694
41792887417
41792887389
41792887487
41792887768
41792887854
41792887691
41792887802
41792887319
41792887746
41792887828
41792887712
41792887976
41792887504
41792887986
41792887385
41792887893
41792887470
41792887741
41792887510
41792887493
41792887577
41792887652
41792887798
41792887858
41792887639
41792887886
41792887878
41792887615
41792887817
41792887390
41792887386
41792887340
41792887370
41792887722
41792887628
41792887868
41792887776
41792887550
41792887977
41792887782
41792887707
41792887490
41792887942
41792887426
41792887845
41792887579
41792887633
41792887948
41792887536
41792887583
41792887874
41792887882
41792887938
41792887127
41792887590
41792887944
41792887372
41792887983
41792887586
41792887535
41792887533
41792887856
41792887953
41792887449
41792887526
41792887879
41792887937
41792887663
41792887919
41792887994
41792887566
41792887709
41792887917
41792887659
41792887501
41792887831
41792887479
41792887545
41792887907
41792887677
41792887301
41792887516
41792887956
41792887494
41792887975
41792887646
41792887813
41792887867
41792887963
41792887689
41792887788
41792887925
41792887780
41792887769
41792887957
41792887835
41792887596
41792887675
41792887703
41792887861
41792887522
41792887680
41792887748
41792887951
41792887918
41792887574
41792887981
41792887537
41792887901
41792887442
41792887857
41792887872
41792887852
41792887742
41792887757
41792887968
41792887927
41792887898
41792887715
41792887992
41792887760
41792887800
41792887834
41792887587
41792887412
41792887928
41792887914
41792887764
41792887593
41792887565
41792887558
41792887889
41792887668
41792887892
41792887670
41792887877
41792887763
41792887611
41792887702
41792887756
41792887618
41792887880
41792887930
41792887972
41792887770
41792887194
41792887560
41792887580
41792887940
41792887681
41792887926
41792887988
41792887666
41792887825
41792887818
41792887674
41792887713
41792887815
41792887804
41792887805
41792887883
41792887648
41792887952
41792887581
41792887794
41792887958
41792887718
41792887747
41792887888
41792887837
41792887865
41792887795
41792887875
41792887750
41792887906
41792887778
41792887767
41792887900
41792887970
41792887876
41792887936
41792887801
41792887728
41792887832
41792887993
41792887855
41792887922
41792887775
41792887908
41792887777
41792887971
41792887733
41792887796
41792887947
41792887954
41792887824
41792887934
41792887902
41792887881
41792887987
41792887984
41792887744
41792887923
41792887965
41792887996
41792887710
41792887894
