41791299567
41791299583
41791299569
41791299579
41791299588
41791299578
41791299576
41791299586
41791299574
41791299668
41791299651
41791299693
41791299689
41791299717
41791299711
41791299703
41791299695
41791299636
41791299792
41791299607
41791299691
41791299657
41791299694
41791299656
41791299739
41791299677
41791299593
41791299644
41791299718
41791299684
41791299673
41791299645
41791299642
41791299664
41791299638
41791299653
41791299716
41791299679
41791299710
41791299773
41791300192
41791299661
41791299646
41791299640
41791299680
41791299992
41791299724
41791299637
41791299702
41791299700
41791299771
41791299701
41791299811
41791299958
41791299750
41791299721
41791299715
41791299979
41791299775
41791299712
41791299883
41791299808
41791299699
41791299676
41791300373
41791300196
41791299713
41791299737
41791299982
41791299919
41791299990
41791299770
41791299980
41791299934
41791300276
41791299714
41791299991
41791299916
41791299859
41791299785
41791300051
41791299778
41791299720
41791299971
41791299660
41791299624
41791299742
41791300231
41791300093
41791299672
41791299690
41791299753
41791299687
41791299953
41791299662
41791299963
41791300156
41791299962
41791299947
41791299730
41791299744
41791300275
41791299652
41791299678
41791300299
41791299872
41791299726
41791299663
41791300264
41791299719
41791300400
41791299723
41791299974
41791299942
41791299943
41791300010
41791300048
41791299762
41791299973
41791300140
41791299748
41791300160
41791300318
41791300206
41791300072
41791300089
41791300116
41791300038
41791299910
41791300380
41791300477
41791299817
41791300009
41791299682
41791300161
41791300173
41791299909
41791299911
41791300203
41791300424
41791299936
41791299873
41791299860
41791300022
41791300322
41791300121
41791299966
41791299988
41791300170
41791300138
41791299976
41791300030
41791300260
41791299670
41791299986
41791300039
41791300018
41791299906
41791300198
41791300351
41791300449
41791299994
41791300088
41791300209
41791300059
41791300154
41791300110
41791300115
41791300125
41791299797
41791300332
41791299918
41791300542
41791299915
41791300475
41791299809
41791300136
41791300319
41791300294
41791299965
41791300219
41791300053
41791300078
41791300491
41791300124
41791300308
41791300525
41791300102
41791300129
41791300100
41791300054
41791300063
41791300348
41791299692
41791300476
41791299894
41791300017
41791300095
41791300142
41791299734
41791300249
41791300397
41791300368
41791300441
41791300182
41791299983
41791300033
41791300365
41791300152
41791299978
41791300045
41791300148
41791300174
41791300514
41791300041
41791300258
41791299891
41791300176
41791300208
41791299666
41791300177
41791300536
41791300195
41791300502
41791300025
41791300340
41791300083
41791300419
41791300101
41791300141
41791299893
41791300343
41791300097
41791300427
41791300410
41791300354
41791300485
41791300205
41791300366
41791300006
41791300541
41791300167
41791300293
41791300473
41791300047
41791300150
41791300180
41791299975
41791300224
41791300168
41791300269
41791300500
41791300316
41791299929
41791300312
41791300490
41791300521
41791300143
41791300247
41791300002
41791300375
41791300082
41791300220
41791299728
41791300378
41791300271
41791300065
41791300511
41791300331
41791300412
41791300217
41791300505
41791300466
41791300435
41791300341
41791300049
41791300105
41791300429
41791300321
41791300388
41791299800
41791300237
41791300302
41791300483
41791300465
41791300556
41791300139
41791300120
41791300462
41791300123
41791300391
41791300262
41791300446
41791300303
41791300423
41791300501
41791300539
41791300013
41791299863
41791300291
41791300145
41791300284
41791300550
41791300436
41791300555
41791300454
41791300346
41791300471
41791300317
41791300444
41791300562
41791300531
41791300218
41791300506
41791300498
41791300480
41791300533
41791300426
41791300530
41791298567
41791298581
41791298573
41791298571
41791298569
41791298583
41791298591
41791298574
41791298576
41791298594
41791298588
41791298584
41791298586
41791298577
41791298582
41791298578
41791298570
41791298599
41791298580
41791298595
41791298623
41791298629
41791298597
41791298673
41791298664
41791298725
41791298616
41791298665
41791298893
41791298894
41791298686
41791298729
41791298712
41791298631
41791298653
41791298866
41791298608
41791298635
41791298771
41791298710
41791298658
41791298727
41791298687
41791298760
41791298602
41791298730
41791298699
41791298723
41791298758
41791298816
41791298767
41791298675
41791298628
41791298841
41791298775
41791298864
41791298621
41791298804
41791298890
41791298891
41791298603
41791298649
41791298919
41791298660
41791298636
41791298680
41791298676
41791298642
41791298692
41791298693
41791298697
41791298617
41791298750
41791298968
41791298688
41791298833
41791298721
41791298609
41791298663
41791298661
41791298659
41791298624
41791298677
41791298646
41791298831
41791298640
41791298643
41791298744
41791298634
41791298781
41791298696
41791298637
41791298722
41791298700
41791298656
41791298801
41791299075
41791298672
41791298716
41791298761
41791298846
41791299019
41791298943
41791298690
41791298626
41791298898
41791299190
41791299113
41791298657
41791298867
41791298669
41791298953
41791298784
41791299283
41791298966
41791298914
41791298802
41791298755
41791299171
41791298937
41791298860
41791298969
41791299122
41791299104
41791298909
41791298674
41791298988
41791298625
41791298644
41791298865
41791298842
41791298920
41791298809
41791298908
41791298703
41791298859
41791298984
41791298854
41791298796
41791298986
41791298910
41791298762
41791299012
41791298763
41791298705
41791298741
41791298683
41791299024
41791298974
41791298949
41791298973
41791299009
41791298933
41791299042
41791298736
41791299021
41791299112
41791298654
41791298931
41791298897
41791299280
41791299143
41791299096
41791298698
41791298720
41791298929
41791298958
41791299206
41791298845
41791298904
41791299306
41791298798
41791298955
41791298906
41791298839
41791298765
41791299343
41791299332
41791298709
41791299055
41791298772
41791298903
41791298787
41791299353
41791299182
41791298701
41791298685
41791299195
41791299047
41791298936
41791299489
41791299084
41791299428
41791298930
41791299255
41791299129
41791298837
41791299256
41791298739
41791299094
41791298964
41791298818
41791298952
41791299118
41791298724
41791298768
41791299035
41791299041
41791298946
41791299164
41791299159
41791298715
41791299108
41791299316
41791299155
41791299336
41791298924
41791298759
41791298917
41791298691
41791299200
41791298810
41791299469
41791299001
41791299010
41791298950
41791298899
41791298876
41791298895
41791299224
41791299178
41791299020
41791299056
41791299361
41791298782
41791299219
41791298681
41791298942
41791299245
41791298965
41791299418
41791299130
41791299083
41791299179
41791299199
41791299413
41791298927
41791298694
41791299304
41791299115
41791299359
41791299210
41791299086
41791298779
41791299420
41791298855
41791299266
41791298803
41791299007
41791299120
41791298976
41791299417
41791298956
41791298813
41791299011
41791299000
41791298756
41791298827
41791299406
41791299237
41791299100
41791298774
41791299422
41791299168
41791299054
41791299146
41791299140
41791299340
41791299540
41791299399
41791299338
41791299161
41791299218
41791299317
41791299036
41791299453
41791298982
41791299151
41791299163
41791299213
41791299160
41791299238
41791299409
41791299496
41791299181
41791299114
41791299314
41791299313
41791299093
41791299561
41791299131
41791299495
41791298702
41791299063
41791298872
41791298828
41791298983
41791299442
41791298826
41791299296
41791299243
41791299269
41791298962
41791299162
41791298970
41791299348
41791298941
41791298902
41791299109
41791298971
41791299448
41791298757
41791299282
41791298732
41791299337
41791298800
41791299462
41791298948
41791299230
41791298915
41791299144
41791298862
41791299299
41791298863
41791299064
41791299379
41791299033
41791299376
41791298824
41791299069
41791299391
41791299455
41791299412
41791299132
41791299543
41791299060
41791299107
41791299177
41791299284
41791298820
41791299095
41791299087
41791299246
41791299445
41791299373
41791298843
41791299319
41791299117
41791299440
41791299097
41791298938
41791299252
41791299529
41791299198
41791298913
41791299533
41791299137
41791299510
41791299152
41791299089
41791299394
41791299374
41791299416
41791299472
41791298848
41791299552
41791298911
41791299111
41791299260
41791299530
41791299509
41791299551
41791299457
41791299247
41791298926
41791299380
41791299326
41791299208
41791299556
41791299126
41791298856
41791299411
41791299026
41791299136
41791299531
41791299483
41791299216
41791299553
41791299234
41791299258
41791298981
41791298907
41791299499
41791299184
41791298998
41791298992
41791299211
41791299507
41791299426
41791299474
41791299004
41791299251
41791299349
41791299291
41791299265
41791299295
41791299388
41791299492
41791299506
41791299287
41791298994
41791299157
41791299356
41791298989
41791299080
41791299239
41791299330
41791299300
41791299532
41791299461
41791299201
41791299398
41791299433
41791299053
41791299544
41791299355
41791299444
41791299548
41791298921
41791299432
41791299005
41791299154
41791299425
41791299486
41791299059
41791299395
41791299127
41791299289
41791299119
41791299322
41791298980
41791299335
41791299345
41791299539
41791299188
41791299466
41791299248
41791299494
41791299538
41791299257
41791299116
41791299346
41791299546
41791299381
41791298995
41791299488
41791299438
41791299263
41791299241
41791299221
41791299081
41791299072
41791299535
41791299384
41791299508
41791299003
41791299512
41791299452
41791299352
41791299558
41791299228
41791299367
41791299519
41791299175
41791299534
41791299524
41791299194
41791299153
41791299270
41791299229
41791299334
41791299233
41791299427
41791299351
41791299342
41791299285
41791299550
41791299302
41791299434
41791299537
41791299451
41791299536
41791299392
41791299278
41791299456
41791299329
41791299542
41791299476
41791299497
41791299410
41791299522
41791299423
41791299441
41791300567
41791300572
41791300595
41791300596
41791300587
41791300586
41791300573
41791300627
41791300637
41791300660
41791300621
41791300620
41791300622
41791300737
41791300668
41791300720
41791300707
41791300835
41791300677
41791300611
41791301093
41791300848
41791300642
41791300691
41791300702
41791300619
41791300868
41791300617
41791300606
41791300916
41791300710
41791300634
41791300623
41791300829
41791300757
41791300693
41791300777
41791300932
41791300685
41791300649
41791300977
41791300989
41791300618
41791301013
41791300985
41791301234
41791300934
41791300926
41791301005
41791300945
41791300913
41791300896
41791300716
41791300753
41791300869
41791301007
41791301232
41791300937
41791301193
41791300695
41791300878
41791300704
41791300822
41791300788
41791300744
41791300828
41791300661
41791300607
41791300886
41791301012
41791301068
41791300919
41791300860
41791300738
41791300936
41791300766
41791301115
41791300823
41791300898
41791301075
41791300789
41791301190
41791301239
41791300811
41791300708
41791301056
41791300967
41791300928
41791300734
41791300933
41791301313
41791300953
41791301030
41791300791
41791300965
41791301399
41791301090
41791300990
41791300854
41791301111
41791300949
41791301017
41791300950
41791300808
41791300988
41791300917
41791301117
41791300806
41791300825
41791301360
41791300658
41791301515
41791301018
41791301094
41791300643
41791300922
41791300741
41791301280
41791301311
41791300648
41791301288
41791300931
41791300837
41791301063
41791301118
41791300874
41791301428
41791301150
41791301029
41791301552
41791301238
41791301339
41791301470
41791301161
41791301345
41791301329
41791301200
41791301293
41791301130
41791301041
41791300927
41791301066
41791301003
41791301410
41791301000
41791301009
41791300736
41791301261
41791301134
41791300864
41791301159
41791301177
41791301122
41791301168
41791300831
41791301058
41791301561
41791301305
41791301157
41791301211
41791301278
41791301054
41791301160
41791300800
41791301379
41791300899
41791301312
41791301132
41791301292
41791301082
41791301144
41791301205
41791301207
41791301235
41791301043
41791301421
41791301047
41791301125
41791301456
41791301133
41791301373
41791301401
41791301010
41791300935
41791301328
41791301226
41791301483
41791301306
41791301255
41791301505
41791301037
41791300849
41791301183
41791300756
41791301370
41791301070
41791301044
41791301102
41791301105
41791301442
41791301522
41791301087
41791301303
41791300992
41791300914
41791301377
41791301170
41791301120
41791301391
41791301202
41791301149
41791301458
41791301237
41791301378
41791300920
41791301060
41791301135
41791301459
41791301230
41791301212
41791301008
41791300970
41791301049
41791301024
41791301560
41791301323
41791301162
41791301486
41791301273
41791301388
41791301199
41791301195
41791301215
41791301163
41791301301
41791301113
41791301454
41791301218
41791301297
41791301409
41791300884
41791301059
41791301189
41791300901
41791301499
41791301398
41791301188
41791301224
41791301359
41791301361
41791301289
41791301302
41791301181
41791301393
41791301414
41791301276
41791301126
41791301460
41791301472
41791301422
41791301487
41791301498
41791301550
41791294567
41791294582
41791294583
41791294571
41791294568
41791294597
41791294598
41791294578
41791294577
41791294585
41791294572
41791294574
41791294592
41791294573
41791294576
41791294600
41791294605
41791294689
41791294700
41791294761
41791294831
41791294645
41791294650
41791294926
41791294603
41791294639
41791294644
41791294675
41791294610
41791294602
41791294628
41791294623
41791294643
41791294652
41791294624
41791294743
41791294620
41791294664
41791294752
41791294690
41791294712
41791294651
41791294684
41791294945
41791294782
41791294682
41791294884
41791294691
41791294879
41791294803
41791294634
41791294653
41791294908
41791294640
41791294614
41791294724
41791294946
41791294841
41791294680
41791294670
41791294746
41791294741
41791294656
41791294912
41791294875
41791294683
41791294870
41791294796
41791294721
41791294807
41791294673
41791294710
41791294750
41791294811
41791294621
41791294987
41791294785
41791294674
41791294692
41791294699
41791294729
41791294611
41791295059
41791294992
41791294732
41791294828
41791294974
41791294679
41791294779
41791294965
41791294783
41791294784
41791294849
41791294723
41791294805
41791294655
41791294799
41791294777
41791295016
41791294667
41791294662
41791294707
41791294660
41791295023
41791295012
41791294768
41791294764
41791295027
41791295055
41791295235
41791294677
41791294641
41791294948
41791294669
41791294788
41791295201
41791295037
41791294665
41791294705
41791294937
41791294943
41791294873
41791294973
41791294922
41791295106
41791294953
41791294688
41791294638
41791294716
41791295103
41791294800
41791294763
41791295397
41791294880
41791295115
41791294813
41791294852
41791294745
41791294618
41791294855
41791294821
41791294833
41791294727
41791294760
41791294977
41791294730
41791295003
41791295271
41791295028
41791294874
41791295241
41791294858
41791295072
41791295419
41791294636
41791295284
41791294897
41791295047
41791295109
41791294816
41791294744
41791295009
41791295070
41791294719
41791294854
41791294731
41791295169
41791294792
41791295355
41791294819
41791294958
41791294924
41791295094
41791294888
41791294815
41791294642
41791295044
41791294845
41791294954
41791294728
41791295004
41791295110
41791295029
41791294787
41791294955
41791295052
41791294856
41791295148
41791294769
41791295040
41791294722
41791295071
41791294857
41791294882
41791294986
41791294921
41791294866
41791294619
41791295345
41791295091
41791295525
41791295042
41791295216
41791295253
41791295141
41791294891
41791294918
41791295152
41791295033
41791295093
41791295008
41791294820
41791295031
41791295120
41791295180
41791294840
41791295087
41791294876
41791294748
41791295171
41791294999
41791294951
41791295222
41791295291
41791295500
41791295131
41791294747
41791294775
41791295096
41791294737
41791294835
41791295314
41791294863
41791294941
41791294801
41791294869
41791295310
41791295175
41791294938
41791294851
41791294906
41791295257
41791294778
41791294817
41791294802
41791295128
41791294825
41791295182
41791295505
41791294837
41791295317
41791294829
41791294929
41791295230
41791295286
41791295264
41791295036
41791294895
41791294781
41791295328
41791294996
41791294853
41791295118
41791295121
41791295300
41791295270
41791295238
41791294871
41791295168
41791294969
41791295082
41791295343
41791295038
41791294704
41791295363
41791295039
41791295007
41791295396
41791294789
41791294893
41791294909
41791295011
41791295108
41791295542
41791295231
41791294920
41791294985
41791294822
41791295325
41791294966
41791295401
41791295176
41791295364
41791295292
41791294790
41791295404
41791294846
41791295243
41791295050
41791294975
41791295112
41791295388
41791295221
41791294981
41791294810
41791294786
41791295316
41791294808
41791295293
41791295413
41791295263
41791295125
41791295058
41791295165
41791295236
41791294877
41791295144
41791295368
41791295369
41791295046
41791295392
41791295462
41791295142
41791295199
41791295247
41791294982
41791295496
41791294935
41791295526
41791295067
41791295002
41791295372
41791295101
41791294970
41791295261
41791295030
41791295043
41791294971
41791295026
41791295013
41791294928
41791294936
41791295010
41791294861
41791295330
41791295426
41791295149
41791294776
41791294998
41791295428
41791295456
41791295533
41791295283
41791295204
41791295213
41791295501
41791295537
41791295424
41791295547
41791295237
41791295451
41791295290
41791295272
41791295215
41791295418
41791295218
41791295127
41791294892
41791295288
41791295156
41791295057
41791295197
41791295157
41791295190
41791294889
41791294989
41791294933
41791295084
41791295450
41791295464
41791295445
41791294932
41791294950
41791294995
41791294968
41791295146
41791295408
41791295178
41791294978
41791294984
41791295242
41791295083
41791295239
41791295151
41791294913
41791295518
41791295543
41791295370
41791295155
41791295506
41791295340
41791295507
41791295348
41791295062
41791295352
41791295226
41791295256
41791295024
41791295395
41791295162
41791295053
41791294979
41791295203
41791295017
41791295102
41791295315
41791295060
41791295495
41791294962
41791294907
41791295045
41791295434
41791295323
41791295159
41791295336
41791295365
41791295359
41791295303
41791295351
41791295280
41791295245
41791295133
41791295459
41791295136
41791295105
41791295220
41791295089
41791295422
41791295277
41791295461
41791295346
41791295349
41791295333
41791295539
41791295513
41791295183
41791295202
41791294967
41791295405
41791295206
41791295483
41791295327
41791295185
41791295181
41791295335
41791295484
41791295491
41791295065
41791295244
41791295431
41791294910
41791295191
41791295179
41791295273
41791294980
41791295465
41791295302
41791295534
41791295251
41791295371
41791295124
41791295389
41791295468
41791295269
41791295224
41791295528
41791295116
41791295214
41791295481
41791295313
41791295398
41791295227
41791295487
41791295337
41791295486
41791295332
41791295252
41791295299
41791295478
41791295240
41791295504
41791295341
41791295458
41791295444
41791295130
41791295538
41791295296
41791295312
41791295274
41791295563
41791295393
41791295410
41791295499
41791295475
41791295311
41791295522
41791295512
41791295265
41791295289
41791295523
41791295386
41791295321
41791295320
41791295287
41791295339
41791295423
41791295442
41791295555
41791295479
41791295367
41791295435
41791295076
41791295471
41791295441
41791295324
41791295531
41791295553
41791295448
41791295421
41791295532
41791295466
41791295457
41791295480
41791295305
41791295406
41791295279
41791295536
41791303567
41791303584
41791303587
41791303598
41791303647
41791303735
41791303607
41791303602
41791303627
41791303613
41791303651
41791303625
41791303684
41791303616
41791303610
41791303612
41791303764
41791303619
41791303614
41791303675
41791303628
41791303621
41791303860
41791303653
41791303710
41791303851
41791303791
41791303654
41791303696
41791303629
41791303758
41791303633
41791303642
41791303661
41791303611
41791303871
41791303691
41791303662
41791303802
41791303743
41791303677
41791303626
41791303636
41791303698
41791303705
41791303630
41791303782
41791303874
41791303821
41791303731
41791303640
41791303900
41791303703
41791303615
41791303899
41791303915
41791303769
41791303644
41791303837
41791303881
41791303751
41791303708
41791303813
41791303877
41791303824
41791303737
41791303803
41791303801
41791303822
41791303799
41791303739
41791303859
41791303879
41791303826
41791303773
41791303918
41791303939
41791304065
41791304023
41791303957
41791303970
41791304027
41791304026
41791303974
41791304095
41791304006
41791304114
41791304047
41791304055
41791303972
41791304034
41791304209
41791304024
41791304030
41791304160
41791303987
41791304232
41791303978
41791304166
41791303950
41791304058
41791304080
41791304123
41791304000
41791303990
41791304050
41791304147
41791304230
41791304009
41791304141
41791304157
41791304020
41791304181
41791304289
41791304343
41791304300
41791304435
41791304407
41791304370
41791304386
41791304436
41791304393
41791304445
41791304444
41791304434
41791304439
41791304446
41791304524
41791304497
41791304459
41791304501
41791304491
41791304455
41791304482
41791304510
41791304515
41791304555
41791304560
41791304563
41791304554
41791304545
41791297596
41791297569
41791297587
41791297583
41791297572
41791297585
41791297584
41791297575
41791297590
41791297581
41791297582
41791297571
41791297574
41791297578
41791297589
41791297598
41791297597
41791297688
41791297766
41791297607
41791297626
41791297637
41791297604
41791297652
41791297660
41791297681
41791297646
41791297675
41791297639
41791297717
41791297810
41791297843
41791297888
41791297670
41791297693
41791297905
41791297706
41791297721
41791297742
41791297725
41791297671
41791297610
41791297691
41791297608
41791297632
41791297602
41791297805
41791297662
41791297655
41791297672
41791297808
41791297926
41791297705
41791297780
41791297618
41791297774
41791297600
41791297887
41791297822
41791297832
41791297629
41791297603
41791297792
41791297747
41791297811
41791297636
41791297689
41791297710
41791297619
41791297698
41791297711
41791297643
41791297812
41791297653
41791297802
41791297923
41791297973
41791297695
41791297735
41791297679
41791298003
41791297777
41791297937
41791297938
41791297838
41791297658
41791297883
41791297885
41791297899
41791297775
41791297793
41791297674
41791297794
41791297983
41791297692
41791297954
41791298027
41791297913
41791297743
41791297849
41791297920
41791297750
41791297754
41791298042
41791297645
41791297820
41791298190
41791298230
41791297714
41791297910
41791297886
41791297783
41791297707
41791297815
41791297763
41791298056
41791298314
41791297713
41791298189
41791298120
41791298078
41791297877
41791297769
41791297821
41791298068
41791297966
41791297790
41791297968
41791298071
41791297949
41791298207
41791298023
41791297683
41791297975
41791297990
41791297922
41791297845
41791297765
41791298122
41791297931
41791297734
41791298102
41791298007
41791298111
41791297996
41791298092
41791298169
41791297847
41791298145
41791297948
41791297803
41791298077
41791297771
41791297701
41791297748
41791297827
41791297819
41791298148
41791297749
41791297760
41791298075
41791297801
41791297915
41791297969
41791297912
41791298106
41791297673
41791297678
41791298239
41791297940
41791297881
41791297824
41791298104
41791297844
41791297889
41791297882
41791297767
41791297875
41791297724
41791297729
41791298290
41791297752
41791298013
41791297974
41791297925
41791298215
41791297709
41791297918
41791297813
41791297857
41791297654
41791298000
41791298126
41791298136
41791298004
41791298350
41791297732
41791298295
41791298434
41791297874
41791298091
41791297840
41791298057
41791297798
41791297993
41791297876
41791297952
41791297869
41791297786
41791298447
41791298006
41791297960
41791297727
41791297776
41791297956
41791297987
41791297795
41791298110
41791298343
41791298182
41791298249
41791297834
41791297914
41791297884
41791297731
41791297848
41791298173
41791298115
41791298149
41791298051
41791298435
41791297998
41791297979
41791298005
41791297943
41791298398
41791297677
41791298183
41791298285
41791298066
41791297924
41791298059
41791297782
41791297817
41791297694
41791298199
41791297764
41791297933
41791298154
41791298119
41791298109
41791298507
41791297755
41791298170
41791297900
41791297955
41791298060
41791298306
41791298330
41791298542
41791298135
41791298468
41791297946
41791298053
41791298175
41791298050
41791298080
41791298192
41791297893
41791297746
41791298198
41791298025
41791297708
41791298179
41791298550
41791298202
41791297700
41791298325
41791298063
41791297935
41791298413
41791298478
41791297932
41791298055
41791297953
41791298088
41791298076
41791298439
41791297739
41791298213
41791297861
41791298309
41791298234
41791298141
41791298012
41791297873
41791298313
41791297854
41791298129
41791298280
41791298014
41791297957
41791298049
41791298043
41791298140
41791297965
41791298250
41791298296
41791298201
41791297970
41791298286
41791297736
41791298130
41791297814
41791298226
41791298547
41791298112
41791298206
41791297962
41791298455
41791298157
41791298517
41791298349
41791298138
41791298474
41791298334
41791298139
41791298271
41791297999
41791298418
41791298257
41791298297
41791298113
41791298194
41791298506
41791298087
41791298228
41791298146
41791297947
41791298518
41791298495
41791298291
41791298039
41791298347
41791297981
41791298134
41791297897
41791297902
41791297944
41791298241
41791298556
41791298180
41791298471
41791297816
41791298058
41791298203
41791298535
41791298073
41791298081
41791298374
41791298262
41791298209
41791298219
41791298443
41791298322
41791298279
41791298449
41791298029
41791298530
41791298090
41791298266
41791298177
41791298328
41791298083
41791298444
41791298176
41791298401
41791298252
41791298546
41791298208
41791298222
41791298392
41791297866
41791298001
41791298217
41791298433
41791298026
41791298082
41791298400
41791298482
41791298010
41791298065
41791298319
41791298116
41791298288
41791298245
41791298274
41791298108
41791298311
41791298216
41791298205
41791298307
41791298555
41791298451
41791298303
41791298236
41791298181
41791297858
41791298440
41791298210
41791298178
41791298525
41791298155
41791297839
41791298538
41791298331
41791297868
41791298464
41791298430
41791298456
41791298475
41791297799
41791298284
41791298497
41791298539
41791298242
41791297921
41791298516
41791298150
41791298258
41791298395
41791298069
41791298321
41791298500
41791297894
41791298333
41791297830
41791297939
41791298164
41791298486
41791298369
41791298502
41791298563
41791298501
41791298020
41791297850
41791298324
41791298137
41791298522
41791298511
41791298094
41791298487
41791298357
41791298385
41791297951
41791298335
41791298276
41791298355
41791298390
41791298560
41791298227
41791298473
41791298214
41791298461
41791298512
41791298233
41791298259
41791298362
41791298248
41791298300
41791298105
41791298545
41791298564
41791298426
41791297928
41791297941
41791298438
41791297880
41791298379
41791297853
41791298340
41791298523
41791298040
41791298549
41791298260
41791298156
41791298278
41791298387
41791298450
41791298368
41791298493
41791298543
41791298103
41791298272
41791298380
41791298404
41791298009
41791298532
41791298509
41791298265
41791298399
41791298470
41791297972
41791298508
41791298316
41791298408
41791298445
41791298490
41791298125
41791298552
41791298151
41791298345
41791298302
41791298052
41791298405
41791298292
41791298479
41791298224
41791298524
41791298481
41791298358
41791298510
41791298384
41791298161
41791298403
41791298551
41791298458
41791298354
41791298540
41791298459
41791298425
41791298505
41791298448
41791297896
41791298067
41791298402
41791298460
41791295579
41791295617
41791295574
41791295583
41791295569
41791295647
41791295606
41791295656
41791295576
41791295581
41791295675
41791295693
41791295750
41791295570
41791295701
41791295709
41791295804
41791295582
41791295591
41791295760
41791295605
41791295878
41791295938
41791295818
41791295729
41791295624
41791295627
41791295641
41791295590
41791295686
41791295661
41791295788
41791295779
41791295736
41791295761
41791295649
41791295608
41791295979
41791295586
41791295619
41791295616
41791295865
41791295634
41791295742
41791295891
41791295598
41791295756
41791296197
41791295658
41791295665
41791295953
41791295720
41791295794
41791295663
41791295607
41791295651
41791295633
41791295642
41791295652
41791295688
41791295573
41791295700
41791295659
41791295670
41791296340
41791295702
41791295694
41791295739
41791295961
41791295706
41791295730
41791296040
41791295749
41791295737
41791295687
41791295837
41791295638
41791295632
41791295653
41791295930
41791296029
41791296101
41791296069
41791295793
41791295637
41791295861
41791295813
41791295778
41791295671
41791296010
41791295654
41791296126
41791295777
41791295769
41791295753
41791295785
41791295746
41791296173
41791295770
41791296039
41791295766
41791295604
41791295648
41791295781
41791295800
41791295676
41791296493
41791295704
41791295872
41791295925
41791295662
41791295738
41791295636
41791295927
41791295768
41791296015
41791296084
41791296049
41791296166
41791295799
41791295674
41791296006
41791296150
41791296277
41791296435
41791296159
41791295997
41791296018
41791296051
41791296099
41791295803
41791295814
41791295680
41791296026
41791295763
41791296087
41791295764
41791295977
41791295935
41791295948
41791296328
41791296220
41791295942
41791296149
41791296065
41791295988
41791296405
41791295881
41791296267
41791295918
41791296130
41791295970
41791296538
41791296089
41791295807
41791295696
41791295998
41791296325
41791296374
41791295748
41791296441
41791296155
41791295990
41791296313
41791296253
41791295850
41791295679
41791296118
41791296262
41791296056
41791296030
41791295786
41791295991
41791296117
41791295682
41791296031
41791295774
41791296022
41791295994
41791296024
41791296078
41791296456
41791295806
41791296128
41791295697
41791295765
41791296080
41791296012
41791295699
41791296202
41791296327
41791296105
41791296025
41791296059
41791295787
41791296007
41791296177
41791296336
41791296054
41791296201
41791296239
41791296231
41791296392
41791296264
41791296266
41791296386
41791295896
41791296207
41791296110
41791296388
41791296379
41791296038
41791295856
41791295906
41791296085
41791296228
41791295798
41791296001
41791296048
41791295995
41791296104
41791295767
41791296176
41791296077
41791296469
41791296160
41791295816
41791296161
41791296244
41791295985
41791296081
41791296331
41791296184
41791296044
41791296005
41791296043
41791296013
41791296485
41791296000
41791296237
41791296407
41791296124
41791296061
41791296093
41791296484
41791296052
41791296362
41791296274
41791296115
41791296312
41791296192
41791295895
41791296502
41791296045
41791296086
41791295937
41791296028
41791296236
41791296271
41791296193
41791296447
41791296411
41791296416
41791296196
41791296460
41791296240
41791295987
41791296164
41791296415
41791296448
41791296412
41791296420
41791295819
41791296121
41791296256
41791296034
41791296452
41791296140
41791296444
41791296309
41791296503
41791296513
41791296549
41791296428
41791296223
41791296097
41791296310
41791295929
41791296505
41791296387
41791296490
41791296300
41791296172
41791296211
41791296509
41791295907
41791296470
41791296027
41791296324
41791296091
41791296437
41791295705
41791296190
41791296323
41791295993
41791296095
41791296365
41791296293
41791296189
41791295940
41791296394
41791296477
41791296178
41791296515
41791296356
41791296076
41791296455
41791296191
41791296471
41791296221
41791296092
41791296499
41791295989
41791296352
41791296019
41791296518
41791296440
41791295733
41791295883
41791296230
41791295745
41791296360
41791296373
41791296227
41791296510
41791296526
41791296429
41791296212
41791296453
41791296185
41791296478
41791296425
41791296482
41791296351
41791296521
41791296205
41791296298
41791296506
41791296423
41791295913
41791296260
41791295983
41791296251
41791296449
41791296553
41791296358
41791296564
41791295771
41791296442
41791296282
41791296273
41791295941
41791296446
41791296353
41791296558
41791296559
41791296401
41791296389
41791296554
41791296522
41791296242
41791295792
41791296263
41791295996
41791295912
41791296552
41791296433
41791296431
41791296194
41791296151
41791296421
41791296203
41791296364
41791296501
41791296476
41791296357
41791296096
41791295931
41791296284
41791296333
41791296488
41791296500
41791296551
41791296127
41791296391
41791295815
41791296376
41791296359
41791296439
41791296508
41791296082
41791296539
41791296560
41791296410
41791296544
41791296147
41791296524
41791296463
41791296419
41791296454
41791296295
41791296480
41791296337
41791296355
41791296531
41791296467
41791296375
41791296430
41791296249
41791296408
41791296567
41791296584
41791296591
41791296570
41791296580
41791296572
41791296577
41791296587
41791296596
41791296573
41791296583
41791296581
41791296568
41791296586
41791296630
41791296594
41791296601
41791296652
41791296657
41791296638
41791296659
41791296663
41791296692
41791296705
41791296693
41791296683
41791296701
41791296609
41791296780
41791296681
41791296629
41791296796
41791296646
41791296778
41791296649
41791296670
41791296637
41791296631
41791296719
41791296731
41791296935
41791296648
41791296764
41791296600
41791296606
41791296678
41791296613
41791296620
41791296808
41791296621
41791296617
41791296653
41791296699
41791296650
41791296668
41791296671
41791296632
41791296644
41791296776
41791296795
41791296723
41791296860
41791296636
41791296616
41791296686
41791296677
41791296717
41791296639
41791296687
41791296645
41791296889
41791296833
41791296679
41791296928
41791296800
41791296762
41791296669
41791296662
41791296773
41791296702
41791296656
41791296865
41791296715
41791296781
41791296732
41791296744
41791296720
41791296742
41791296835
41791296740
41791297112
41791296990
41791297193
41791296790
41791297019
41791296691
41791297020
41791296881
41791296734
41791296960
41791296855
41791296682
41791296647
41791296957
41791296973
41791296661
41791297016
41791296783
41791297157
41791297047
41791296660
41791296888
41791296950
41791296784
41791296847
41791296676
41791297006
41791296749
41791296680
41791296688
41791296947
41791296965
41791296901
41791296666
41791297018
41791297097
41791296769
41791296714
41791296792
41791296708
41791297448
41791296703
41791296736
41791297070
41791297465
41791296866
41791296943
41791296747
41791297504
41791297208
41791296697
41791297052
41791296857
41791297285
41791296940
41791297010
41791296766
41791296882
41791296614
41791296694
41791297191
41791297024
41791296794
41791296988
41791296920
41791297004
41791296779
41791296961
41791297222
41791297156
41791296975
41791297103
41791296955
41791297430
41791297021
41791296917
41791296718
41791296758
41791297395
41791296883
41791297054
41791296856
41791297049
41791296844
41791297290
41791296689
41791297162
41791297175
41791296912
41791297262
41791297359
41791297225
41791296994
41791296831
41791296804
41791297119
41791296854
41791296896
41791297111
41791297100
41791296911
41791296774
41791296810
41791296898
41791297254
41791297166
41791296787
41791296894
41791296986
41791296861
41791297340
41791297402
41791296918
41791297083
41791297260
41791297146
41791296757
41791296706
41791296876
41791297035
41791297152
41791297419
41791297136
41791296936
41791297234
41791297128
41791297348
41791297184
41791297000
41791296874
41791297028
41791296981
41791297050
41791297294
41791297151
41791296849
41791296859
41791296761
41791297190
41791296797
41791297178
41791297316
41791297055
41791297239
41791297072
41791297030
41791297306
41791297141
41791297171
41791297060
41791297022
41791296921
41791296798
41791296837
41791297394
41791296782
41791296934
41791297415
41791296878
41791296945
41791297068
41791296788
41791297351
41791296997
41791297271
41791296817
41791297036
41791297398
41791296843
41791297361
41791297241
41791297532
41791297408
41791296992
41791297382
41791297227
41791297061
41791297305
41791297252
41791297063
41791297500
41791297176
41791297117
41791297158
41791297066
41791296887
41791297501
41791297246
41791296949
41791297092
41791296948
41791296870
41791297039
41791297059
41791297418
41791297381
41791296978
41791297489
41791297131
41791297140
41791297287
41791297205
41791296963
41791297040
41791296964
41791297077
41791297286
41791297466
41791297134
41791297278
41791297235
41791297203
41791297003
41791296871
41791297002
41791297064
41791297429
41791297495
41791297005
41791297200
41791296851
41791297321
41791297326
41791297173
41791297084
41791297322
41791297113
41791297253
41791297273
41791297399
41791297245
41791297037
41791297058
41791297108
41791297431
41791297389
41791297251
41791297548
41791297250
41791296919
41791297401
41791297116
41791297041
41791296998
41791297534
41791297336
41791297300
41791297452
41791297531
41791297343
41791297160
41791296991
41791297360
41791297378
41791297410
41791297120
41791297118
41791297390
41791297209
41791297153
41791297188
41791296727
41791297148
41791297498
41791297324
41791297445
41791296853
41791297451
41791297528
41791297220
41791297333
41791297062
41791296926
41791297318
41791297172
41791297545
41791296886
41791297553
41791297330
41791297508
41791297268
41791297310
41791297354
41791297127
41791297255
41791297467
41791297319
41791297367
41791297375
41791297211
41791297405
41791296980
41791297051
41791297542
41791297392
41791296933
41791297236
41791297214
41791297470
41791297313
41791297291
41791297329
41791297071
41791297266
41791297515
41791297380
41791297270
41791297511
41791297337
41791297356
41791297473
41791297456
41791297216
41791297479
41791297189
41791297289
41791297283
41791297538
41791297244
41791297090
41791297129
41791296977
41791297468
41791297332
41791297339
41791297221
41791297032
41791297541
41791297350
41791297370
41791297257
41791297323
41791297197
41791297450
41791297426
41791297481
41791297513
41791297506
41791297091
41791297421
41791297404
41791297487
41791297248
41791297303
41791297502
41791297512
41791297555
41791297301
41791297543
41791297311
41791297347
41791297133
41791297564
41791297114
41791297308
41791297455
41791297558
41791297536
41791297546
41791297480
41791297240
41791297335
41791297393
41791297559
41791296958
41791297462
41791297443
41791297509
41791297379
41791297015
41791297279
41791297346
41791297412
41791297560
41791297484
41791297472
41791297482
41791297549
41791302572
41791302644
41791302829
41791302669
41791302569
41791302778
41791302631
41791302711
41791302951
41791302797
41791302762
41791302961
41791302621
41791302758
41791303061
41791302761
41791303182
41791303123
41791302629
41791302870
41791302728
41791302914
41791302586
41791302757
41791302692
41791302602
41791302652
41791302615
41791302619
41791302712
41791302642
41791303086
41791302663
41791302850
41791303018
41791302766
41791302897
41791302607
41791303120
41791303059
41791302918
41791302628
41791302866
41791302816
41791302774
41791303092
41791303012
41791303039
41791302751
41791303221
41791302750
41791303009
41791302825
41791302889
41791302858
41791303419
41791302957
41791302823
41791302976
41791302809
41791302798
41791302748
41791303222
41791303199
41791302790
41791303099
41791303337
41791302727
41791303132
41791303426
41791302860
41791302803
41791303122
41791302784
41791302701
41791302767
41791303420
41791303043
41791303418
41791303042
41791303313
41791303066
41791303241
41791303032
41791302959
41791302828
41791303127
41791303163
41791302821
41791303093
41791303551
41791302964
41791302936
41791302955
41791303000
41791302740
41791302754
41791303151
41791303030
41791303386
41791302630
41791303242
41791303344
41791302906
41791303083
41791303495
41791302994
41791302893
41791302929
41791302777
41791303001
41791303084
41791302969
41791303234
41791302931
41791302867
41791303044
41791303317
41791303547
41791303270
41791303047
41791303380
41791303146
41791303436
41791303200
41791303050
41791302920
41791303006
41791302937
41791302999
41791303007
41791303486
41791303186
41791302925
41791303125
41791303230
41791303442
41791303058
41791303404
41791303218
41791303198
41791303341
41791303462
41791303190
41791303107
41791303208
41791303209
41791303308
41791303102
41791303293
41791302941
41791302909
41791303060
41791303274
41791303335
41791303535
41791303417
41791303135
41791303031
41791303282
41791302907
41791302878
41791303082
41791303504
41791303232
41791303365
41791303004
41791303037
41791303435
41791303508
41791303348
41791303446
41791303458
41791303219
41791303443
41791302940
41791303315
41791303346
41791303292
41791303026
41791303301
41791303079
41791302933
41791303053
41791303216
41791303252
41791303343
41791303071
41791303115
41791303117
41791303373
41791303105
41791303291
41791303464
41791303289
41791303130
41791303333
41791303437
41791303223
41791303167
41791303312
41791303444
41791303393
41791302942
41791303563
41791303305
41791303131
41791303432
41791303271
41791303095
41791303238
41791303388
41791303428
41791303474
41791303392
41791303396
41791303309
41791303408
41791303461
41791303407
41791303490
41791303267
41791303116
41791303377
41791303527
41791303265
41791303507
41791303210
41791303247
41791303414
41791303266
41791303488
41791303534
41791303322
41791303431
41791301592
41791301573
41791301598
41791301572
41791301597
41791301593
41791301713
41791301709
41791301644
41791301727
41791301730
41791301840
41791301687
41791301745
41791301731
41791301684
41791301755
41791302044
41791301690
41791301615
41791301726
41791301636
41791301705
41791301633
41791301640
41791301787
41791301776
41791301831
41791301930
41791301841
41791302137
41791301969
41791301664
41791301892
41791301665
41791301866
41791301657
41791301810
41791301699
41791301887
41791301879
41791301792
41791301717
41791301786
41791301651
41791301716
41791301576
41791301910
41791301876
41791301854
41791301802
41791301843
41791301812
41791301748
41791302129
41791301689
41791302191
41791301793
41791301808
41791301774
41791301797
41791302128
41791301859
41791302425
41791302052
41791302073
41791301925
41791302075
41791302042
41791301682
41791301805
41791301903
41791301826
41791301676
41791301818
41791302145
41791301754
41791301923
41791302310
41791301960
41791301870
41791302343
41791302001
41791301825
41791302093
41791301894
41791302155
41791302007
41791301952
41791302061
41791302020
41791302409
41791302213
41791302258
41791302168
41791302323
41791302031
41791301978
41791301973
41791301882
41791302002
41791301956
41791302065
41791302016
41791302321
41791302157
41791301820
41791302228
41791302401
41791302219
41791302163
41791302039
41791301983
41791302062
41791302206
41791301996
41791301965
41791302386
41791302147
41791302143
41791302222
41791301845
41791302050
41791302025
41791302153
41791302121
41791301951
41791302254
41791302531
41791302537
41791302316
41791302127
41791302339
41791302290
41791302196
41791302350
41791302344
41791302212
41791302189
41791302059
41791301985
41791302553
41791302482
41791302030
41791302266
41791302342
41791302282
41791302000
41791302353
41791302173
41791302071
41791302483
41791302502
41791301949
41791302064
41791302294
41791302510
41791302550
41791302142
41791302331
41791302445
41791302556
41791302079
41791302461
41791302378
41791302426
41791302525
41791302283
41791302313
41791302481
41791302341
41791302357
41791302470
41791302248
41791302555
41791302336
41791302558
41791302412
