41767635000
41767635021
41767635012
41767635006
41767635029
41767635004
41767635008
41767635027
41767635030
41767635240
41767635180
41767635279
41767635045
41767635069
41767635361
41767635219
41767635095
41767635264
41767635063
41767635200
41767635038
41767635665
41767635258
41767635178
41767635430
41767635141
41767635464
41767635403
41767635524
41767635339
41767635268
41767635393
41767635406
41767635674
41767635144
41767635192
41767635459
41767635355
41767635938
41767635402
41767635510
41767635472
41767635448
41767635833
41767635975
41767635455
41767635904
41767635474
41767635571
41767635649
41767635866
41767635946
41767635810
41767635505
41767635702
41767635881
41767635371
41767635848
41767635394
41767635671
41767635826
41767635599
41767635651
41767635712
41767635750
41767635795
41767635575
41767635936
41767635900
41767635533
41767635770
41767635682
41767635731
41767635754
41767635792
41767634005
41767634035
41767634270
41767634062
41767634118
41767634144
41767634069
41767634057
41767634105
41767634152
41767634102
41767634243
41767634303
41767634232
41767634200
41767634119
41767634296
41767634195
41767634330
41767634336
41767634235
41767634306
41767634277
41767634316
41767634226
41767634208
41767634266
41767634183
41767634469
41767634402
41767634445
41767634543
41767634446
41767634553
41767634517
41767634529
41767634589
41767634410
41767634668
41767634545
41767634611
41767634660
41767634512
41767634483
41767634521
41767634520
41767634691
41767634666
41767634534
41767634661
41767634651
41767634671
41767634561
41767634610
41767634743
41767634746
41767634744
41767634748
41767634755
41767634829
41767634794
41767634825
41767634841
41767634887
41767634868
41767634891
41767634892
41767634908
41767634896
41767634905
41767634884
41767634914
41767634925
41767634991
41767634976
41767636009
41767636027
41767636019
41767636043
41767636182
41767636138
41767636103
41767636143
41767636259
41767636115
41767636223
41767636090
41767636035
41767636068
41767636329
41767636118
41767636247
41767636272
41767636141
41767636173
41767636300
41767636267
41767636281
41767636299
41767636342
41767636235
41767636263
41767636364
41767636351
41767636405
41767636425
41767636452
41767636481
41767636388
41767636511
41767636401
41767636619
41767636413
41767636695
41767636601
41767636419
41767636555
41767636577
41767636404
41767636558
41767636664
41767636667
41767636690
41767636679
41767636595
41767636710
41767636700
41767636727
41767636715
41767636737
41767636845
41767636833
41767636799
41767636823
41767636816
41767636765
41767636826
41767636814
41767636849
41767636890
41767636919
41767636941
41767636952
41767636986
41767636980
41767630002
41767630004
41767630029
41767630001
41767630003
41767630066
41767630038
41767630072
41767630144
41767630141
41767630037
41767630057
41767630039
41767630206
41767630041
41767630087
41767630044
41767630214
41767630282
41767630353
41767630055
41767630277
41767630467
41767630244
41767630129
41767630099
41767630221
41767630405
41767630194
41767630302
41767630333
41767630300
41767630288
41767630453
41767630424
41767630469
41767630377
41767630216
41767630397
41767630904
41767630404
41767630262
41767630227
41767630343
41767630980
41767630237
41767630978
41767630630
41767630516
41767630711
41767630580
41767630567
41767630700
41767630410
41767630584
41767630286
41767630709
41767630708
41767630392
41767630454
41767630323
41767630772
41767630652
41767630880
41767630766
41767630655
41767630819
41767630640
41767630360
41767630310
41767630888
41767630658
41767630870
41767630503
41767630625
41767630734
41767630600
41767630849
41767630723
41767630463
41767630854
41767630906
41767630963
41767630623
41767630707
41767630492
41767630462
41767630738
41767630389
41767630628
41767630928
41767630989
41767630997
41767630641
41767630767
41767630776
41767630820
41767630823
41767630949
41767630824
41767630950
41767630975
41767630696
41767630615
41767630642
41767630650
41767630730
41767639015
41767639038
41767639081
41767639082
41767639191
41767639203
41767639192
41767639113
41767639226
41767639074
41767639121
41767639233
41767639111
41767639103
41767639319
41767639225
41767639273
41767639200
41767639227
41767639197
41767639230
41767639317
41767639109
41767639302
41767639123
41767639276
41767639347
41767639089
41767639099
41767639152
41767639263
41767639432
41767639417
41767639425
41767639530
41767639460
41767639394
41767639393
41767639461
41767639409
41767639507
41767639576
41767639652
41767639648
41767639476
41767639650
41767639699
41767639643
41767639692
41767639563
41767639695
41767639655
41767639686
41767639707
41767639718
41767639714
41767639700
41767639799
41767639815
41767639804
41767639820
41767639874
41767639877
41767639888
41767639872
41767639902
41767639878
41767639968
41767639958
41767639966
41767639922
41767639980
41767639963
41767639983
41767639979
41767639996
41767639991
41767633009
41767633010
41767633007
41767633028
41767633018
41767633103
41767633100
41767633081
41767633183
41767633144
41767633187
41767633291
41767633247
41767633176
41767633304
41767633062
41767633204
41767633348
41767633353
41767633333
41767633283
41767633188
41767633190
41767633344
41767633340
41767633221
41767633311
41767633191
41767633282
41767633320
41767633286
41767633341
41767633267
41767633299
41767633380
41767633411
41767633447
41767633431
41767633520
41767633451
41767633398
41767633644
41767633400
41767633441
41767633600
41767633606
41767633404
41767633452
41767633393
41767633638
41767633577
41767633664
41767633419
41767633468
41767633480
41767633622
41767633409
41767633641
41767633687
41767633519
41767633440
41767633603
41767633700
41767633676
41767633642
41767633454
41767633680
41767633666
41767633618
41767633667
41767633630
41767633649
41767633625
41767633703
41767633733
41767633737
41767633773
41767633808
41767633850
41767633895
41767633848
41767633819
41767633828
41767633885
41767633927
41767633983
41767633948
41767633966
41767633916
41767633901
41767633915
41767633959
41767633952
41767633925
41767631010
41767631013
41767631001
41767631173
41767631128
41767631124
41767631119
41767631043
41767631038
41767631258
41767631113
41767631040
41767631046
41767631073
41767631196
41767631141
41767631068
41767631057
41767631146
41767631268
41767631269
41767631208
41767631074
41767631234
41767631283
41767631259
41767631300
41767631254
41767631324
41767631314
41767631302
41767631485
41767631415
41767631407
41767631426
41767631421
41767631412
41767631520
41767631410
41767631712
41767631640
41767631458
41767631685
41767631593
41767631621
41767631451
41767631501
41767631693
41767631555
41767631642
41767631596
41767631708
41767631620
41767631604
41767631661
41767631550
41767631696
41767631741
41767631743
41767631717
41767631748
41767631750
41767631776
41767631772
41767631812
41767631770
41767631758
41767631762
41767631793
41767631806
41767631832
41767631779
41767631881
41767631886
41767631917
41767631852
41767631915
41767631888
41767631905
41767631932
41767631961
41767631975
41767631946
41767631956
41767631997
41767631954
41767631977
41767631943
41767631988
41767631942
41767631989
41767631966
41767632004
41767632003
41767632005
41767632109
41767632190
41767632114
41767632083
41767632102
41767632074
41767632042
41767632270
41767632259
41767632240
41767632368
41767632142
41767632038
41767632280
41767632065
41767632068
41767632155
41767632129
41767632279
41767632755
41767632165
41767632376
41767632386
41767632451
41767632514
41767632539
41767632370
41767632425
41767632242
41767632054
41767632175
41767632274
41767632474
41767632472
41767632226
41767632362
41767632415
41767632336
41767632212
41767632972
41767632326
41767632315
41767632623
41767632523
41767632449
41767632327
41767632405
41767632605
41767632283
41767632260
41767632144
41767632330
41767632361
41767632555
41767632747
41767632741
41767632737
41767632668
41767632969
41767632725
41767632838
41767632393
41767632842
41767632408
41767632661
41767632888
41767632939
41767632340
41767632437
41767632484
41767632615
41767632638
41767632808
41767632727
41767632639
41767632673
41767632712
41767632880
41767632600
41767632753
41767632858
41767632806
41767632965
41767632677
41767632847
41767632976
41767632717
41767632829
41767632905
41767632982
41767632943
41767632877
41767632990
41767632837
41767638009
41767638021
41767638044
41767638137
41767638059
41767638124
41767638103
41767638119
41767638278
41767638100
41767638035
41767638088
41767638074
41767638109
41767638236
41767638082
41767638159
41767638190
41767638097
41767638098
41767638211
41767638323
41767638282
41767638193
41767638329
41767638224
41767638185
41767638080
41767638239
41767638336
41767638330
41767638338
41767638354
41767638370
41767638363
41767638388
41767638499
41767638461
41767638596
41767638627
41767638400
41767638506
41767638576
41767638693
41767638696
41767638407
41767638525
41767638674
41767638569
41767638666
41767638594
41767638685
41767638452
41767638476
41767638566
41767638629
41767638715
41767638700
41767638721
41767638731
41767638749
41767638743
41767638747
41767638750
41767638804
41767638774
41767638837
41767638900
41767638933
41767638886
41767638928
41767638938
41767638951
41767638996
41767638980
41767638982
41767638998
41767637005
41767637018
41767637107
41767637045
41767637044
41767637097
41767637072
41767637177
41767637093
41767637091
41767637035
41767637228
41767637348
41767637037
41767637282
41767637054
41767637110
41767637465
41767637578
41767637156
41767637122
41767637142
41767637080
41767637329
41767637183
41767637325
41767637692
41767637776
41767637264
41767637392
41767637505
41767637540
41767637389
41767637789
41767637274
41767637206
41767637639
41767637380
41767637174
41767637484
41767637490
41767637165
41767637345
41767637332
41767637508
41767637417
41767637733
41767637373
41767637573
41767637749
41767637470
41767637984
41767637785
41767637671
41767637361
41767637375
41767637596
41767637580
41767637727
41767637442
41767637987
41767637714
41767637633
41767637626
41767637852
41767637473
41767637666
41767637845
41767637638
41767637432
41767637587
41767637755
41767637577
41767637792
41767637979
41767637944
41767637611
41767637954
41767637799
41767637866
41767637887
41767637740
41767637863
