41765175009
41765175040
41765175089
41765175091
41765175025
41765175237
41765175019
41765175033
41765175005
41765175074
41765175088
41765175069
41765175028
41765175083
41765175018
41765175160
41765175189
41765175022
41765175045
41765175154
41765175270
41765175001
41765175030
41765175029
41765175123
41765175007
41765175055
41765175048
41765175193
41765175075
41765175052
41765175171
41765175256
41765175059
41765175234
41765175143
41765175238
41765175209
41765175008
41765175078
41765175328
41765175035
41765175283
41765175110
41765175102
41765175080
41765175034
41765175087
41765175162
41765175183
41765175144
41765175185
41765175169
41765175139
41765175311
41765175225
41765175403
41765175117
41765175039
41765175165
41765175215
41765175258
41765175759
41765175241
41765175147
41765175207
41765175138
41765175785
41765175204
41765175511
41765175430
41765175158
41765175145
41765175058
41765175322
41765175617
41765175708
41765175702
41765175452
41765175137
41765175301
41765175797
41765175214
41765175555
41765175277
41765175246
41765175343
41765175700
41765175070
41765175095
41765175330
41765175044
41765175276
41765175252
41765175196
41765175433
41765175299
41765175157
41765175141
41765175062
41765175325
41765175197
41765175434
41765175910
41765175408
41765175220
41765175262
41765175230
41765175198
41765175952
41765175423
41765175249
41765175544
41765175678
41765175368
41765175373
41765175203
41765175517
41765175786
41765175174
41765175233
41765175406
41765175567
41765175222
41765175334
41765175374
41765175302
41765175789
41765175507
41765175223
41765175177
41765175554
41765175231
41765175272
41765175752
41765175861
41765175530
41765175467
41765175115
41765175983
41765175676
41765175341
41765175523
41765175571
41765175674
41765175584
41765175730
41765175520
41765175718
41765175495
41765175512
41765175666
41765175574
41765175817
41765175556
41765175549
41765175579
41765175150
41765175654
41765175720
41765175427
41765175699
41765175432
41765175312
41765175655
41765175355
41765175318
41765175707
41765175454
41765175580
41765175782
41765175646
41765175320
41765175867
41765175834
41765175340
41765175607
41765175755
41765175553
41765175540
41765175601
41765175605
41765175187
41765175483
41765175442
41765175750
41765175818
41765175819
41765175947
41765175268
41765175982
41765175997
41765175251
41765175587
41765175959
41765175229
41765175688
41765175502
41765175651
41765175505
41765175418
41765175623
41765175705
41765175711
41765175592
41765175912
41765175609
41765175899
41765175769
41765175552
41765175437
41765175722
41765175569
41765175657
41765175500
41765175822
41765175889
41765175626
41765175825
41765175468
41765175904
41765175642
41765175606
41765175774
41765175692
41765175521
41765175779
41765175917
41765175815
41765175624
41765175612
41765175969
41765175996
41765175546
41765175633
41765175356
41765175372
41765175129
41765175645
41765175712
41765175594
41765175663
41765175598
41765175456
41765175891
41765175498
41765175509
41765175477
41765175975
41765175619
41765175948
41765175640
41765175900
41765175888
41765175742
41765175859
41765175916
41765175932
41765175401
41765175808
41765175909
41765175611
41765175879
41765175577
41765175780
41765175727
41765175839
41765175528
41765175694
41765175914
41765175725
41765175656
41765175966
41765175788
41765175689
41765175751
41765175855
41765175978
41765175745
41765175949
41765175866
41765175770
41765175926
41765175558
41765175869
41765175737
41765175994
41765175833
41765175920
41765175593
41765175980
41765175965
41765175838
41765175907
41765175771
41765175979
41765175621
41765175795
41765175877
41765175860
41765175649
41765175945
41765175988
41765175744
41765175713
41765175821
41765175970
41765174030
41765174005
41765174007
41765174001
41765174017
41765174051
41765174050
41765174108
41765174105
41765174226
41765174025
41765174228
41765174090
41765174061
41765174140
41765174074
41765174106
41765174044
41765174117
41765174080
41765174257
41765174312
41765174141
41765174060
41765174352
41765174128
41765174225
41765174114
41765174144
41765174069
41765174126
41765174123
41765174113
41765174040
41765174034
41765174089
41765174254
41765174095
41765174093
41765174400
41765174154
41765174042
41765174194
41765174099
41765174036
41765174268
41765174055
41765174380
41765174102
41765174164
41765174243
41765174196
41765174418
41765174459
41765174517
41765174327
41765174266
41765174436
41765174491
41765174384
41765174153
41765174101
41765174205
41765174129
41765174064
41765174341
41765174125
41765174333
41765174203
41765174258
41765174507
41765174520
41765174158
41765174933
41765174121
41765174460
41765174161
41765174478
41765174169
41765174309
41765174313
41765174411
41765174124
41765174431
41765174361
41765174136
41765174442
41765174559
41765174639
41765174109
41765174272
41765174343
41765174764
41765174511
41765174551
41765174410
41765174145
41765174766
41765174297
41765174955
41765174189
41765174471
41765174422
41765174204
41765174439
41765174645
41765174353
41765174606
41765174170
41765174562
41765174488
41765174111
41765174334
41765174440
41765174374
41765174316
41765174819
41765174238
41765174350
41765174937
41765174348
41765174223
41765174524
41765174118
41765174430
41765174710
41765174336
41765174461
41765174208
41765174780
41765174057
41765174314
41765174967
41765174739
41765174756
41765174364
41765174646
41765174362
41765174600
41765174416
41765174959
41765174887
41765174217
41765174180
41765174660
41765174448
41765174530
41765174505
41765174848
41765174765
41765174159
41765174805
41765174572
41765174541
41765174958
41765174274
41765174317
41765174499
41765174616
41765174702
41765174627
41765174561
41765174990
41765174580
41765174466
41765174455
41765174642
41765174881
41765174433
41765174667
41765174329
41765174929
41765174498
41765174344
41765174899
41765174464
41765174656
41765174323
41765174481
41765174396
41765174665
41765174066
41765174200
41765174419
41765174798
41765174701
41765174843
41765174296
41765174732
41765174407
41765174425
41765174579
41765174865
41765174512
41765174291
41765174661
41765174593
41765174845
41765174311
41765174594
41765174150
41765174704
41765174810
41765174941
41765174244
41765174388
41765174636
41765174434
41765174609
41765174577
41765174903
41765174717
41765174936
41765174984
41765174620
41765174759
41765174575
41765174896
41765174595
41765174779
41765174628
41765174725
41765174742
41765174615
41765174907
41765174495
41765174802
41765174573
41765174699
41765174708
41765174727
41765174249
41765174925
41765174803
41765174619
41765174811
41765174684
41765174716
41765174828
41765174359
41765174932
41765174443
41765174183
41765174685
41765174938
41765174668
41765174235
41765174373
41765174696
41765174625
41765174799
41765174277
41765174589
41765174801
41765174918
41765174484
41765174673
41765174429
41765174494
41765174988
41765174995
41765174917
41765174885
41765174757
41765174640
41765174264
41765174814
41765174300
41765174858
41765174849
41765174339
41765174403
41765174861
41765174824
41765174729
41765174751
41765174842
41765174719
41765174691
41765174935
41765174829
41765174747
41765174948
41765174447
41765174976
41765174878
41765174662
41765174989
41765174884
41765174723
41765174358
41765174957
41765174833
41765174624
41765174971
41765174680
41765174414
41765174883
41765174910
41765174740
41765174566
41765174437
41765174755
41765174800
41765174722
41765174859
41765174927
41765174808
41765174574
41765174554
41765174694
41765174854
41765174745
41765174980
41765174902
41765174510
41765174942
41765174746
41765174735
41765174944
41765174749
41765174565
41765174555
41765174783
41765174826
41765174648
41765174841
41765174542
41765174919
41765174983
41765174994
41765174778
41765174832
41765174669
41765174852
41765174930
41765176006
41765176007
41765176013
41765176020
41765176009
41765176011
41765176048
41765176062
41765176096
41765176012
41765176066
41765176086
41765176103
41765176106
41765176140
41765176166
41765176181
41765176191
41765176130
41765176101
41765176261
41765176111
41765176076
41765176092
41765176033
41765176141
41765176434
41765176504
41765176060
41765176136
41765176120
41765176168
41765176043
41765176156
41765176039
41765176280
41765176229
41765176088
41765176151
41765176059
41765176611
41765176134
41765176058
41765176348
41765176116
41765176381
41765176127
41765176155
41765176245
41765176190
41765176234
41765176065
41765176231
41765176373
41765176470
41765176818
41765176145
41765176197
41765176177
41765176224
41765176163
41765176266
41765176699
41765176713
41765176666
41765176142
41765176218
41765176290
41765176432
41765176206
41765176549
41765176331
41765176262
41765176122
41765176540
41765176377
41765176309
41765176302
41765176717
41765176131
41765176525
41765176804
41765176173
41765176299
41765176165
41765176644
41765176046
41765176300
41765176269
41765176221
41765176194
41765176268
41765176578
41765176333
41765176274
41765176691
41765176680
41765176252
41765176176
41765176264
41765176404
41765176840
41765176793
41765176162
41765176650
41765176936
41765176805
41765176405
41765176454
41765176977
41765176636
41765176992
41765176743
41765176213
41765176615
41765176200
41765176752
41765176193
41765176403
41765176585
41765176426
41765176560
41765176637
41765176472
41765176785
41765176267
41765176753
41765176187
41765176286
41765176246
41765176816
41765176433
41765176255
41765176566
41765176188
41765176663
41765176534
41765176677
41765176305
41765176205
41765176451
41765176347
41765176833
41765176588
41765176571
41765176303
41765176477
41765176270
41765176712
41765176693
41765176858
41765176819
41765176294
41765176737
41765176518
41765176917
41765176995
41765176450
41765176859
41765176515
41765176513
41765176651
41765176339
41765176395
41765176436
41765176279
41765176728
41765176802
41765176220
41765176284
41765176448
41765176326
41765176214
41765176616
41765176913
41765176353
41765176558
41765176707
41765176441
41765176417
41765176846
41765176447
41765176687
41765176510
41765176822
41765176411
41765176886
41765176703
41765176380
41765176301
41765176776
41765176796
41765176755
41765176367
41765176542
41765176660
41765176966
41765176402
41765176600
41765176479
41765176922
41765176824
41765176869
41765176678
41765176662
41765176437
41765176843
41765176692
41765176622
41765176799
41765176909
41765176453
41765176726
41765176768
41765176787
41765176570
41765176322
41765176665
41765176460
41765176926
41765176920
41765176485
41765176596
41765176952
41765176797
41765176767
41765176875
41765176823
41765176390
41765176871
41765176576
41765176686
41765176661
41765176612
41765176690
41765176553
41765176934
41765176879
41765176667
41765176865
41765176689
41765176694
41765176696
41765176554
41765176698
41765176556
41765176794
41765176838
41765176798
41765176980
41765176908
41765176996
41765176583
41765176729
41765176883
41765176851
41765176830
41765176507
41765176624
41765176757
41765176903
41765176930
41765176880
41765176731
41765176607
41765176993
41765176925
41765176751
41765176780
41765176759
41765176831
41765176748
41765176756
41765176954
41765176868
41765176849
41765176632
41765176800
41765176971
41765176792
41765176783
41765176988
41765176989
41765176976
41765176873
41765176655
41765176605
41765176828
41765176848
41765176835
41765176604
41765176709
41765176623
41765176912
41765176863
41765176990
41765176888
41765176907
41765176855
41765176899
41765176969
41765176914
41765176810
41765170003
41765170012
41765170017
41765170007
41765170018
41765170024
41765170011
41765170013
41765170005
41765170020
41765170010
41765170026
41765170023
41765170030
41765170002
41765170032
41765170015
41765170040
41765170112
41765170076
41765170077
41765170053
41765170154
41765170125
41765170151
41765170033
41765170101
41765170102
41765170204
41765170022
41765170211
41765170250
41765170111
41765170282
41765170063
41765170074
41765170293
41765170205
41765170126
41765170134
41765170184
41765170369
41765170164
41765170141
41765170097
41765170037
41765170109
41765170035
41765170082
41765170403
41765170312
41765170220
41765170349
41765170079
41765170087
41765170058
41765170194
41765170446
41765170305
41765170108
41765170191
41765170310
41765170061
41765170036
41765170575
41765170241
41765170302
41765170176
41765170080
41765170157
41765170255
41765170319
41765170086
41765170523
41765170168
41765170377
41765170055
41765170095
41765170427
41765170160
41765170049
41765170096
41765170780
41765170350
41765170673
41765170512
41765170570
41765170242
41765170362
41765170409
41765170287
41765170449
41765170084
41765170117
41765170807
41765170475
41765170214
41765170402
41765170498
41765170166
41765170212
41765170158
41765170391
41765170045
41765170590
41765170206
41765170671
41765170104
41765170066
41765170279
41765170078
41765170484
41765170397
41765170365
41765170098
41765170224
41765170390
41765170626
41765170273
41765170068
41765170428
41765170217
41765170201
41765170572
41765170507
41765170216
41765170270
41765170405
41765170222
41765170266
41765170382
41765170240
41765170506
41765170604
41765170969
41765170333
41765170121
41765170476
41765170373
41765170417
41765170526
41765170453
41765170295
41765170374
41765170288
41765170732
41765170544
41765170505
41765170524
41765170613
41765170866
41765170231
41765170418
41765170561
41765170356
41765170443
41765170337
41765170704
41765170552
41765170949
41765170352
41765170645
41765170911
41765170406
41765170761
41765170169
41765170513
41765170187
41765170249
41765170460
41765170284
41765170783
41765170320
41765170313
41765170243
41765170162
41765170514
41765170474
41765170262
41765170794
41765170444
41765170601
41765170384
41765170610
41765170555
41765170466
41765170500
41765170387
41765170711
41765170303
41765170416
41765170213
41765170311
41765170490
41765170190
41765170221
41765170565
41765170325
41765170859
41765170901
41765170276
41765170414
41765170420
41765170716
41765170620
41765170189
41765170441
41765170480
41765170603
41765170429
41765170717
41765170712
41765170921
41765170497
41765170330
41765170289
41765170208
41765170618
41765170438
41765170482
41765170615
41765170245
41765170399
41765170388
41765170463
41765170947
41765170283
41765170296
41765170448
41765170834
41765170733
41765170269
41765170228
41765170323
41765170765
41765170925
41765170810
41765170907
41765170607
41765170407
41765170472
41765170304
41765170600
41765170410
41765170556
41765170725
41765170292
41765170481
41765170375
41765170239
41765170983
41765170422
41765170958
41765170820
41765170940
41765170700
41765170519
41765170370
41765170468
41765170622
41765170860
41765170470
41765170804
41765170451
41765170324
41765170719
41765170805
41765170596
41765170667
41765170634
41765170585
41765170404
41765170592
41765170772
41765170895
41765170908
41765170702
41765170564
41765170693
41765170988
41765170587
41765170531
41765170849
41765170865
41765170633
41765170909
41765170678
41765170527
41765170701
41765170876
41765170518
41765170567
41765170562
41765170534
41765170437
41765170676
41765170950
41765170832
41765170363
41765170682
41765170421
41765170408
41765170905
41765170648
41765170734
41765170903
41765170300
41765170809
41765170953
41765170894
41765170817
41765170855
41765170767
41765170928
41765170951
41765170368
41765170580
41765170776
41765170847
41765170566
41765170479
41765170308
41765170728
41765170508
41765170945
41765170990
41765170522
41765170385
41765170471
41765170584
41765170918
41765170655
41765170838
41765170398
41765170609
41765170821
41765170972
41765170309
41765170977
41765170718
41765170616
41765170504
41765170818
41765170883
41765170737
41765170844
41765170806
41765170259
41765170491
41765170694
41765170696
41765170980
41765170900
41765170919
41765170599
41765170458
41765170938
41765170477
41765170811
41765170707
41765170434
41765170758
41765170727
41765170720
41765170877
41765170589
41765170517
41765170824
41765170722
41765170975
41765170874
41765170747
41765170511
41765170642
41765170635
41765170440
41765170782
41765170653
41765170840
41765170880
41765170916
41765170985
41765170858
41765170964
41765170798
41765170605
41765170997
41765170989
41765170744
41765170795
41765170850
41765170681
41765170904
41765170822
41765170846
41765170899
41765170672
41765170910
41765170913
41765170739
41765170825
41765170530
41765170870
41765170721
41765170724
41765170815
41765170802
41765170801
41765170651
41765170984
41765170902
41765170891
41765170906
41765170920
41765170937
41765170652
41765170657
41765170878
41765170703
41765170993
41765170814
41765170996
41765179021
41765179010
41765179005
41765179001
41765179019
41765179011
41765179030
41765179015
41765179008
41765179022
41765179017
41765179004
41765179002
41765179026
41765179184
41765179040
41765179087
41765179090
41765179083
41765179220
41765179283
41765179111
41765179121
41765179077
41765179092
41765179187
41765179067
41765179035
41765179191
41765179102
41765179114
41765179372
41765179044
41765179099
41765179223
41765179081
41765179214
41765179091
41765179231
41765179096
41765179095
41765179287
41765179348
41765179119
41765179084
41765179212
41765179192
41765179112
41765179324
41765179152
41765179123
41765179262
41765179426
41765179249
41765179233
41765179327
41765179042
41765179128
41765179094
41765179516
41765179273
41765179213
41765179358
41765179215
41765179219
41765179269
41765179124
41765179243
41765179366
41765179080
41765179535
41765179150
41765179564
41765179146
41765179618
41765179314
41765179444
41765179704
41765179261
41765179595
41765179161
41765179177
41765179211
41765179403
41765179292
41765179079
41765179306
41765179194
41765179120
41765179380
41765179190
41765179507
41765179419
41765179321
41765179185
41765179281
41765179672
41765179316
41765179499
41765179558
41765179222
41765179506
41765179208
41765179181
41765179559
41765179038
41765179474
41765179550
41765179527
41765179820
41765179171
41765179875
41765179199
41765179819
41765179526
41765179570
41765179108
41765179383
41765179590
41765179197
41765179471
41765179229
41765179399
41765179411
41765179407
41765179353
41765179773
41765179705
41765179826
41765179581
41765179333
41765179833
41765179463
41765179658
41765179717
41765179895
41765179330
41765179414
41765179145
41765179244
41765179520
41765179462
41765179781
41765179494
41765179548
41765179154
41765179593
41765179965
41765179911
41765179750
41765179178
41765179394
41765179438
41765179849
41765179475
41765179788
41765179449
41765179495
41765179693
41765179487
41765179390
41765179368
41765179898
41765179531
41765179702
41765179567
41765179810
41765179336
41765179455
41765179540
41765179800
41765179676
41765179617
41765179883
41765179605
41765179533
41765179415
41765179785
41765179864
41765179342
41765179280
41765179780
41765179384
41765179691
41765179514
41765179362
41765179656
41765179393
41765179443
41765179504
41765179690
41765179560
41765179787
41765179973
41765179848
41765179951
41765179858
41765179944
41765179637
41765179519
41765179871
41765179719
41765179580
41765179928
41765179568
41765179565
41765179790
41765179813
41765179899
41765179600
41765179632
41765179500
41765179674
41765179640
41765179376
41765179996
41765179979
41765179551
41765179697
41765179955
41765179365
41765179332
41765179633
41765179880
41765179926
41765179815
41765179572
41765179957
41765179943
41765179542
41765179737
41765179966
41765179912
41765179921
41765179577
41765179723
41765179707
41765179891
41765179909
41765179772
41765179918
41765179906
41765179660
41765179599
41765179915
41765179924
41765179873
41765179970
41765179986
41765179615
41765179977
41765179892
41765179756
41765179776
41765179930
41765179650
41765179530
41765179992
41765179782
41765179922
41765179666
41765179994
41765179706
41765179988
41765179747
41765179840
41765179733
41765179798
41765179834
41765179832
41765179978
41765179850
41765179910
41765179789
41765179959
41765179908
41765179696
41765179882
41765179937
41765179946
41765179665
41765179779
41765179857
41765179859
41765179844
41765179480
41765179692
41765179936
41765179938
41765179555
41765179993
41765179990
41765179830
41765179961
41765173000
41765173022
41765173017
41765173020
41765173014
41765173019
41765173004
41765173001
41765173027
41765173026
41765173009
41765173010
41765173023
41765173011
41765173044
41765173101
41765173039
41765173066
41765173094
41765173080
41765173125
41765173138
41765173033
41765173046
41765173188
41765173200
41765173052
41765173278
41765173090
41765173178
41765173121
41765173336
41765173077
41765173036
41765173084
41765173081
41765173320
41765173108
41765173076
41765173122
41765173311
41765173067
41765173050
41765173015
41765173232
41765173183
41765173290
41765173167
41765173317
41765173123
41765173062
41765173060
41765173088
41765173268
41765173179
41765173165
41765173421
41765173223
41765173089
41765173196
41765173230
41765173227
41765173322
41765173204
41765173208
41765173216
41765173235
41765173237
41765173265
41765173318
41765173187
41765173051
41765173150
41765173131
41765173070
41765173323
41765173212
41765173628
41765173201
41765173105
41765173219
41765173222
41765173309
41765173209
41765173102
41765173254
41765173362
41765173622
41765173174
41765173176
41765173120
41765173064
41765173148
41765173152
41765173623
41765173112
41765173444
41765173499
41765173343
41765173810
41765173378
41765173241
41765173788
41765173207
41765173331
41765173141
41765173109
41765173505
41765173389
41765173276
41765173404
41765173181
41765173353
41765173171
41765173361
41765173228
41765173464
41765173238
41765173177
41765173262
41765173595
41765173407
41765173281
41765173285
41765173253
41765173344
41765173525
41765173717
41765173234
41765173139
41765173129
41765173722
41765173386
41765173555
41765173508
41765173339
41765173330
41765173656
41765173349
41765173892
41765173355
41765173333
41765173337
41765173107
41765173448
41765173468
41765173313
41765173894
41765173829
41765173321
41765173748
41765173697
41765173589
41765173579
41765173458
41765173715
41765173631
41765173751
41765173766
41765173799
41765173944
41765173350
41765173435
41765173616
41765173470
41765173603
41765173173
41765173325
41765173388
41765173570
41765173826
41765173928
41765173716
41765173308
41765173749
41765173530
41765173644
41765173805
41765173574
41765173531
41765173474
41765173610
41765173702
41765173156
41765173703
41765173661
41765173557
41765173304
41765173510
41765173203
41765173687
41765173441
41765173300
41765173822
41765173539
41765173552
41765173825
41765173700
41765173866
41765173870
41765173587
41765173856
41765173503
41765173763
41765173340
41765173535
41765173289
41765173461
41765173976
41765173770
41765173197
41765173601
41765173839
41765173720
41765173377
41765173515
41765173641
41765173652
41765173537
41765173591
41765173886
41765173906
41765173558
41765173620
41765173562
41765173823
41765173830
41765173818
41765173592
41765173629
41765173828
41765173689
41765173507
41765173568
41765173654
41765173993
41765173663
41765173527
41765173807
41765173264
41765173831
41765173908
41765173536
41765173726
41765173549
41765173611
41765173800
41765173888
41765173876
41765173403
41765173783
41765173637
41765173939
41765173775
41765173729
41765173437
41765173790
41765173625
41765173855
41765173725
41765173714
41765173723
41765173630
41765173701
41765173517
41765173705
41765173921
41765173478
41765173676
41765173941
41765173563
41765173704
41765173797
41765173649
41765173917
41765173947
41765173736
41765173739
41765173727
41765173666
41765173782
41765173750
41765173884
41765173590
41765173662
41765173878
41765173602
41765173845
41765173923
41765173898
41765173801
41765173864
41765173679
41765173816
41765173929
41765173745
41765173926
41765173951
41765173980
41765173978
41765173598
41765173883
41765173541
41765173910
41765173936
41765173990
41765173895
41765173545
41765173940
41765173619
41765173600
41765173903
41765173966
41765173930
41765173838
41765173912
41765173664
41765173992
41765173909
41765173932
41765171000
41765171003
41765171006
41765171019
41765171029
41765171004
41765171010
41765171014
41765171012
41765171008
41765171027
41765171001
41765171016
41765171011
41765171031
41765171032
41765171002
41765171005
41765171018
41765171023
41765171015
41765171021
41765171022
41765171017
41765171025
41765171024
41765171074
41765171062
41765171053
41765171114
41765171105
41765171048
41765171085
41765171144
41765171145
41765171034
41765171079
41765171192
41765171037
41765171086
41765171066
41765171129
41765171126
41765171200
41765171131
41765171070
41765171130
41765171290
41765171278
41765171208
41765171330
41765171205
41765171123
41765171275
41765171199
41765171043
41765171120
41765171067
41765171039
41765171036
41765171061
41765171088
41765171300
41765171069
41765171084
41765171137
41765171052
41765171160
41765171186
41765171044
41765171110
41765171045
41765171112
41765171222
41765171154
41765171306
41765171169
41765171139
41765171121
41765171334
41765171175
41765171156
41765171232
41765171189
41765171238
41765171162
41765171188
41765171217
41765171198
41765171168
41765171133
41765171333
41765171204
41765171214
41765171327
41765171201
41765171050
41765171197
41765171226
41765171107
41765171146
41765171241
41765171244
41765171345
41765171191
41765171202
41765171116
41765171254
41765171249
41765171219
41765171078
41765171125
41765171340
41765171206
41765171325
41765171331
41765171224
41765171187
41765171257
41765171177
41765171297
41765171166
41765171109
41765171312
41765171178
41765171207
41765171273
41765171083
41765171326
41765171346
41765171350
41765171343
41765171093
41765171291
41765171309
41765171155
41765171304
41765171264
41765171307
41765171231
41765171338
41765171095
41765171172
41765171220
41765171347
41765171239
41765171357
41765171371
41765171378
41765171370
41765171355
41765171362
41765171369
41765171221
41765171252
41765171624
41765171407
41765171428
41765171385
41765171390
41765171638
41765171393
41765171507
41765171409
41765171480
41765171401
41765171534
41765171514
41765171656
41765171524
41765171560
41765171543
41765171639
41765171384
41765171413
41765171408
41765171576
41765171446
41765171464
41765171437
41765171389
41765171596
41765171422
41765171506
41765171632
41765171487
41765171616
41765171414
41765171399
41765171403
41765171460
41765171544
41765171398
41765171642
41765171526
41765171410
41765171504
41765171400
41765171552
41765171527
41765171687
41765171603
41765171697
41765171510
41765171570
41765171553
41765171493
41765171614
41765171655
41765171488
41765171386
41765171476
41765171657
41765171612
41765171693
41765171520
41765171486
41765171606
41765171483
41765171646
41765171402
41765171515
41765171572
41765171491
41765171698
41765171585
41765171429
41765171661
41765171664
41765171498
41765171540
41765171406
41765171647
41765171608
41765171675
41765171490
41765171613
41765171469
41765171388
41765171511
41765171581
41765171417
41765171669
41765171633
41765171509
41765171559
41765171489
41765171566
41765171592
41765171546
41765171518
41765171508
41765171615
41765171416
41765171467
41765171678
41765171545
41765171455
41765171441
41765171501
41765171516
41765171461
41765171667
41765171691
41765171557
41765171627
41765171521
41765171636
41765171602
41765171677
41765171600
41765171555
41765171634
41765171689
41765171607
41765171660
41765171580
41765171699
41765171622
41765171685
41765171597
41765171662
41765171684
41765171715
41765171708
41765171704
41765171719
41765171702
41765171723
41765171711
41765171721
41765171710
41765171716
41765171714
41765171724
41765171730
41765171706
41765171725
41765171720
41765171700
41765171722
41765171753
41765171775
41765171777
41765171734
41765171732
41765171756
41765171789
41765171737
41765171785
41765171751
41765171760
41765171759
41765171758
41765171772
41765171744
41765171755
41765171773
41765171766
41765171768
41765171764
41765171779
41765171742
41765171767
41765171790
41765171778
41765171771
41765171780
41765171788
41765171862
41765171815
41765171805
41765171827
41765171840
41765171802
41765171797
41765171803
41765171824
41765171811
41765171861
41765171860
41765171818
41765171848
41765171836
41765171799
41765171812
41765171856
41765171866
41765171813
41765171820
41765171801
41765171870
41765171858
41765171823
41765171834
41765171806
41765171833
41765171810
41765171821
41765171809
41765171878
41765171875
41765171838
41765171855
41765171816
41765171871
41765171798
41765171832
41765171865
41765171850
41765171912
41765171891
41765171898
41765171892
41765171913
41765171919
41765171905
41765171933
41765171900
41765171921
41765171920
41765171908
41765171888
41765171893
41765171940
41765171938
41765171906
41765171916
41765171909
41765171932
41765171923
41765171903
41765171927
41765171929
41765171917
41765171971
41765171969
41765171968
41765171948
41765171944
41765171958
41765171947
41765171972
41765171961
41765171952
41765171964
41765171956
41765171960
41765171979
41765171988
41765171987
41765171986
41765171983
41765171998
41765171999
41765171991
41765172000
41765172027
41765172026
41765172024
41765172031
41765172008
41765172003
41765172002
41765172006
41765172011
41765172012
41765172018
41765172004
41765172010
41765172028
41765172005
41765172001
41765172013
41765172015
41765172248
41765172054
41765172094
41765172036
41765172159
41765172301
41765172180
41765172033
41765172084
41765172100
41765172127
41765172072
41765172139
41765172101
41765172039
41765172060
41765172069
41765172112
41765172104
41765172071
41765172142
41765172129
41765172120
41765172290
41765172048
41765172156
41765172141
41765172170
41765172063
41765172130
41765172341
41765172062
41765172057
41765172335
41765172164
41765172042
41765172216
41765172215
41765172147
41765172045
41765172194
41765172056
41765172118
41765172117
41765172093
41765172109
41765172276
41765172134
41765172034
41765172220
41765172263
41765172231
41765172111
41765172265
41765172322
41765172305
41765172219
41765172169
41765172221
41765172128
41765172055
41765172204
41765172250
41765172061
41765172150
41765172314
41765172346
41765172193
41765172213
41765172082
41765172284
41765172244
41765172189
41765172205
41765172154
41765172245
41765172289
41765172099
41765172329
41765172340
41765172275
41765172235
41765172270
41765172197
41765172188
41765172327
41765172279
41765172155
41765172317
41765172342
41765172309
41765172229
41765172339
41765172293
41765172261
41765172212
41765172210
41765172168
41765172334
41765172125
41765172326
41765172209
41765172294
41765172224
41765172336
41765172297
41765172258
41765172285
41765172267
41765172247
41765172196
41765172266
41765172103
41765172185
41765172153
41765172333
41765172320
41765172242
41765172313
41765172299
41765172325
41765172252
41765172312
41765172331
41765172256
41765172254
41765172268
41765172273
41765172138
41765172306
41765172316
41765172292
41765172307
41765172304
41765172351
41765172371
41765172367
41765172379
41765172381
41765172362
41765172353
41765172380
41765172382
41765172426
41765172469
41765172386
41765172399
41765172411
41765172407
41765172660
41765172454
41765172501
41765172507
41765172401
41765172404
41765172504
41765172409
41765172619
41765172516
41765172631
41765172414
41765172508
41765172496
41765172600
41765172450
41765172568
41765172577
41765172410
41765172431
41765172502
41765172517
41765172552
41765172545
41765172588
41765172564
41765172415
41765172609
41765172403
41765172606
41765172402
41765172413
41765172637
41765172666
41765172579
41765172576
41765172470
41765172512
41765172603
41765172608
41765172601
41765172500
41765172644
41765172602
41765172585
41765172662
41765172590
41765172551
41765172632
41765172676
41765172400
41765172488
41765172642
41765172566
41765172692
41765172534
41765172622
41765172503
41765172626
41765172505
41765172586
41765172511
41765172538
41765172542
41765172584
41765172596
41765172610
41765172599
41765172510
41765172451
41765172674
41765172693
41765172580
41765172506
41765172573
41765172478
41765172689
41765172567
41765172537
41765172483
41765172638
41765172553
41765172615
41765172560
41765172665
41765172605
41765172630
41765172650
41765172572
41765172713
41765172754
41765172706
41765172705
41765172703
41765172776
41765172770
41765172744
41765172732
41765172720
41765172716
41765172774
41765172721
41765172739
41765172708
41765172756
41765172771
41765172709
41765172728
41765172711
41765172753
41765172757
41765172715
41765172701
41765172714
41765172734
41765172760
41765172778
41765172737
41765172766
41765172717
41765172764
41765172777
41765172768
41765172862
41765172790
41765172816
41765172800
41765172805
41765172825
41765172792
41765172810
41765172796
41765172838
41765172801
41765172818
41765172803
41765172807
41765172828
41765172831
41765172842
41765172780
41765172799
41765172804
41765172788
41765172855
41765172836
41765172833
41765172809
41765172784
41765172808
41765172815
41765172863
41765172806
41765172829
41765172783
41765172857
41765172878
41765172872
41765172906
41765172882
41765172891
41765172912
41765172919
41765172881
41765172887
41765172911
41765172909
41765172923
41765172868
41765172896
41765172884
41765172913
41765172902
41765172894
41765172939
41765172949
41765172928
41765172915
41765172907
41765172879
41765172900
41765172944
41765172910
41765172933
41765172903
41765172950
41765172958
41765172955
41765172967
41765172982
41765172992
41765172998
41765172996
41765172986
41765172984
41765172991
41765172988
41765172999
41765178006
41765178001
41765178002
41765178012
41765178008
41765178031
41765178013
41765178035
41765178050
41765178111
41765178153
41765178087
41765178146
41765178207
41765178173
41765178062
41765178259
41765178208
41765178252
41765178108
41765178069
41765178072
41765178040
41765178051
41765178088
41765178223
41765178071
41765178033
41765178075
41765178122
41765178107
41765178090
41765178154
41765178085
41765178174
41765178082
41765178176
41765178158
41765178112
41765178034
41765178080
41765178078
41765178037
41765178349
41765178073
41765178134
41765178039
41765178101
41765178442
41765178091
41765178163
41765178238
41765178312
41765178231
41765178534
41765178213
41765178144
41765178081
41765178115
41765178330
41765178128
41765178357
41765178180
41765178535
41765178064
41765178147
41765178127
41765178399
41765178187
41765178400
41765178191
41765178244
41765178281
41765178042
41765178209
41765178494
41765178490
41765178402
41765178192
41765178196
41765178451
41765178119
41765178070
41765178524
41765178501
41765178092
41765178236
41765178563
41765178440
41765178205
41765178523
41765178352
41765178274
41765178302
41765178188
41765178228
41765178095
41765178351
41765178603
41765178553
41765178149
41765178206
41765178611
41765178368
41765178613
41765178433
41765178522
41765178166
41765178141
41765178455
41765178558
41765178778
41765178250
41765178875
41765178793
41765178456
41765178662
41765178360
41765178184
41765178952
41765178653
41765178327
41765178950
41765178388
41765178586
41765178620
41765178811
41765178698
41765178354
41765178283
41765178369
41765178350
41765178342
41765178977
41765178530
41765178364
41765178489
41765178517
41765178235
41765178373
41765178404
41765178682
41765178955
41765178820
41765178721
41765178631
41765178580
41765178787
41765178624
41765178464
41765178201
41765178889
41765178846
41765178824
41765178954
41765178907
41765178323
41765178865
41765178504
41765178743
41765178725
41765178334
41765178528
41765178913
41765178266
41765178789
41765178239
41765178305
41765178644
41765178786
41765178377
41765178639
41765178356
41765178435
41765178783
41765178537
41765178295
41765178280
41765178495
41765178636
41765178290
41765178463
41765178411
41765178575
41765178736
41765178953
41765178745
41765178958
41765178669
41765178449
41765178961
41765178587
41765178567
41765178574
41765178264
41765178997
41765178277
41765178689
41765178930
41765178769
41765178857
41765178876
41765178510
41765178822
41765178988
41765178310
41765178775
41765178923
41765178585
41765178710
41765178584
41765178871
41765178656
41765178282
41765178483
41765178807
41765178651
41765178894
41765178488
41765178384
41765178521
41765178468
41765178602
41765178314
41765178313
41765178422
41765178800
41765178880
41765178308
41765178740
41765178424
41765178654
41765178687
41765178572
41765178627
41765178432
41765178752
41765178826
41765178879
41765178883
41765178694
41765178987
41765178773
41765178805
41765178755
41765178688
41765178986
41765178985
41765178536
41765178809
41765178858
41765178395
41765178881
41765178467
41765178733
41765178819
41765178898
41765178899
41765178847
41765178337
41765178830
41765178491
41765178317
41765178810
41765178678
41765178637
41765178859
41765178896
41765178817
41765178331
41765178882
41765178982
41765178686
41765178838
41765178695
41765178784
41765178625
41765178798
41765178808
41765178951
41765178895
41765178962
41765178795
41765178716
41765178444
41765178582
41765178885
41765178539
41765178963
41765178505
41765178827
41765178547
41765178840
41765178503
41765178515
41765178849
41765178888
41765178757
41765178934
41765178779
41765178744
41765178816
41765177000
41765177017
41765177014
41765177021
41765177010
41765177013
41765177007
41765177009
41765177002
41765177003
41765177011
41765177016
41765177023
41765177252
41765177228
41765177063
41765177257
41765177164
41765177088
41765177117
41765177057
41765177061
41765177174
41765177085
41765177120
41765177066
41765177064
41765177108
41765177037
41765177116
41765177072
41765177114
41765177226
41765177124
41765177079
41765177136
41765177052
41765177217
41765177045
41765177175
41765177282
41765177137
41765177099
41765177081
41765177033
41765177287
41765177100
41765177047
41765177110
41765177150
41765177227
41765177070
41765177179
41765177201
41765177058
41765177267
41765177148
41765177160
41765177162
41765177075
41765177044
41765177053
41765177060
41765177288
41765177195
41765177041
41765177083
41765177115
41765177224
41765177090
41765177297
41765177327
41765177211
41765177133
41765177312
41765177146
41765177328
41765177209
41765177239
41765177112
41765177242
41765177238
41765177181
41765177177
41765177291
41765177293
41765177215
41765177271
41765177270
41765177264
41765177171
41765177187
41765177123
41765177260
41765177145
41765177212
41765177254
41765177247
41765177298
41765177244
41765177317
41765177304
41765177256
41765177330
41765177310
41765177251
41765177102
41765177332
41765177266
41765177232
41765177311
41765177204
41765177343
41765177219
41765177178
41765177265
41765177078
41765177180
41765177300
41765177339
41765177285
41765177268
41765177210
41765177205
41765177191
41765177350
41765177185
41765177159
41765177296
41765177249
41765177236
41765177340
41765177335
41765177331
41765177307
41765177324
41765177250
41765177379
41765177377
41765177355
41765177382
41765177376
41765177374
41765177360
41765177363
41765177373
41765177401
41765177383
41765177415
41765177531
41765177411
41765177484
41765177477
41765177517
41765177421
41765177432
41765177387
41765177583
41765177476
41765177491
41765177602
41765177403
41765177408
41765177561
41765177611
41765177685
41765177419
41765177413
41765177388
41765177395
41765177426
41765177510
41765177560
41765177529
41765177615
41765177513
41765177474
41765177391
41765177549
41765177479
41765177601
41765177557
41765177571
41765177576
41765177562
41765177503
41765177424
41765177475
41765177666
41765177631
41765177660
41765177441
41765177678
41765177623
41765177453
41765177502
41765177515
41765177410
41765177559
41765177394
41765177641
41765177589
41765177545
41765177683
41765177552
41765177490
41765177676
41765177454
41765177607
41765177616
41765177509
41765177564
41765177578
41765177558
41765177656
41765177645
41765177662
41765177566
41765177594
41765177696
41765177629
41765177658
41765177466
41765177637
41765177650
41765177508
41765177688
41765177521
41765177674
41765177542
41765177600
41765177694
41765177546
41765177450
41765177539
41765177647
41765177568
41765177593
41765177535
41765177642
41765177614
41765177663
41765177708
41765177712
41765177705
41765177700
41765177702
41765177721
41765177719
41765177713
41765177710
41765177717
41765177760
41765177754
41765177755
41765177752
41765177747
41765177753
41765177746
41765177762
41765177744
41765177750
41765177748
41765177772
41765177842
41765177788
41765177799
41765177850
41765177791
41765177800
41765177793
41765177794
41765177832
41765177822
41765177774
41765177792
41765177765
41765177846
41765177812
41765177818
41765177816
41765177798
41765177819
41765177786
41765177777
41765177826
41765177769
41765177797
41765177787
41765177779
41765177828
41765177843
41765177811
41765177845
41765177831
41765177834
41765177910
41765177871
41765177913
41765177859
41765177866
41765177885
41765177884
41765177902
41765177899
41765177932
41765177923
41765177900
41765177868
41765177860
41765177922
41765177855
41765177879
41765177891
41765177882
41765177896
41765177895
41765177926
41765177881
41765177894
41765177903
41765177909
41765177919
41765177931
41765177890
41765177940
41765177941
41765177963
41765177950
41765177939
41765177949
41765177961
41765177968
41765177965
41765177970
41765177996
41765177993
41765177995
41765177990
41765177988
41765177992
