41792115000
41792115001
41792115015
41792115008
41792115026
41792115028
41792115018
41792115006
41792115005
41792115016
41792115007
41792115020
41792115029
41792115019
41792115012
41792115023
41792115011
41792115004
41792115014
41792115017
41792115024
41792115044
41792115052
41792115046
41792115047
41792115051
41792115059
41792115041
41792115092
41792115099
41792115116
41792115107
41792115118
41792115087
41792115109
41792115132
41792115146
41792115131
41792115188
41792115214
41792115228
41792115119
41792115237
41792115061
41792115050
41792115104
41792115100
41792115332
41792115149
41792115165
41792115377
41792115351
41792115203
41792115038
41792115039
41792115078
41792115057
41792115068
41792115094
41792115190
41792115204
41792115111
41792115285
41792115283
41792115108
41792115081
41792115056
41792115110
41792115154
41792115074
41792115089
41792115076
41792115102
41792115171
41792115179
41792115121
41792115148
41792115141
41792115136
41792115224
41792115336
41792115255
41792115211
41792115143
41792115083
41792115305
41792115084
41792115127
41792115178
41792115202
41792115655
41792115314
41792115174
41792115345
41792115125
41792115164
41792115123
41792115248
41792115133
41792115112
41792115197
41792115184
41792115043
41792115322
41792115301
41792115300
41792115217
41792115079
41792115103
41792115460
41792115233
41792115120
41792115307
41792115122
41792115486
41792115176
41792115325
41792115509
41792115193
41792115067
41792115270
41792115401
41792115386
41792115210
41792115385
41792115180
41792115382
41792115282
41792115113
41792115218
41792115065
41792115265
41792115306
41792115536
41792115721
41792115543
41792115090
41792115392
41792115258
41792115461
41792115660
41792115159
41792115418
41792115144
41792115559
41792115281
41792115114
41792115259
41792115666
41792115244
41792115187
41792115227
41792115310
41792115339
41792115086
41792115063
41792115072
41792115312
41792115257
41792115464
41792115545
41792115781
41792115230
41792115304
41792115097
41792115135
41792115192
41792115075
41792115360
41792115273
41792115243
41792115373
41792115250
41792115754
41792115367
41792115251
41792115449
41792115289
41792115447
41792115395
41792115493
41792115500
41792115440
41792115142
41792115411
41792115525
41792115247
41792115298
41792115470
41792115290
41792115352
41792115249
41792115166
41792115734
41792115279
41792115833
41792115414
41792115299
41792115183
41792115284
41792115406
41792115329
41792115333
41792115267
41792115262
41792115770
41792115473
41792115398
41792115366
41792115318
41792115362
41792115490
41792115246
41792115376
41792115167
41792115682
41792115888
41792115705
41792115308
41792115321
41792115272
41792115532
41792115158
41792115126
41792115115
41792115173
41792115599
41792115701
41792115417
41792115213
41792115790
41792115177
41792115880
41792115242
41792115503
41792115343
41792115665
41792115294
41792115293
41792115872
41792115487
41792115239
41792115805
41792115758
41792115506
41792115147
41792115683
41792115514
41792115238
41792115393
41792115465
41792115517
41792115348
41792115428
41792115361
41792115518
41792115311
41792115631
41792115268
41792115556
41792115513
41792115853
41792115729
41792115574
41792115221
41792115371
41792115985
41792115640
41792115728
41792115699
41792115530
41792115571
41792115732
41792115505
41792115429
41792115630
41792115681
41792115782
41792115252
41792115932
41792115684
41792115223
41792115388
41792115786
41792115295
41792115454
41792115697
41792115777
41792115200
41792115396
41792115316
41792115579
41792115467
41792115685
41792115512
41792115614
41792115445
41792115966
41792115992
41792115349
41792115688
41792115547
41792115353
41792115716
41792115413
41792115539
41792115859
41792115739
41792115704
41792115832
41792115455
41792115572
41792115198
41792115892
41792115575
41792115752
41792115337
41792115961
41792115855
41792115969
41792115344
41792115478
41792115457
41792115555
41792115744
41792115996
41792115181
41792115485
41792115626
41792115288
41792115313
41792115725
41792115719
41792115423
41792115302
41792115220
41792115629
41792115558
41792115215
41792115622
41792115527
41792115829
41792115841
41792115623
41792115755
41792115593
41792115905
41792115843
41792115960
41792115541
41792115317
41792115479
41792115359
41792115844
41792115564
41792115943
41792115590
41792115399
41792115521
41792115481
41792115659
41792115357
41792115592
41792115175
41792115523
41792115645
41792115610
41792115818
41792115835
41792115584
41792115596
41792115330
41792115838
41792115420
41792115520
41792115496
41792115419
41792115394
41792115934
41792115822
41792115807
41792115990
41792115412
41792115424
41792115522
41792115757
41792115415
41792115303
41792115794
41792115871
41792115848
41792115924
41792115879
41792115548
41792115212
41792115840
41792115791
41792115205
41792115876
41792115654
41792115501
41792115864
41792115824
41792115323
41792115577
41792115560
41792115798
41792115562
41792115883
41792115476
41792115930
41792115566
41792115620
41792115648
41792115372
41792115502
41792115856
41792115722
41792115948
41792115608
41792115793
41792115903
41792115723
41792115674
41792115753
41792115837
41792115489
41792115538
41792115908
41792115222
41792115970
41792115979
41792115245
41792115815
41792115874
41792115913
41792115653
41792115508
41792115925
41792115261
41792115731
41792115720
41792115397
41792115662
41792115847
41792115927
41792115889
41792115516
41792115849
41792115881
41792115936
41792115438
41792115742
41792115581
41792115718
41792115504
41792115851
41792115971
41792115225
41792115634
41792115972
41792115529
41792115477
41792115236
41792115669
41792115534
41792115673
41792115482
41792115977
41792115862
41792115676
41792115817
41792115894
41792115802
41792115825
41792115565
41792115557
41792115533
41792115762
41792115873
41792115900
41792115621
41792115624
41792115787
41792115766
41792115471
41792115625
41792115808
41792115907
41792115544
41792115885
41792115649
41792115975
41792115736
41792115804
41792115524
41792115597
41792115453
41792115515
41792115612
41792115768
41792115430
41792115920
41792115836
41792115819
41792115606
41792115408
41792115263
41792115911
41792115549
41792115954
41792115973
41792115950
41792115652
41792115627
41792115912
41792115811
41792115706
41792115727
41792115646
41792115780
41792115690
41792115867
41792115764
41792115748
41792115978
41792115865
41792115980
41792115696
41792115580
41792115552
41792115916
41792115714
41792115241
41792115743
41792115896
41792115821
41792115850
41792115929
41792115616
41792115893
41792115511
41792115926
41792115897
41792115573
41792115957
41792115890
41792115783
41792115633
41792115952
41792115664
41792115923
41792115689
41792115578
41792115380
41792115715
41792115761
41792115828
41792115967
41792115661
41792115451
41792115860
41792115993
41792115650
41792115915
41792115677
41792115989
41792115656
41792115931
41792115117
41792115981
41792115813
41792115687
41792115928
41792115452
41792115707
41792115887
41792115600
41792115751
41792115698
41792115914
41792115962
41792115834
41792115906
41792115951
41792115749
41792115670
41792115759
41792115904
41792115678
41792115866
41792115854
41792115570
41792115800
41792115647
41792115938
41792115799
41792115769
41792115886
41792115944
41792115760
41792115986
41792115537
41792115922
41792115964
41792115806
41792115959
41792115776
41792115997
41792115772
41792115945
41792115820
41792115941
41792115686
41792115324
41792115933
41792115868
41792115942
41792115637
41792115984
41792115982
41792115774
41792115983
41792115488
41792115995
41792115987
41792115695
41792115814
41792115921
41792114000
41792114002
41792114016
41792114022
41792114017
41792114025
41792114024
41792114027
41792114005
41792114032
41792114001
41792114014
41792114003
41792114020
41792114013
41792114015
41792114004
41792114026
41792114012
41792114008
41792114104
41792114141
41792114034
41792114214
41792114063
41792114075
41792114040
41792114074
41792114093
41792114056
41792114158
41792114124
41792114091
41792114138
41792114162
41792114147
41792114161
41792114166
41792114066
41792114041
41792114178
41792114150
41792114191
41792114105
41792114115
41792114053
41792114232
41792114122
41792114230
41792114390
41792114051
41792114142
41792114144
41792114217
41792114048
41792114076
41792114038
41792114097
41792114058
41792114348
41792114065
41792114220
41792114113
41792114050
41792114160
41792114120
41792114244
41792114193
41792114289
41792114226
41792114042
41792114434
41792114046
41792114049
41792114287
41792114233
41792114135
41792114069
41792114057
41792114270
41792114168
41792114412
41792114262
41792114223
41792114111
41792114176
41792114172
41792114148
41792114465
41792114136
41792114539
41792114045
41792114047
41792114314
41792114055
41792114653
41792114072
41792114085
41792114187
41792114198
41792114216
41792114170
41792114134
41792114433
41792114202
41792114165
41792114248
41792114358
41792114391
41792114330
41792114131
41792114071
41792114417
41792114385
41792114205
41792114225
41792114203
41792114450
41792114464
41792114409
41792114167
41792114510
41792114269
41792114258
41792114673
41792114180
41792114307
41792114098
41792114155
41792114036
41792114169
41792114388
41792114094
41792114298
41792114284
41792114159
41792114260
41792114190
41792114211
41792114280
41792114210
41792114494
41792114444
41792114320
41792114121
41792114164
41792114405
41792114649
41792114568
41792114213
41792114746
41792114208
41792114212
41792114326
41792114620
41792114181
41792114082
41792114418
41792114476
41792114303
41792114333
41792114736
41792114114
41792114090
41792114351
41792114342
41792114201
41792114395
41792114590
41792114171
41792114292
41792114209
41792114243
41792114386
41792114626
41792114060
41792114255
41792114632
41792114451
41792114300
41792114375
41792114323
41792114207
41792114407
41792114109
41792114768
41792114362
41792114659
41792114898
41792114504
41792114517
41792114311
41792114313
41792114107
41792114043
41792114452
41792114453
41792114322
41792114445
41792114403
41792114729
41792114420
41792114252
41792114456
41792114619
41792114401
41792114116
41792114354
41792114276
41792114174
41792114728
41792114641
41792114612
41792114380
41792114389
41792114360
41792114607
41792114432
41792114741
41792114936
41792114319
41792114117
41792114182
41792114394
41792114229
41792114605
41792114637
41792114424
41792114218
41792114455
41792114446
41792114776
41792114288
41792114338
41792114355
41792114555
41792114591
41792114518
41792114491
41792114132
41792114271
41792114281
41792114449
41792114239
41792114404
41792114204
41792114734
41792114537
41792114671
41792114118
41792114184
41792114402
41792114631
41792114608
41792114483
41792114496
41792114544
41792114305
41792114532
41792114738
41792114594
41792114586
41792114100
41792114438
41792114365
41792114379
41792114285
41792114804
41792114657
41792114317
41792114146
41792114603
41792114545
41792114421
41792114299
41792114130
41792114799
41792114610
41792114529
41792114488
41792114846
41792114441
41792114472
41792114356
41792114511
41792114888
41792114242
41792114655
41792114849
41792114371
41792114508
41792114489
41792114786
41792114630
41792114759
41792114665
41792114602
41792114733
41792114997
41792114806
41792114459
41792114707
41792114352
41792114527
41792114344
41792114378
41792114731
41792114654
41792114835
41792114947
41792114580
41792114724
41792114650
41792114876
41792114500
41792114742
41792114599
41792114566
41792114447
41792114623
41792114474
41792114740
41792114874
41792114457
41792114598
41792114907
41792114604
41792114263
41792114265
41792114761
41792114652
41792114321
41792114222
41792114369
41792114382
41792114689
41792114904
41792114764
41792114553
41792114747
41792114635
41792114796
41792114560
41792114721
41792114688
41792114931
41792114419
41792114644
41792114470
41792114696
41792114769
41792114283
41792114638
41792114339
41792114932
41792114864
41792114613
41792114788
41792114125
41792114581
41792114308
41792114777
41792114686
41792114711
41792114606
41792114526
41792114967
41792114681
41792114646
41792114890
41792114621
41792114807
41792114574
41792114732
41792114697
41792114336
41792114979
41792114691
41792114662
41792114332
41792114563
41792114982
41792114595
41792114853
41792114793
41792114725
41792114680
41792114463
41792114627
41792114651
41792114335
41792114639
41792114883
41792114656
41792114498
41792114634
41792114315
41792114988
41792114387
41792114829
41792114699
41792114885
41792114576
41792114978
41792114468
41792114648
41792114589
41792114462
41792114522
41792114664
41792114851
41792114949
41792114672
41792114325
41792114753
41792114893
41792114400
41792114640
41792114870
41792114572
41792114616
41792114781
41792114879
41792114770
41792114347
41792114505
41792114490
41792114479
41792114577
41792114789
41792114878
41792114548
41792114561
41792114980
41792114911
41792114771
41792114628
41792114523
41792114832
41792114922
41792114965
41792114712
41792114547
41792114812
41792114767
41792114889
41792114887
41792114567
41792114366
41792114737
41792114713
41792114645
41792114845
41792114968
41792114666
41792114930
41792114857
41792114971
41792114381
41792114852
41792114925
41792114955
41792114957
41792114422
41792114940
41792114514
41792114750
41792114569
41792114660
41792114556
41792114706
41792114794
41792114727
41792114701
41792114831
41792114843
41792114579
41792114709
41792114941
41792114863
41792114900
41792114392
41792114881
41792114410
41792114814
41792114966
41792114915
41792114554
41792114834
41792114841
41792114708
41792114661
41792114848
41792114334
41792114884
41792114847
41792114833
41792114443
41792114897
41792114703
41792114533
41792114766
41792114828
41792114723
41792114540
41792114715
41792114803
41792114685
41792114809
41792114698
41792114755
41792114822
41792114816
41792114950
41792114970
41792114802
41792114868
41792114670
41792114744
41792114844
41792114918
41792114891
41792114677
41792114597
41792114827
41792114836
41792114482
41792114838
41792114825
41792114493
41792114973
41792114575
41792114958
41792114901
41792114935
41792114683
41792114880
41792114726
41792114642
41792114914
41792114824
41792114811
41792114808
41792114928
41792114906
41792114823
41792114959
41792114946
41792114663
41792114700
41792114976
41792114593
41792114990
41792114815
41792114975
41792114920
41792114939
41792114778
41792114929
41792114974
41792114961
41792114938
41792114805
41792114850
41792114942
41792114830
41792116017
41792116028
41792116020
41792116026
41792116008
41792116006
41792116031
41792116002
41792116018
41792116009
41792116024
41792116003
41792116019
41792116015
41792116013
41792116011
41792116005
41792116027
41792116025
41792116029
41792116014
41792116032
41792116010
41792116108
41792116115
41792116126
41792116211
41792116052
41792116037
41792116061
41792116038
41792116132
41792116041
41792116044
41792116047
41792116076
41792116067
41792116068
41792116094
41792116064
41792116123
41792116145
41792116157
41792116153
41792116040
41792116043
41792116069
41792116054
41792116089
41792116167
41792116098
41792116225
41792116111
41792116106
41792116170
41792116263
41792116095
41792116286
41792116121
41792116055
41792116262
41792116264
41792116070
41792116256
41792116034
41792116050
41792116084
41792116292
41792116278
41792116164
41792116071
41792116156
41792116141
41792116152
41792116161
41792116235
41792116168
41792116072
41792116060
41792116236
41792116220
41792116134
41792116118
41792116155
41792116193
41792116033
41792116165
41792116310
41792116058
41792116266
41792116103
41792116100
41792116146
41792116163
41792116271
41792116166
41792116336
41792116173
41792116202
41792116051
41792116192
41792116149
41792116200
41792116136
41792116129
41792116048
41792116309
41792116109
41792116140
41792116063
41792116297
41792116162
41792116079
41792116316
41792116081
41792116314
41792116207
41792116332
41792116293
41792116229
41792116303
41792116178
41792116280
41792116337
41792116144
41792116080
41792116243
41792116177
41792116248
41792116224
41792116300
41792116281
41792116341
41792116171
41792116308
41792116260
41792116194
41792116196
41792116338
41792116160
41792116102
41792116320
41792116302
41792116073
41792116265
41792116334
41792116107
41792116195
41792116346
41792116138
41792116174
41792116083
41792116137
41792116128
41792116273
41792116179
41792116347
41792116181
41792116294
41792116176
41792116223
41792116091
41792116345
41792116342
41792116205
41792116191
41792116321
41792116331
41792116328
41792116349
41792116315
41792116298
41792116270
41792116333
41792116233
41792116184
41792116239
41792116343
41792116190
41792116311
41792116340
41792116329
41792116284
41792116254
41792116291
41792116142
41792116306
41792116307
41792116327
41792116230
41792116352
41792116359
41792116366
41792116363
41792116358
41792116369
41792116351
41792116368
41792116228
41792116379
41792116378
41792116382
41792116360
41792116377
41792116381
41792116355
41792116362
41792116372
41792116374
41792116365
41792116380
41792116357
41792116384
41792116464
41792116525
41792116398
41792116427
41792116396
41792116387
41792116488
41792116386
41792116394
41792116400
41792116430
41792116419
41792116426
41792116431
41792116520
41792116390
41792116586
41792116543
41792116478
41792116470
41792116383
41792116492
41792116428
41792116391
41792116513
41792116523
41792116529
41792116416
41792116460
41792116408
41792116541
41792116658
41792116649
41792116462
41792116421
41792116641
41792116552
41792116456
41792116417
41792116556
41792116412
41792116554
41792116472
41792116625
41792116388
41792116631
41792116508
41792116422
41792116452
41792116577
41792116410
41792116585
41792116432
41792116476
41792116459
41792116475
41792116403
41792116486
41792116536
41792116420
41792116642
41792116399
41792116484
41792116645
41792116440
41792116402
41792116423
41792116429
41792116498
41792116438
41792116405
41792116465
41792116593
41792116524
41792116424
41792116495
41792116659
41792116571
41792116566
41792116474
41792116527
41792116668
41792116511
41792116557
41792116502
41792116695
41792116415
41792116676
41792116501
41792116661
41792116572
41792116467
41792116444
41792116446
41792116629
41792116447
41792116454
41792116639
41792116663
41792116561
41792116553
41792116491
41792116528
41792116515
41792116653
41792116493
41792116684
41792116551
41792116532
41792116619
41792116574
41792116660
41792116451
41792116546
41792116689
41792116505
41792116549
41792116651
41792116522
41792116517
41792116607
41792116605
41792116439
41792116453
41792116637
41792116497
41792116598
41792116489
41792116622
41792116442
41792116681
41792116644
41792116463
41792116609
41792116573
41792116570
41792116535
41792116457
41792116692
41792116468
41792116568
41792116597
41792116411
41792116578
41792116550
41792116503
41792116559
41792116667
41792116672
41792116664
41792116565
41792116628
41792116600
41792116469
41792116673
41792116677
41792116514
41792116636
41792116579
41792116449
41792116445
41792116608
41792116500
41792116610
41792116687
41792116602
41792116675
41792116654
41792116679
41792116669
41792116485
41792116635
41792116611
41792116592
41792116638
41792116538
41792116697
41792116594
41792116666
41792116580
41792116690
41792116626
41792116630
41792116699
41792116595
41792116518
41792116696
41792116655
41792116507
41792116632
41792116688
41792116606
41792116678
41792116712
41792116717
41792116710
41792116731
41792116705
41792116716
41792116722
41792116721
41792116718
41792116703
41792116724
41792116701
41792116723
41792116711
41792116713
41792116729
41792116702
41792116707
41792116709
41792116704
41792116715
41792116720
41792116700
41792116754
41792116733
41792116732
41792116742
41792116748
41792116762
41792116760
41792116751
41792116759
41792116747
41792116745
41792116741
41792116738
41792116737
41792116749
41792116755
41792116736
41792116758
41792116753
41792116735
41792116740
41792116746
41792116818
41792116809
41792116767
41792116788
41792116782
41792116796
41792116775
41792116800
41792116811
41792116805
41792116781
41792116783
41792116815
41792116802
41792116823
41792116785
41792116817
41792116803
41792116821
41792116771
41792116774
41792116786
41792116810
41792116804
41792116789
41792116768
41792116777
41792116790
41792116808
41792116794
41792116795
41792116792
41792116801
41792116772
41792116807
41792116814
41792116780
41792116784
41792116847
41792116850
41792116852
41792116835
41792116857
41792116839
41792116828
41792116843
41792116856
41792116849
41792116876
41792116866
41792116875
41792116881
41792116853
41792116873
41792116874
41792116840
41792116826
41792116871
41792116844
41792116859
41792116824
41792116836
41792116865
41792116838
41792116855
41792116861
41792116877
41792116939
41792116937
41792116888
41792116896
41792116901
41792116910
41792116907
41792116914
41792116887
41792116886
41792116899
41792116936
41792116893
41792116911
41792116915
41792116934
41792116883
41792116909
41792116917
41792116890
41792116902
41792116891
41792116928
41792116892
41792116918
41792116882
41792116894
41792116904
41792116919
41792116908
41792116945
41792116968
41792116947
41792116948
41792116950
41792116949
41792116957
41792116969
41792116972
41792116952
41792116961
41792116959
41792116962
41792116953
41792116964
41792116963
41792116955
41792116958
41792116965
41792116990
41792116982
41792116994
41792116987
41792116989
41792116995
41792116988
41792116986
41792116996
41792116979
41792116998
41792116984
41792110000
41792110025
41792110021
41792110011
41792110022
41792110009
41792110007
41792110015
41792110001
41792110014
41792110029
41792110023
41792110012
41792110026
41792110010
41792110027
41792110066
41792110103
41792110115
41792110133
41792110146
41792110152
41792110159
41792110187
41792110044
41792110045
41792110325
41792110054
41792110106
41792110081
41792110220
41792110074
41792110219
41792110063
41792110169
41792110069
41792110084
41792110299
41792110269
41792110128
41792110042
41792110082
41792110124
41792110036
41792110161
41792110068
41792110175
41792110141
41792110050
41792110391
41792110083
41792110089
41792110051
41792110215
41792110430
41792110274
41792110329
41792110239
41792110207
41792110322
41792110242
41792110061
41792110209
41792110041
41792110511
41792110049
41792110330
41792110080
41792110305
41792110140
41792110150
41792110090
41792110139
41792110088
41792110109
41792110197
41792110110
41792110250
41792110155
41792110143
41792110486
41792110256
41792110040
41792110038
41792110134
41792110160
41792110167
41792110116
41792110073
41792110406
41792110059
41792110056
41792110096
41792110123
41792110091
41792110114
41792110071
41792110473
41792110060
41792110093
41792110075
41792110414
41792110078
41792110356
41792110105
41792110154
41792110306
41792110034
41792110420
41792110048
41792110092
41792110334
41792110214
41792110202
41792110645
41792110095
41792110386
41792110259
41792110136
41792110168
41792110112
41792110158
41792110077
41792110377
41792110062
41792110156
41792110085
41792110546
41792110298
41792110338
41792110171
41792110111
41792110233
41792110102
41792110199
41792110151
41792110529
41792110441
41792110597
41792110173
41792110131
41792110157
41792110367
41792110388
41792110184
41792110203
41792110403
41792110482
41792110314
41792110387
41792110354
41792110188
41792110252
41792110179
41792110318
41792110447
41792110405
41792110208
41792110707
41792110347
41792110335
41792110463
41792110213
41792110340
41792110079
41792110119
41792110162
41792110395
41792110312
41792110364
41792110751
41792110217
41792110255
41792110438
41792110301
41792110512
41792110523
41792110174
41792110422
41792110323
41792110248
41792110384
41792110076
41792110524
41792110362
41792110472
41792110147
41792110065
41792110846
41792110163
41792110170
41792110741
41792110444
41792110359
41792110581
41792110583
41792110373
41792110494
41792110754
41792110548
41792110390
41792110127
41792110783
41792110499
41792110719
41792110191
41792110324
41792110424
41792110326
41792110231
41792110346
41792110498
41792110149
41792110502
41792110814
41792110246
41792110634
41792110378
41792110351
41792110416
41792110212
41792110457
41792110545
41792110396
41792110515
41792110129
41792110750
41792110130
41792110237
41792110653
41792110172
41792110609
41792110407
41792110543
41792110181
41792110366
41792110440
41792110333
41792110590
41792110485
41792110636
41792110309
41792110452
41792110456
41792110380
41792110728
41792110906
41792110165
41792110236
41792110419
41792110316
41792110503
41792110570
41792110320
41792110810
41792110888
41792110474
41792110206
41792110235
41792110489
41792110717
41792110509
41792110374
41792110328
41792110572
41792110805
41792110226
41792110760
41792110238
41792110125
41792110361
41792110975
41792110339
41792110365
41792110148
41792110342
41792110392
41792110757
41792110404
41792110492
41792110501
41792110530
41792110343
41792110852
41792110756
41792110243
41792110397
41792110211
41792110554
41792110345
41792110500
41792110585
41792110582
41792110803
41792110352
41792110393
41792110806
41792110327
41792110344
41792110385
41792110194
41792110401
41792110253
41792110568
41792110594
41792110302
41792110774
41792110615
41792110400
41792110375
41792110506
41792110658
41792110193
41792110989
41792110739
41792110336
41792110423
41792110633
41792110979
41792110310
41792110257
41792110222
41792110737
41792110787
41792110647
41792110358
41792110505
41792110723
41792110780
41792110536
41792110710
41792110455
41792110587
41792110540
41792110736
41792110592
41792110164
41792110182
41792110383
41792110657
41792110426
41792110791
41792110550
41792110763
41792110547
41792110432
41792110701
41792110563
41792110584
41792110868
41792110517
41792110625
41792110526
41792110714
41792110953
41792110902
41792110959
41792110251
41792110711
41792110699
41792110939
41792110857
41792110230
41792110781
41792110660
41792110669
41792110934
41792110571
41792110410
41792110695
41792110538
41792110350
41792110858
41792110929
41792110433
41792110607
41792110483
41792110465
41792110451
41792110798
41792110638
41792110446
41792110917
41792110541
41792110469
41792110221
41792110484
41792110399
41792110553
41792110577
41792110514
41792110786
41792110878
41792110389
41792110981
41792110771
41792110970
41792110491
41792110623
41792110429
41792110639
41792110411
41792110779
41792110425
41792110801
41792110436
41792110431
41792110588
41792110678
41792110746
41792110716
41792110415
41792110918
41792110913
41792110510
41792110758
41792110504
41792110428
41792110556
41792110368
41792110765
41792110777
41792110802
41792110535
41792110708
41792110533
41792110348
41792110794
41792110449
41792110993
41792110956
41792110863
41792110442
41792110725
41792110800
41792110874
41792110628
41792110830
41792110688
41792110940
41792110454
41792110579
41792110315
41792110873
41792110493
41792110481
41792110960
41792110778
41792110600
41792110854
41792110978
41792110622
41792110427
41792110656
41792110646
41792110684
41792110734
41792110961
41792110823
41792110839
41792110768
41792110937
41792110445
41792110927
41792110726
41792110370
41792110418
41792110893
41792110904
41792110448
41792110944
41792110551
41792110513
41792110620
41792110872
41792110856
41792110706
41792110676
41792110666
41792110569
41792110894
41792110745
41792110229
41792110782
41792110881
41792110946
41792110840
41792110650
41792110729
41792110986
41792110665
41792110693
41792110604
41792110922
41792110521
41792110605
41792110627
41792110654
41792110842
41792110905
41792110866
41792110691
41792110435
41792110951
41792110686
41792110958
41792110812
41792110687
41792110923
41792110730
41792110565
41792110614
41792110453
41792110819
41792110651
41792110703
41792110766
41792110652
41792110611
41792110296
41792110885
41792110869
41792110516
41792110749
41792110871
41792110434
41792110898
41792110900
41792110601
41792110704
41792110930
41792110685
41792110532
41792110901
41792110867
41792110560
41792110740
41792110982
41792110331
41792110967
41792110963
41792110770
41792110912
41792110369
41792110950
41792110776
41792110925
41792110859
41792110909
41792110992
41792110621
41792110847
41792110971
41792110833
41792110984
41792110785
41792110784
41792110990
41792110402
41792110522
41792110738
41792110617
41792110935
41792110890
41792110631
41792110743
41792110976
41792110789
41792110694
41792110962
41792110843
41792110626
41792110938
41792110973
41792110882
41792110838
41792110969
41792110880
41792110972
41792110995
41792110825
41792110720
41792110851
41792110809
41792110848
41792110748
41792110443
41792110497
41792110910
41792110828
41792110920
41792110792
41792110991
41792110877
41792110933
41792110966
41792110865
41792110884
41792110886
41792110576
41792110813
41792110619
41792110907
41792110804
41792110674
41792110914
41792110692
41792110864
41792110606
41792110681
41792110735
41792110936
41792110887
41792110911
41792110903
41792110744
41792110796
41792110889
41792119016
41792119028
41792119027
41792119005
41792119019
41792119030
41792119022
41792119010
41792119020
41792119013
41792119001
41792119007
41792119012
41792119025
41792119018
41792119017
41792119026
41792119002
41792119014
41792119023
41792119059
41792119170
41792119078
41792119064
41792119060
41792119089
41792119110
41792119099
41792119123
41792119077
41792119133
41792119165
41792119182
41792119177
41792119038
41792119035
41792119047
41792119033
41792119065
41792119088
41792119127
41792119085
41792119244
41792119091
41792119293
41792119063
41792119120
41792119320
41792119066
41792119163
41792119147
41792119367
41792119178
41792119050
41792119230
41792119128
41792119095
41792119042
41792119134
41792119039
41792119119
41792119084
41792119108
41792119176
41792119080
41792119113
41792119186
41792119245
41792119477
41792119114
41792119174
41792119137
41792119144
41792119162
41792119216
41792119115
41792119264
41792119154
41792119172
41792119192
41792119034
41792119046
41792119062
41792119083
41792119068
41792119612
41792119203
41792119109
41792119048
41792119140
41792119136
41792119344
41792119373
41792119198
41792119200
41792119184
41792119414
41792119103
41792119237
41792119117
41792119155
41792119227
41792119126
41792119101
41792119195
41792119153
41792119250
41792119105
41792119744
41792119138
41792119205
41792119041
41792119459
41792119260
41792119212
41792119255
41792119175
41792119221
41792119112
41792119159
41792119166
41792119185
41792119382
41792119356
41792119461
41792119298
41792119258
41792119079
41792119396
41792119132
41792119421
41792119613
41792119431
41792119432
41792119092
41792119523
41792119266
41792119141
41792119482
41792119179
41792119151
41792119191
41792119219
41792119439
41792119599
41792119189
41792119437
41792119428
41792119122
41792119213
41792119290
41792119466
41792119288
41792119355
41792119330
41792119156
41792119530
41792119332
41792119111
41792119235
41792119404
41792119236
41792119507
41792119500
41792119495
41792119393
41792119086
41792119549
41792119487
41792119160
41792119311
41792119476
41792119564
41792119315
41792119470
41792119051
41792119473
41792119116
41792119347
41792119634
41792119681
41792119395
41792119246
41792119271
41792119104
41792119434
41792119118
41792119214
41792119726
41792119229
41792119312
41792119422
41792119261
41792119202
41792119451
41792119232
41792119291
41792119471
41792119187
41792119424
41792119850
41792119204
41792119415
41792119378
41792119506
41792119249
41792119669
41792119585
41792119391
41792119503
41792119243
41792119275
41792119590
41792119193
41792119353
41792119208
41792119218
41792119576
41792119364
41792119628
41792119223
41792119670
41792119277
41792119368
41792119407
41792119528
41792119447
41792119538
41792119241
41792119491
41792119314
41792119279
41792119325
41792119438
41792119365
41792119462
41792119284
41792119346
41792119327
41792119436
41792119700
41792119335
41792119181
41792119536
41792119906
41792119256
41792119240
41792119990
41792119190
41792119197
41792119429
41792119301
41792119856
41792119387
41792119272
41792119207
41792119408
41792119161
41792119303
41792119319
41792119286
41792119222
41792119518
41792119722
41792119534
41792119449
41792119680
41792119360
41792119658
41792119758
41792119305
41792119201
41792119511
41792119659
41792119448
41792119542
41792119370
41792119282
41792119529
41792119811
41792119558
41792119775
41792119433
41792119358
41792119317
41792119334
41792119554
41792119794
41792119479
41792119846
41792119401
41792119273
41792119584
41792119350
41792119515
41792119253
41792119357
41792119231
41792119306
41792119640
41792119467
41792119519
41792119919
41792119543
41792119577
41792119560
41792119490
41792119224
41792119768
41792119297
41792119361
41792119688
41792119307
41792119492
41792119561
41792119941
41792119442
41792119553
41792119545
41792119718
41792119777
41792119464
41792119602
41792119673
41792119220
41792119611
41792119420
41792119215
41792119392
41792119341
41792119960
41792119894
41792119374
41792119283
41792119302
41792119664
41792119228
41792119677
41792119709
41792119478
41792119840
41792119409
41792119719
41792119844
41792119748
41792119958
41792119488
41792119247
41792119942
41792119352
41792119405
41792119486
41792119323
41792119800
41792119609
41792119717
41792119388
41792119786
41792119457
41792119881
41792119525
41792119349
41792119591
41792119532
41792119908
41792119570
41792119864
41792119211
41792119328
41792119372
41792119907
41792119441
41792119483
41792119375
41792119763
41792119696
41792119423
41792119991
41792119711
41792119251
41792119376
41792119430
41792119521
41792119791
41792119626
41792119452
41792119575
41792119573
41792119333
41792119539
41792119737
41792119879
41792119695
41792119897
41792119961
41792119622
41792119555
41792119874
41792119453
41792119932
41792119951
41792119413
41792119505
41792119446
41792119813
41792119947
41792119326
41792119586
41792119386
41792119977
41792119270
41792119463
41792119860
41792119597
41792119563
41792119363
41792119278
41792119773
41792119988
41792119948
41792119329
41792119845
41792119916
41792119402
41792119912
41792119636
41792119548
41792119818
41792119847
41792119656
41792119826
41792119819
41792119512
41792119460
41792119468
41792119971
41792119520
41792119340
41792119594
41792119760
41792119979
41792119508
41792119956
41792119169
41792119567
41792119736
41792119644
41792119578
41792119672
41792119972
41792119754
41792119582
41792119456
41792119891
41792119968
41792119752
41792119982
41792119540
41792119601
41792119762
41792119465
41792119394
41792119963
41792119556
41792119872
41792119793
41792119400
41792119883
41792119292
41792119685
41792119832
41792119780
41792119984
41792119679
41792119741
41792119426
41792119571
41792119666
41792119993
41792119701
41792119950
41792119663
41792119973
41792119537
41792119939
41792119614
41792119411
41792119583
41792119937
41792119544
41792119770
41792119922
41792119655
41792119331
41792119416
41792119562
41792119706
41792119940
41792119755
41792119994
41792119769
41792119945
41792119944
41792119776
41792119921
41792119557
41792119841
41792119996
41792119660
41792119745
41792119637
41792119756
41792119686
41792119665
41792119899
41792119985
41792119581
41792119678
41792119834
41792119765
41792119888
41792119642
41792119687
41792119829
41792119895
41792119877
41792119698
41792119995
41792119798
41792119833
41792119830
41792119568
41792119351
41792119889
41792119857
41792119592
41792119627
41792119654
41792119739
41792119359
41792119930
41792119723
41792119795
41792119900
41792119929
41792119933
41792119389
41792119474
41792119885
41792119606
41792119774
41792119863
41792119915
41792119648
41792119704
41792119871
41792119781
41792119816
41792119730
41792119815
41792119703
41792119949
41792119983
41792119764
41792119727
41792119943
41792119957
41792119647
41792119817
41792119651
41792119954
41792119445
41792119828
41792119886
41792119875
41792119787
41792119823
41792119966
41792119905
41792119876
41792119735
41792119676
41792119809
41792119839
41792119989
41792119852
41792119873
41792119514
41792119978
41792119917
41792119607
41792119750
41792119797
41792119902
41792119746
41792119849
41792119705
41792119910
41792119974
41792119587
41792119997
41792119617
41792119861
41792119909
41792119893
41792119887
41792119901
41792119772
41792119808
41792119992
41792119862
41792119572
41792119825
41792119920
41792119955
41792119638
41792119964
41792119848
41792119938
41792119904
41792119975
41792119803
41792119641
41792119911
41792119981
41792119865
41792119976
41792113024
41792113021
41792113028
41792113009
41792113023
41792113006
41792113029
41792113020
41792113011
41792113014
41792113030
41792113025
41792113019
41792113039
41792113057
41792113063
41792113061
41792113088
41792113134
41792113141
41792113164
41792113183
41792113214
41792113049
41792113054
41792113012
41792113092
41792113137
41792113123
41792113062
41792113070
41792113100
41792113125
41792113053
41792113035
41792113041
41792113055
41792113066
41792113086
41792113080
41792113033
41792113040
41792113050
41792113112
41792113227
41792113044
41792113178
41792113150
41792113109
41792113056
41792113283
41792113304
41792113038
41792113322
41792113104
41792113132
41792113315
41792113073
41792113284
41792113294
41792113101
41792113097
41792113099
41792113158
41792113341
41792113129
41792113079
41792113226
41792113114
41792113310
41792113230
41792113600
41792113595
41792113131
41792113195
41792113072
41792113065
41792113163
41792113220
41792113223
41792113095
41792113060
41792113300
41792113067
41792113074
41792113279
41792113167
41792113051
41792113077
41792113245
41792113174
41792113166
41792113594
41792113161
41792113188
41792113152
41792113330
41792113105
41792113388
41792113052
41792113291
41792113087
41792113221
41792113210
41792113383
41792113400
41792113107
41792113239
41792113124
41792113232
41792113228
41792113354
41792113146
41792113207
41792113422
41792113364
41792113212
41792113069
41792113267
41792113170
41792113846
41792113497
41792113211
41792113203
41792113175
41792113528
41792113559
41792113485
41792113133
41792113222
41792113135
41792113224
41792113652
41792113244
41792113349
41792113155
41792113059
41792113093
41792113448
41792113487
41792113225
41792113562
41792113240
41792113200
41792113411
41792113246
41792113409
41792113410
41792113490
41792113643
41792113333
41792113089
41792113807
41792113096
41792113068
41792113242
41792113397
41792113290
41792113492
41792113436
41792113165
41792113201
41792113406
41792113261
41792113489
41792113302
41792113168
41792113334
41792113498
41792113194
41792113064
41792113510
41792113408
41792113538
41792113724
41792113529
41792113217
41792113482
41792113355
41792113305
41792113156
41792113389
41792113398
41792113237
41792113311
41792113199
41792113459
41792113090
41792113258
41792113337
41792113262
41792113287
41792113176
41792113620
41792113657
41792113172
41792113381
41792113076
41792113281
41792113653
41792113280
41792113427
41792113187
41792113375
41792113171
41792113252
41792113637
41792113563
41792113771
41792113493
41792113360
41792113481
41792113377
41792113680
41792113307
41792113205
41792113663
41792113296
41792113403
41792113568
41792113480
41792113626
41792113236
41792113454
41792113501
41792113119
41792113627
41792113919
41792113660
41792113656
41792113254
41792113335
41792113556
41792113882
41792113583
41792113633
41792113350
41792113399
41792113376
41792113424
41792113319
41792113396
41792113683
41792113423
41792113144
41792113768
41792113312
41792113202
41792113344
41792113370
41792113523
41792113455
41792113145
41792113483
41792113573
41792113668
41792113547
41792113412
41792113420
41792113699
41792113535
41792113673
41792113614
41792113180
41792113472
41792113301
41792113441
41792113313
41792113486
41792113571
41792113539
41792113862
41792113913
41792113900
41792113363
41792113118
41792113446
41792113309
41792113075
41792113466
41792113748
41792113849
41792113463
41792113342
41792113733
41792113553
41792113532
41792113574
41792113891
41792113508
41792113601
41792113477
41792113332
41792113521
41792113646
41792113750
41792113840
41792113742
41792113915
41792113451
41792113494
41792113506
41792113605
41792113630
41792113504
41792113612
41792113328
41792113648
41792113922
41792113520
41792113336
41792113414
41792113540
41792113505
41792113476
41792113326
41792113541
41792113589
41792113756
41792113461
41792113775
41792113517
41792113229
41792113726
41792113514
41792113353
41792113584
41792113391
41792113474
41792113331
41792113804
41792113966
41792113192
41792113511
41792113632
41792113271
41792113468
41792113544
41792113297
41792113550
41792113841
41792113231
41792113564
41792113826
41792113418
41792113734
41792113820
41792113416
41792113108
41792113592
41792113542
41792113833
41792113738
41792113634
41792113425
41792113729
41792113572
41792113860
41792113610
41792113569
41792113546
41792113484
41792113438
41792113894
41792113379
41792113672
41792113460
41792113503
41792113912
41792113641
41792113693
41792113348
41792113823
41792113465
41792113624
41792113906
41792113534
41792113515
41792113995
41792113671
41792113378
41792113565
41792113558
41792113970
41792113687
41792113982
41792113684
41792113669
41792113638
41792113621
41792113661
41792113585
41792113502
41792113682
41792113873
41792113718
41792113954
41792113858
41792113617
41792113939
41792113992
41792113386
41792113690
41792113608
41792113636
41792113707
41792113299
41792113374
41792113654
41792113692
41792113878
41792113537
41792113800
41792113664
41792113835
41792113952
41792113996
41792113743
41792113828
41792113590
41792113570
41792113963
41792113731
41792113920
41792113545
41792113500
41792113182
41792113880
41792113776
41792113700
41792113428
41792113782
41792113788
41792113303
41792113991
41792113723
41792113384
41792113769
41792113847
41792113677
41792113884
41792113447
41792113712
41792113781
41792113975
41792113713
41792113552
41792113688
41792113530
41792113721
41792113834
41792113706
41792113803
41792113715
41792113662
41792113852
41792113543
41792113293
41792113609
41792113793
41792113973
41792113740
41792113708
41792113921
41792113902
41792113711
41792113705
41792113861
41792113787
41792113969
41792113850
41792113997
41792113611
41792113976
41792113635
41792113566
41792113475
41792113575
41792113752
41792113943
41792113435
41792113815
41792113675
41792113714
41792113845
41792113710
41792113356
41792113773
41792113667
41792113689
41792113478
41792113944
41792113893
41792113824
41792113548
41792113928
41792113917
41792113790
41792113865
41792113838
41792113764
41792113491
41792113754
41792113827
41792113905
41792113512
41792113972
41792113811
41792113964
41792113581
41792113522
41792113717
41792113887
41792113763
41792113955
41792113825
41792113674
41792113839
41792113984
41792113730
41792113469
41792113946
41792113758
41792113513
41792113930
41792113863
41792113899
41792113551
41792113890
41792113737
41792113945
41792113933
41792113822
41792113606
41792113747
41792113949
41792113488
41792113883
41792113871
41792113759
41792113875
41792113901
41792113879
41792113698
41792113586
41792113628
41792113993
41792113809
41792113837
41792113744
41792113836
41792113914
41792113685
41792113927
41792113509
41792113926
41792113785
41792113910
41792113950
41792113813
41792113866
41792113789
41792113870
41792113762
41792113938
41792113644
41792113937
41792113896
41792113929
41792113924
41792113765
41792113923
41792113780
41792113854
41792111000
41792111025
41792111005
41792111018
41792111032
41792111028
41792111030
41792111029
41792111009
41792111022
41792111102
41792111122
41792111003
41792111132
41792111008
41792111019
41792111080
41792111015
41792111093
41792111042
41792111049
41792111053
41792111060
41792111245
41792111081
41792111125
41792111079
41792111141
41792111006
41792111036
41792111140
41792111027
41792111143
41792111016
41792111020
41792111017
41792111175
41792111063
41792111071
41792111113
41792111214
41792111155
41792111072
41792111223
41792111151
41792111206
41792111007
41792111101
41792111197
41792111056
41792111251
41792111089
41792111031
41792111011
41792111067
41792111118
41792111038
41792111045
41792111328
41792111338
41792111066
41792111046
41792111090
41792111100
41792111315
41792111074
41792111116
41792111103
41792111033
41792111173
41792111075
41792111014
41792111078
41792111334
41792111178
41792111169
41792111096
41792111225
41792111187
41792111131
41792111123
41792111059
41792111026
41792111115
41792111257
41792111266
41792111256
41792111278
41792111243
41792111161
41792111150
41792111037
41792111044
41792111208
41792111065
41792111069
41792111077
41792111366
41792111040
41792111062
41792111120
41792111247
41792111041
41792111114
41792111061
41792111229
41792111166
41792111055
41792111364
41792111201
41792111203
41792111111
41792111021
41792111323
41792111248
41792111050
41792111241
41792111236
41792111073
41792111372
41792111047
41792111130
41792111117
41792111357
41792111325
41792111316
41792111112
41792111106
41792111400
41792111052
41792111281
41792111135
41792111136
41792111051
41792111204
41792111023
41792111326
41792111385
41792111374
41792111270
41792111254
41792111196
41792111394
41792111039
41792111076
41792111318
41792111083
41792111335
41792111405
41792111181
41792111142
41792111242
41792111441
41792111337
41792111082
41792111448
41792111215
41792111447
41792111460
41792111227
41792111258
41792111167
41792111043
41792111391
41792111129
41792111280
41792111097
41792111230
41792111048
41792111127
41792111162
41792111450
41792111419
41792111232
41792111259
41792111034
41792111557
41792111275
41792111263
41792111529
41792111487
41792111602
41792111305
41792111219
41792111508
41792111522
41792111145
41792111226
41792111211
41792111478
41792111642
41792111192
41792111268
41792111124
41792111171
41792111322
41792111194
41792111578
41792111678
41792111438
41792111207
41792111293
41792111355
41792111668
41792111493
41792111426
41792111261
41792111216
41792111070
41792111466
41792111413
41792111456
41792111455
41792111191
41792111296
41792111188
41792111416
41792111398
41792111486
41792111199
41792111653
41792111319
41792111445
41792111108
41792111709
41792111600
41792111260
41792111539
41792111267
41792111094
41792111058
41792111210
41792111449
41792111373
41792111431
41792111314
41792111377
41792111458
41792111184
41792111464
41792111824
41792111414
41792111887
41792111289
41792111463
41792111368
41792111617
41792111224
41792111121
41792111459
41792111470
41792111209
41792111664
41792111634
41792111185
41792111363
41792111593
41792111537
41792111389
41792111453
41792111647
41792111646
41792111376
41792111146
41792111538
41792111231
41792111729
41792111421
41792111298
41792111575
41792111329
41792111367
41792111105
41792111519
41792111501
41792111193
41792111454
41792111515
41792111943
41792111341
41792111307
41792111576
41792111760
41792111220
41792111476
41792111490
41792111428
41792111622
41792111265
41792111613
41792111392
41792111228
41792111912
41792111503
41792111433
41792111179
41792111308
41792111591
41792111172
41792111614
41792111324
41792111440
41792111651
41792111285
41792111339
41792111311
41792111404
41792111751
41792111396
41792111527
41792111410
41792111799
41792111524
41792111287
41792111541
41792111526
41792111393
41792111628
41792111390
41792111430
41792111624
41792111558
41792111535
41792111343
41792111174
41792111472
41792111412
41792111495
41792111549
41792111606
41792111684
41792111437
41792111922
41792111351
41792111699
41792111378
41792111517
41792111290
41792111432
41792111724
41792111590
41792111411
41792111518
41792111313
41792111608
41792111348
41792111556
41792111570
41792111700
41792111673
41792111550
41792111761
41792111909
41792111779
41792111534
41792111780
41792111477
41792111401
41792111352
41792111435
41792111708
41792111604
41792111844
41792111766
41792111444
41792111331
41792111703
41792111271
41792111213
41792111857
41792111504
41792111483
41792111816
41792111685
41792111645
41792111436
41792111382
41792111750
41792111554
41792111462
41792111406
41792111607
41792111523
41792111540
41792111638
41792111559
41792111218
41792111758
41792111913
41792111838
41792111589
41792111769
41792111422
41792111822
41792111429
41792111677
41792111666
41792111655
41792111660
41792111797
41792111465
41792111805
41792111371
41792111954
41792111654
41792111785
41792111924
41792111967
41792111739
41792111395
41792111249
41792111963
41792111627
41792111629
41792111347
41792111545
41792111752
41792111300
41792111585
41792111222
41792111804
41792111561
41792111443
41792111732
41792111704
41792111500
41792111879
41792111827
41792111997
41792111815
41792111786
41792111252
41792111764
41792111564
41792111276
41792111279
41792111565
41792111212
41792111826
41792111560
41792111623
41792111633
41792111552
41792111715
41792111626
41792111711
41792111745
41792111825
41792111424
41792111671
41792111680
41792111283
41792111862
41792111746
41792111774
41792111819
41792111612
41792111473
41792111584
41792111713
41792111840
41792111631
41792111886
41792111563
41792111471
41792111205
41792111579
41792111380
41792111770
41792111088
41792111757
41792111777
41792111555
41792111599
41792111345
41792111569
41792111902
41792111505
41792111551
41792111734
41792111583
41792111896
41792111940
41792111807
41792111858
41792111682
41792111525
41792111898
41792111918
41792111813
41792111788
41792111773
41792111415
41792111596
41792111686
41792111310
41792111903
41792111656
41792111957
41792111514
41792111630
41792111610
41792111904
41792111658
41792111899
41792111830
41792111744
41792111577
41792111301
41792111928
41792111489
41792111689
41792111851
41792111873
41792111502
41792111995
41792111812
41792111968
41792111625
41792111516
41792111317
41792111921
41792111868
41792111349
41792111771
41792111721
41792111594
41792111691
41792111863
41792111856
41792111845
41792111681
41792111474
41792111425
41792111530
41792111512
41792111669
41792111841
41792111806
41792111528
41792111951
41792111716
41792111972
41792111960
41792111601
41792111667
41792111154
41792111765
41792111657
41792111340
41792111701
41792111973
41792111842
41792111932
41792111690
41792111837
41792111768
41792111706
41792111595
41792111811
41792111803
41792111662
41792111853
41792111829
41792111723
41792111692
41792111696
41792111971
41792111533
41792111369
41792111714
41792111831
41792111832
41792111481
41792111670
41792111916
41792111772
41792111917
41792111823
41792111632
41792111461
41792111747
41792111362
41792111848
41792111727
41792111820
41792111365
41792111911
41792111782
41792111847
41792111977
41792111705
41792111573
41792111611
41792111836
41792111640
41792111775
41792111722
41792111935
41792111791
41792111992
41792111507
41792111605
41792111860
41792111663
41792111839
41792111375
41792111861
41792111707
41792111482
41792111870
41792111875
41792111754
41792111846
41792111888
41792111919
41792111731
41792111581
41792111975
41792111876
41792111536
41792111881
41792111720
41792111843
41792111915
41792111988
41792111712
41792111818
41792111849
41792111726
41792111639
41792111976
41792111891
41792111920
41792111974
41792111759
41792111882
41792111511
41792111665
41792111783
41792111910
41792111855
41792111864
41792111991
41792111866
41792111717
41792111990
41792111907
41792111884
41792111679
41792111979
41792111958
41792111953
41792111735
41792111814
41792111982
41792111949
41792111588
41792111901
41792112000
41792112016
41792112024
41792112013
41792112021
41792112001
41792112017
41792112022
41792112011
41792112026
41792112028
41792112014
41792112020
41792112005
41792112008
41792112003
41792112010
41792112006
41792112023
41792112007
41792112025
41792112029
41792112048
41792112063
41792112071
41792112079
41792112094
41792112092
41792112018
41792112209
41792112239
41792112254
41792112033
41792112108
41792112338
41792112073
41792112096
41792112043
41792112060
41792112050
41792112333
41792112141
41792112034
41792112080
41792112049
41792112167
41792112101
41792112186
41792112088
41792112109
41792112040
41792112120
41792112334
41792112116
41792112207
41792112138
41792112087
41792112038
41792112113
41792112047
41792112187
41792112337
41792112123
41792112194
41792112356
41792112068
41792112091
41792112310
41792112061
41792112072
41792112121
41792112474
41792112493
41792112317
41792112365
41792112305
41792112148
41792112077
41792112055
41792112489
41792112070
41792112566
41792112053
41792112102
41792112118
41792112135
41792112168
41792112126
41792112193
41792112162
41792112174
41792112057
41792112115
41792112196
41792112036
41792112155
41792112122
41792112075
41792112125
41792112041
41792112164
41792112147
41792112237
41792112090
41792112249
41792112130
41792112131
41792112177
41792112058
41792112037
41792112284
41792112119
41792112276
41792112482
41792112360
41792112111
41792112149
41792112204
41792112350
41792112323
41792112191
41792112369
41792112258
41792112151
41792112389
41792112045
41792112425
41792112629
41792112303
41792112405
41792112210
41792112154
41792112128
41792112277
41792112253
41792112340
41792112112
41792112664
41792112424
41792112247
41792112142
41792112233
41792112383
41792112084
41792112716
41792112494
41792112374
41792112476
41792112325
41792112351
41792112335
41792112288
41792112184
41792112157
41792112817
41792112223
41792112217
41792112202
41792112110
41792112133
41792112375
41792112658
41792112302
41792112306
41792112241
41792112487
41792112529
41792112309
41792112137
41792112289
41792112143
41792112105
41792112567
41792112581
41792112381
41792112222
41792112504
41792112226
41792112220
41792112654
41792112248
41792112514
41792112674
41792112261
41792112328
41792112244
41792112150
41792112266
41792112555
41792112851
41792112319
41792112473
41792112231
41792112198
41792112257
41792112799
41792112371
41792112066
41792112548
41792112221
41792112232
41792112132
41792112324
41792112089
41792112606
41792112347
41792112503
41792112364
41792112281
41792112229
41792112510
41792112377
41792112200
41792112206
41792112412
41792112582
41792112225
41792112444
41792112649
41792112215
41792112211
41792112484
41792112290
41792112415
41792112767
41792112327
41792112709
41792112106
41792112216
41792112441
41792112635
41792112756
41792112844
41792112454
41792112605
41792112433
41792112321
41792112268
41792112597
41792112500
41792112458
41792112899
41792112428
41792112600
41792112224
41792112175
41792112274
41792112857
41792112836
41792112402
41792112585
41792112299
41792112434
41792112160
41792112858
41792112280
41792112201
41792112312
41792112370
41792112246
41792112263
41792112438
41792112406
41792112086
41792112179
41792112508
41792112171
41792112816
41792112785
41792112315
41792112203
41792112255
41792112463
41792112766
41792112308
41792112380
41792112344
41792112465
41792112180
41792112614
41792112394
41792112893
41792112997
41792112590
41792112564
41792112576
41792112868
41792112507
41792112550
41792112367
41792112561
41792112982
41792112774
41792112400
41792112419
41792112720
41792112890
41792112336
41792112416
41792112300
41792112763
41792112297
41792112252
41792112422
41792112282
41792112670
41792112530
41792112900
41792112345
41792112176
41792112291
41792112423
41792112985
41792112979
41792112270
41792112625
41792112457
41792112260
41792112784
41792112251
41792112269
41792112341
41792112443
41792112218
41792112826
41792112361
41792112537
41792112392
41792112267
41792112825
41792112863
41792112888
41792112384
41792112949
41792112161
41792112571
41792112464
41792112509
41792112546
41792112577
41792112570
41792112753
41792112677
41792112719
41792112531
41792112318
41792112599
41792112498
41792112698
41792112395
41792112935
41792112662
41792112339
41792112891
41792112450
41792112358
41792112459
41792112524
41792112991
41792112362
41792112304
41792112242
41792112393
41792112264
41792112929
41792112182
41792112553
41792112417
41792112490
41792112534
41792112769
41792112515
41792112144
41792112525
41792112420
41792112346
41792112468
41792112560
41792112292
41792112666
41792112453
41792112748
41792112965
41792112686
41792112552
41792112197
41792112307
41792112418
41792112586
41792112634
41792112977
41792112545
41792112273
41792112613
41792112332
41792112828
41792112818
41792112523
41792112989
41792112887
41792112835
41792112563
41792112806
41792112602
41792112843
41792112846
41792112703
41792112626
41792112533
41792112837
41792112923
41792112628
41792112376
41792112403
41792112265
41792112583
41792112301
41792112671
41792112762
41792112886
41792112802
41792112845
41792112823
41792112885
41792112659
41792112760
41792112699
41792112455
41792112722
41792112644
41792112627
41792112955
41792112752
41792112861
41792112833
41792112971
41792112427
41792112898
41792112777
41792112792
41792112928
41792112842
41792112771
41792112230
41792112320
41792112518
41792112764
41792112213
41792112761
41792112787
41792112782
41792112956
41792112604
41792112622
41792112755
41792112738
41792112726
41792112757
41792112706
41792112373
41792112588
41792112538
41792112543
41792112973
41792112391
41792112234
41792112653
41792112740
41792112478
41792112584
41792112601
41792112623
41792112788
41792112733
41792112617
41792112840
41792112783
41792112501
41792112472
41792112946
41792112972
41792112758
41792112687
41792112940
41792112914
41792112776
41792112707
41792112866
41792112865
41792112879
41792112880
41792112272
41792112541
41792112279
41792112932
41792112927
41792112936
41792112780
41792112815
41792112905
41792112727
41792112809
41792112849
41792112948
41792112620
41792112947
41792112990
41792112713
41792112884
41792112647
41792112565
41792112786
41792112943
41792112934
41792112544
41792112970
41792112665
41792112810
41792112962
41792112958
41792112796
41792112639
41792112855
41792112922
41792112732
41792112446
41792112736
41792112682
41792112975
41792112995
41792112838
41792112593
41792112895
41792112980
41792112859
41792112651
41792112901
41792112924
41792112499
41792112717
41792112831
41792112926
41792112804
41792112897
41792112805
41792112721
41792112742
41792112765
41792112773
41792112723
41792112491
41792112793
41792112372
41792112827
41792112850
41792112992
41792112856
41792112875
41792112882
41792112915
41792112877
41792112814
41792112869
41792112966
41792112908
41792112930
41792112439
41792112619
41792112917
41792112921
41792112878
41792112794
41792112710
41792112913
41792112993
41792112881
41792112902
41792112532
41792112612
41792112536
41792112608
41792112961
41792112978
41792112633
41792112963
41792112746
41792112637
41792112939
41792112950
41792112984
41792112791
41792112643
41792112996
41792118000
41792118058
41792118051
41792118002
41792118018
41792118030
41792118023
41792118009
41792118022
41792118032
41792118117
41792118218
41792118008
41792118027
41792118041
41792118040
41792118043
41792118063
41792118019
41792118059
41792118007
41792118078
41792118012
41792118118
41792118060
41792118126
41792118081
41792118003
41792118017
41792118115
41792118020
41792118077
41792118028
41792118151
41792118227
41792118036
41792118216
41792118256
41792118308
41792118013
41792118211
41792118105
41792118139
41792118352
41792118089
41792118157
41792118044
41792118016
41792118376
41792118202
41792118010
41792118054
41792118052
41792118134
41792118166
41792118080
41792118144
41792118014
41792118182
41792118087
41792118091
41792118066
41792118033
41792118170
41792118006
41792118114
41792118215
41792118057
41792118143
41792118149
41792118047
41792118192
41792118037
41792118062
41792118100
41792118103
41792118104
41792118122
41792118279
41792118099
41792118110
41792118095
41792118053
41792118083
41792118069
41792118067
41792118039
41792118072
41792118305
41792118477
41792118090
41792118125
41792118138
41792118142
41792118186
41792118173
41792118088
41792118183
41792118380
41792118102
41792118235
41792118322
41792118181
41792118188
41792118146
41792118011
41792118408
41792118130
41792118281
41792118177
41792118360
41792118285
41792118377
41792118286
41792118073
41792118172
41792118061
41792118422
41792118128
41792118176
41792118180
41792118314
41792118092
41792118109
41792118504
41792118221
41792118147
41792118156
41792118205
41792118086
41792118288
41792118121
41792118264
41792118161
41792118082
41792118452
41792118152
41792118417
41792118150
41792118070
41792118193
41792118237
41792118129
41792118247
41792118148
41792118163
41792118431
41792118124
41792118123
41792118064
41792118214
41792118140
41792118276
41792118153
41792118493
41792118093
41792118225
41792118244
41792118251
41792118396
41792118514
41792118432
41792118222
41792118068
41792118423
41792118106
41792118311
41792118245
41792118210
41792118385
41792118159
41792118071
41792118261
41792118572
41792118107
41792118437
41792118302
41792118309
41792118388
41792118133
41792118394
41792118368
41792118519
41792118487
41792118209
41792118055
41792118075
41792118113
41792118406
41792118294
41792118108
41792118429
41792118587
41792118223
41792118217
41792118154
41792118335
41792118501
41792118185
41792118282
41792118267
41792118231
41792118827
41792118324
41792118318
41792118246
41792118259
41792118194
41792118928
41792118564
41792118378
41792118112
41792118642
41792118456
41792118263
41792118337
41792118097
41792118233
41792118320
41792118466
41792118301
41792118818
41792118828
41792118162
41792118268
41792118327
41792118283
41792118505
41792118402
41792118645
41792118537
41792118616
41792118284
41792118597
41792118312
41792118165
41792118292
41792118242
41792118381
41792118238
41792118529
41792118943
41792118565
41792118239
41792118200
41792118689
41792118269
41792118864
41792118484
41792118549
41792118776
41792118464
41792118460
41792118255
41792118823
41792118483
41792118589
41792118065
41792118585
41792118136
41792118667
41792118119
41792118260
41792118414
41792118386
41792118226
41792118844
41792118398
41792118541
41792118229
41792118553
41792118271
41792118395
41792118323
41792118178
41792118727
41792118638
41792118735
41792118330
41792118663
41792118528
41792118515
41792118407
41792118450
41792118684
41792118508
41792118706
41792118831
41792118393
41792118333
41792118306
41792118364
41792118274
41792118248
41792118287
41792118447
41792118628
41792118560
41792118441
41792118533
41792118523
41792118479
41792118325
41792118527
41792118629
41792118804
41792118339
41792118451
41792118653
41792118455
41792118637
41792118249
41792118315
41792118363
41792118383
41792118049
41792118236
41792118438
41792118548
41792118825
41792118654
41792118250
41792118563
41792118326
41792118969
41792118534
41792118502
41792118531
41792118179
41792118734
41792118243
41792118801
41792118785
41792118554
41792118599
41792118566
41792118800
41792118458
41792118736
41792118681
41792118670
41792118171
41792118120
41792118764
41792118348
41792118763
41792118586
41792118391
41792118871
41792118863
41792118434
41792118387
41792118624
41792118401
41792118830
41792118343
41792118867
41792118986
41792118522
41792118792
41792118573
41792118789
41792118366
41792118651
41792118988
41792118595
41792118866
41792118295
41792118621
41792118797
41792118190
41792118317
41792118883
41792118612
41792118731
41792118252
41792118546
41792118887
41792118512
41792118230
41792118550
41792118400
41792118164
41792118598
41792118310
41792118658
41792118542
41792118428
41792118520
41792118535
41792118516
41792118603
41792118468
41792118891
41792118877
41792118349
41792118457
41792118842
41792118878
41792118373
41792118224
41792118495
41792118908
41792118958
41792118722
41792118716
41792118275
41792118346
41792118923
41792118714
41792118846
41792118829
41792118574
41792118960
41792118680
41792118538
41792118808
41792118794
41792118760
41792118747
41792118601
41792118717
41792118848
41792118937
41792118543
41792118521
41792118631
41792118711
41792118649
41792118262
41792118605
41792118740
41792118532
41792118780
41792118350
41792118596
41792118234
41792118920
41792118659
41792118799
41792118820
41792118916
41792118832
41792118668
41792118439
41792118361
41792118922
41792118849
41792118405
41792118890
41792118880
41792118421
41792118634
41792118893
41792118499
41792118759
41792118994
41792118588
41792118793
41792118882
41792118685
41792118344
41792118410
41792118931
41792118619
41792118954
41792118979
41792118403
41792118647
41792118688
41792118600
41792118518
41792118791
41792118359
41792118710
41792118552
41792118444
41792118570
41792118526
41792118511
41792118571
41792118633
41792118993
41792118648
41792118201
41792118961
41792118905
41792118699
41792118682
41792118934
41792118613
41792118753
41792118583
41792118744
41792118640
41792118506
41792118959
41792118443
41792118984
41792118635
41792118705
41792118430
41792118669
41792118783
41792118607
41792118577
41792118712
41792118692
41792118779
41792118965
41792118947
41792118802
41792118869
41792118476
41792118889
41792118704
41792118482
41792118559
41792118721
41792118749
41792118777
41792118773
41792118888
41792118897
41792118610
41792118413
41792118608
41792118824
41792118811
41792118924
41792118912
41792118743
41792118567
41792118708
41792118816
41792118769
41792118972
41792118963
41792118622
41792118618
41792118582
41792118852
41792118696
41792118489
41792118962
41792118992
41792118968
41792118687
41792118741
41792118540
41792118834
41792118991
41792118702
41792118701
41792118440
41792118872
41792118590
41792118843
41792118524
41792118781
41792118855
41792118899
41792118945
41792118845
41792118956
41792118481
41792118778
41792118604
41792118921
41792118650
41792118981
41792118412
41792118641
41792118836
41792118839
41792118626
41792118942
41792118815
41792118870
41792118718
41792118630
41792118707
41792118946
41792118556
41792118719
41792118725
41792118997
41792118929
41792118967
41792118449
41792118737
41792118805
41792118674
41792118886
41792118757
41792118833
41792118906
41792118790
41792118700
41792118918
41792118865
41792118623
41792118951
41792118730
41792118754
41792118840
41792118974
41792118672
41792118817
41792118976
41792118987
41792118900
41792118724
41792118966
41792118686
41792118876
41792118856
41792118978
41792118835
41792118933
41792118750
41792118955
41792118957
41792118939
41792118766
41792118853
41792118841
41792117000
41792117007
41792117021
41792117027
41792117032
41792117003
41792117031
41792117013
41792117010
41792117015
41792117024
41792117006
41792117001
41792117009
41792117030
41792117020
41792117002
41792117017
41792117019
41792117014
41792117012
41792117039
41792117041
41792117102
41792117116
41792117232
41792117028
41792117117
41792117360
41792117372
41792117065
41792117058
41792117171
41792117161
41792117061
41792117111
41792117184
41792117113
41792117049
41792117040
41792117044
41792117181
41792117045
41792117135
41792117070
41792117323
41792117088
41792117083
41792117304
41792117081
41792117107
41792117067
41792117043
41792117069
41792117060
41792117073
41792117096
41792117182
41792117106
41792117051
41792117249
41792117235
41792117175
41792117192
41792117392
41792117210
41792117042
41792117260
41792117139
41792117160
41792117143
41792117074
41792117165
41792117172
41792117084
41792117068
41792117086
41792117059
41792117077
41792117243
41792117072
41792117089
41792117048
41792117057
41792117189
41792117443
41792117137
41792117034
41792117272
41792117046
41792117233
41792117140
41792117075
41792117087
41792117090
41792117076
41792117134
41792117109
41792117183
41792117133
41792117245
41792117216
41792117199
41792117318
41792117324
41792117270
41792117148
41792117091
41792117050
41792117262
41792117317
41792117322
41792117302
41792117035
41792117156
41792117236
41792117411
41792117418
41792117316
41792117354
41792117118
41792117190
41792117112
41792117209
41792117312
41792117125
41792117456
41792117240
41792117231
41792117592
41792117261
41792117512
41792117637
41792117493
41792117239
41792117066
41792117157
41792117346
41792117237
41792117464
41792117251
41792117329
41792117122
41792117115
41792117341
41792117534
41792117215
41792117170
41792117178
41792117141
41792117345
41792117247
41792117036
41792117409
41792117198
41792117451
41792117450
41792117217
41792117366
41792117188
41792117142
41792117385
41792117531
41792117105
41792117771
41792117320
41792117357
41792117263
41792117337
41792117311
41792117580
41792117208
41792117505
41792117376
41792117114
41792117267
41792117574
41792117749
41792117689
41792117674
41792117211
41792117545
41792117649
41792117259
41792117770
41792117300
41792117462
41792117528
41792117361
41792117271
41792117605
41792117513
41792117542
41792117764
41792117299
41792117374
41792117179
41792117820
41792117244
41792117611
41792117255
41792117468
41792117379
41792117079
41792117660
41792117435
41792117540
41792117334
41792117381
41792117482
41792117313
41792117101
41792117307
41792117436
41792117431
41792117423
41792117478
41792117500
41792117469
41792117269
41792117319
41792117356
41792117367
41792117218
41792117502
41792117145
41792117798
41792117333
41792117373
41792117224
41792117950
41792117873
41792117722
41792117586
41792117294
41792117617
41792117257
41792117363
41792117358
41792117772
41792117909
41792117377
41792117830
41792117613
41792117524
41792117455
41792117620
41792117408
41792117347
41792117497
41792117348
41792117702
41792117149
41792117504
41792117207
41792117121
41792117445
41792117577
41792117228
41792117205
41792117403
41792117675
41792117832
41792117166
41792117393
41792117632
41792117398
41792117340
41792117425
41792117530
41792117483
41792117572
41792117441
41792117419
41792117147
41792117516
41792117532
41792117745
41792117558
41792117850
41792117494
41792117664
41792117052
41792117636
41792117941
41792117786
41792117582
41792117359
41792117739
41792117470
41792117305
41792117694
41792117138
41792117265
41792117835
41792117929
41792117659
41792117250
41792117353
41792117634
41792117576
41792117589
41792117506
41792117442
41792117981
41792117396
41792117599
41792117552
41792117559
41792117578
41792117420
41792117563
41792117556
41792117728
41792117896
41792117849
41792117565
41792117339
41792117635
41792117604
41792117937
41792117633
41792117463
41792117645
41792117624
41792117714
41792117491
41792117902
41792117308
41792117759
41792117295
41792117523
41792117467
41792117477
41792117472
41792117461
41792117383
41792117405
41792117650
41792117488
41792117647
41792117439
41792117916
41792117982
41792117627
41792117859
41792117457
41792117640
41792117908
41792117711
41792117489
41792117834
41792117730
41792117881
41792117947
41792117476
41792117911
41792117878
41792117331
41792117614
41792117155
41792117387
41792117490
41792117687
41792117246
41792117238
41792117842
41792117852
41792117733
41792117686
41792117446
41792117601
41792117907
41792117330
41792117777
41792117310
41792117399
41792117642
41792117705
41792117776
41792117519
41792117887
41792117298
41792117683
41792117875
41792117550
41792117465
41792117440
41792117788
41792117661
41792117809
41792117349
41792117880
41792117630
41792117515
41792117855
41792117609
41792117877
41792117800
41792117654
41792117631
41792117585
41792117721
41792117628
41792117761
41792117676
41792117621
41792117670
41792117608
41792117680
41792117895
41792117579
41792117822
41792117735
41792117658
41792117677
41792117496
41792117657
41792117394
41792117928
41792117923
41792117603
41792117671
41792117807
41792117986
41792117555
41792117790
41792117616
41792117940
41792117480
41792117752
41792117904
41792117498
41792117701
41792117813
41792117700
41792117708
41792117921
41792117400
41792117713
41792117868
41792117901
41792117584
41792117547
41792117672
41792117898
41792117525
41792117626
41792117732
41792117546
41792117430
41792117823
41792117651
41792117819
41792117920
41792117743
41792117872
41792117796
41792117503
41792117158
41792117783
41792117619
41792117688
41792117388
41792117814
41792117695
41792117666
41792117843
41792117994
41792117956
41792117466
41792117535
41792117910
41792117883
41792117869
41792117812
41792117774
41792117951
41792117985
41792117936
41792117784
41792117551
41792117979
41792117744
41792117930
41792117718
41792117746
41792117900
41792117899
41792117924
41792117407
41792117591
41792117884
41792117569
41792117866
41792117919
41792117760
41792117486
41792117959
41792117709
41792117720
41792117828
41792117553
41792117444
41792117789
41792117706
41792117856
41792117767
41792117691
41792117638
41792117766
41792117561
41792117847
41792117703
41792117953
41792117793
41792117741
41792117995
41792117544
41792117646
41792117963
41792117724
41792117782
41792117699
41792117802
41792117765
41792117799
41792117707
41792117338
41792117779
41792117787
41792117886
41792117915
41792117606
41792117806
41792117905
41792117751
41792117734
41792117723
41792117719
41792117815
41792117926
41792117914
41792117754
41792117548
41792117818
41792117857
41792117795
41792117481
41792117891
41792117853
41792117726
41792117810
41792117618
41792117729
41792117740
41792117474
41792117931
41792117811
41792117876
41792117948
41792117507
41792117867
41792117808
41792117917
41792117696
41792117738
41792117854
41792117980
41792117475
41792117817
41792117906
41792117988
41792117527
41792117404
41792117845
41792117753
41792117938
41792117785
41792117977
41792117727
41792117600
41792117978
41792117848
41792117974
41792117934
41792117763
41792117412
41792117827
41792117433
41792117965
41792117448
41792117992
41792117610
