41795075000
41795075001
41795075021
41795075004
41795075009
41795075020
41795075012
41795075017
41795075006
41795075014
41795075029
41795075027
41795075003
41795075016
41795075023
41795075005
41795075028
41795075045
41795075092
41795075121
41795075115
41795075018
41795075212
41795075239
41795075070
41795075056
41795075065
41795075105
41795075011
41795075116
41795075071
41795075143
41795075040
41795075063
41795075088
41795075089
41795075272
41795075128
41795075049
41795075039
41795075141
41795075225
41795075290
41795075178
41795075319
41795075396
41795075140
41795075373
41795075222
41795075181
41795075123
41795075480
41795075165
41795075047
41795075220
41795075086
41795075051
41795075166
41795075122
41795075062
41795075041
41795075168
41795075203
41795075043
41795075074
41795075326
41795075097
41795075044
41795075090
41795075076
41795075100
41795075264
41795075155
41795075444
41795075038
41795075427
41795075145
41795075198
41795075285
41795075053
41795075150
41795075247
41795075208
41795075102
41795075233
41795075072
41795075156
41795075361
41795075073
41795075052
41795075129
41795075183
41795075211
41795075192
41795075162
41795075508
41795075035
41795075184
41795075108
41795075152
41795075042
41795075215
41795075237
41795075160
41795075242
41795075339
41795075067
41795075714
41795075365
41795075363
41795075312
41795075708
41795075368
41795075103
41795075301
41795075133
41795075216
41795075307
41795075446
41795075082
41795075055
41795075399
41795075378
41795075195
41795075125
41795075151
41795075570
41795075414
41795075340
41795075430
41795075080
41795075564
41795075324
41795075511
41795075149
41795075316
41795075676
41795075403
41795075217
41795075439
41795075058
41795075182
41795075646
41795075395
41795075206
41795075094
41795075690
41795075375
41795075390
41795075344
41795075255
41795075164
41795075425
41795075171
41795075598
41795075253
41795075491
41795075232
41795075451
41795075313
41795075191
41795075500
41795075317
41795075202
41795075590
41795075482
41795075711
41795075189
41795075530
41795075268
41795075127
41795075154
41795075213
41795075477
41795075683
41795075630
41795075205
41795075940
41795075523
41795075381
41795075258
41795075138
41795075297
41795075816
41795075246
41795075106
41795075499
41795075429
41795075111
41795075322
41795075218
41795075698
41795075401
41795075345
41795075221
41795075565
41795075348
41795075387
41795075134
41795075308
41795075916
41795075417
41795075334
41795075540
41795075445
41795075405
41795075126
41795075461
41795075641
41795075702
41795075470
41795075226
41795075474
41795075420
41795075606
41795075534
41795075717
41795075642
41795075289
41795075993
41795075616
41795075592
41795075185
41795075413
41795075448
41795075099
41795075224
41795075197
41795075786
41795075513
41795075193
41795075814
41795075309
41795075266
41795075554
41795075411
41795075424
41795075497
41795075723
41795075315
41795075649
41795075367
41795075256
41795075161
41795075503
41795075343
41795075621
41795075385
41795075200
41795075974
41795075261
41795075407
41795075357
41795075342
41795075978
41795075660
41795075509
41795075335
41795075459
41795075441
41795075251
41795075265
41795075692
41795075868
41795075432
41795075230
41795075566
41795075586
41795075589
41795075267
41795075304
41795075544
41795075274
41795075944
41795075928
41795075637
41795075437
41795075286
41795075535
41795075234
41795075519
41795075761
41795075812
41795075614
41795075422
41795075536
41795075522
41795075658
41795075349
41795075262
41795075622
41795075228
41795075300
41795075846
41795075687
41795075553
41795075479
41795075758
41795075359
41795075809
41795075815
41795075680
41795075389
41795075527
41795075383
41795075489
41795075415
41795075583
41795075283
41795075848
41795075452
41795075593
41795075366
41795075962
41795075310
41795075907
41795075599
41795075466
41795075131
41795075571
41795075505
41795075560
41795075710
41795075575
41795075661
41795075830
41795075456
41795075733
41795075644
41795075295
41795075475
41795075613
41795075682
41795075895
41795075287
41795075749
41795075695
41795075412
41795075510
41795075278
41795075397
41795075820
41795075685
41795075769
41795075941
41795075468
41795075624
41795075662
41795075496
41795075243
41795075674
41795075514
41795075797
41795075880
41795075920
41795075652
41795075291
41795075787
41795075360
41795075643
41795075392
41795075967
41795075588
41795075299
41795075558
41795075859
41795075856
41795075867
41795075693
41795075458
41795075720
41795075531
41795075851
41795075537
41795075619
41795075730
41795075763
41795075498
41795075734
41795075732
41795075860
41795075810
41795075515
41795075628
41795075935
41795075825
41795075785
41795075552
41795075485
41795075507
41795075866
41795075144
41795075739
41795075881
41795075969
41795075794
41795075494
41795075501
41795075898
41795075584
41795075871
41795075638
41795075455
41795075677
41795075561
41795075886
41795075878
41795075828
41795075759
41795075858
41795075773
41795075555
41795075601
41795075731
41795075372
41795075666
41795075440
41795075495
41795075738
41795075260
41795075905
41795075724
41795075826
41795075391
41795075620
41795075909
41795075587
41795075591
41795075952
41795075963
41795075330
41795075947
41795075408
41795075581
41795075595
41795075788
41795075870
41795075915
41795075855
41795075924
41795075280
41795075953
41795075573
41795075726
41795075972
41795075625
41795075742
41795075800
41795075955
41795075793
41795075721
41795075981
41795075869
41795075911
41795075705
41795075636
41795075923
41795075844
41795075987
41795075543
41795075770
41795075767
41795075956
41795075921
41795075817
41795075745
41795075765
41795075917
41795075684
41795075926
41795075502
41795075607
41795075862
41795075958
41795075736
41795075853
41795075709
41795075610
41795075740
41795075778
41795075986
41795075831
41795075942
41795075973
41795075596
41795075938
41795075988
41795075933
41795075829
41795075850
41795075760
41795075751
41795075431
41795075743
41795075481
41795075545
41795075836
41795075605
41795075600
41795075813
41795075434
41795075976
41795075900
41795075892
41795075696
41795075992
41795075876
41795075912
41795075526
41795075913
41795075983
41795075627
41795075783
41795075712
41795075747
41795075914
41795075789
41795075861
41795075839
41795075764
41795075985
41795075885
41795075889
41795075854
41795075865
41795075888
41795075930
41795075768
41795075893
41795075832
41795075980
41795075908
41795075904
41795075582
41795075910
41795075580
41795075965
41795075950
41795075727
41795075766
41795075688
41795075842
41795075960
41795075964
41795075966
41795075780
41795075989
41795075977
41795075823
41795075971
41795075873
41795075927
41795074000
41795074022
41795074004
41795074002
41795074021
41795074011
41795074020
41795074006
41795074014
41795074005
41795074027
41795074016
41795074013
41795074030
41795074029
41795074026
41795074015
41795074031
41795074061
41795074126
41795074272
41795074284
41795074092
41795074049
41795074052
41795074058
41795074081
41795074057
41795074074
41795074080
41795074076
41795074090
41795074202
41795074141
41795074135
41795074346
41795074082
41795074053
41795074039
41795074179
41795074103
41795074050
41795074287
41795074040
41795074043
41795074238
41795074139
41795074079
41795074063
41795074250
41795074123
41795074035
41795074137
41795074100
41795074136
41795074259
41795074170
41795074054
41795074254
41795074154
41795074059
41795074218
41795074131
41795074102
41795074333
41795074264
41795074161
41795074066
41795074060
41795074041
41795074114
41795074034
41795074175
41795074163
41795074077
41795074149
41795074244
41795074203
41795074210
41795074239
41795074164
41795074233
41795074265
41795074112
41795074093
41795074273
41795074172
41795074205
41795074335
41795074177
41795074147
41795074070
41795074184
41795074256
41795074255
41795074207
41795074200
41795074190
41795074128
41795074338
41795074169
41795074153
41795074051
41795074263
41795074307
41795074293
41795074221
41795074104
41795074208
41795074198
41795074152
41795074036
41795074332
41795074243
41795074125
41795074048
41795074110
41795074226
41795074144
41795074278
41795074186
41795074215
41795074084
41795074191
41795074097
41795074214
41795074151
41795074350
41795074321
41795074237
41795074249
41795074247
41795074296
41795074124
41795074129
41795074314
41795074116
41795074323
41795074229
41795074178
41795074269
41795074168
41795074235
41795074211
41795074062
41795074174
41795074298
41795074313
41795074240
41795074176
41795074270
41795074348
41795074199
41795074119
41795074253
41795074193
41795074230
41795074183
41795074209
41795074306
41795074309
41795074279
41795074336
41795074260
41795074342
41795074180
41795074109
41795074337
41795074133
41795074302
41795074206
41795074166
41795074341
41795074262
41795074236
41795074294
41795074189
41795074271
41795074320
41795074326
41795074316
41795074245
41795074118
41795074297
41795074213
41795074197
41795074268
41795074258
41795074232
41795074328
41795074289
41795074340
41795074339
41795074345
41795074303
41795074173
41795074349
41795074308
41795074322
41795074375
41795074360
41795074357
41795074354
41795074364
41795074368
41795074353
41795074372
41795074376
41795074355
41795074351
41795074374
41795074373
41795074371
41795074363
41795074362
41795074367
41795074380
41795074448
41795074398
41795074570
41795074465
41795074441
41795074388
41795074655
41795074471
41795074485
41795074425
41795074424
41795074418
41795074420
41795074439
41795074445
41795074481
41795074479
41795074466
41795074494
41795074480
41795074499
41795074402
41795074394
41795074406
41795074558
41795074427
41795074426
41795074386
41795074450
41795074487
41795074523
41795074417
41795074595
41795074447
41795074531
41795074414
41795074677
41795074401
41795074387
41795074435
41795074434
41795074423
41795074464
41795074407
41795074491
41795074538
41795074638
41795074469
41795074429
41795074628
41795074547
41795074446
41795074442
41795074526
41795074400
41795074586
41795074477
41795074489
41795074458
41795074587
41795074392
41795074475
41795074512
41795074390
41795074554
41795074493
41795074405
41795074457
41795074409
41795074431
41795074437
41795074578
41795074459
41795074669
41795074692
41795074688
41795074532
41795074483
41795074456
41795074604
41795074546
41795074460
41795074603
41795074520
41795074601
41795074561
41795074553
41795074668
41795074497
41795074676
41795074514
41795074590
41795074636
41795074657
41795074421
41795074513
41795074602
41795074592
41795074656
41795074617
41795074507
41795074580
41795074563
41795074490
41795074428
41795074596
41795074443
41795074542
41795074605
41795074626
41795074540
41795074575
41795074467
41795074567
41795074573
41795074408
41795074593
41795074623
41795074577
41795074611
41795074444
41795074632
41795074562
41795074541
41795074517
41795074503
41795074660
41795074474
41795074622
41795074661
41795074643
41795074500
41795074516
41795074527
41795074608
41795074555
41795074411
41795074524
41795074613
41795074678
41795074548
41795074633
41795074451
41795074537
41795074581
41795074690
41795074534
41795074536
41795074454
41795074511
41795074510
41795074544
41795074612
41795074518
41795074670
41795074641
41795074663
41795074589
41795074651
41795074551
41795074681
41795074509
41795074552
41795074630
41795074525
41795074559
41795074550
41795074591
41795074672
41795074508
41795074419
41795074662
41795074609
41795074664
41795074501
41795074686
41795074683
41795074637
41795074653
41795074585
41795074584
41795074572
41795074588
41795074566
41795074569
41795074648
41795074557
41795074650
41795074642
41795074699
41795074629
41795074696
41795074607
41795074679
41795074680
41795074673
41795074682
41795074685
41795074709
41795074718
41795074710
41795074721
41795074725
41795074705
41795074723
41795074730
41795074722
41795074708
41795074703
41795074704
41795074711
41795074707
41795074727
41795074716
41795074758
41795074751
41795074747
41795074772
41795074736
41795074757
41795074750
41795074775
41795074770
41795074781
41795074752
41795074738
41795074789
41795074743
41795074787
41795074786
41795074733
41795074741
41795074790
41795074745
41795074734
41795074771
41795074731
41795074784
41795074735
41795074742
41795074780
41795074767
41795074773
41795074778
41795074809
41795074794
41795074818
41795074833
41795074843
41795074840
41795074804
41795074828
41795074793
41795074825
41795074800
41795074850
41795074829
41795074813
41795074810
41795074844
41795074802
41795074836
41795074805
41795074822
41795074826
41795074816
41795074821
41795074834
41795074838
41795074845
41795074841
41795074820
41795074892
41795074871
41795074860
41795074873
41795074887
41795074907
41795074856
41795074875
41795074855
41795074881
41795074893
41795074866
41795074872
41795074910
41795074900
41795074884
41795074865
41795074909
41795074904
41795074862
41795074890
41795074879
41795074858
41795074878
41795074911
41795074869
41795074853
41795074891
41795074902
41795074888
41795074903
41795074870
41795074885
41795074923
41795074928
41795074960
41795074925
41795074933
41795074931
41795074939
41795074934
41795074961
41795074971
41795074921
41795074943
41795074984
41795074937
41795074990
41795074986
41795074965
41795074991
41795074919
41795074997
41795074947
41795074942
41795074915
41795074951
41795074948
41795074926
41795074912
41795074920
41795074955
41795074940
41795074922
41795074977
41795074998
41795074932
41795074945
41795074929
41795074966
41795074969
41795074941
41795074936
41795074964
41795074974
41795074978
41795074976
41795074985
41795074980
41795074944
41795074953
41795074982
41795074962
41795074935
41795074959
41795076000
41795076014
41795076010
41795076008
41795076020
41795076003
41795076006
41795076007
41795076013
41795076023
41795076026
41795076005
41795076030
41795076024
41795076012
41795076009
41795076016
41795076032
41795076011
41795076025
41795076053
41795076158
41795076051
41795076033
41795076061
41795076137
41795076106
41795076058
41795076056
41795076119
41795076116
41795076082
41795076129
41795076037
41795076274
41795076130
41795076040
41795076211
41795076087
41795076231
41795076285
41795076064
41795076382
41795076055
41795076346
41795076045
41795076286
41795076283
41795076069
41795076380
41795076101
41795076132
41795076066
41795076072
41795076339
41795076046
41795076039
41795076099
41795076202
41795076125
41795076179
41795076041
41795076227
41795076052
41795076074
41795076278
41795076256
41795076093
41795076468
41795076092
41795076111
41795076071
41795076269
41795076523
41795076151
41795076200
41795076144
41795076084
41795076197
41795076068
41795076079
41795076209
41795076216
41795076091
41795076062
41795076145
41795076139
41795076149
41795076689
41795076167
41795076183
41795076334
41795076073
41795076406
41795076276
41795076193
41795076345
41795076497
41795076234
41795076205
41795076451
41795076175
41795076065
41795076266
41795076110
41795076248
41795076247
41795076343
41795076465
41795076100
41795076615
41795076356
41795076320
41795076104
41795076417
41795076114
41795076131
41795076239
41795076204
41795076287
41795076143
41795076875
41795076117
41795076372
41795076171
41795076118
41795076751
41795076189
41795076203
41795076605
41795076331
41795076763
41795076477
41795076242
41795076492
41795076250
41795076141
41795076532
41795076365
41795076207
41795076314
41795076113
41795076425
41795076806
41795076575
41795076067
41795076184
41795076304
41795076157
41795076191
41795076076
41795076518
41795076063
41795076181
41795076291
41795076174
41795076591
41795076282
41795076444
41795076288
41795076352
41795076342
41795076773
41795076538
41795076654
41795076140
41795076192
41795076133
41795076516
41795076142
41795076577
41795076608
41795076268
41795076128
41795076657
41795076109
41795076541
41795076515
41795076160
41795076661
41795076120
41795076237
41795076317
41795076337
41795076152
41795076473
41795076323
41795076784
41795076230
41795076447
41795076363
41795076642
41795076644
41795076679
41795076188
41795076349
41795076624
41795076313
41795076424
41795076489
41795076452
41795076257
41795076441
41795076376
41795076699
41795076215
41795076502
41795076150
41795076218
41795076804
41795076369
41795076474
41795076640
41795076445
41795076177
41795076476
41795076564
41795076614
41795076545
41795076549
41795076480
41795076666
41795076907
41795076813
41795076484
41795076808
41795076318
41795076616
41795076401
41795076325
41795076311
41795076665
41795076469
41795076533
41795076367
41795076252
41795076537
41795076112
41795076296
41795076455
41795076626
41795076162
41795076358
41795076508
41795076185
41795076752
41795076832
41795076659
41795076840
41795076186
41795076623
41795076446
41795076687
41795076908
41795076590
41795076240
41795076347
41795076685
41795076866
41795076340
41795076277
41795076648
41795076450
41795076232
41795076260
41795076300
41795076695
41795076656
41795076220
41795076702
41795076865
41795076332
41795076754
41795076190
41795076521
41795076448
41795076206
41795076768
41795076514
41795076500
41795076584
41795076330
41795076742
41795076487
41795076764
41795076688
41795076829
41795076229
41795076578
41795076946
41795076926
41795076544
41795076871
41795076726
41795076683
41795076378
41795076557
41795076457
41795076758
41795076415
41795076558
41795076748
41795076428
41795076251
41795076416
41795076847
41795076115
41795076493
41795076625
41795076543
41795076991
41795076725
41795076962
41795076855
41795076294
41795076581
41795076394
41795076389
41795076551
41795076724
41795076691
41795076485
41795076796
41795076727
41795076373
41795076134
41795076270
41795076371
41795076273
41795076165
41795076491
41795076398
41795076433
41795076874
41795076522
41795076858
41795076495
41795076833
41795076422
41795076886
41795076588
41795076400
41795076692
41795076708
41795076429
41795076442
41795076950
41795076916
41795076335
41795076504
41795076559
41795076525
41795076729
41795076370
41795076603
41795076730
41795076431
41795076383
41795076453
41795076364
41795076583
41795076438
41795076609
41795076348
41795076890
41795076809
41795076842
41795076934
41795076546
41795076854
41795076906
41795076414
41795076449
41795076824
41795076966
41795076309
41795076568
41795076891
41795076851
41795076955
41795076794
41795076857
41795076789
41795076482
41795076387
41795076746
41795076787
41795076844
41795076507
41795076483
41795076490
41795076359
41795076560
41795076718
41795076594
41795076922
41795076647
41795076731
41795076662
41795076949
41795076621
41795076602
41795076580
41795076655
41795076569
41795076704
41795076585
41795076463
41795076928
41795076756
41795076711
41795076981
41795076973
41795076631
41795076717
41795076613
41795076873
41795076517
41795076531
41795076403
41795076941
41795076539
41795076879
41795076669
41795076413
41795076918
41795076951
41795076943
41795076820
41795076670
41795076738
41795076959
41795076693
41795076638
41795076680
41795076633
41795076458
41795076811
41795076762
41795076753
41795076472
41795076801
41795076511
41795076954
41795076876
41795076872
41795076846
41795076646
41795076938
41795076948
41795076600
41795076505
41795076734
41795076877
41795076593
41795076924
41795076712
41795076611
41795076923
41795076894
41795076836
41795076968
41795076867
41795076994
41795076534
41795076713
41795076701
41795076889
41795076983
41795076792
41795076978
41795076721
41795076982
41795076988
41795076412
41795076772
41795076709
41795076636
41795076540
41795076723
41795076760
41795076974
41795076786
41795076984
41795076739
41795076703
41795076567
41795076732
41795076637
41795076676
41795076690
41795076766
41795076902
41795076965
41795076845
41795076861
41795076650
41795076622
41795076837
41795076743
41795076838
41795076817
41795076470
41795076782
41795076931
41795076720
41795076769
41795076778
41795076932
41795076971
41795076779
41795076812
41795076848
41795076755
41795076920
41795076821
41795076677
41795076700
41795076860
41795076947
41795076828
41795076814
41795076705
41795076878
41795076964
41795076728
41795076632
41795076774
41795076929
41795076800
41795076834
41795076819
41795076856
41795076942
41795076674
41795076903
41795076816
41795076862
41795076882
41795076870
41795076881
41795076987
41795076831
41795070000
41795070001
41795070027
41795070017
41795070005
41795070033
41795070026
41795070010
41795070022
41795070032
41795070015
41795070011
41795070061
41795070099
41795070055
41795070058
41795070094
41795070029
41795070097
41795070104
41795070114
41795070131
41795070112
41795070002
41795070170
41795070081
41795070187
41795070091
41795070206
41795070233
41795070225
41795070008
41795070229
41795070064
41795070224
41795070013
41795070075
41795070251
41795070085
41795070087
41795070277
41795070122
41795070025
41795070007
41795070125
41795070324
41795070172
41795070361
41795070363
41795070079
41795070214
41795070060
41795070117
41795070080
41795070054
41795070041
41795070048
41795070037
41795070066
41795070073
41795070105
41795070157
41795070290
41795070308
41795070106
41795070165
41795070130
41795070219
41795070136
41795070208
41795070038
41795070152
41795070257
41795070092
41795070171
41795070354
41795070226
41795070303
41795070166
41795070162
41795070052
41795070107
41795070150
41795070109
41795070155
41795070133
41795070074
41795070124
41795070272
41795070376
41795070118
41795070142
41795070020
41795070383
41795070378
41795070101
41795070375
41795070057
41795070256
41795070083
41795070190
41795070129
41795070264
41795070239
41795070050
41795070352
41795070115
41795070164
41795070279
41795070273
41795070217
41795070023
41795070113
41795070003
41795070350
41795070215
41795070067
41795070140
41795070263
41795070069
41795070178
41795070295
41795070123
41795070173
41795070137
41795070116
41795070269
41795070287
41795070248
41795070415
41795070169
41795070205
41795070358
41795070182
41795070223
41795070056
41795070326
41795070147
41795070232
41795070199
41795070276
41795070240
41795070310
41795070053
41795070222
41795070243
41795070210
41795070345
41795070365
41795070405
41795070403
41795070401
41795070120
41795070145
41795070408
41795070282
41795070160
41795070047
41795070134
41795070460
41795070191
41795070153
41795070244
41795070183
41795070494
41795070309
41795070366
41795070260
41795070353
41795070302
41795070328
41795070301
41795070859
41795070333
41795070430
41795070438
41795070275
41795070321
41795070422
41795070419
41795070141
41795070200
41795070144
41795070478
41795070267
41795070343
41795070659
41795070535
41795070254
41795070175
41795070319
41795070360
41795070307
41795070040
41795070454
41795070179
41795070447
41795070201
41795070204
41795070392
41795070658
41795070650
41795070518
41795070488
41795070532
41795070556
41795070464
41795070682
41795070380
41795070865
41795070139
41795070542
41795070250
41795070327
41795070283
41795070466
41795070362
41795070236
41795070566
41795070445
41795070188
41795070633
41795070339
41795070425
41795070815
41795070541
41795070093
41795070336
41795070486
41795070555
41795070718
41795070293
41795070369
41795070127
41795070347
41795070398
41795070216
41795070209
41795070278
41795070751
41795070476
41795070472
41795070230
41795070100
41795070143
41795070400
41795070357
41795070561
41795070418
41795070078
41795070594
41795070390
41795070255
41795070177
41795070192
41795070409
41795070416
41795070788
41795070509
41795070331
41795070455
41795070514
41795070281
41795070154
41795070242
41795070886
41795070510
41795070432
41795070647
41795070691
41795070452
41795070552
41795070389
41795070288
41795070902
41795070596
41795070320
41795070332
41795070397
41795070641
41795070548
41795070524
41795070567
41795070203
41795070604
41795070485
41795070507
41795070391
41795070678
41795070411
41795070505
41795070692
41795070386
41795070749
41795070316
41795070439
41795070265
41795070508
41795070558
41795070645
41795070304
41795070879
41795070148
41795070844
41795070423
41795070588
41795070931
41795070446
41795070268
41795070562
41795070479
41795070817
41795070294
41795070603
41795070761
41795070449
41795070724
41795070807
41795070471
41795070811
41795070681
41795070675
41795070781
41795070582
41795070470
41795070775
41795070921
41795070355
41795070665
41795070402
41795070270
41795070440
41795070462
41795070971
41795070312
41795070927
41795070585
41795070413
41795070850
41795070797
41795070434
41795070573
41795070482
41795070579
41795070546
41795070846
41795070575
41795070990
41795070744
41795070680
41795070777
41795070670
41795070712
41795070801
41795070638
41795070622
41795070827
41795070922
41795070523
41795070342
41795070757
41795070838
41795070615
41795070760
41795070759
41795070497
41795070748
41795070359
41795070237
41795070928
41795070688
41795070655
41795070572
41795070743
41795070373
41795070610
41795070816
41795070740
41795070550
41795070370
41795070918
41795070611
41795070656
41795070828
41795070185
41795070861
41795070869
41795070889
41795070671
41795070329
41795070713
41795070753
41795070779
41795070689
41795070519
41795070536
41795070864
41795070549
41795070644
41795070382
41795070584
41795070417
41795070683
41795070722
41795070477
41795070700
41795070696
41795070669
41795070947
41795070414
41795070492
41795070280
41795070939
41795070750
41795070833
41795070621
41795070900
41795070614
41795070711
41795070388
41795070773
41795070883
41795070925
41795070876
41795070765
41795070966
41795070340
41795070687
41795070863
41795070982
41795070571
41795070592
41795070755
41795070975
41795070709
41795070736
41795070553
41795070686
41795070826
41795070586
41795070832
41795070848
41795070623
41795070620
41795070970
41795070867
41795070708
41795070968
41795070882
41795070583
41795070625
41795070992
41795070643
41795070706
41795070805
41795070785
41795070841
41795070574
41795070453
41795070608
41795070723
41795070727
41795070994
41795070893
41795070872
41795070537
41795070473
41795070857
41795070739
41795070823
41795070772
41795070632
41795070803
41795070881
41795070428
41795070847
41795070716
41795070912
41795070758
41795070563
41795070565
41795070814
41795070639
41795070698
41795070905
41795070628
41795070942
41795070737
41795070995
41795070991
41795070313
41795070745
41795070616
41795070836
41795070664
41795070732
41795070802
41795070837
41795070819
41795070489
41795070976
41795070786
41795070530
41795070839
41795070742
41795070693
41795070504
41795070589
41795070766
41795070949
41795070790
41795070856
41795070903
41795070490
41795070791
41795070661
41795070784
41795070956
41795070701
41795070906
41795070820
41795070559
41795070581
41795070835
41795070916
41795070684
41795070729
41795070770
41795070731
41795070894
41795070830
41795070935
41795070891
41795070768
41795070980
41795070806
41795070551
41795070769
41795070730
41795070840
41795070981
41795070649
41795070613
41795070920
41795070895
41795070866
41795070746
41795070904
41795070845
41795070962
41795070858
41795070907
41795070756
41795070513
41795070960
41795070834
41795070954
41795070969
41795070941
41795070843
41795070822
41795070917
41795070715
41795070919
41795070948
41795070870
41795070914
41795070776
41795070860
41795070934
41795070707
41795070937
41795070618
41795070932
41795070993
41795070878
41795070884
41795070978
41795070926
41795070871
41795070793
41795070634
41795070734
41795070977
41795070964
41795070810
41795070719
41795070653
41795070987
41795070930
41795070958
41795070642
41795070897
41795070945
41795070825
41795070892
41795070774
41795070979
41795070849
41795070890
41795070974
41795070924
41795070986
41795070955
41795070726
41795070944
41795070741
41795070381
41795070554
41795070468
41795070484
41795070503
41795070601
41795079000
41795079004
41795079008
41795079013
41795079020
41795079006
41795079025
41795079007
41795079003
41795079031
41795079016
41795079032
41795079021
41795079010
41795079005
41795079002
41795079023
41795079001
41795079011
41795079018
41795079142
41795079245
41795079248
41795079241
41795079283
41795079089
41795079279
41795079033
41795079036
41795079118
41795079049
41795079063
41795079073
41795079077
41795079059
41795079061
41795079261
41795079071
41795079041
41795079052
41795079078
41795079111
41795079214
41795079143
41795079051
41795079058
41795079042
41795079082
41795079094
41795079064
41795079183
41795079090
41795079208
41795079200
41795079148
41795079060
41795079065
41795079220
41795079373
41795079414
41795079172
41795079152
41795079211
41795079161
41795079353
41795079044
41795079187
41795079053
41795079040
41795079333
41795079062
41795079069
41795079154
41795079318
41795079116
41795079081
41795079275
41795079066
41795079070
41795079107
41795079080
41795079055
41795079192
41795079155
41795079103
41795079048
41795079132
41795079130
41795079043
41795079056
41795079131
41795079124
41795079083
41795079216
41795079312
41795079085
41795079423
41795079160
41795079162
41795079260
41795079128
41795079462
41795079099
41795079079
41795079125
41795079587
41795079342
41795079057
41795079194
41795079217
41795079465
41795079239
41795079294
41795079050
41795079349
41795079566
41795079140
41795079271
41795079134
41795079285
41795079240
41795079129
41795079281
41795079087
41795079150
41795079139
41795079366
41795079237
41795079141
41795079422
41795079229
41795079647
41795079412
41795079303
41795079177
41795079136
41795079225
41795079218
41795079297
41795079381
41795079104
41795079391
41795079331
41795079551
41795079413
41795079480
41795079224
41795079448
41795079421
41795079405
41795079339
41795079386
41795079233
41795079350
41795079758
41795079313
41795079144
41795079392
41795079243
41795079209
41795079378
41795079284
41795079170
41795079425
41795079101
41795079114
41795079166
41795079613
41795079151
41795079167
41795079206
41795079682
41795079433
41795079086
41795079238
41795079227
41795079180
41795079410
41795079203
41795079276
41795079395
41795079853
41795079484
41795079109
41795079320
41795079756
41795079608
41795079773
41795079126
41795079095
41795079201
41795079437
41795079622
41795079247
41795079207
41795079273
41795079274
41795079336
41795079317
41795079650
41795079319
41795079525
41795079426
41795079121
41795079472
41795079766
41795079228
41795079502
41795079230
41795079438
41795079791
41795079530
41795079586
41795079450
41795079404
41795079232
41795079178
41795079360
41795079322
41795079556
41795079653
41795079516
41795079119
41795079825
41795079327
41795079265
41795079398
41795079262
41795079372
41795079415
41795079609
41795079600
41795079906
41795079479
41795079358
41795079915
41795079367
41795079417
41795079277
41795079328
41795079715
41795079257
41795079164
41795079494
41795079567
41795079487
41795079338
41795079926
41795079246
41795079508
41795079554
41795079689
41795079343
41795079513
41795079615
41795079735
41795079307
41795079466
41795079255
41795079557
41795079922
41795079215
41795079552
41795079555
41795079590
41795079315
41795079345
41795079346
41795079282
41795079905
41795079205
41795079390
41795079708
41795079309
41795079830
41795079776
41795079270
41795079862
41795079163
41795079707
41795079632
41795079428
41795079831
41795079575
41795079268
41795079578
41795079389
41795079330
41795079483
41795079519
41795079635
41795079652
41795079463
41795079149
41795079941
41795079788
41795079644
41795079706
41795079500
41795079740
41795079147
41795079506
41795079505
41795079449
41795079548
41795079819
41795079304
41795079553
41795079752
41795079181
41795079256
41795079594
41795079442
41795079431
41795079280
41795079596
41795079711
41795079574
41795079563
41795079655
41795079734
41795079869
41795079335
41795079536
41795079771
41795079288
41795079747
41795079722
41795079488
41795079695
41795079456
41795079520
41795079569
41795079340
41795079868
41795079720
41795079470
41795079737
41795079401
41795079761
41795079592
41795079363
41795079584
41795079627
41795079912
41795079659
41795079929
41795079300
41795079643
41795079419
41795079803
41795079550
41795079763
41795079624
41795079489
41795079531
41795079374
41795079526
41795079388
41795079589
41795079306
41795079769
41795079937
41795079572
41795079816
41795079561
41795079681
41795079610
41795079534
41795079418
41795079514
41795079688
41795079641
41795079911
41795079625
41795079840
41795079670
41795079646
41795079429
41795079582
41795079380
41795079914
41795079532
41795079199
41795079293
41795079705
41795079751
41795079700
41795079810
41795079496
41795079332
41795079727
41795079974
41795079784
41795079210
41795079661
41795079522
41795079896
41795079725
41795079818
41795079486
41795079760
41795079910
41795079806
41795079491
41795079948
41795079746
41795079337
41795079629
41795079813
41795079805
41795079416
41795079593
41795079815
41795079648
41795079865
41795079460
41795079683
41795079545
41795079252
41795079930
41795079321
41795079762
41795079637
41795079504
41795079601
41795079900
41795079702
41795079671
41795079841
41795079724
41795079537
41795079495
41795079726
41795079899
41795079986
41795079927
41795079385
41795079881
41795079897
41795079808
41795079885
41795079538
41795079604
41795079678
41795079680
41795079878
41795079836
41795079454
41795079842
41795079375
41795079991
41795079527
41795079326
41795079757
41795079850
41795079382
41795079743
41795079564
41795079377
41795079951
41795079945
41795079874
41795079953
41795079620
41795079631
41795079649
41795079580
41795079794
41795079851
41795079772
41795079628
41795079814
41795079946
41795079934
41795079544
41795079923
41795079972
41795079958
41795079713
41795079880
41795079960
41795079895
41795079473
41795079770
41795079517
41795079932
41795079540
41795079719
41795079493
41795079979
41795079949
41795079733
41795079357
41795079980
41795079698
41795079940
41795079845
41795079888
41795079411
41795079966
41795079474
41795079475
41795079461
41795079965
41795079989
41795079956
41795079793
41795079729
41795079954
41795079977
41795079883
41795079913
41795079570
41795079677
41795079782
41795079585
41795079434
41795079542
41795079583
41795079721
41795079616
41795079533
41795079935
41795079856
41795079710
41795079744
41795079730
41795079870
41795079983
41795079920
41795079834
41795079978
41795079867
41795079611
41795079765
41795079731
41795079633
41795079992
41795079767
41795079576
41795079936
41795079745
41795079852
41795079919
41795079938
41795079716
41795079811
41795079847
41795079939
41795079828
41795079882
41795079970
41795079901
41795079982
41795079750
41795079832
41795079933
41795079961
41795073000
41795073153
41795073187
41795073028
41795073022
41795073032
41795073004
41795073044
41795073048
41795073063
41795073056
41795073035
41795073040
41795073001
41795073025
41795073122
41795073008
41795073031
41795073037
41795073454
41795073003
41795073274
41795073106
41795073060
41795073033
41795073045
41795073011
41795073049
41795073201
41795073213
41795073090
41795073057
41795073100
41795073152
41795073141
41795073053
41795073154
41795073124
41795073136
41795073064
41795073189
41795073058
41795073382
41795073047
41795073030
41795073097
41795073107
41795073277
41795073249
41795073634
41795073157
41795073138
41795073079
41795073369
41795073119
41795073134
41795073113
41795073117
41795073150
41795073162
41795073164
41795073016
41795073738
41795073403
41795073175
41795073196
41795073182
41795073036
41795073114
41795073132
41795073181
41795073108
41795073052
41795073089
41795073609
41795073282
41795073230
41795073343
41795073342
41795073188
41795073470
41795073094
41795073166
41795073297
41795073185
41795073469
41795073065
41795073530
41795073333
41795073043
41795073135
41795073034
41795073723
41795073462
41795073216
41795073381
41795073095
41795073055
41795073449
41795073414
41795073279
41795073179
41795073155
41795073518
41795073528
41795073320
41795073251
41795073239
41795073168
41795073174
41795073248
41795073276
41795073115
41795073244
41795073194
41795073410
41795073377
41795073195
41795073199
41795073146
41795073327
41795073345
41795073041
41795073616
41795073309
41795073522
41795073661
41795073306
41795073515
41795073165
41795073161
41795073662
41795073173
41795073667
41795073406
41795073360
41795073256
41795073010
41795073208
41795073169
41795073714
41795073310
41795073680
41795073061
41795073612
41795073205
41795073878
41795073145
41795073075
41795073125
41795073359
41795073323
41795073551
41795073563
41795073350
41795073218
41795073200
41795073387
41795073315
41795073255
41795073560
41795073417
41795073167
41795073238
41795073067
41795073650
41795073370
41795073361
41795073356
41795073421
41795073302
41795073480
41795073263
41795073707
41795073481
41795073184
41795073721
41795073585
41795073236
41795073183
41795073618
41795073142
41795073952
41795073948
41795073344
41795073422
41795073553
41795073589
41795073582
41795073214
41795073472
41795073684
41795073368
41795073445
41795073226
41795073080
41795073246
41795073717
41795073148
41795073376
41795073322
41795073487
41795073290
41795073388
41795073621
41795073788
41795073838
41795073401
41795073066
41795073562
41795073373
41795073357
41795073495
41795073769
41795073654
41795073219
41795073524
41795073457
41795073884
41795073211
41795073933
41795073209
41795073611
41795073273
41795073473
41795073319
41795073346
41795073260
41795073234
41795073497
41795073881
41795073683
41795073399
41795073419
41795073803
41795073451
41795073332
41795073689
41795073151
41795073337
41795073299
41795073646
41795073271
41795073380
41795073352
41795073366
41795073567
41795073504
41795073906
41795073312
41795073340
41795073250
41795073647
41795073204
41795073702
41795073270
41795073466
41795073245
41795073537
41795073463
41795073624
41795073416
41795073712
41795073954
41795073240
41795073203
41795073372
41795073807
41795073885
41795073846
41795073552
41795073233
41795073308
41795073914
41795073503
41795073793
41795073580
41795073817
41795073771
41795073790
41795073591
41795073341
41795073644
41795073575
41795073191
41795073626
41795073909
41795073331
41795073671
41795073665
41795073956
41795073460
41795073334
41795073606
41795073371
41795073666
41795073765
41795073619
41795073300
41795073979
41795073539
41795073202
41795073303
41795073507
41795073281
41795073685
41795073494
41795073720
41795073210
41795073252
41795073261
41795073772
41795073519
41795073852
41795073418
41795073321
41795073584
41795073394
41795073459
41795073354
41795073822
41795073809
41795073847
41795073526
41795073704
41795073313
41795073386
41795073432
41795073374
41795073435
41795073888
41795073836
41795073599
41795073407
41795073824
41795073761
41795073424
41795073686
41795073850
41795073953
41795073832
41795073931
41795073336
41795073762
41795073632
41795073900
41795073926
41795073725
41795073848
41795073694
41795073669
41795073799
41795073500
41795073521
41795073257
41795073400
41795073289
41795073531
41795073452
41795073243
41795073397
41795073869
41795073581
41795073741
41795073348
41795073301
41795073735
41795073231
41795073520
41795073919
41795073478
41795073673
41795073752
41795073922
41795073429
41795073595
41795073493
41795073703
41795073434
41795073774
41795073729
41795073753
41795073220
41795073477
41795073681
41795073304
41795073700
41795073543
41795073413
41795073264
41795073535
41795073778
41795073978
41795073708
41795073379
41795073652
41795073600
41795073532
41795073748
41795073853
41795073566
41795073610
41795073796
41795073872
41795073587
41795073750
41795073826
41795073745
41795073502
41795073908
41795073827
41795073259
41795073603
41795073802
41795073534
41795073883
41795073910
41795073786
41795073779
41795073458
41795073453
41795073476
41795073593
41795073648
41795073747
41795073764
41795073615
41795073678
41795073636
41795073402
41795073688
41795073744
41795073501
41795073918
41795073994
41795073875
41795073637
41795073657
41795073937
41795073490
41795073235
41795073889
41795073687
41795073945
41795073927
41795073755
41795073920
41795073995
41795073819
41795073756
41795073631
41795073719
41795073957
41795073821
41795073917
41795073423
41795073492
41795073923
41795073659
41795073804
41795073431
41795073705
41795073393
41795073740
41795073805
41795073554
41795073932
41795073295
41795073601
41795073541
41795073561
41795073625
41795073558
41795073691
41795073514
41795073890
41795073525
41795073903
41795073749
41795073604
41795073876
41795073692
41795073829
41795073837
41795073893
41795073962
41795073882
41795073955
41795073513
41795073627
41795073640
41795073338
41795073800
41795073916
41795073724
41795073880
41795073814
41795073907
41795073851
41795073693
41795073785
41795073944
41795073987
41795073946
41795073569
41795073816
41795073385
41795073716
41795073658
41795073874
41795073791
41795073440
41795073820
41795073947
41795073768
41795073655
41795073810
41795073614
41795073670
41795073608
41795073572
41795073867
41795073486
41795073941
41795073977
41795073981
41795073866
41795073976
41795073548
41795073835
41795073892
41795073464
41795073924
41795073767
41795073901
41795073742
41795073628
41795073833
41795073722
41795073959
41795073633
41795073975
41795073760
41795073960
41795073757
41795073828
41795073806
41795073787
41795073939
41795073940
41795073870
41795073546
41795073754
41795073557
41795073997
41795073966
41795073763
41795073573
41795073849
41795073588
41795073913
41795073873
41795073996
41795073775
41795073934
41795073653
41795073964
41795073858
41795073993
41795073988
41795073871
41795073643
41795073983
41795073677
41795073706
41795073905
41795073990
41795073682
41795073938
41795073176
41795073967
41795071020
41795071009
41795071033
41795071008
41795071002
41795071005
41795071006
41795071019
41795071003
41795071011
41795071010
41795071023
41795071016
41795071028
41795071015
41795071026
41795071030
41795071024
41795071062
41795071086
41795071095
41795071084
41795071115
41795071130
41795071128
41795071155
41795071164
41795071238
41795071251
41795071047
41795071059
41795071111
41795071142
41795071066
41795071043
41795071121
41795071040
41795071144
41795071070
41795071171
41795071147
41795071160
41795071072
41795071083
41795071154
41795071107
41795071388
41795071197
41795071082
41795071157
41795071284
41795071037
41795071080
41795071101
41795071484
41795071258
41795071092
41795071061
41795071120
41795071035
41795071343
41795071046
41795071075
41795071627
41795071091
41795071152
41795071064
41795071214
41795071198
41795071189
41795071145
41795071248
41795071195
41795071050
41795071162
41795071274
41795071167
41795071110
41795071068
41795071088
41795071161
41795071186
41795071055
41795071174
41795071074
41795071323
41795071148
41795071127
41795071079
41795071134
41795071093
41795071476
41795071397
41795071440
41795071073
41795071067
41795071233
41795071328
41795071036
41795071374
41795071235
41795071357
41795071497
41795071267
41795071268
41795071038
41795071311
41795071192
41795071228
41795071052
41795071474
41795071143
41795071445
41795071117
41795071146
41795071364
41795071114
41795071260
41795071188
41795071319
41795071269
41795071338
41795071636
41795071622
41795071216
41795071229
41795071191
41795071421
41795071275
41795071288
41795071347
41795071168
41795071212
41795071391
41795071424
41795071931
41795071156
41795071153
41795071360
41795071219
41795071063
41795071577
41795071355
41795071180
41795071224
41795071705
41795071285
41795071557
41795071135
41795071414
41795071746
41795071439
41795071209
41795071687
41795071505
41795071535
41795071404
41795071466
41795071104
41795071675
41795071150
41795071565
41795071159
41795071231
41795071740
41795071200
41795071105
41795071247
41795071951
41795071444
41795071151
41795071176
41795071060
41795071523
41795071256
41795071165
41795071103
41795071618
41795071965
41795071442
41795071468
41795071230
41795071331
41795071286
41795071994
41795071262
41795071257
41795071350
41795071389
41795071265
41795071280
41795071376
41795071292
41795071181
41795071365
41795071477
41795071339
41795071291
41795071293
41795071337
41795071554
41795071646
41795071179
41795071309
41795071317
41795071241
41795071549
41795071550
41795071124
41795071118
41795071725
41795071458
41795071236
41795071298
41795071830
41795071325
41795071109
41795071122
41795071461
41795071580
41795071721
41795071252
41795071459
41795071096
41795071710
41795071358
41795071213
41795071805
41795071619
41795071259
41795071513
41795071277
41795071402
41795071183
41795071629
41795071706
41795071780
41795071371
41795071342
41795071504
41795071534
41795071541
41795071395
41795071584
41795071555
41795071521
41795071635
41795071522
41795071479
41795071567
41795071332
41795071182
41795071418
41795071644
41795071643
41795071253
41795071579
41795071221
41795071279
41795071645
41795071220
41795071558
41795071615
41795071441
41795071370
41795071668
41795071380
41795071411
41795071736
41795071614
41795071548
41795071570
41795071731
41795071875
41795071828
41795071853
41795071564
41795071804
41795071483
41795071526
41795071540
41795071307
41795071393
41795071344
41795071872
41795071512
41795071436
41795071133
41795071588
41795071316
41795071471
41795071500
41795071788
41795071425
41795071351
41795071865
41795071210
41795071242
41795071383
41795071759
41795071377
41795071270
41795071676
41795071266
41795071809
41795071508
41795071532
41795071617
41795071494
41795071747
41795071290
41795071306
41795071709
41795071590
41795071139
41795071628
41795071581
41795071667
41795071308
41795071712
41795071413
41795071562
41795071443
41795071324
41795071898
41795071713
41795071831
41795071546
41795071752
41795071462
41795071403
41795071978
41795071730
41795071475
41795071720
41795071314
41795071846
41795071912
41795071820
41795071416
41795071563
41795071765
41795071433
41795071959
41795071913
41795071426
41795071603
41795071586
41795071551
41795071470
41795071938
41795071723
41795071222
41795071612
41795071650
41795071904
41795071982
41795071715
41795071727
41795071485
41795071690
41795071957
41795071464
41795071409
41795071246
41795071407
41795071372
41795071480
41795071624
41795071767
41795071623
41795071489
41795071386
41795071453
41795071808
41795071537
41795071594
41795071724
41795071786
41795071428
41795071755
41795071881
41795071662
41795071450
41795071367
41795071190
41795071499
41795071353
41795071663
41795071400
41795071613
41795071379
41795071906
41795071640
41795071223
41795071682
41795071807
41795071401
41795071943
41795071758
41795071583
41795071516
41795071406
41795071680
41795071726
41795071250
41795071507
41795071739
41795071669
41795071924
41795071281
41795071544
41795071816
41795071632
41795071455
41795071974
41795071394
41795071770
41795071803
41795071980
41795071749
41795071227
41795071368
41795071678
41795071890
41795071652
41795071304
41795071352
41795071771
41795071208
41795071454
41795071506
41795071976
41795071608
41795071960
41795071641
41795071517
41795071429
41795071862
41795071472
41795071671
41795071254
41795071638
41795071673
41795071533
41795071944
41795071719
41795071430
41795071897
41795071750
41795071661
41795071973
41795071778
41795071688
41795071839
41795071821
41795071838
41795071737
41795071850
41795071918
41795071722
41795071923
41795071431
41795071482
41795071716
41795071573
41795071941
41795071717
41795071900
41795071984
41795071531
41795071915
41795071822
41795071381
41795071864
41795071920
41795071827
41795071776
41795071836
41795071341
41795071774
41795071835
41795071937
41795071569
41795071880
41795071463
41795071916
41795071818
41795071819
41795071761
41795071794
41795071854
41795071571
41795071437
41795071626
41795071665
41795071961
41795071958
41795071658
41795071694
41795071841
41795071642
41795071649
41795071855
41795071892
41795071777
41795071582
41795071566
41795071412
41795071997
41795071543
41795071711
41795071891
41795071490
41795071599
41795071893
41795071888
41795071940
41795071585
41795071928
41795071905
41795071616
41795071659
41795071802
41795071702
41795071502
41795071879
41795071985
41795071925
41795071932
41795071834
41795071992
41795071813
41795071655
41795071949
41795071666
41795071677
41795071734
41795071901
41795071647
41795071606
41795071363
41795071845
41795071983
41795071664
41795071824
41795071874
41795071756
41795071826
41795071871
41795071751
41795071729
41795071977
41795071503
41795071432
41795071763
41795071936
41795071733
41795071607
41795071929
41795071870
41795071955
41795071858
41795071907
41795071886
41795071911
41795071910
41795071971
41795071832
41795071467
41795071542
41795071814
41795071903
41795071968
41795071708
41795071972
41795071621
41795071922
41795071481
41795071990
41795071660
41795071996
41795071674
41795071610
41795071947
41795071718
41795071757
41795071764
41795071637
41795071817
41795071950
41795072006
41795072007
41795072003
41795072027
41795072025
41795072030
41795072009
41795072017
41795072032
41795072008
41795072004
41795072011
41795072021
41795072005
41795072016
41795072010
41795072015
41795072023
41795072018
41795072029
41795072002
41795072026
41795072046
41795072150
41795072068
41795072047
41795072038
41795072066
41795072121
41795072085
41795072061
41795072092
41795072095
41795072318
41795072219
41795072136
41795072118
41795072158
41795072040
41795072154
41795072257
41795072165
41795072073
41795072075
41795072109
41795072259
41795072083
41795072229
41795072160
41795072314
41795072123
41795072115
41795072210
41795072224
41795072290
41795072104
41795072218
41795072098
41795072049
41795072147
41795072250
41795072050
41795072071
41795072060
41795072240
41795072056
41795072096
41795072193
41795072119
41795072055
41795072182
41795072198
41795072077
41795072101
41795072251
41795072149
41795072067
41795072168
41795072287
41795072288
41795072236
41795072127
41795072034
41795072157
41795072062
41795072053
41795072333
41795072079
41795072241
41795072207
41795072090
41795072089
41795072275
41795072148
41795072176
41795072122
41795072282
41795072039
41795072137
41795072048
41795072144
41795072063
41795072131
41795072304
41795072033
41795072268
41795072201
41795072110
41795072065
41795072271
41795072231
41795072305
41795072099
41795072183
41795072197
41795072105
41795072347
41795072205
41795072175
41795072247
41795072223
41795072272
41795072082
41795072209
41795072242
41795072306
41795072237
41795072264
41795072334
41795072156
41795072102
41795072190
41795072124
41795072058
41795072094
41795072215
41795072174
41795072199
41795072172
41795072184
41795072234
41795072254
41795072086
41795072301
41795072203
41795072325
41795072204
41795072194
41795072228
41795072091
41795072324
41795072185
41795072141
41795072255
41795072278
41795072308
41795072169
41795072103
41795072302
41795072230
41795072294
41795072309
41795072070
41795072280
41795072202
41795072226
41795072196
41795072310
41795072312
41795072303
41795072343
41795072295
41795072227
41795072329
41795072213
41795072281
41795072216
41795072132
41795072285
41795072187
41795072331
41795072307
41795072189
41795072222
41795072245
41795072327
41795072214
41795072249
41795072313
41795072283
41795072311
41795072346
41795072315
41795072261
41795072270
41795072299
41795072291
41795072342
41795072277
41795072356
41795072373
41795072352
41795072371
41795072358
41795072374
41795072360
41795072363
41795072379
41795072361
41795072362
41795072365
41795072366
41795072368
41795072376
41795072359
41795072364
41795072382
41795072381
41795072461
41795072413
41795072398
41795072400
41795072384
41795072383
41795072504
41795072401
41795072399
41795072435
41795072430
41795072441
41795072436
41795072462
41795072494
41795072406
41795072488
41795072485
41795072540
41795072387
41795072557
41795072558
41795072418
41795072466
41795072520
41795072635
41795072410
41795072534
41795072490
41795072659
41795072404
41795072665
41795072576
41795072594
41795072533
41795072553
41795072641
41795072530
41795072419
41795072609
41795072428
41795072588
41795072425
41795072449
41795072483
41795072575
41795072412
41795072392
41795072476
41795072408
41795072480
41795072460
41795072438
41795072537
41795072510
41795072499
41795072464
41795072450
41795072580
41795072403
41795072501
41795072529
41795072443
41795072437
41795072695
41795072492
41795072459
41795072495
41795072456
41795072523
41795072603
41795072394
41795072396
41795072516
41795072658
41795072514
41795072593
41795072544
41795072545
41795072497
41795072547
41795072673
41795072411
41795072546
41795072577
41795072407
41795072571
41795072642
41795072526
41795072669
41795072643
41795072654
41795072606
41795072447
41795072503
41795072681
41795072611
41795072434
41795072597
41795072640
41795072513
41795072429
41795072618
41795072651
41795072562
41795072604
41795072522
41795072619
41795072677
41795072621
41795072463
41795072607
41795072636
41795072470
41795072574
41795072579
41795072439
41795072453
41795072477
41795072687
41795072676
41795072671
41795072505
41795072518
41795072467
41795072698
41795072561
41795072458
41795072570
41795072660
41795072541
41795072675
41795072519
41795072699
41795072563
41795072448
41795072550
41795072432
41795072572
41795072616
41795072538
41795072693
41795072486
41795072692
41795072560
41795072496
41795072600
41795072484
41795072482
41795072661
41795072690
41795072691
41795072591
41795072646
41795072664
41795072627
41795072507
41795072535
41795072684
41795072686
41795072672
41795072615
41795072624
41795072500
41795072502
41795072688
41795072670
41795072528
41795072543
41795072685
41795072625
41795072679
41795072638
41795072569
41795072568
41795072680
41795072583
41795072682
41795072639
41795072657
41795072645
41795072633
41795072663
41795072524
41795072629
41795072714
41795072707
41795072705
41795072716
41795072703
41795072704
41795072708
41795072701
41795072729
41795072721
41795072711
41795072727
41795072715
41795072723
41795072710
41795072722
41795072709
41795072748
41795072760
41795072738
41795072745
41795072762
41795072753
41795072735
41795072759
41795072752
41795072763
41795072737
41795072764
41795072740
41795072758
41795072805
41795072810
41795072770
41795072774
41795072787
41795072814
41795072800
41795072817
41795072773
41795072793
41795072806
41795072798
41795072766
41795072784
41795072788
41795072767
41795072821
41795072782
41795072783
41795072794
41795072777
41795072804
41795072778
41795072808
41795072781
41795072792
41795072801
41795072818
41795072827
41795072839
41795072843
41795072866
41795072842
41795072877
41795072880
41795072834
41795072838
41795072832
41795072858
41795072854
41795072840
41795072845
41795072860
41795072861
41795072864
41795072878
41795072831
41795072837
41795072847
41795072826
41795072853
41795072871
41795072868
41795072872
41795072875
41795072848
41795072855
41795072869
41795072874
41795072851
41795072859
41795072828
41795072844
41795072881
41795072903
41795072894
41795072900
41795072901
41795072936
41795072906
41795072938
41795072947
41795072939
41795072887
41795072904
41795072927
41795072943
41795072952
41795072896
41795072908
41795072905
41795072958
41795072882
41795072907
41795072941
41795072963
41795072912
41795072892
41795072897
41795072910
41795072883
41795072921
41795072935
41795072926
41795072959
41795072949
41795072942
41795072924
41795072917
41795072916
41795072966
41795072957
41795072968
41795072944
41795072931
41795072940
41795072965
41795072954
41795072990
41795072974
41795072978
41795072979
41795072999
41795072988
41795072982
41795072989
41795072970
41795072977
41795072984
41795072993
41795072972
41795072983
41795072969
41795072975
41795072973
41795072992
41795072994
41795072976
41795078007
41795078027
41795078002
41795078014
41795078005
41795078001
41795078017
41795078020
41795078023
41795078016
41795078031
41795078006
41795078008
41795078013
41795078012
41795078010
41795078041
41795078032
41795078036
41795078047
41795078045
41795078058
41795078073
41795078080
41795078107
41795078040
41795078088
41795078112
41795078054
41795078137
41795078127
41795078229
41795078173
41795078135
41795078169
41795078123
41795078244
41795078057
41795078252
41795078275
41795078049
41795078111
41795078301
41795078042
41795078152
41795078366
41795078074
41795078077
41795078105
41795078213
41795078052
41795078293
41795078085
41795078174
41795078232
41795078369
41795078240
41795078181
41795078121
41795078103
41795078059
41795078320
41795078157
41795078207
41795078101
41795078190
41795078274
41795078113
41795078082
41795078132
41795078154
41795078075
41795078193
41795078055
41795078063
41795078087
41795078064
41795078504
41795078377
41795078267
41795078106
41795078062
41795078149
41795078164
41795078255
41795078130
41795078155
41795078350
41795078227
41795078141
41795078145
41795078233
41795078120
41795078272
41795078234
41795078222
41795078158
41795078189
41795078048
41795078470
41795078179
41795078349
41795078249
41795078259
41795078070
41795078147
41795078392
41795078384
41795078050
41795078122
41795078386
41795078325
41795078159
41795078246
41795078570
41795078328
41795078143
41795078390
41795078072
41795078529
41795078039
41795078371
41795078562
41795078051
41795078191
41795078370
41795078071
41795078186
41795078402
41795078438
41795078333
41795078081
41795078139
41795078738
41795078499
41795078432
41795078217
41795078540
41795078206
41795078327
41795078247
41795078250
41795078380
41795078066
41795078285
41795078140
41795078231
41795078473
41795078618
41795078474
41795078621
41795078628
41795078225
41795078332
41795078226
41795078126
41795078171
41795078857
41795078417
41795078183
41795078416
41795078202
41795078454
41795078204
41795078214
41795078215
41795078338
41795078280
41795078346
41795078283
41795078555
41795078343
41795078393
41795078167
41795078489
41795078264
41795078449
41795078220
41795078624
41795078124
41795078092
41795078119
41795078830
41795078461
41795078383
41795078524
41795078808
41795078294
41795078153
41795078923
41795078668
41795078708
41795078509
41795078433
41795078168
41795078752
41795078453
41795078241
41795078513
41795078728
41795078425
41795078177
41795078182
41795078868
41795078359
41795078387
41795078781
41795078406
41795078165
41795078505
41795078870
41795078817
41795078409
41795078116
41795078533
41795078067
41795078367
41795078102
41795078655
41795078464
41795078459
41795078452
41795078479
41795078262
41795078654
41795078109
41795078584
41795078648
41795078531
41795078976
41795078556
41795078587
41795078790
41795078313
41795078756
41795078537
41795078100
41795078757
41795078374
41795078816
41795078209
41795078871
41795078104
41795078185
41795078673
41795078709
41795078581
41795078326
41795078300
41795078567
41795078778
41795078468
41795078358
41795078716
41795078541
41795078284
41795078760
41795078981
41795078205
41795078823
41795078430
41795078561
41795078577
41795078643
41795078382
41795078644
41795078475
41795078645
41795078478
41795078542
41795078239
41795078471
41795078688
41795078819
41795078291
41795078774
41795078311
41795078930
41795078466
41795078463
41795078188
41795078472
41795078543
41795078166
41795078661
41795078679
41795078684
41795078704
41795078626
41795078422
41795078695
41795078253
41795078492
41795078734
41795078308
41795078717
41795078681
41795078787
41795078444
41795078355
41795078493
41795078932
41795078939
41795078586
41795078766
41795078635
41795078881
41795078718
41795078319
41795078785
41795078162
41795078658
41795078192
41795078263
41795078913
41795078838
41795078212
41795078859
41795078558
41795078373
41795078348
41795078793
41795078224
41795078477
41795078221
41795078677
41795078576
41795078943
41795078534
41795078316
41795078560
41795078706
41795078318
41795078727
41795078335
41795078591
41795078815
41795078674
41795078730
41795078592
41795078846
41795078609
41795078517
41795078378
41795078721
41795078426
41795078952
41795078613
41795078876
41795078988
41795078898
41795078526
41795078880
41795078911
41795078874
41795078710
41795078924
41795078307
41795078676
41795078465
41795078391
41795078497
41795078928
41795078617
41795078437
41795078908
41795078607
41795078763
41795078615
41795078258
41795078407
41795078616
41795078914
41795078421
41795078872
41795078806
41795078758
41795078522
41795078619
41795078832
41795078304
41795078590
41795078647
41795078256
41795078491
41795078446
41795078812
41795078487
41795078770
41795078759
41795078401
41795078680
41795078800
41795078818
41795078722
41795078535
41795078520
41795078486
41795078641
41795078791
41795078500
41795078743
41795078755
41795078521
41795078589
41795078440
41795078340
41795078826
41795078803
41795078797
41795078439
41795078897
41795078672
41795078889
41795078632
41795078856
41795078765
41795078482
41795078525
41795078890
41795078602
41795078804
41795078548
41795078551
41795078627
41795078835
41795078741
41795078786
41795078936
41795078324
41795078866
41795078782
41795078523
41795078336
41795078549
41795078958
41795078845
41795078448
41795078601
41795078750
41795078843
41795078873
41795078825
41795078579
41795078156
41795078701
41795078733
41795078545
41795078847
41795078959
41795078820
41795078687
41795078789
41795078737
41795078711
41795078423
41795078600
41795078915
41795078882
41795078771
41795078633
41795078260
41795078931
41795078754
41795078508
41795078894
41795078702
41795078630
41795078953
41795078950
41795078954
41795078996
41795078703
41795078518
41795078935
41795078827
41795078748
41795078160
41795078719
41795078605
41795078595
41795078707
41795078411
41795078769
41795078608
41795078842
41795078634
41795078901
41795078691
41795078966
41795078824
41795078764
41795078751
41795078982
41795078891
41795078329
41795078858
41795078646
41795078916
41795078973
41795078435
41795078918
41795078985
41795078905
41795078665
41795078731
41795078740
41795078779
41795078833
41795078855
41795078878
41795078841
41795078944
41795078460
41795078705
41795078657
41795078993
41795078986
41795078746
41795078700
41795078729
41795078488
41795078957
41795078829
41795078877
41795078689
41795078777
41795078848
41795078483
41795078725
41795078783
41795078744
41795078906
41795078879
41795078863
41795078484
41795078977
41795078834
41795078836
41795078512
41795078942
41795078736
41795078625
41795078762
41795078956
41795078594
41795078761
41795078611
41795078864
41795078965
41795078749
41795078990
41795078893
41795078559
41795078552
41795078775
41795078938
41795078828
41795078849
41795078732
41795078780
41795078844
41795078968
41795078875
41795078903
41795078922
41795078946
41795078811
41795078962
41795078337
41795077000
41795077013
41795077010
41795077009
41795077011
41795077008
41795077021
41795077023
41795077002
41795077004
41795077001
41795077019
41795077012
41795077003
41795077027
41795077029
41795077016
41795077015
41795077020
41795077017
41795077075
41795077244
41795077102
41795077051
41795077134
41795077048
41795077072
41795077054
41795077064
41795077143
41795077156
41795077173
41795077118
41795077082
41795077181
41795077136
41795077069
41795077274
41795077284
41795077047
41795077042
41795077067
41795077330
41795077035
41795077057
41795077041
41795077110
41795077086
41795077154
41795077128
41795077223
41795077060
41795077040
41795077362
41795077132
41795077078
41795077065
41795077220
41795077090
41795077192
41795077389
41795077312
41795077033
41795077198
41795077044
41795077087
41795077043
41795077073
41795077303
41795077463
41795077666
41795077278
41795077147
41795077070
41795077131
41795077141
41795077172
41795077189
41795077058
41795077049
41795077261
41795077253
41795077093
41795077236
41795077112
41795077248
41795077109
41795077121
41795077528
41795077213
41795077393
41795077077
41795077101
41795077187
41795077241
41795077702
41795077146
41795077320
41795077125
41795077122
41795077239
41795077431
41795077272
41795077281
41795077428
41795077318
41795077262
41795077039
41795077420
41795077375
41795077314
41795077175
41795077100
41795077133
41795077340
41795077204
41795077114
41795077148
41795077246
41795077550
41795077151
41795077658
41795077222
41795077290
41795077387
41795077386
41795077194
41795077331
41795077191
41795077430
41795077158
41795077346
41795077288
41795077162
41795077113
41795077079
41795077202
41795077352
41795077454
41795077410
41795077165
41795077339
41795077534
41795077190
41795077229
41795077784
41795077319
41795077280
41795077409
41795077209
41795077145
41795077489
41795077206
41795077321
41795077111
41795077419
41795077237
41795077413
41795077748
41795077467
41795077104
41795077120
41795077441
41795077440
41795077300
41795077286
41795077171
41795077332
41795077159
41795077572
41795077208
41795077359
41795077224
41795077536
41795077356
41795077521
41795077551
41795077384
41795077493
41795077539
41795077533
41795077309
41795077177
41795077592
41795077135
41795077225
41795077205
41795077137
41795077459
41795077210
41795077152
41795077310
41795077358
41795077435
41795077434
41795077411
41795077448
41795077455
41795077385
41795077620
41795077837
41795077438
41795077803
41795077427
41795077119
41795077484
41795077316
41795077491
41795077735
41795077881
41795077750
41795077570
41795077227
41795077402
41795077221
41795077335
41795077504
41795077706
41795077542
41795077519
41795077328
41795077561
41795077884
41795077216
41795077185
41795077226
41795077364
41795077670
41795077354
41795077515
41795077439
41795077890
41795077345
41795077507
41795077462
41795077607
41795077305
41795077468
41795077618
41795077672
41795077350
41795077371
41795077641
41795077535
41795077245
41795077773
41795077867
41795077868
41795077390
41795077255
41795077611
41795077174
41795077544
41795077422
41795077341
41795077256
41795077282
41795077513
41795077495
41795077344
41795077759
41795077392
41795077665
41795077452
41795077412
41795077212
41795077629
41795077477
41795077260
41795077149
41795077700
41795077637
41795077276
41795077789
41795077254
41795077329
41795077614
41795077554
41795077621
41795077786
41795077631
41795077457
41795077466
41795077473
41795077632
41795077571
41795077391
41795077606
41795077693
41795077716
41795077703
41795077652
41795077263
41795077258
41795077752
41795077494
41795077557
41795077478
41795077496
41795077653
41795077450
41795077627
41795077714
41795077634
41795077374
41795077540
41795077732
41795077469
41795077676
41795077577
41795077273
41795077605
41795077545
41795077293
41795077630
41795077583
41795077709
41795077311
41795077726
41795077565
41795077270
41795077211
41795077508
41795077417
41795077446
41795077378
41795077287
41795077717
41795077401
41795077497
41795077144
41795077575
41795077731
41795077555
41795077755
41795077779
41795077807
41795077688
41795077968
41795077193
41795077639
41795077403
41795077993
41795077984
41795077200
41795077834
41795077405
41795077859
41795077615
41795077308
41795077932
41795077823
41795077935
41795077756
41795077574
41795077802
41795077657
41795077569
41795077824
41795077681
41795077252
41795077433
41795077302
41795077904
41795077744
41795077669
41795077740
41795077608
41795077617
41795077532
41795077656
41795077694
41795077711
41795077683
41795077866
41795077443
41795077785
41795077886
41795077673
41795077655
41795077757
41795077529
41795077380
41795077622
41795077603
41795077701
41795077552
41795077369
41795077523
41795077764
41795077787
41795077970
41795077974
41795077800
41795077721
41795077269
41795077788
41795077465
41795077343
41795077563
41795077774
41795077429
41795077472
41795077307
41795077821
41795077736
41795077758
41795077831
41795077685
41795077691
41795077372
41795077863
41795077913
41795077938
41795077961
41795077633
41795077733
41795077767
41795077704
41795077591
41795077754
41795077828
41795077619
41795077680
41795077456
41795077377
41795077916
41795077488
41795077588
41795077671
41795077790
41795077537
41795077564
41795077815
41795077414
41795077985
41795077860
41795077636
41795077560
41795077847
41795077763
41795077943
41795077749
41795077949
41795077511
41795077839
41795077858
41795077421
41795077705
41795077686
41795077781
41795077846
41795077597
41795077872
41795077865
41795077518
41795077844
41795077594
41795077451
41795077888
41795077809
41795077743
41795077360
41795077628
41795077581
41795077801
41795077734
41795077782
41795077548
41795077745
41795077649
41795077453
41795077725
41795077966
41795077662
41795077871
41795077915
41795077400
41795077777
41795077882
41795077775
41795077812
41795077826
41795077894
41795077825
41795077820
41795077878
41795077585
41795077415
41795077889
41795077778
41795077678
41795077914
41795077854
41795077950
41795077566
41795077663
41795077600
41795077810
41795077586
41795077770
41795077880
41795077768
41795077668
41795077573
41795077978
41795077917
41795077710
41795077394
41795077926
41795077918
41795077677
41795077818
41795077945
41795077955
41795077981
41795077891
41795077501
41795077780
41795077986
41795077861
41795077742
41795077791
41795077965
41795077713
41795077851
41795077690
41795077983
41795077944
41795077806
41795077988
41795077879
41795077873
41795077939
41795077912
41795077948
41795077887
41795077910
41795077958
41795077959
41795077609
41795077909
41795077689
41795077979
41795077922
41795077942
41795077848
41795077907
41795077976
41795077712
41795077990
41795077924
41795077928
41795077720
41795077954
41795077760
41795077956
41795077765
41795077766
41795077838
41795077875
41795077972
