41765465000
41765465001
41765465022
41765465015
41765465009
41765465031
41765465020
41765465030
41765465008
41765465325
41765465236
41765465044
41765465039
41765465072
41765465201
41765465091
41765465136
41765465038
41765465183
41765465277
41765465064
41765465052
41765465108
41765465223
41765465231
41765465115
41765465129
41765465159
41765465170
41765465135
41765465326
41765465219
41765465150
41765465288
41765465075
41765465056
41765465051
41765465253
41765465302
41765465071
41765465165
41765465053
41765465225
41765465252
41765465197
41765465045
41765465067
41765465090
41765465111
41765465212
41765465176
41765465080
41765465171
41765465086
41765465282
41765465141
41765465220
41765465214
41765465114
41765465180
41765465276
41765465230
41765465160
41765465110
41765465301
41765465155
41765465233
41765465287
41765465245
41765465345
41765465113
41765465177
41765465121
41765465131
41765465189
41765465125
41765465310
41765465281
41765465312
41765465128
41765465097
41765465158
41765465060
41765465095
41765465308
41765465148
41765465237
41765465269
41765465347
41765465330
41765465283
41765465127
41765465106
41765465216
41765465247
41765465307
41765465331
41765465206
41765465323
41765465092
41765465300
41765465227
41765465261
41765465321
41765465145
41765465292
41765465333
41765465316
41765465144
41765465306
41765465241
41765465211
41765465272
41765465215
41765465335
41765465298
41765465257
41765465320
41765465334
41765465250
41765465329
41765465350
41765465353
41765465359
41765465371
41765465376
41765465354
41765465368
41765465397
41765465485
41765465415
41765465428
41765465445
41765465549
41765465384
41765465493
41765465490
41765465390
41765465406
41765465545
41765465426
41765465460
41765465552
41765465663
41765465480
41765465420
41765465553
41765465573
41765465436
41765465500
41765465392
41765465637
41765465450
41765465609
41765465544
41765465646
41765465666
41765465634
41765465612
41765465521
41765465439
41765465495
41765465410
41765465511
41765465424
41765465403
41765465512
41765465442
41765465608
41765465555
41765465642
41765465535
41765465475
41765465626
41765465453
41765465416
41765465441
41765465688
41765465434
41765465674
41765465454
41765465516
41765465455
41765465467
41765465567
41765465563
41765465476
41765465695
41765465562
41765465443
41765465611
41765465427
41765465641
41765465486
41765465661
41765465496
41765465623
41765465497
41765465644
41765465620
41765465554
41765465529
41765465655
41765465588
41765465502
41765465505
41765465630
41765465570
41765465602
41765465615
41765465645
41765465676
41765465556
41765465438
41765465583
41765465559
41765465499
41765465689
41765465525
41765465542
41765465610
41765465652
41765465621
41765465466
41765465578
41765465694
41765465447
41765465685
41765465452
41765465547
41765465613
41765465670
41765465636
41765465700
41765465730
41765465704
41765465723
41765465710
41765465720
41765465724
41765465744
41765465778
41765465735
41765465758
41765465781
41765465749
41765465739
41765465747
41765465755
41765465759
41765465734
41765465737
41765465751
41765465767
41765465770
41765465774
41765465785
41765465841
41765465787
41765465803
41765465811
41765465818
41765465809
41765465802
41765465786
41765465810
41765465796
41765465817
41765465838
41765465824
41765465804
41765465868
41765465805
41765465844
41765465845
41765465855
41765465859
41765465933
41765465929
41765465919
41765465892
41765465940
41765465877
41765465935
41765465885
41765465902
41765465878
41765465886
41765465882
41765465891
41765465918
41765465876
41765465900
41765465905
41765465959
41765465949
41765465952
41765465970
41765465966
41765465946
41765465980
41765465974
41765465999
41765465988
41765465998
41765465986
41765465991
41765465994
41765465975
41765465996
41765465989
41765464000
41765464004
41765464010
41765464027
41765464002
41765464020
41765464009
41765464001
41765464008
41765464019
41765464028
41765464025
41765464007
41765464064
41765464065
41765464148
41765464046
41765464077
41765464056
41765464068
41765464074
41765464112
41765464054
41765464268
41765464159
41765464012
41765464129
41765464205
41765464121
41765464124
41765464100
41765464041
41765464030
41765464130
41765464049
41765464157
41765464117
41765464250
41765464233
41765464222
41765464151
41765464246
41765464114
41765464259
41765464035
41765464153
41765464055
41765464038
41765464069
41765464204
41765464316
41765464089
41765464609
41765464111
41765464086
41765464509
41765464318
41765464144
41765464093
41765464400
41765464191
41765464708
41765464053
41765464059
41765464402
41765464277
41765464087
41765464538
41765464309
41765464551
41765464198
41765464208
41765464213
41765464311
41765464098
41765464225
41765464401
41765464230
41765464349
41765464199
41765464075
41765464088
41765464262
41765464047
41765464145
41765464294
41765464851
41765464072
41765464702
41765464545
41765464513
41765464293
41765464686
41765464619
41765464642
41765464186
41765464156
41765464384
41765464408
41765464206
41765464447
41765464352
41765464557
41765464261
41765464171
41765464227
41765464781
41765464363
41765464260
41765464596
41765464404
41765464419
41765464663
41765464547
41765464333
41765464320
41765464066
41765464506
41765464452
41765464305
41765464193
41765464219
41765464374
41765464218
41765464595
41765464095
41765464303
41765464252
41765464477
41765464337
41765464840
41765464378
41765464412
41765464533
41765464192
41765464676
41765464418
41765464344
41765464721
41765464474
41765464666
41765464908
41765464629
41765464555
41765464726
41765464107
41765464890
41765464731
41765464411
41765464737
41765464228
41765464360
41765464430
41765464139
41765464473
41765464231
41765464479
41765464173
41765464753
41765464048
41765464465
41765464710
41765464623
41765464694
41765464106
41765464696
41765464395
41765464448
41765464472
41765464441
41765464348
41765464588
41765464534
41765464812
41765464550
41765464792
41765464453
41765464321
41765464414
41765464471
41765464334
41765464399
41765464096
41765464266
41765464584
41765464298
41765464215
41765464690
41765464440
41765464901
41765464829
41765464749
41765464544
41765464554
41765464484
41765464436
41765464280
41765464645
41765464656
41765464644
41765464658
41765464546
41765464325
41765464854
41765464382
41765464485
41765464611
41765464825
41765464923
41765464885
41765464572
41765464591
41765464244
41765464332
41765464717
41765464622
41765464514
41765464461
41765464855
41765464673
41765464646
41765464911
41765464578
41765464577
41765464455
41765464526
41765464310
41765464407
41765464576
41765464735
41765464980
41765464981
41765464543
41765464603
41765464466
41765464641
41765464607
41765464680
41765464338
41765464488
41765464936
41765464515
41765464867
41765464284
41765464539
41765464799
41765464662
41765464330
41765464848
41765464744
41765464991
41765464548
41765464887
41765464459
41765464467
41765464649
41765464765
41765464869
41765464741
41765464579
41765464967
41765464512
41765464755
41765464567
41765464796
41765464861
41765464700
41765464608
41765464798
41765464521
41765464808
41765464915
41765464383
41765464564
41765464353
41765464561
41765464653
41765464197
41765464790
41765464654
41765464909
41765464633
41765464590
41765464866
41765464954
41765464761
41765464719
41765464907
41765464634
41765464672
41765464810
41765464956
41765464585
41765464519
41765464914
41765464343
41765464771
41765464898
41765464804
41765464860
41765464715
41765464875
41765464993
41765464900
41765464775
41765464587
41765464759
41765464403
41765464955
41765464995
41765464647
41765464568
41765464979
41765464746
41765464703
41765464930
41765464884
41765464992
41765464650
41765464800
41765464687
41765464920
41765464959
41765464905
41765464927
41765464870
41765464943
41765464319
41765464985
41765464822
41765464630
41765464816
41765464605
41765464973
41765464963
41765464713
41765464456
41765464828
41765464987
41765464853
41765466003
41765466008
41765466020
41765466006
41765466033
41765466028
41765466021
41765466010
41765466001
41765466014
41765466002
41765466027
41765466198
41765466080
41765466321
41765466035
41765466060
41765466032
41765466147
41765466073
41765466041
41765466161
41765466044
41765466270
41765466262
41765466107
41765466238
41765466087
41765466311
41765466062
41765466052
41765466045
41765466081
41765466086
41765466243
41765466036
41765466110
41765466217
41765466216
41765466137
41765466037
41765466069
41765466095
41765466116
41765466300
41765466241
41765466040
41765466085
41765466430
41765466182
41765466221
41765466242
41765466314
41765466068
41765466337
41765466225
41765466595
41765466374
41765466100
41765466327
41765466240
41765466194
41765466367
41765466318
41765466090
41765466479
41765466269
41765466219
41765466544
41765466235
41765466449
41765466108
41765466443
41765466435
41765466251
41765466227
41765466191
41765466220
41765466255
41765466273
41765466239
41765466363
41765466226
41765466289
41765466183
41765466398
41765466508
41765466245
41765466232
41765466571
41765466281
41765466402
41765466248
41765466162
41765466522
41765466692
41765466536
41765466301
41765466231
41765466577
41765466324
41765466745
41765466677
41765466630
41765466711
41765466742
41765466333
41765466237
41765466274
41765466576
41765466331
41765466347
41765466581
41765466857
41765466805
41765466384
41765466633
41765466450
41765466763
41765466637
41765466288
41765466961
41765466247
41765466573
41765466608
41765466463
41765466851
41765466280
41765466570
41765466815
41765466304
41765466330
41765466676
41765466620
41765466829
41765466257
41765466546
41765466218
41765466634
41765466768
41765466267
41765466869
41765466369
41765466603
41765466564
41765466228
41765466160
41765466236
41765466368
41765466651
41765466579
41765466611
41765466469
41765466538
41765466794
41765466587
41765466752
41765466907
41765466670
41765466342
41765466622
41765466431
41765466423
41765466629
41765466437
41765466552
41765466389
41765466481
41765466336
41765466644
41765466392
41765466787
41765466461
41765466493
41765466680
41765466312
41765466600
41765466556
41765466434
41765466893
41765466122
41765466887
41765466739
41765466945
41765466716
41765466136
41765466555
41765466360
41765466885
41765466642
41765466303
41765466824
41765466455
41765466465
41765466615
41765466582
41765466681
41765466960
41765466695
41765466568
41765466835
41765466295
41765466542
41765466598
41765466664
41765466589
41765466592
41765466496
41765466704
41765466482
41765466736
41765466684
41765466641
41765466894
41765466868
41765466625
41765466534
41765466905
41765466505
41765466916
41765466627
41765466278
41765466858
41765466967
41765466668
41765466813
41765466445
41765466970
41765466166
41765466861
41765466932
41765466388
41765466433
41765466452
41765466601
41765466410
41765466551
41765466688
41765466760
41765466525
41765466771
41765466804
41765466965
41765466886
41765466654
41765466298
41765466788
41765466860
41765466800
41765466506
41765466572
41765466837
41765466588
41765466769
41765466918
41765466953
41765466696
41765466881
41765466656
41765466764
41765466942
41765466969
41765466761
41765466725
41765466652
41765466996
41765466903
41765466322
41765466830
41765466675
41765466504
41765466738
41765466244
41765466694
41765466781
41765466949
41765466726
41765466872
41765466746
41765466936
41765466699
41765466462
41765466770
41765466565
41765466876
41765466917
41765466994
41765466810
41765466946
41765466821
41765466975
41765466889
41765466995
41765466950
41765466956
41765466458
41765466826
41765466714
41765466928
41765466980
41765466992
41765466985
41765466973
41765466778
41765466912
41765466691
41765466655
41765466919
41765466878
41765466843
41765466943
41765466900
41765466888
41765460000
41765460004
41765460027
41765460012
41765460025
41765460029
41765460010
41765460013
41765460009
41765460002
41765460030
41765460015
41765460001
41765460020
41765460005
41765460032
41765460014
41765460007
41765460018
41765460026
41765460011
41765460016
41765460174
41765460045
41765460113
41765460073
41765460081
41765460099
41765460109
41765460118
41765460133
41765460088
41765460060
41765460159
41765460178
41765460232
41765460040
41765460051
41765460318
41765460105
41765460211
41765460119
41765460048
41765460165
41765460349
41765460033
41765460101
41765460107
41765460163
41765460201
41765460094
41765460452
41765460058
41765460308
41765460141
41765460377
41765460135
41765460041
41765460072
41765460110
41765460411
41765460204
41765460137
41765460127
41765460244
41765460044
41765460446
41765460050
41765460036
41765460213
41765460400
41765460307
41765460279
41765460260
41765460071
41765460049
41765460146
41765460035
41765460034
41765460422
41765460147
41765460080
41765460440
41765460100
41765460209
41765460145
41765460591
41765460151
41765460195
41765460230
41765460054
41765460229
41765460047
41765460096
41765460063
41765460303
41765460093
41765460128
41765460215
41765460222
41765460212
41765460138
41765460606
41765460248
41765460703
41765460115
41765460381
41765460189
41765460121
41765460218
41765460657
41765460478
41765460696
41765460455
41765460564
41765460504
41765460108
41765460525
41765460533
41765460250
41765460490
41765460224
41765460663
41765460655
41765460206
41765460465
41765460123
41765460166
41765460328
41765460404
41765460391
41765460463
41765460167
41765460196
41765460285
41765460144
41765460419
41765460680
41765460620
41765460677
41765460280
41765460112
41765460433
41765460125
41765460384
41765460933
41765460493
41765460302
41765460550
41765460492
41765460708
41765460091
41765460988
41765460402
41765460514
41765460515
41765460090
41765460512
41765460194
41765460317
41765460246
41765460695
41765460457
41765460447
41765460305
41765460407
41765460202
41765460120
41765460488
41765460765
41765460282
41765460208
41765460245
41765460329
41765460981
41765460607
41765460087
41765460319
41765460263
41765460523
41765460709
41765460356
41765460596
41765460269
41765460296
41765460579
41765460531
41765460257
41765460416
41765460851
41765460143
41765460410
41765460330
41765460654
41765460508
41765460498
41765460629
41765460131
41765460704
41765460242
41765460306
41765460476
41765460226
41765460333
41765460734
41765460272
41765460157
41765460331
41765460458
41765460369
41765460908
41765460894
41765460441
41765460322
41765460122
41765460367
41765460409
41765460414
41765460293
41765460626
41765460350
41765460420
41765460786
41765460467
41765460406
41765460527
41765460540
41765460767
41765460980
41765460960
41765460700
41765460609
41765460694
41765460456
41765460581
41765460522
41765460417
41765460846
41765460363
41765460771
41765460355
41765460503
41765460281
41765460701
41765460575
41765460725
41765460394
41765460428
41765460373
41765460749
41765460996
41765460494
41765460566
41765460821
41765460332
41765460806
41765460468
41765460217
41765460870
41765460978
41765460625
41765460221
41765460583
41765460721
41765460368
41765460397
41765460634
41765460558
41765460610
41765460825
41765460907
41765460466
41765460665
41765460511
41765460598
41765460430
41765460501
41765460238
41765460890
41765460817
41765460710
41765460507
41765460628
41765460880
41765460602
41765460437
41765460413
41765460619
41765460711
41765460605
41765460584
41765460681
41765460344
41765460614
41765460925
41765460893
41765460716
41765460946
41765460309
41765460345
41765460938
41765460603
41765460362
41765460627
41765460388
41765460888
41765460553
41765460484
41765460565
41765460693
41765460464
41765460991
41765460736
41765460910
41765460543
41765460691
41765460389
41765460852
41765460800
41765460759
41765460480
41765460895
41765460805
41765460297
41765460276
41765460664
41765460932
41765460801
41765460688
41765460724
41765460568
41765460816
41765460784
41765460336
41765460412
41765460718
41765460984
41765460944
41765460901
41765460707
41765460572
41765460748
41765460623
41765460497
41765460849
41765460995
41765460810
41765460561
41765460475
41765460869
41765460722
41765460818
41765460777
41765460505
41765460745
41765460706
41765460761
41765460918
41765460876
41765460964
41765460295
41765460990
41765460392
41765460977
41765460823
41765460824
41765460961
41765460877
41765460914
41765460616
41765460740
41765460554
41765460812
41765460820
41765460650
41765460763
41765460726
41765460848
41765460836
41765460799
41765460622
41765460439
41765460797
41765460510
41765460757
41765460728
41765460826
41765460959
41765460963
41765460882
41765460885
41765460997
41765460376
41765460868
41765460588
41765460903
41765460485
41765460973
41765460899
41765460580
41765460954
41765460921
41765460897
41765460733
41765460878
41765460843
41765460608
41765460912
41765460807
41765460358
41765460911
41765460611
41765460544
41765460753
41765460723
41765460747
41765460822
41765460855
41765460815
41765460690
41765460814
41765460762
41765460702
41765460860
41765460775
41765460945
41765460922
41765460744
41765460919
41765460985
41765469019
41765469001
41765469021
41765469026
41765469013
41765469010
41765469004
41765469015
41765469025
41765469066
41765469048
41765469046
41765469139
41765469059
41765469062
41765469094
41765469082
41765469161
41765469039
41765469061
41765469114
41765469034
41765469081
41765469069
41765469109
41765469108
41765469049
41765469065
41765469121
41765469083
41765469053
41765469117
41765469281
41765469268
41765469063
41765469041
41765469113
41765469095
41765469184
41765469128
41765469199
41765469258
41765469187
41765469033
41765469200
41765469170
41765469179
41765469051
41765469159
41765469292
41765469182
41765469149
41765469110
41765469303
41765469294
41765469319
41765469207
41765469324
41765469287
41765469148
41765469172
41765469316
41765469298
41765469286
41765469256
41765469285
41765469045
41765469115
41765469297
41765469236
41765469101
41765469259
41765469203
41765469122
41765469239
41765469227
41765469300
41765469164
41765469336
41765469060
41765469327
41765469295
41765469105
41765469100
41765469334
41765469245
41765469186
41765469212
41765469255
41765469112
41765469275
41765469234
41765469208
41765469228
41765469220
41765469190
41765469210
41765469242
41765469205
41765469241
41765469304
41765469219
41765469265
41765469330
41765469280
41765469291
41765469260
41765469329
41765469279
41765469420
41765469628
41765469479
41765469369
41765469443
41765469360
41765469384
41765469353
41765469362
41765469478
41765469441
41765469444
41765469370
41765469474
41765469481
41765469434
41765469466
41765469657
41765469485
41765469442
41765469449
41765469462
41765469484
41765469445
41765469398
41765469463
41765469562
41765469501
41765469637
41765469368
41765469559
41765469355
41765469359
41765469405
41765469396
41765469528
41765469422
41765469606
41765469595
41765469688
41765469561
41765469683
41765469388
41765469488
41765469647
41765469532
41765469464
41765469644
41765469476
41765469457
41765469640
41765469477
41765469365
41765469482
41765469567
41765469517
41765469406
41765469582
41765469615
41765469535
41765469601
41765469622
41765469533
41765469569
41765469618
41765469391
41765469655
41765469451
41765469620
41765469677
41765469553
41765469600
41765469660
41765469638
41765469554
41765469417
41765469578
41765469486
41765469407
41765469518
41765469489
41765469468
41765469503
41765469577
41765469506
41765469547
41765469515
41765469400
41765469598
41765469487
41765469665
41765469556
41765469661
41765469499
41765469555
41765469671
41765469414
41765469623
41765469645
41765469633
41765469629
41765469653
41765469672
41765469522
41765469590
41765469693
41765469616
41765469609
41765469714
41765469721
41765469779
41765469761
41765469747
41765469768
41765469766
41765469772
41765469717
41765469741
41765469722
41765469738
41765469720
41765469770
41765469730
41765469702
41765469777
41765469701
41765469726
41765469708
41765469732
41765469763
41765469713
41765469757
41765469754
41765469744
41765469848
41765469788
41765469823
41765469797
41765469863
41765469782
41765469832
41765469781
41765469826
41765469833
41765469858
41765469796
41765469794
41765469847
41765469812
41765469836
41765469842
41765469849
41765469789
41765469852
41765469850
41765469800
41765469845
41765469903
41765469888
41765469909
41765469871
41765469885
41765469900
41765469880
41765469877
41765469922
41765469924
41765469925
41765469883
41765469891
41765469947
41765469872
41765469912
41765469906
41765469921
41765469875
41765469943
41765469911
41765469898
41765469950
41765469939
41765469933
41765469889
41765469919
41765469893
41765469928
41765469908
41765469932
41765469981
41765469969
41765469982
41765469961
41765469959
41765469954
41765469972
41765469960
41765469977
41765469973
41765469975
41765469993
41765469985
41765469994
41765469989
41765469998
41765469995
41765469991
41765469988
41765469997
41765469996
41765463006
41765463011
41765463018
41765463001
41765463031
41765463007
41765463010
41765463020
41765463003
41765463026
41765463028
41765463009
41765463037
41765463101
41765463082
41765463107
41765463123
41765463048
41765463038
41765463077
41765463056
41765463090
41765463108
41765463122
41765463245
41765463046
41765463049
41765463243
41765463068
41765463323
41765463052
41765463294
41765463225
41765463322
41765463251
41765463139
41765463034
41765463332
41765463171
41765463246
41765463099
41765463336
41765463199
41765463051
41765463055
41765463110
41765463131
41765463102
41765463224
41765463133
41765463127
41765463228
41765463200
41765463338
41765463100
41765463333
41765463065
41765463306
41765463161
41765463220
41765463197
41765463283
41765463137
41765463341
41765463094
41765463112
41765463062
41765463063
41765463144
41765463242
41765463214
41765463115
41765463174
41765463273
41765463160
41765463297
41765463155
41765463287
41765463182
41765463234
41765463244
41765463329
41765463204
41765463132
41765463238
41765463111
41765463076
41765463298
41765463278
41765463140
41765463343
41765463261
41765463304
41765463208
41765463325
41765463221
41765463231
41765463311
41765463190
41765463240
41765463312
41765463159
41765463125
41765463232
41765463314
41765463265
41765463266
41765463295
41765463334
41765463317
41765463216
41765463330
41765463315
41765463105
41765463324
41765463319
41765463331
41765463310
41765463305
41765463172
41765463337
41765463369
41765463380
41765463361
41765463359
41765463370
41765463373
41765463364
41765463363
41765463381
41765463355
41765463352
41765463356
41765463377
41765463414
41765463567
41765463455
41765463384
41765463427
41765463462
41765463472
41765463489
41765463418
41765463535
41765463541
41765463447
41765463523
41765463555
41765463593
41765463405
41765463488
41765463507
41765463524
41765463471
41765463483
41765463510
41765463558
41765463654
41765463387
41765463395
41765463529
41765463408
41765463449
41765463391
41765463403
41765463536
41765463565
41765463655
41765463552
41765463399
41765463586
41765463484
41765463575
41765463588
41765463545
41765463434
41765463530
41765463561
41765463513
41765463435
41765463640
41765463681
41765463650
41765463417
41765463432
41765463454
41765463600
41765463559
41765463508
41765463620
41765463684
41765463494
41765463664
41765463641
41765463548
41765463635
41765463652
41765463443
41765463677
41765463503
41765463554
41765463585
41765463626
41765463595
41765463538
41765463636
41765463571
41765463450
41765463522
41765463638
41765463658
41765463500
41765463669
41765463662
41765463656
41765463630
41765463527
41765463553
41765463644
41765463679
41765463550
41765463622
41765463589
41765463645
41765463682
41765463686
41765463616
41765463694
41765463699
41765463758
41765463700
41765463702
41765463707
41765463715
41765463717
41765463745
41765463749
41765463751
41765463747
41765463750
41765463724
41765463719
41765463726
41765463736
41765463737
41765463754
41765463746
41765463738
41765463796
41765463803
41765463773
41765463768
41765463763
41765463825
41765463818
41765463816
41765463842
41765463829
41765463797
41765463794
41765463761
41765463831
41765463770
41765463815
41765463822
41765463839
41765463766
41765463775
41765463787
41765463809
41765463900
41765463855
41765463862
41765463864
41765463867
41765463859
41765463892
41765463895
41765463852
41765463848
41765463890
41765463902
41765463956
41765463962
41765463916
41765463919
41765463950
41765463938
41765463913
41765463973
41765463966
41765463939
41765463988
41765463951
41765463937
41765463946
41765463969
41765463924
41765463975
41765463964
41765463936
41765463945
41765463959
41765463953
41765463940
41765463955
41765463999
41765463968
41765463949
41765463998
41765461004
41765461018
41765461025
41765461016
41765461030
41765461011
41765461005
41765461001
41765461019
41765461017
41765461007
41765461014
41765461031
41765461009
41765461102
41765461130
41765461179
41765461038
41765461052
41765461135
41765461075
41765461143
41765461081
41765461116
41765461181
41765461037
41765461149
41765461058
41765461105
41765461074
41765461128
41765461284
41765461015
41765461206
41765461097
41765461123
41765461346
41765461061
41765461084
41765461110
41765461077
41765461202
41765461126
41765461082
41765461443
41765461042
41765461093
41765461059
41765461060
41765461189
41765461094
41765461099
41765461115
41765461122
41765461109
41765461183
41765461137
41765461055
41765461314
41765461205
41765461344
41765461204
41765461227
41765461562
41765461213
41765461169
41765461100
41765461282
41765461056
41765461298
41765461276
41765461050
41765461247
41765461195
41765461092
41765461198
41765461222
41765461280
41765461036
41765461266
41765461078
41765461251
41765461144
41765461096
41765461154
41765461317
41765461088
41765461229
41765461387
41765461421
41765461188
41765461184
41765461215
41765461171
41765461417
41765461159
41765461321
41765461432
41765461101
41765461641
41765461294
41765461112
41765461306
41765461501
41765461293
41765461095
41765461645
41765461114
41765461164
41765461407
41765461155
41765461710
41765461286
41765461494
41765461108
41765461352
41765461748
41765461634
41765461103
41765461512
41765461365
41765461235
41765461141
41765461524
41765461804
41765461521
41765461572
41765461426
41765461585
41765461241
41765461769
41765461209
41765461800
41765461364
41765461870
41765461338
41765461390
41765461172
41765461151
41765461273
41765461580
41765461283
41765461177
41765461389
41765461445
41765461311
41765461455
41765461296
41765461347
41765461706
41765461388
41765461565
41765461509
41765461174
41765461142
41765461212
41765461230
41765461619
41765461517
41765461416
41765461728
41765461335
41765461622
41765461383
41765461665
41765461603
41765461595
41765461658
41765461386
41765461539
41765461604
41765461231
41765461799
41765461835
41765461271
41765461817
41765461675
41765461261
41765461640
41765461394
41765461566
41765461315
41765461232
41765461707
41765461350
41765461476
41765461450
41765461611
41765461454
41765461525
41765461219
41765461749
41765461866
41765461861
41765461503
41765461751
41765461291
41765461759
41765461767
41765461398
41765461643
41765461956
41765461471
41765461602
41765461735
41765461550
41765461440
41765461609
41765461639
41765461119
41765461704
41765461274
41765461625
41765461460
41765461654
41765461752
41765461301
41765461409
41765461303
41765461888
41765461916
41765461558
41765461264
41765461664
41765461345
41765461203
41765461992
41765461507
41765461653
41765461768
41765461703
41765461392
41765461771
41765461700
41765461742
41765461777
41765461977
41765461337
41765461698
41765461403
41765461849
41765461722
41765461488
41765461530
41765461393
41765461531
41765461131
41765461772
41765461958
41765461843
41765461600
41765461739
41765461277
41765461458
41765461554
41765461506
41765461805
41765461782
41765461701
41765461152
41765461502
41765461510
41765461605
41765461662
41765461757
41765461969
41765461853
41765461331
41765461414
41765461598
41765461696
41765461813
41765461938
41765461946
41765461676
41765461773
41765461737
41765461830
41765461424
41765461419
41765461838
41765461626
41765461788
41765461745
41765461930
41765461979
41765461794
41765461734
41765461633
41765461591
41765461903
41765461789
41765461708
41765461898
41765461705
41765461682
41765461831
41765461957
41765461944
41765461784
41765461712
41765461971
41765461901
41765461557
41765461993
41765461420
41765461980
41765461801
41765461686
41765461606
41765461908
41765461949
41765461987
41765461819
41765461857
41765461733
41765461981
41765461649
41765461674
41765461456
41765461646
41765461989
41765461929
41765461984
41765461711
41765461847
41765461988
41765461631
41765461924
41765461755
41765461877
41765461796
41765461986
41765461532
41765461900
41765461822
41765461208
41765461965
41765461990
41765461433
41765461991
41765461434
41765461615
41765462021
41765462004
41765462015
41765462020
41765462018
41765462001
41765462005
41765462022
41765462009
41765462002
41765462010
41765462012
41765462003
41765462014
41765462081
41765462101
41765462135
41765462155
41765462055
41765462050
41765462165
41765462078
41765462219
41765462199
41765462196
41765462190
41765462244
41765462080
41765462182
41765462247
41765462074
41765462034
41765462033
41765462112
41765462039
41765462310
41765462109
41765462304
41765462038
41765462130
41765462286
41765462212
41765462417
41765462040
41765462061
41765462716
41765462111
41765462314
41765462123
41765462248
41765462142
41765462113
41765462427
41765462214
41765462231
41765462041
41765462210
41765462161
41765462259
41765462493
41765462180
41765462359
41765462418
41765462163
41765462338
41765462202
41765462394
41765462285
41765462505
41765462563
41765462258
41765462270
41765462094
41765462170
41765462271
41765462292
41765462540
41765462529
41765462128
41765462209
41765462164
41765462268
41765462284
41765462282
41765462400
41765462303
41765462221
41765462194
41765462371
41765462568
41765462276
41765462251
41765462361
41765462499
41765462149
41765462575
41765462386
41765462503
41765462140
41765462263
41765462323
41765462411
41765462115
41765462350
41765462291
41765462146
41765462377
41765462403
41765462518
41765462435
41765462664
41765462691
41765462356
41765462533
41765462647
41765462557
41765462312
41765462302
41765462471
41765462399
41765462603
41765462436
41765462223
41765462324
41765462607
41765462592
41765462366
41765462667
41765462604
41765462404
41765462407
41765462654
41765462235
41765462204
41765462293
41765462473
41765462365
41765462398
41765462207
41765462707
41765462650
41765462275
41765462956
41765462484
41765462488
41765462868
41765462900
41765462960
41765462633
41765462267
41765462346
41765462318
41765462347
41765462472
41765462349
41765462464
41765462421
41765462779
41765462430
41765462390
41765462611
41765462929
41765462445
41765462409
41765462300
41765462408
41765462772
41765462819
41765462467
41765462726
41765462425
41765462944
41765462186
41765462644
41765462523
41765462616
41765462736
41765462627
41765462440
41765462307
41765462535
41765462669
41765462215
41765462666
41765462343
41765462776
41765462483
41765462299
41765462375
41765462739
41765462990
41765462797
41765462395
41765462914
41765462501
41765462594
41765462444
41765462434
41765462835
41765462702
41765462737
41765462564
41765462601
41765462622
41765462628
41765462315
41765462630
41765462545
41765462280
41765462710
41765462694
41765462838
41765462474
41765462782
41765462705
41765462294
41765462238
41765462807
41765462605
41765462908
41765462672
41765462992
41765462685
41765462708
41765462985
41765462520
41765462662
41765462709
41765462911
41765462402
41765462250
41765462539
41765462809
41765462659
41765462808
41765462802
41765462507
41765462589
41765462703
41765462906
41765462653
41765462938
41765462692
41765462980
41765462820
41765462713
41765462602
41765462511
41765462648
41765462822
41765462554
41765462851
41765462410
41765462414
41765462522
41765462901
41765462527
41765462812
41765462754
41765462735
41765462718
41765462591
41765462696
41765462927
41765462682
41765462609
41765462912
41765462610
41765462341
41765462624
41765462625
41765462401
41765462673
41765462552
41765462798
41765462788
41765462800
41765462720
41765462930
41765462615
41765462661
41765462521
41765462576
41765462636
41765462909
41765462889
41765462877
41765462465
41765462821
41765462827
41765462762
41765462937
41765462641
41765462689
41765462918
41765462612
41765462941
41765462939
41765462926
41765462836
41765462934
41765462891
41765462981
41765462846
41765462799
41765462651
41765462947
41765462665
41765462839
41765462753
41765462585
41765462895
41765462805
41765462933
41765462935
41765462804
41765462466
41765462862
41765462993
41765462872
41765462946
41765462550
41765462582
41765462856
41765462888
41765462608
41765462743
41765462704
41765462898
41765462919
41765462790
41765462997
41765462903
41765462205
41765462963
41765462714
41765462711
41765462958
41765462405
41765462896
41765462959
41765462766
41765462806
41765468006
41765468001
41765468014
41765468008
41765468022
41765468015
41765468013
41765468003
41765468016
41765468004
41765468009
41765468020
41765468039
41765468066
41765468088
41765468040
41765468069
41765468251
41765468119
41765468084
41765468170
41765468089
41765468231
41765468064
41765468056
41765468055
41765468108
41765468100
41765468085
41765468073
41765468063
41765468216
41765468221
41765468151
41765468071
41765468218
41765468207
41765468565
41765468121
41765468164
41765468160
41765468348
41765468107
41765468118
41765468065
41765468047
41765468102
41765468718
41765468068
41765468217
41765468146
41765468336
41765468152
41765468262
41765468113
41765468128
41765468180
41765468099
41765468302
41765468343
41765468229
41765468296
41765468466
41765468443
41765468293
41765468186
41765468050
41765468409
41765468553
41765468419
41765468380
41765468446
41765468181
41765468255
41765468672
41765468057
41765468228
41765468579
41765468432
41765468105
41765468230
41765468383
41765468431
41765468430
41765468369
41765468307
41765468104
41765468545
41765468418
41765468292
41765468465
41765468248
41765468163
41765468644
41765468595
41765468263
41765468191
41765468244
41765468156
41765468271
41765468223
41765468254
41765468500
41765468347
41765468143
41765468438
41765468175
41765468679
41765468392
41765468269
41765468742
41765468243
41765468918
41765468311
41765468176
41765468112
41765468370
41765468489
41765468463
41765468464
41765468521
41765468442
41765468187
41765468963
41765468437
41765468240
41765468558
41765468633
41765468289
41765468832
41765468338
41765468498
41765468783
41765468091
41765468454
41765468492
41765468750
41765468480
41765468678
41765468439
41765468855
41765468374
41765468851
41765468879
41765468282
41765468253
41765468972
41765468238
41765468375
41765468308
41765468705
41765468472
41765468189
41765468386
41765468460
41765468179
41765468402
41765468494
41765468543
41765468873
41765468268
41765468890
41765468273
41765468227
41765468720
41765468309
41765468270
41765468896
41765468326
41765468979
41765468733
41765468632
41765468259
41765468520
41765468533
41765468854
41765468483
41765468776
41765468403
41765468801
41765468365
41765468447
41765468599
41765468546
41765468714
41765468969
41765468648
41765468459
41765468445
41765468645
41765468618
41765468566
41765468391
41765468547
41765468895
41765468841
41765468649
41765468541
41765468926
41765468804
41765468786
41765468537
41765468747
41765468717
41765468939
41765468470
41765468809
41765468883
41765468870
41765468888
41765468455
41765468636
41765468325
41765468713
41765468449
41765468456
41765468876
41765468280
41765468908
41765468569
41765468576
41765468488
41765468857
41765468620
41765468684
41765468878
41765468515
41765468833
41765468725
41765468211
41765468527
41765468982
41765468947
41765468743
41765468588
41765468582
41765468988
41765468511
41765468864
41765468980
41765468814
41765468811
41765468355
41765468266
41765468422
41765468532
41765468955
41765468951
41765468534
41765468938
41765468689
41765468394
41765468239
41765468991
41765468940
41765468400
41765468836
41765468756
41765468953
41765468614
41765468638
41765468653
41765468848
41765468958
41765468760
41765468818
41765468927
41765468665
41765468805
41765468655
41765468816
41765468993
41765468835
41765468691
41765468909
41765468852
41765468737
41765468564
41765468642
41765468858
41765468825
41765468853
41765468630
41765468609
41765468919
41765468829
41765468910
41765468950
41765468787
41765468778
41765468933
41765468739
41765468652
41765468486
41765468697
41765468791
41765468834
41765468912
41765468978
41765468944
41765468849
41765468822
41765468842
41765468928
41765468956
41765468929
41765468828
41765468922
41765467008
41765467024
41765467031
41765467010
41765467006
41765467013
41765467029
41765467028
41765467002
41765467021
41765467012
41765467022
41765467014
41765467005
41765467009
41765467017
41765467007
41765467011
41765467027
41765467067
41765467072
41765467084
41765467047
41765467169
41765467105
41765467037
41765467062
41765467115
41765467133
41765467068
41765467045
41765467174
41765467033
41765467096
41765467146
41765467085
41765467160
41765467273
41765467227
41765467245
41765467065
41765467226
41765467147
41765467282
41765467060
41765467052
41765467136
41765467234
41765467156
41765467195
41765467269
41765467149
41765467188
41765467144
41765467213
41765467338
41765467200
41765467051
41765467168
41765467145
41765467211
41765467055
41765467235
41765467189
41765467165
41765467054
41765467251
41765467265
41765467242
41765467177
41765467134
41765467117
41765467221
41765467246
41765467292
41765467275
41765467093
41765467192
41765467150
41765467173
41765467224
41765467218
41765467324
41765467127
41765467344
41765467223
41765467081
41765467184
41765467327
41765467272
41765467231
41765467088
41765467153
41765467258
41765467186
41765467302
41765467311
41765467248
41765467222
41765467166
41765467348
41765467309
41765467252
41765467316
41765467164
41765467335
41765467298
41765467151
41765467332
41765467288
41765467214
41765467312
41765467304
41765467280
41765467277
41765467343
41765467259
41765467336
41765467334
41765467372
41765467363
41765467352
41765467377
41765467376
41765467380
41765467354
41765467364
41765467374
41765467381
41765467548
41765467426
41765467518
41765467394
41765467414
41765467390
41765467419
41765467555
41765467425
41765467492
41765467406
41765467399
41765467393
41765467511
41765467388
41765467443
41765467676
41765467424
41765467611
41765467454
41765467428
41765467517
41765467445
41765467636
41765467438
41765467610
41765467633
41765467616
41765467472
41765467460
41765467696
41765467581
41765467699
41765467493
41765467422
41765467644
41765467411
41765467476
41765467626
41765467514
41765467640
41765467400
41765467410
41765467680
41765467694
41765467663
41765467484
41765467473
41765467607
41765467646
41765467453
41765467577
41765467689
41765467677
41765467655
41765467623
41765467678
41765467528
41765467632
41765467667
41765467558
41765467575
41765467590
41765467515
41765467654
41765467658
41765467495
41765467602
41765467690
41765467684
41765467525
41765467652
41765467674
41765467496
41765467650
41765467588
41765467559
41765467586
41765467673
41765467600
41765467491
41765467605
41765467670
41765467669
41765467679
41765467631
41765467671
41765467615
41765467712
41765467711
41765467717
41765467722
41765467730
41765467705
41765467713
41765467710
41765467726
41765467702
41765467704
41765467715
41765467721
41765467724
41765467735
41765467731
41765467751
41765467756
41765467760
41765467738
41765467745
41765467758
41765467742
41765467754
41765467750
41765467732
41765467741
41765467824
41765467797
41765467806
41765467781
41765467777
41765467825
41765467803
41765467772
41765467835
41765467815
41765467801
41765467780
41765467830
41765467831
41765467785
41765467766
41765467770
41765467842
41765467805
41765467802
41765467786
41765467778
41765467840
41765467774
41765467800
41765467795
41765467814
41765467792
41765467844
41765467848
41765467817
41765467905
41765467863
41765467876
41765467884
41765467877
41765467900
41765467872
41765467864
41765467887
41765467861
41765467857
41765467878
41765467896
41765467891
41765467868
41765467883
41765467879
41765467899
41765467894
41765467906
41765467886
41765467890
41765467898
41765467911
41765467959
41765467956
41765467984
41765467914
41765467938
41765467939
41765467962
41765467988
41765467989
41765467931
41765467949
41765467951
41765467917
41765467975
41765467919
41765467915
41765467981
41765467936
41765467920
41765467961
41765467979
41765467973
41765467935
41765467922
41765467960
41765467992
41765467946
41765467990
41765467999
41765467933
