41796535000
41796535025
41796535032
41796535008
41796535031
41796535019
41796535002
41796535014
41796535003
41796535011
41796535023
41796535021
41796535015
41796535017
41796535016
41796535024
41796535030
41796535054
41796535085
41796535082
41796535155
41796535057
41796535124
41796535086
41796535138
41796535039
41796535184
41796535055
41796535205
41796535080
41796535078
41796535088
41796535201
41796535070
41796535137
41796535062
41796535090
41796535175
41796535118
41796535101
41796535174
41796535104
41796535061
41796535167
41796535123
41796535298
41796535042
41796535112
41796535071
41796535107
41796535163
41796535089
41796535069
41796535045
41796535103
41796535035
41796535095
41796535127
41796535052
41796535203
41796535051
41796535084
41796535040
41796535270
41796535119
41796535199
41796535180
41796535077
41796535134
41796535207
41796535075
41796535236
41796535036
41796535058
41796535073
41796535034
41796535194
41796535072
41796535295
41796535215
41796535342
41796535050
41796535152
41796535307
41796535141
41796535370
41796535489
41796535277
41796535218
41796535281
41796535139
41796535056
41796535388
41796535282
41796535169
41796535047
41796535533
41796535230
41796535366
41796535597
41796535046
41796535223
41796535238
41796535067
41796535224
41796535479
41796535100
41796535159
41796535544
41796535113
41796535259
41796535136
41796535423
41796535060
41796535524
41796535354
41796535301
41796535212
41796535278
41796535255
41796535356
41796535173
41796535204
41796535336
41796535206
41796535642
41796535059
41796535183
41796535251
41796535406
41796535318
41796535143
41796535362
41796535503
41796535313
41796535269
41796535157
41796535634
41796535248
41796535550
41796535390
41796535144
41796535302
41796535262
41796535726
41796535063
41796535150
41796535353
41796535233
41796535822
41796535372
41796535730
41796535324
41796535527
41796535290
41796535160
41796535377
41796535102
41796535453
41796535312
41796535391
41796535345
41796535497
41796535437
41796535049
41796535505
41796535319
41796535371
41796535273
41796535217
41796535398
41796535727
41796535475
41796535153
41796535182
41796535122
41796535824
41796535110
41796535455
41796535364
41796535291
41796535819
41796535115
41796535286
41796535733
41796535328
41796535359
41796535580
41796535299
41796535280
41796535266
41796535285
41796535105
41796535117
41796535193
41796535365
41796535320
41796535449
41796535369
41796535329
41796535579
41796535782
41796535549
41796535462
41796535514
41796535555
41796535209
41796535219
41796535161
41796535721
41796535446
41796535426
41796535529
41796535412
41796535661
41796535591
41796535399
41796535257
41796535542
41796535488
41796535626
41796535807
41796535226
41796535802
41796535289
41796535622
41796535498
41796535440
41796535439
41796535572
41796535558
41796535476
41796535839
41796535539
41796535481
41796535728
41796535252
41796535473
41796535891
41796535392
41796535695
41796535641
41796535331
41796535765
41796535471
41796535363
41796535959
41796535375
41796535425
41796535247
41796535613
41796535723
41796535554
41796535480
41796535422
41796535314
41796535389
41796535538
41796535234
41796535128
41796535875
41796535332
41796535311
41796535474
41796535457
41796535531
41796535491
41796535360
41796535516
41796535483
41796535670
41796535559
41796535708
41796535340
41796535566
41796535557
41796535166
41796535400
41796535210
41796535433
41796535373
41796535924
41796535268
41796535510
41796535758
41796535376
41796535460
41796535323
41796535794
41796535552
41796535512
41796535413
41796535984
41796535287
41796535700
41796535465
41796535379
41796535249
41796535748
41796535740
41796535818
41796535229
41796535407
41796535913
41796535222
41796535734
41796535812
41796535832
41796535676
41796535528
41796535983
41796535660
41796535191
41796535604
41796535458
41796535857
41796535567
41796535750
41796535506
41796535403
41796535976
41796535378
41796535632
41796535893
41796535757
41796535276
41796535258
41796535711
41796535845
41796535402
41796535509
41796535752
41796535485
41796535432
41796535272
41796535685
41796535444
41796535806
41796535633
41796535741
41796535419
41796535830
41796535563
41796535879
41796535239
41796535574
41796535225
41796535520
41796535717
41796535568
41796535469
41796535846
41796535881
41796535827
41796535720
41796535581
41796535675
41796535894
41796535487
41796535834
41796535609
41796535355
41796535699
41796535813
41796535679
41796535828
41796535588
41796535344
41796535308
41796535343
41796535490
41796535810
41796535575
41796535530
41796535337
41796535293
41796535736
41796535742
41796535582
41796535921
41796535421
41796535825
41796535955
41796535826
41796535492
41796535560
41796535996
41796535570
41796535848
41796535771
41796535811
41796535809
41796535636
41796535416
41796535792
41796535526
41796535762
41796535672
41796535791
41796535835
41796535384
41796535759
41796535599
41796535279
41796535926
41796535951
41796535657
41796535466
41796535602
41796535578
41796535923
41796535681
41796535459
41796535659
41796535284
41796535658
41796535396
41796535997
41796535962
41796535738
41796535864
41796535986
41796535669
41796535612
41796535380
41796535967
41796535847
41796535543
41796535562
41796535840
41796535725
41796535724
41796535673
41796535842
41796535843
41796535767
41796535508
41796535438
41796535855
41796535576
41796535338
41796535445
41796535418
41796535869
41796535684
41796535551
41796535860
41796535310
41796535637
41796535635
41796535756
41796535760
41796535844
41796535856
41796535849
41796535949
41796535969
41796535820
41796535956
41796535960
41796535645
41796535982
41796535484
41796535934
41796535747
41796535586
41796535731
41796535937
41796535965
41796535871
41796535917
41796535851
41796535663
41796535722
41796535884
41796535754
41796535330
41796535352
41796535933
41796535553
41796535630
41796535571
41796535605
41796535701
41796535970
41796535770
41796535895
41796535876
41796535885
41796535749
41796535644
41796535787
41796535467
41796535920
41796535590
41796535683
41796535883
41796535853
41796535865
41796535783
41796535650
41796535687
41796535850
41796535688
41796535946
41796535892
41796535935
41796535953
41796535873
41796535800
41796535778
41796535882
41796535877
41796535870
41796535974
41796535696
41796535947
41796535931
41796535470
41796535385
41796535504
41796535966
41796535773
41796535941
41796535958
41796535886
41796535786
41796535805
41796535803
41796535823
41796535472
41796535799
41796535994
41796535511
41796535975
41796535499
41796535428
41796535607
41796535903
41796535536
41796535973
41796535833
41796535592
41796535652
41796535610
41796535936
41796535971
41796535615
41796535703
41796535868
41796535735
41796535628
41796535690
41796535244
41796535918
41796535964
41796535763
41796535854
41796535817
41796535963
41796535339
41796535938
41796535981
41796535596
41796535815
41796534021
41796534024
41796534016
41796534031
41796534032
41796534019
41796534001
41796534008
41796534030
41796534013
41796534020
41796534009
41796534012
41796534029
41796534003
41796534018
41796534014
41796534109
41796534145
41796534204
41796534048
41796534050
41796534004
41796534063
41796534070
41796534059
41796534135
41796534086
41796534147
41796534167
41796534054
41796534187
41796534124
41796534197
41796534039
41796534131
41796534234
41796534150
41796534211
41796534333
41796534044
41796534340
41796534051
41796534042
41796534043
41796534060
41796534122
41796534125
41796534227
41796534023
41796534189
41796534090
41796534285
41796534343
41796534330
41796534115
41796534202
41796534093
41796534137
41796534149
41796534250
41796534251
41796534045
41796534056
41796534191
41796534073
41796534064
41796534361
41796534181
41796534166
41796534085
41796534103
41796534213
41796534128
41796534223
41796534460
41796534037
41796534320
41796534077
41796534180
41796534061
41796534388
41796534152
41796534041
41796534108
41796534175
41796534046
41796534346
41796534216
41796534271
41796534082
41796534116
41796534126
41796534209
41796534148
41796534648
41796534275
41796534065
41796534100
41796534134
41796534274
41796534428
41796534231
41796534443
41796534535
41796534036
41796534312
41796534033
41796534384
41796534057
41796534084
41796534081
41796534295
41796534348
41796534224
41796534665
41796534139
41796534075
41796534171
41796534238
41796534256
41796534366
41796534114
41796534246
41796534092
41796534289
41796534263
41796534170
41796534643
41796534453
41796534352
41796534475
41796534729
41796534316
41796534165
41796534183
41796534335
41796534404
41796534520
41796534549
41796534344
41796534225
41796534319
41796534748
41796534138
41796534146
41796534382
41796534400
41796534098
41796534359
41796534071
41796534519
41796534219
41796534208
41796534136
41796534338
41796534481
41796534218
41796534273
41796534292
41796534091
41796534123
41796534247
41796534476
41796534527
41796534258
41796534447
41796534526
41796534465
41796534635
41796534221
41796534129
41796534446
41796534759
41796534268
41796534444
41796534156
41796534192
41796534201
41796534561
41796534160
41796534324
41796534676
41796534478
41796534406
41796534179
41796534157
41796534267
41796534574
41796534132
41796534176
41796534552
41796534806
41796534389
41796534671
41796534121
41796534650
41796534226
41796534266
41796534206
41796534434
41796534659
41796534278
41796534368
41796534309
41796534257
41796534321
41796534459
41796534441
41796534728
41796534228
41796534182
41796534491
41796534494
41796534375
41796534570
41796534967
41796534161
41796534655
41796534230
41796534706
41796534155
41796534703
41796534315
41796534547
41796534205
41796534537
41796534391
41796534265
41796534365
41796534117
41796534200
41796534270
41796534824
41796534301
41796534440
41796534420
41796534590
41796534153
41796534562
41796534015
41796534485
41796534449
41796534408
41796534687
41796534298
41796534783
41796534261
41796534587
41796534486
41796534490
41796534641
41796534461
41796534841
41796534142
41796534151
41796534442
41796534217
41796534279
41796534376
41796534542
41796534550
41796534506
41796534718
41796534291
41796534360
41796534237
41796534863
41796534193
41796534405
41796534600
41796534259
41796534606
41796534431
41796534534
41796534913
41796534468
41796534143
41796534636
41796534448
41796534328
41796534477
41796534445
41796534195
41796534350
41796534332
41796534433
41796534871
41796534249
41796534260
41796534222
41796534364
41796534567
41796534288
41796534753
41796534777
41796534751
41796534632
41796534293
41796534668
41796534385
41796534861
41796534262
41796534509
41796534736
41796534786
41796534303
41796534896
41796534834
41796534290
41796534543
41796534538
41796534545
41796534528
41796534163
41796534725
41796534653
41796534317
41796534363
41796534870
41796534592
41796534601
41796534572
41796534437
41796534546
41796534856
41796534017
41796534235
41796534374
41796534719
41796534484
41796534770
41796534469
41796534318
41796534427
41796534362
41796534900
41796534822
41796534794
41796534334
41796534399
41796534735
41796534762
41796534657
41796534782
41796534386
41796534733
41796534367
41796534566
41796534323
41796534422
41796534551
41796534558
41796534185
41796534847
41796534949
41796534536
41796534410
41796534500
41796534300
41796534722
41796534581
41796534589
41796534603
41796534746
41796534731
41796534479
41796534790
41796534586
41796534711
41796534797
41796534497
41796534765
41796534712
41796534617
41796534214
41796534993
41796534336
41796534809
41796534763
41796534708
41796534970
41796534331
41796534955
41796534508
41796534495
41796534767
41796534502
41796534987
41796534855
41796534503
41796534939
41796534339
41796534628
41796534972
41796534823
41796534833
41796534793
41796534244
41796534950
41796534750
41796534940
41796534594
41796534327
41796534825
41796534371
41796534677
41796534899
41796534398
41796534888
41796534403
41796534829
41796534631
41796534907
41796534616
41796534702
41796534642
41796534438
41796534347
41796534450
41796534670
41796534585
41796534518
41796534944
41796534811
41796534835
41796534802
41796534511
41796534579
41796534596
41796534118
41796534810
41796534985
41796534501
41796534694
41796534866
41796534813
41796534772
41796534531
41796534852
41796534893
41796534868
41796534941
41796534411
41796534396
41796534588
41796534487
41796534912
41796534774
41796534621
41796534540
41796534683
41796534523
41796534379
41796534563
41796534480
41796534679
41796534778
41796534773
41796534707
41796534732
41796534392
41796534832
41796534513
41796534740
41796534198
41796534769
41796534943
41796534935
41796534424
41796534968
41796534874
41796534882
41796534787
41796534922
41796534851
41796534969
41796534699
41796534914
41796534877
41796534612
41796534482
41796534976
41796534744
41796534280
41796534614
41796534807
41796534923
41796534624
41796534639
41796534942
41796534828
41796534958
41796534730
41796534952
41796534768
41796534788
41796534571
41796534951
41796534609
41796534456
41796534669
41796534644
41796534734
41796534881
41796534565
41796534466
41796534470
41796534647
41796534745
41796534625
41796534710
41796534633
41796534688
41796534515
41796534916
41796534539
41796534752
41796534463
41796534979
41796534622
41796534739
41796534568
41796534957
41796534737
41796534775
41796534996
41796534831
41796534894
41796534901
41796534760
41796534908
41796534584
41796534764
41796534830
41796534927
41796534836
41796534800
41796534681
41796534885
41796534766
41796534849
41796534672
41796534862
41796534909
41796534887
41796534814
41796534623
41796534854
41796534846
41796534717
41796534878
41796534637
41796534727
41796534859
41796534915
41796534848
41796534880
41796534906
41796534918
41796534974
41796534947
41796534902
41796534721
41796534898
41796534959
41796534879
41796534924
41796534891
41796536008
41796536012
41796536024
41796536005
41796536029
41796536011
41796536023
41796536009
41796536027
41796536004
41796536001
41796536026
41796536017
41796536032
41796536020
41796536031
41796536002
41796536014
41796536025
41796536030
41796536054
41796536091
41796536093
41796536124
41796536057
41796536087
41796536252
41796536092
41796536067
41796536110
41796536053
41796536068
41796536081
41796536047
41796536108
41796536235
41796536033
41796536036
41796536157
41796536079
41796536094
41796536288
41796536059
41796536069
41796536062
41796536058
41796536061
41796536185
41796536188
41796536038
41796536147
41796536099
41796536284
41796536245
41796536090
41796536074
41796536333
41796536141
41796536042
41796536083
41796536344
41796536189
41796536297
41796536056
41796536236
41796536109
41796536261
41796536190
41796536194
41796536050
41796536257
41796536039
41796536305
41796536037
41796536255
41796536250
41796536075
41796536291
41796536077
41796536101
41796536119
41796536143
41796536163
41796536140
41796536206
41796536212
41796536193
41796536105
41796536136
41796536180
41796536221
41796536123
41796536168
41796536294
41796536127
41796536179
41796536285
41796536104
41796536292
41796536049
41796536216
41796536263
41796536271
41796536043
41796536202
41796536071
41796536247
41796536122
41796536314
41796536133
41796536230
41796536120
41796536086
41796536167
41796536160
41796536046
41796536156
41796536169
41796536066
41796536134
41796536111
41796536280
41796536098
41796536311
41796536162
41796536135
41796536070
41796536184
41796536238
41796536341
41796536051
41796536114
41796536283
41796536340
41796536080
41796536196
41796536267
41796536256
41796536131
41796536269
41796536204
41796536339
41796536350
41796536266
41796536144
41796536191
41796536293
41796536337
41796536301
41796536334
41796536315
41796536251
41796536214
41796536139
41796536201
41796536200
41796536159
41796536342
41796536095
41796536103
41796536329
41796536275
41796536303
41796536130
41796536213
41796536181
41796536118
41796536253
41796536302
41796536346
41796536323
41796536336
41796536145
41796536151
41796536158
41796536149
41796536286
41796536270
41796536226
41796536282
41796536343
41796536299
41796536239
41796536322
41796536328
41796536178
41796536228
41796536330
41796536034
41796536186
41796536248
41796536170
41796536300
41796536264
41796536224
41796536321
41796536304
41796536211
41796536308
41796536244
41796536174
41796536326
41796536259
41796536265
41796536367
41796536365
41796536363
41796536375
41796536356
41796536368
41796536370
41796536376
41796536357
41796536379
41796536369
41796536378
41796536372
41796536374
41796536382
41796536366
41796536388
41796536475
41796536511
41796536462
41796536492
41796536447
41796536474
41796536416
41796536395
41796536420
41796536406
41796536424
41796536417
41796536385
41796536565
41796536393
41796536458
41796536428
41796536630
41796536486
41796536466
41796536431
41796536421
41796536483
41796536456
41796536531
41796536518
41796536419
41796536650
41796536566
41796536478
41796536444
41796536501
41796536463
41796536539
41796536495
41796536561
41796536411
41796536401
41796536611
41796536429
41796536412
41796536696
41796536414
41796536637
41796536498
41796536404
41796536394
41796536465
41796536400
41796536574
41796536403
41796536434
41796536517
41796536472
41796536398
41796536459
41796536556
41796536440
41796536396
41796536503
41796536469
41796536575
41796536533
41796536496
41796536487
41796536554
41796536507
41796536639
41796536436
41796536589
41796536544
41796536579
41796536525
41796536594
41796536609
41796536540
41796536644
41796536467
41796536680
41796536484
41796536452
41796536652
41796536491
41796536553
41796536581
41796536552
41796536437
41796536667
41796536551
41796536505
41796536672
41796536598
41796536622
41796536635
41796536442
41796536617
41796536590
41796536605
41796536564
41796536516
41796536629
41796536606
41796536407
41796536673
41796536460
41796536485
41796536591
41796536526
41796536392
41796536482
41796536624
41796536633
41796536697
41796536488
41796536527
41796536508
41796536615
41796536559
41796536599
41796536620
41796536468
41796536679
41796536536
41796536693
41796536405
41796536645
41796536642
41796536427
41796536477
41796536473
41796536455
41796536631
41796536479
41796536557
41796536632
41796536691
41796536692
41796536663
41796536513
41796536585
41796536572
41796536547
41796536512
41796536604
41796536587
41796536583
41796536571
41796536592
41796536550
41796536628
41796536601
41796536582
41796536681
41796536699
41796536676
41796536524
41796536610
41796536666
41796536555
41796536640
41796536603
41796536558
41796536660
41796536688
41796536662
41796536578
41796536493
41796536616
41796536649
41796536538
41796536683
41796536665
41796536684
41796536664
41796536534
41796536687
41796536546
41796536678
41796536608
41796536655
41796536651
41796536580
41796536549
41796536621
41796536623
41796536677
41796536593
41796536669
41796536658
41796536568
41796536563
41796536618
41796536700
41796536703
41796536725
41796536709
41796536717
41796536724
41796536714
41796536715
41796536711
41796536732
41796536712
41796536708
41796536730
41796536721
41796536742
41796536771
41796536735
41796536774
41796536811
41796536794
41796536764
41796536744
41796536798
41796536740
41796536759
41796536778
41796536781
41796536782
41796536788
41796536793
41796536792
41796536806
41796536757
41796536801
41796536776
41796536762
41796536808
41796536747
41796536755
41796536787
41796536812
41796536797
41796536805
41796536754
41796536773
41796536789
41796536751
41796536748
41796536765
41796536736
41796536775
41796536804
41796536800
41796536779
41796536770
41796536741
41796536768
41796536784
41796536758
41796536737
41796536786
41796536818
41796536803
41796536752
41796536799
41796536816
41796536767
41796536766
41796536815
41796536813
41796536777
41796536780
41796536862
41796536822
41796536847
41796536845
41796536876
41796536894
41796536893
41796536826
41796536834
41796536829
41796536842
41796536836
41796536850
41796536884
41796536885
41796536877
41796536868
41796536832
41796536855
41796536887
41796536830
41796536856
41796536853
41796536900
41796536870
41796536825
41796536828
41796536902
41796536875
41796536837
41796536857
41796536859
41796536861
41796536898
41796536835
41796536844
41796536858
41796536890
41796536905
41796536820
41796536821
41796536878
41796536849
41796536880
41796536886
41796536891
41796536874
41796536843
41796536863
41796536906
41796536904
41796536866
41796536860
41796536869
41796536827
41796536873
41796536881
41796536916
41796536990
41796536914
41796536923
41796536915
41796536921
41796536920
41796536932
41796536979
41796536974
41796536985
41796536987
41796536938
41796536954
41796536978
41796536943
41796536948
41796536926
41796536968
41796536999
41796536970
41796536950
41796536909
41796536931
41796536930
41796536917
41796536953
41796536942
41796536944
41796536949
41796536908
41796536936
41796536945
41796536958
41796536983
41796536924
41796536998
41796536991
41796536964
41796536996
41796536955
41796536980
41796536957
41796536965
41796530000
41796530014
41796530010
41796530017
41796530026
41796530011
41796530030
41796530019
41796530028
41796530025
41796530013
41796530024
41796530008
41796530005
41796530012
41796530002
41796530027
41796530001
41796530023
41796530032
41796530020
41796530006
41796530004
41796530003
41796530016
41796530029
41796530040
41796530090
41796530172
41796530039
41796530047
41796530317
41796530124
41796530159
41796530194
41796530055
41796530203
41796530079
41796530067
41796530022
41796530053
41796530063
41796530110
41796530081
41796530071
41796530100
41796530058
41796530094
41796530181
41796530049
41796530128
41796530087
41796530080
41796530155
41796530133
41796530152
41796530337
41796530250
41796530158
41796530282
41796530273
41796530314
41796530312
41796530178
41796530151
41796530059
41796530346
41796530549
41796530147
41796530254
41796530228
41796530344
41796530070
41796530240
41796530043
41796530099
41796530101
41796530364
41796530066
41796530144
41796530217
41796530084
41796530153
41796530157
41796530292
41796530170
41796530219
41796530035
41796530347
41796530074
41796530088
41796530269
41796530037
41796530051
41796530114
41796530361
41796530078
41796530150
41796530131
41796530117
41796530198
41796530148
41796530262
41796530107
41796530126
41796530300
41796530139
41796530309
41796530343
41796530072
41796530177
41796530510
41796530402
41796530052
41796530521
41796530457
41796530207
41796530033
41796530069
41796530257
41796530566
41796530482
41796530168
41796530305
41796530454
41796530097
41796530156
41796530310
41796530315
41796530569
41796530142
41796530167
41796530349
41796530165
41796530443
41796530138
41796530200
41796530667
41796530141
41796530275
41796530162
41796530208
41796530188
41796530501
41796530122
41796530212
41796530515
41796530488
41796530048
41796530238
41796530439
41796530185
41796530214
41796530045
41796530287
41796530532
41796530271
41796530559
41796530534
41796530372
41796530596
41796530379
41796530671
41796530448
41796530216
41796530082
41796530291
41796530267
41796530232
41796530617
41796530762
41796530319
41796530561
41796530436
41796530211
41796530255
41796530350
41796530251
41796530334
41796530696
41796530547
41796530222
41796530256
41796530353
41796530112
41796530318
41796530665
41796530135
41796530325
41796530187
41796530243
41796530651
41796530705
41796530127
41796530564
41796530417
41796530227
41796530288
41796530585
41796530105
41796530546
41796530205
41796530381
41796530681
41796530418
41796530394
41796530437
41796530405
41796530574
41796530734
41796530345
41796530166
41796530590
41796530874
41796530523
41796530264
41796530283
41796530494
41796530512
41796530782
41796530472
41796530323
41796530748
41796530425
41796530407
41796530104
41796530430
41796530480
41796530359
41796530173
41796530528
41796530541
41796530504
41796530438
41796530468
41796530270
41796530247
41796530140
41796530249
41796530204
41796530321
41796530145
41796530514
41796530503
41796530966
41796530592
41796530034
41796530348
41796530481
41796530266
41796530351
41796530301
41796530199
41796530465
41796530469
41796530953
41796530442
41796530831
41796530517
41796530296
41796530538
41796530234
41796530380
41796530635
41796530710
41796530419
41796530176
41796530812
41796530231
41796530371
41796530393
41796530868
41796530382
41796530408
41796530387
41796530500
41796530586
41796530589
41796530743
41796530627
41796530554
41796530416
41796530467
41796530201
41796530679
41796530489
41796530307
41796530786
41796530224
41796530659
41796530632
41796530175
41796530294
41796530545
41796530299
41796530401
41796530719
41796530215
41796530813
41796530563
41796530246
41796530535
41796530557
41796530582
41796530384
41796530956
41796530415
41796530593
41796530907
41796530186
41796530754
41796530885
41796530272
41796530367
41796530643
41796530174
41796530483
41796530605
41796530624
41796530758
41796530304
41796530747
41796530370
41796530332
41796530038
41796530248
41796530260
41796530599
41796530400
41796530657
41796530542
41796530398
41796530118
41796530328
41796530268
41796530655
41796530239
41796530453
41796530865
41796530581
41796530611
41796530575
41796530551
41796530619
41796530920
41796530449
41796530450
41796530556
41796530281
41796530714
41796530737
41796530474
41796530421
41796530366
41796530935
41796530787
41796530179
41796530331
41796530470
41796530479
41796530961
41796530509
41796530652
41796530536
41796530654
41796530785
41796530265
41796530493
41796530365
41796530576
41796530682
41796530435
41796530769
41796530684
41796530656
41796530986
41796530410
41796530856
41796530720
41796530396
41796530735
41796530414
41796530614
41796530631
41796530709
41796530978
41796530905
41796530399
41796530830
41796530694
41796530591
41796530548
41796530781
41796530326
41796530340
41796530603
41796530670
41796530616
41796530661
41796530904
41796530804
41796530390
41796530613
41796530867
41796530537
41796530486
41796530733
41796530925
41796530817
41796530459
41796530814
41796530981
41796530526
41796530571
41796530820
41796530356
41796530562
41796530893
41796530644
41796530630
41796530701
41796530543
41796530445
41796530662
41796530740
41796530423
41796530451
41796530736
41796530712
41796530339
41796530783
41796530933
41796530316
41796530462
41796530686
41796530772
41796530697
41796530333
41796530833
41796530805
41796530816
41796530982
41796530795
41796530908
41796530497
41796530749
41796530484
41796530664
41796530773
41796530775
41796530456
41796530587
41796530461
41796530756
41796530827
41796530676
41796530807
41796530727
41796530826
41796530555
41796530490
41796530802
41796530406
41796530683
41796530914
41796530965
41796530505
41796530625
41796530924
41796530993
41796530702
41796530958
41796530761
41796530818
41796530939
41796530650
41796530886
41796530864
41796530373
41796530850
41796530988
41796530612
41796530789
41796530498
41796530724
41796530604
41796530620
41796530836
41796530973
41796530634
41796530626
41796530477
41796530928
41796530862
41796530985
41796530666
41796530916
41796530894
41796530716
41796530744
41796530420
41796530567
41796530663
41796530855
41796530844
41796530707
41796530876
41796530858
41796530693
41796530909
41796530960
41796530750
41796530544
41796530808
41796530996
41796530853
41796530969
41796530815
41796530987
41796530674
41796530790
41796530668
41796530594
41796530636
41796530259
41796530774
41796530923
41796530854
41796530806
41796530962
41796530809
41796530745
41796530834
41796530723
41796530860
41796530938
41796530751
41796530640
41796530900
41796530957
41796530777
41796530972
41796530553
41796530628
41796530725
41796530767
41796530910
41796530964
41796530759
41796530931
41796530946
41796530609
41796530726
41796530525
41796530757
41796530680
41796530917
41796530837
41796530869
41796530955
41796530951
41796530794
41796530377
41796530927
41796530755
41796530752
41796530940
41796530765
41796530934
41796530715
41796530948
41796530778
41796530375
41796530711
41796530872
41796530629
41796530873
41796530949
41796530822
41796530979
41796530835
41796530984
41796530704
41796530803
41796530898
41796530897
41796530428
41796530884
41796530990
41796530870
41796530838
41796530976
41796530944
41796530890
41796530913
41796530930
41796530919
41796539018
41796539028
41796539017
41796539014
41796539007
41796539024
41796539031
41796539010
41796539027
41796539020
41796539030
41796539033
41796539011
41796539003
41796539016
41796539002
41796539008
41796539021
41796539035
41796539069
41796539158
41796539023
41796539042
41796539055
41796539062
41796539064
41796539099
41796539101
41796539155
41796539179
41796539034
41796539038
41796539077
41796539123
41796539096
41796539093
41796539117
41796539141
41796539129
41796539041
41796539056
41796539045
41796539059
41796539142
41796539084
41796539052
41796539202
41796539251
41796539242
41796539036
41796539257
41796539112
41796539075
41796539083
41796539087
41796539089
41796539081
41796539037
41796539025
41796539100
41796539319
41796539121
41796539054
41796539128
41796539078
41796539040
41796539159
41796539082
41796539390
41796539203
41796539115
41796539225
41796539258
41796539150
41796539231
41796539146
41796539074
41796539109
41796539372
41796539306
41796539113
41796539114
41796539053
41796539124
41796539061
41796539105
41796539060
41796539187
41796539180
41796539259
41796539131
41796539230
41796539175
41796539076
41796539218
41796539165
41796539428
41796539120
41796539133
41796539067
41796539376
41796539049
41796539549
41796539356
41796539334
41796539073
41796539173
41796539290
41796539469
41796539209
41796539308
41796539623
41796539292
41796539486
41796539167
41796539143
41796539234
41796539220
41796539135
41796539267
41796539108
41796539305
41796539421
41796539492
41796539369
41796539436
41796539190
41796539277
41796539176
41796539264
41796539189
41796539354
41796539048
41796539254
41796539444
41796539240
41796539465
41796539310
41796539287
41796539412
41796539621
41796539058
41796539272
41796539134
41796539424
41796539147
41796539229
41796539509
41796539307
41796539385
41796539493
41796539448
41796539300
41796539282
41796539252
41796539366
41796539148
41796539154
41796539349
41796539119
41796539350
41796539194
41796539358
41796539140
41796539616
41796539711
41796539162
41796539400
41796539339
41796539285
41796539303
41796539337
41796539174
41796539169
41796539439
41796539315
41796539249
41796539553
41796539346
41796539313
41796539457
41796539336
41796539224
41796539555
41796539447
41796539446
41796539092
41796539265
41796539780
41796539532
41796539441
41796539688
41796539325
41796539541
41796539384
41796539612
41796539808
41796539466
41796539577
41796539359
41796539484
41796539545
41796539172
41796539345
41796539903
41796539548
41796539244
41796539226
41796539531
41796539525
41796539675
41796539386
41796539633
41796539470
41796539374
41796539361
41796539712
41796539193
41796539881
41796539671
41796539505
41796539453
41796539665
41796539533
41796539170
41796539468
41796539690
41796539302
41796539414
41796539186
41796539480
41796539705
41796539419
41796539893
41796539527
41796539413
41796539636
41796539552
41796539538
41796539662
41796539968
41796539634
41796539483
41796539425
41796539407
41796539667
41796539536
41796539849
41796539559
41796539522
41796539490
41796539661
41796539278
41796539503
41796539200
41796539710
41796539592
41796539679
41796539332
41796539266
41796539760
41796539638
41796539790
41796539188
41796539651
41796539422
41796539371
41796539352
41796539477
41796539529
41796539961
41796539743
41796539754
41796539311
41796539945
41796539736
41796539717
41796539487
41796539526
41796539657
41796539107
41796539438
41796539966
41796539586
41796539211
41796539777
41796539814
41796539637
41796539219
41796539720
41796539243
41796539511
41796539563
41796539181
41796539673
41796539344
41796539442
41796539279
41796539458
41796539401
41796539280
41796539990
41796539879
41796539770
41796539605
41796539331
41796539353
41796539646
41796539434
41796539540
41796539899
41796539823
41796539681
41796539518
41796539370
41796539993
41796539864
41796539763
41796539639
41796539618
41796539911
41796539766
41796539301
41796539510
41796539791
41796539732
41796539677
41796539831
41796539806
41796539528
41796539992
41796539995
41796539959
41796539746
41796539546
41796539383
41796539867
41796539786
41796539579
41796539455
41796539728
41796539752
41796539702
41796539642
41796539811
41796539476
41796539884
41796539440
41796539426
41796539611
41796539557
41796539890
41796539878
41796539846
41796539520
41796539389
41796539994
41796539774
41796539894
41796539273
41796539565
41796539564
41796539216
41796539380
41796539604
41796539751
41796539996
41796539663
41796539393
41796539635
41796539970
41796539562
41796539431
41796539707
41796539843
41796539904
41796539874
41796539685
41796539655
41796539566
41796539918
41796539810
41796539583
41796539852
41796539613
41796539429
41796539969
41796539521
41796539838
41796539392
41796539816
41796539828
41796539473
41796539820
41796539581
41796539576
41796539500
41796539575
41796539761
41796539962
41796539888
41796539464
41796539952
41796539658
41796539842
41796539666
41796539519
41796539762
41796539757
41796539674
41796539721
41796539870
41796539837
41796539917
41796539676
41796539822
41796539802
41796539913
41796539573
41796539318
41796539630
41796539789
41796539991
41796539494
41796539731
41796539916
41796539624
41796539402
41796539847
41796539694
41796539954
41796539793
41796539985
41796539940
41796539830
41796539558
41796539578
41796539594
41796539377
41796539858
41796539589
41796539960
41796539719
41796539701
41796539923
41796539859
41796539905
41796539910
41796539935
41796539507
41796539787
41796539977
41796539982
41796539922
41796539988
41796539957
41796539948
41796539725
41796539951
41796539877
41796539804
41796539782
41796539687
41796539875
41796539882
41796539768
41796539741
41796539829
41796539800
41796539908
41796539587
41796539914
41796539920
41796539713
41796539912
41796539834
41796539944
41796539833
41796539964
41796539932
41796539955
41796539976
41796539669
41796539901
41796539883
41796539972
41796539764
41796539939
41796539943
41796539772
41796539684
41796539886
41796539950
41796539942
41796539776
41796539953
41796539617
41796539851
41796539892
41796539668
41796539855
41796539937
41796539856
41796539850
41796539900
41796539971
41796539839
41796533007
41796533008
41796533006
41796533030
41796533029
41796533033
41796533016
41796533009
41796533004
41796533025
41796533003
41796533021
41796533005
41796533031
41796533019
41796533026
41796533028
41796533024
41796533022
41796533020
41796533014
41796533054
41796533073
41796533035
41796533038
41796533091
41796533079
41796533075
41796533103
41796533102
41796533135
41796533180
41796533089
41796533147
41796533036
41796533156
41796533130
41796533125
41796533052
41796533083
41796533209
41796533194
41796533146
41796533203
41796533116
41796533051
41796533097
41796533099
41796533214
41796533087
41796533084
41796533090
41796533069
41796533115
41796533220
41796533277
41796533168
41796533046
41796533042
41796533263
41796533260
41796533205
41796533184
41796533120
41796533297
41796533076
41796533060
41796533171
41796533318
41796533181
41796533072
41796533323
41796533151
41796533092
41796533187
41796533388
41796533371
41796533195
41796533078
41796533162
41796533429
41796533204
41796533081
41796533123
41796533082
41796533064
41796533328
41796533216
41796533104
41796533237
41796533284
41796533037
41796533142
41796533050
41796533034
41796533045
41796533360
41796533304
41796533178
41796533267
41796533140
41796533213
41796533202
41796533101
41796533049
41796533329
41796533138
41796533127
41796533093
41796533221
41796533350
41796533333
41796533230
41796533229
41796533257
41796533061
41796533473
41796533268
41796533164
41796533058
41796533445
41796533114
41796533264
41796533325
41796533201
41796533311
41796533437
41796533322
41796533326
41796533043
41796533128
41796533048
41796533158
41796533288
41796533056
41796533354
41796533476
41796533352
41796533273
41796533144
41796533059
41796533118
41796533057
41796533380
41796533066
41796533258
41796533368
41796533438
41796533628
41796533355
41796533251
41796533189
41796533266
41796533294
41796533157
41796533363
41796533274
41796533394
41796533327
41796533129
41796533512
41796533744
41796533381
41796533543
41796533070
41796533149
41796533390
41796533182
41796533141
41796533525
41796533296
41796533453
41796533451
41796533534
41796533373
41796533535
41796533190
41796533351
41796533523
41796533444
41796533306
41796533111
41796533357
41796533418
41796533386
41796533340
41796533302
41796533521
41796533527
41796533293
41796533432
41796533376
41796533341
41796533497
41796533331
41796533805
41796533299
41796533298
41796533245
41796533507
41796533435
41796533365
41796533707
41796533262
41796533179
41796533307
41796533503
41796533452
41796533798
41796533377
41796533239
41796533664
41796533397
41796533559
41796533062
41796533410
41796533315
41796533177
41796533650
41796533344
41796533442
41796533698
41796533830
41796533243
41796533316
41796533330
41796533121
41796533359
41796533638
41796533136
41796533361
41796533332
41796533639
41796533555
41796533581
41796533224
41796533167
41796533482
41796533279
41796533551
41796533633
41796533382
41796533971
41796533576
41796533812
41796533238
41796533339
41796533160
41796533873
41796533568
41796533215
41796533773
41796533810
41796533425
41796533681
41796533536
41796533434
41796533456
41796533384
41796533192
41796533281
41796533105
41796533653
41796533600
41796533612
41796533443
41796533395
41796533405
41796533342
41796533693
41796533439
41796533406
41796533161
41796533740
41796533492
41796533685
41796533571
41796533475
41796533631
41796533641
41796533620
41796533403
41796533398
41796533155
41796533615
41796533946
41796533487
41796533488
41796533538
41796533794
41796533490
41796533282
41796533901
41796533686
41796533661
41796533131
41796533814
41796533240
41796533547
41796533752
41796533717
41796533671
41796533152
41796533450
41796533228
41796533537
41796533252
41796533760
41796533915
41796533210
41796533265
41796533544
41796533623
41796533446
41796533500
41796533644
41796533905
41796533448
41796533720
41796533588
41796533441
41796533474
41796533489
41796533484
41796533493
41796533234
41796533842
41796533334
41796533706
41796533338
41796533366
41796533346
41796533800
41796533312
41796533285
41796533259
41796533483
41796533579
41796533308
41796533733
41796533580
41796533768
41796533599
41796533952
41796533662
41796533415
41796533716
41796533672
41796533369
41796533655
41796533562
41796533504
41796533934
41796533605
41796533651
41796533411
41796533271
41796533703
41796533372
41796533556
41796533766
41796533851
41796533250
41796533336
41796533514
41796533404
41796533616
41796533629
41796533649
41796533254
41796533801
41796533759
41796533597
41796533660
41796533670
41796533687
41796533619
41796533739
41796533645
41796533657
41796533730
41796533420
41796533567
41796533896
41796533959
41796533726
41796533455
41796533732
41796533270
41796533880
41796533413
41796533904
41796533929
41796533807
41796533430
41796533417
41796533861
41796533694
41796533947
41796533746
41796533586
41796533679
41796533827
41796533426
41796533659
41796533558
41796533950
41796533314
41796533477
41796533772
41796533654
41796533951
41796533825
41796533519
41796533337
41796533321
41796533545
41796533714
41796533433
41796533797
41796533617
41796533811
41796533757
41796533520
41796533972
41796533865
41796533783
41796533385
41796533736
41796533402
41796533911
41796533572
41796533163
41796533745
41796533781
41796533636
41796533993
41796533505
41796533769
41796533724
41796533421
41796533303
41796533836
41796533845
41796533680
41796533832
41796533598
41796533564
41796533689
41796533767
41796533335
41796533809
41796533927
41796533975
41796533826
41796533863
41796533789
41796533762
41796533852
41796533614
41796533755
41796533777
41796533721
41796533542
41796533358
41796533960
41796533771
41796533792
41796533788
41796533701
41796533994
41796533725
41796533770
41796533590
41796533524
41796533700
41796533604
41796533622
41796533625
41796533969
41796533530
41796533663
41796533690
41796533867
41796533909
41796533756
41796533829
41796533627
41796533428
41796533710
41796533823
41796533806
41796533973
41796533850
41796533719
41796533855
41796533513
41796533501
41796533522
41796533502
41796533774
41796533871
41796533743
41796533748
41796533967
41796533787
41796533922
41796533618
41796533875
41796533857
41796533583
41796533935
41796533589
41796533713
41796533921
41796533793
41796533554
41796533712
41796533858
41796533708
41796533885
41796533637
41796533953
41796533818
41796533925
41796533436
41796533594
41796533930
41796533675
41796533833
41796533919
41796533984
41796533940
41796533895
41796533704
41796533954
41796533907
41796533931
41796533997
41796533784
41796533881
41796533840
41796533898
41796533979
41796533738
41796533803
41796533775
41796533761
41796533948
41796533705
41796533790
41796533634
41796533968
41796533722
41796533958
41796533596
41796533872
41796533844
41796533822
41796533682
41796533846
41796533945
41796533869
41796533894
41796533817
41796533749
41796533819
41796533847
41796533936
41796533992
41796533977
41796533764
41796533843
41796533941
41796533891
41796533989
41796533828
41796533949
41796533235
41796533988
41796533422
41796533485
41796533557
41796533908
41796533963
41796531028
41796531027
41796531002
41796531020
41796531029
41796531003
41796531005
41796531007
41796531006
41796531012
41796531022
41796531001
41796531008
41796531009
41796531030
41796531019
41796531013
41796531014
41796531032
41796531042
41796531057
41796531055
41796531068
41796531078
41796531079
41796531127
41796531133
41796531147
41796531192
41796531213
41796531231
41796531242
41796531046
41796531258
41796531126
41796531041
41796531130
41796531067
41796531071
41796531051
41796531037
41796531160
41796531101
41796531139
41796531254
41796531255
41796531063
41796531064
41796531279
41796531099
41796531075
41796531105
41796531116
41796531056
41796531080
41796531121
41796531140
41796531214
41796531035
41796531106
41796531129
41796531212
41796531175
41796531038
41796531204
41796531052
41796531236
41796531280
41796531262
41796531252
41796531343
41796531154
41796531344
41796531307
41796531054
41796531062
41796531059
41796531352
41796531170
41796531047
41796531274
41796531335
41796531234
41796531195
41796531148
41796531087
41796531638
41796531123
41796531177
41796531036
41796531043
41796531378
41796531138
41796531164
41796531463
41796531240
41796531168
41796531225
41796531103
41796531111
41796531112
41796531141
41796531137
41796531090
41796531092
41796531405
41796531136
41796531117
41796531241
41796531162
41796531349
41796531193
41796531144
41796531217
41796531119
41796531203
41796531409
41796531467
41796531091
41796531045
41796531320
41796531169
41796531135
41796531081
41796531260
41796531493
41796531287
41796531475
41796531159
41796531248
41796531218
41796531324
41796531390
41796531285
41796531278
41796531134
41796531104
41796531143
41796531291
41796531238
41796531245
41796531474
41796531385
41796531317
41796531113
41796531494
41796531430
41796531191
41796531454
41796531211
41796531208
41796531094
41796531196
41796531108
41796531399
41796531181
41796531044
41796531353
41796531151
41796531250
41796531161
41796531224
41796531289
41796531186
41796531415
41796531176
41796531377
41796531174
41796531574
41796531565
41796531292
41796531363
41796531413
41796531077
41796531570
41796531188
41796531230
41796531879
41796531412
41796531441
41796531182
41796531491
41796531310
41796531336
41796531410
41796531524
41796531142
41796531718
41796531605
41796531356
41796531577
41796531745
41796531190
41796531237
41796531443
41796531270
41796531536
41796531376
41796531715
41796531433
41796531277
41796531503
41796531365
41796531808
41796531382
41796531792
41796531451
41796531379
41796531403
41796531110
41796531308
41796531682
41796531507
41796531253
41796531754
41796531439
41796531246
41796531921
41796531257
41796531284
41796531200
41796531500
41796531744
41796531158
41796531319
41796531737
41796531457
41796531115
41796531128
41796531370
41796531329
41796531206
41796531226
41796531256
41796531180
41796531452
41796531152
41796531853
41796531423
41796531322
41796531333
41796531609
41796531222
41796531461
41796531642
41796531185
41796531323
41796531866
41796531311
41796531779
41796531251
41796531703
41796531261
41796531316
41796531210
41796531547
41796531657
41796531480
41796531973
41796531428
41796531728
41796531832
41796531738
41796531966
41796531911
41796531163
41796531357
41796531781
41796531364
41796531678
41796531525
41796531502
41796531606
41796531713
41796531273
41796531419
41796531315
41796531585
41796531501
41796531553
41796531757
41796531118
41796531760
41796531445
41796531689
41796531913
41796531342
41796531876
41796531684
41796531400
41796531232
41796531835
41796531462
41796531791
41796531571
41796531670
41796531598
41796531869
41796531809
41796531838
41796531650
41796531631
41796531447
41796531508
41796531520
41796531566
41796531601
41796531268
41796531466
41796531774
41796531471
41796531733
41796531283
41796531429
41796531219
41796531367
41796531334
41796531693
41796531391
41796531300
41796531674
41796531473
41796531834
41796531201
41796531384
41796531798
41796531543
41796531724
41796531653
41796531615
41796531906
41796531805
41796531269
41796531644
41796531883
41796531549
41796531937
41796531837
41796531944
41796531787
41796531648
41796531220
41796531958
41796531198
41796531672
41796531789
41796531392
41796531560
41796531456
41796531930
41796531373
41796531579
41796531482
41796531599
41796531602
41796531723
41796531275
41796531309
41796531267
41796531741
41796531551
41796531380
41796531852
41796531649
41796531897
41796531355
41796531540
41796531506
41796531909
41796531788
41796531459
41796531228
41796531611
41796531659
41796531216
41796531742
41796531878
41796531600
41796531444
41796531740
41796531692
41796531485
41796531941
41796531872
41796531847
41796531811
41796531813
41796531940
41796531705
41796531325
41796531416
41796531369
41796531634
41796531371
41796531522
41796531731
41796531665
41796531669
41796531903
41796531398
41796531820
41796531354
41796531235
41796531408
41796531438
41796531751
41796531675
41796531374
41796531946
41796531523
41796531778
41796531358
41796531752
41796531858
41796531850
41796531612
41796531862
41796531826
41796531685
41796531875
41796531683
41796531764
41796531576
41796531594
41796531756
41796531753
41796531761
41796531478
41796531420
41796531992
41796531807
41796531806
41796531758
41796531583
41796531887
41796531575
41796531748
41796531917
41796531749
41796531759
41796531884
41796531548
41796531980
41796531442
41796531855
41796531848
41796531765
41796531827
41796531948
41796531687
41796531626
41796531896
41796531623
41796531793
41796531771
41796531607
41796531918
41796531389
41796531636
41796531817
41796531784
41796531797
41796531915
41796531563
41796531546
41796531527
41796531513
41796531469
41796531888
41796531688
41796531830
41796531865
41796531422
41796531472
41796531900
41796531833
41796531711
41796531686
41796531804
41796531655
41796531891
41796531801
41796531625
41796531981
41796531814
41796531424
41796531680
41796531455
41796531882
41796531699
41796531983
41796531961
41796531978
41796531755
41796531960
41796531643
41796531836
41796531663
41796531613
41796531828
41796531588
41796531432
41796531905
41796531694
41796531923
41796531846
41796531995
41796531880
41796531592
41796531945
41796531328
41796531851
41796531746
41796531446
41796531564
41796531965
41796531899
41796531511
41796531892
41796531652
41796531425
41796531962
41796531762
41796531881
41796531974
41796531863
41796531714
41796531528
41796531938
41796531982
41796531610
41796531925
41796531890
41796531633
41796531986
41796531630
41796531465
41796531666
41796531889
41796531968
41796531816
41796531927
41796531662
41796531970
41796531790
41796531949
41796531928
41796531956
41796531542
41796531488
41796531620
41796531955
41796531987
41796531768
41796531766
41796531994
41796531931
41796531985
41796531739
41796531943
41796531843
41796531550
41796531772
41796531824
41796531957
41796531743
41796531637
41796531984
41796531822
41796531975
41796531656
41796531990
41796531953
41796531554
41796531854
41796531870
41796531818
41796531747
41796531856
41796531394
41796531815
41796531991
41796531859
41796531972
41796531868
41796531841
41796531947
41796532000
41796532008
41796532004
41796532003
41796532009
41796532018
41796532024
41796532023
41796532019
41796532032
41796532002
41796532030
41796532022
41796532025
41796532006
41796532014
41796532011
41796532031
41796532076
41796532085
41796532120
41796532041
41796532052
41796532084
41796532106
41796532122
41796532117
41796532153
41796532156
41796532086
41796532176
41796532044
41796532241
41796532066
41796532265
41796532073
41796532273
41796532097
41796532136
41796532137
41796532190
41796532379
41796532189
41796532048
41796532091
41796532212
41796532111
41796532039
41796532087
41796532040
41796532159
41796532129
41796532110
41796532188
41796532082
41796532180
41796532161
41796532162
41796532088
41796532248
41796532267
41796532092
41796532090
41796532135
41796532047
41796532105
41796532239
41796532079
41796532123
41796532131
41796532063
41796532185
41796532175
41796532050
41796532337
41796532138
41796532397
41796532221
41796532046
41796532146
41796532093
41796532068
41796532055
41796532329
41796532194
41796532282
41796532209
41796532500
41796532300
41796532160
41796532170
41796532108
41796532286
41796532157
41796532552
41796532560
41796532095
41796532262
41796532283
41796532412
41796532115
41796532424
41796532225
41796532269
41796532183
41796532144
41796532270
41796532299
41796532289
41796532152
41796532223
41796532429
41796532313
41796532107
41796532463
41796532154
41796532321
41796532169
41796532249
41796532390
41796532502
41796532439
41796532124
41796532187
41796532222
41796532057
41796532064
41796532056
41796532615
41796532534
41796532174
41796532426
41796532359
41796532234
41796532201
41796532452
41796532436
41796532119
41796532335
41796532255
41796532197
41796532285
41796532277
41796532419
41796532339
41796532332
41796532126
41796532213
41796532619
41796532470
41796532199
41796532537
41796532389
41796532330
41796532065
41796532447
41796532486
41796532570
41796532240
41796532526
41796532261
41796532072
41796532112
41796532166
41796532259
41796532062
41796532347
41796532374
41796532520
41796532211
41796532271
41796532260
41796532338
41796532648
41796532524
41796532364
41796532553
41796532200
41796532674
41796532291
41796532323
41796532165
41796532610
41796532168
41796532551
41796532450
41796532252
41796532218
41796532381
41796532435
41796532572
41796532167
41796532127
41796532331
41796532573
41796532238
41796532606
41796532708
41796532561
41796532477
41796532879
41796532428
41796532759
41796532768
41796532147
41796532237
41796532326
41796532401
41796532251
41796532609
41796532256
41796532794
41796532636
41796532385
41796532536
41796532813
41796532216
41796532182
41796532348
41796532196
41796532334
41796532508
41796532220
41796532506
41796532542
41796532230
41796532370
41796532421
41796532919
41796532336
41796532548
41796532266
41796532735
41796532228
41796532456
41796532210
41796532229
41796532320
41796532442
41796532684
41796532939
41796532101
41796532443
41796532413
41796532756
41796532905
41796532819
41796532771
41796532406
41796532233
41796532546
41796532469
41796532659
41796532587
41796532274
41796532415
41796532434
41796532677
41796532186
41796532651
41796532505
41796532244
41796532231
41796532173
41796532734
41796532304
41796532404
41796532350
41796532302
41796532662
41796532637
41796532669
41796532827
41796532663
41796532779
41796532576
41796532363
41796532422
41796532562
41796532461
41796532693
41796532777
41796532656
41796532632
41796532627
41796532358
41796532655
41796532319
41796532303
41796532596
41796532308
41796532837
41796532825
41796532458
41796532069
41796532290
41796532717
41796532599
41796532838
41796532377
41796532272
41796532467
41796532753
41796532496
41796532410
41796532494
41796532863
41796532268
41796532392
41796532595
41796532722
41796532125
41796532600
41796532834
41796532353
41796532481
41796532281
41796532465
41796532351
41796532423
41796532604
41796532383
41796532484
41796532287
41796532680
41796532912
41796532349
41796532293
41796532148
41796532983
41796532893
41796532375
41796532763
41796532631
41796532848
41796532871
41796532543
41796532996
41796532917
41796532921
41796532765
41796532296
41796532386
41796532388
41796532471
41796532882
41796532522
41796532150
41796532642
41796532202
41796532745
41796532741
41796532810
41796532789
41796532414
41796532574
41796532702
41796532507
41796532533
41796532698
41796532365
41796532937
41796532132
41796532994
41796532799
41796532601
41796532661
41796532444
41796532904
41796532372
41796532957
41796532403
41796532445
41796532531
41796532478
41796532207
41796532857
41796532475
41796532487
41796532529
41796532729
41796532732
41796532511
41796532769
41796532683
41796532916
41796532416
41796532513
41796532766
41796532839
41796532539
41796532306
41796532367
41796532371
41796532847
41796532935
41796532805
41796532645
41796532382
41796532829
41796532608
41796532585
41796532527
41796532547
41796532836
41796532592
41796532654
41796532791
41796532515
41796532932
41796532495
41796532761
41796532538
41796532394
41796532485
41796532792
41796532614
41796532430
41796532786
41796532571
41796532956
41796532866
41796532950
41796532781
41796532460
41796532907
41796532472
41796532780
41796532480
41796532425
41796532639
41796532718
41796532842
41796532690
41796532691
41796532800
41796532550
41796532616
41796532344
41796532730
41796532930
41796532254
41796532885
41796532544
41796532752
41796532568
41796532733
41796532859
41796532545
41796532617
41796532801
41796532603
41796532835
41796532820
41796532869
41796532613
41796532790
41796532355
41796532971
41796532581
41796532692
41796532590
41796532567
41796532922
41796532672
41796532886
41796532621
41796532817
41796532647
41796532739
41796532851
41796532492
41796532793
41796532431
41796532493
41796532797
41796532868
41796532899
41796532966
41796532862
41796532503
41796532808
41796532641
41796532516
41796532986
41796532856
41796532854
41796532811
41796532575
41796532658
41796532824
41796532749
41796532806
41796532964
41796532823
41796532841
41796532844
41796532948
41796532625
41796532622
41796532787
41796532713
41796532530
41796532979
41796532878
41796532686
41796532906
41796532744
41796532643
41796532900
41796532726
41796532967
41796532984
41796532963
41796532747
41796532933
41796532901
41796532664
41796532961
41796532557
41796532926
41796532918
41796532724
41796532807
41796532652
41796532845
41796532784
41796532913
41796532892
41796532764
41796532676
41796532941
41796532667
41796532788
41796532750
41796532673
41796532778
41796532850
41796532951
41796532946
41796532858
41796532564
41796532728
41796532925
41796532909
41796532894
41796532954
41796532987
41796532881
41796532952
41796532887
41796532915
41796532960
41796532880
41796532908
41796532940
41796532945
41796532980
41796532943
41796532890
41796532972
41796532920
41796532934
41796532911
41796532976
41796532710
41796532755
41796532985
41796538026
41796538018
41796538031
41796538006
41796538001
41796538027
41796538016
41796538024
41796538021
41796538022
41796538013
41796538004
41796538008
41796538019
41796538009
41796538029
41796538005
41796538007
41796538002
41796538020
41796538023
41796538035
41796538045
41796538063
41796538085
41796538089
41796538091
41796538093
41796538038
41796538158
41796538214
41796538231
41796538067
41796538354
41796538050
41796538051
41796538215
41796538048
41796538044
41796538106
41796538043
41796538110
41796538094
41796538138
41796538090
41796538074
41796538188
41796538092
41796538286
41796538147
41796538217
41796538144
41796538312
41796538088
41796538232
41796538237
41796538182
41796538052
41796538212
41796538084
41796538178
41796538261
41796538133
41796538294
41796538105
41796538352
41796538197
41796538056
41796538113
41796538177
41796538289
41796538130
41796538181
41796538065
41796538041
41796538071
41796538116
41796538370
41796538064
41796538247
41796538470
41796538190
41796538152
41796538082
41796538080
41796538046
41796538083
41796538295
41796538076
41796538241
41796538413
41796538276
41796538062
41796538252
41796538108
41796538498
41796538166
41796538081
41796538275
41796538273
41796538100
41796538204
41796538305
41796538248
41796538601
41796538225
41796538160
41796538329
41796538109
41796538121
41796538535
41796538175
41796538039
41796538478
41796538419
41796538145
41796538184
41796538254
41796538127
41796538427
41796538411
41796538149
41796538097
41796538250
41796538221
41796538345
41796538367
41796538395
41796538262
41796538173
41796538390
41796538594
41796538611
41796538060
41796538306
41796538489
41796538211
41796538529
41796538228
41796538119
41796538222
41796538098
41796538070
41796538444
41796538164
41796538264
41796538829
41796538192
41796538373
41796538125
41796538291
41796538185
41796538234
41796538126
41796538272
41796538196
41796538448
41796538200
41796538385
41796538282
41796538548
41796538249
41796538396
41796538079
41796538629
41796538501
41796538443
41796538209
41796538124
41796538479
41796538382
41796538606
41796538142
41796538323
41796538077
41796538401
41796538155
41796538902
41796538103
41796538553
41796538263
41796538157
41796538711
41796538299
41796538494
41796538344
41796538508
41796538266
41796538191
41796538719
41796538387
41796538466
41796538564
41796538167
41796538383
41796538406
41796538671
41796538450
41796538321
41796538292
41796538412
41796538378
41796538143
41796538313
41796538351
41796538230
41796538338
41796538402
41796538201
41796538271
41796538936
41796538220
41796538523
41796538633
41796538213
41796538430
41796538493
41796538059
41796538357
41796538285
41796538151
41796538569
41796538726
41796538668
41796538517
41796538573
41796538929
41796538398
41796538676
41796538337
41796538706
41796538502
41796538431
41796538415
41796538801
41796538437
41796538664
41796538309
41796538520
41796538481
41796538731
41796538257
41796538608
41796538839
41796538570
41796538325
41796538787
41796538778
41796538536
41796538280
41796538362
41796538260
41796538349
41796538947
41796538609
41796538662
41796538542
41796538747
41796538287
41796538526
41796538176
41796538516
41796538749
41796538926
41796538768
41796538785
41796538386
41796538416
41796538794
41796538546
41796538403
41796538326
41796538183
41796538372
41796538527
41796538904
41796538320
41796538363
41796538332
41796538279
41796538327
41796538336
41796538644
41796538691
41796538117
41796538161
41796538245
41796538943
41796538422
41796538500
41796538702
41796538624
41796538432
41796538784
41796538504
41796538575
41796538718
41796538975
41796538269
41796538652
41796538429
41796538615
41796538687
41796538585
41796538519
41796538617
41796538340
41796538469
41796538873
41796538736
41796538424
41796538316
41796538690
41796538665
41796538488
41796538324
41796538631
41796538820
41796538704
41796538518
41796538315
41796538840
41796538708
41796538837
41796538961
41796538821
41796538359
41796538650
41796538533
41796538468
41796538195
41796538586
41796538418
41796538717
41796538491
41796538414
41796538239
41796538628
41796538679
41796538626
41796538812
41796538268
41796538818
41796538621
41796538735
41796538942
41796538246
41796538973
41796538592
41796538869
41796538408
41796538813
41796538714
41796538389
41796538634
41796538773
41796538328
41796538743
41796538591
41796538781
41796538521
41796538811
41796538720
41796538515
41796538786
41796538552
41796538660
41796538954
41796538744
41796538584
41796538550
41796538654
41796538456
41796538677
41796538700
41796538172
41796538649
41796538974
41796538392
41796538865
41796538738
41796538686
41796538461
41796538655
41796538850
41796538990
41796538905
41796538847
41796538485
41796538467
41796538459
41796538568
41796538543
41796538473
41796538709
41796538745
41796538425
41796538922
41796538814
41796538758
41796538876
41796538807
41796538716
41796538688
41796538464
41796538835
41796538856
41796538545
41796538978
41796538826
41796538318
41796538864
41796538815
41796538475
41796538463
41796538899
41796538399
41796538916
41796538208
41796538863
41796538951
41796538956
41796538487
41796538421
41796538755
41796538925
41796538530
41796538782
41796538525
41796538580
41796538884
41796538446
41796538901
41796538506
41796538278
41796538528
41796538823
41796538607
41796538672
41796538712
41796538740
41796538674
41796538987
41796538799
41796538806
41796538480
41796538476
41796538963
41796538843
41796538771
41796538308
41796538732
41796538503
41796538817
41796538724
41796538642
41796538875
41796538988
41796538400
41796538673
41796538977
41796538574
41796538935
41796538849
41796538939
41796538769
41796538760
41796538923
41796538407
41796538791
41796538682
41796538667
41796538622
41796538577
41796538918
41796538670
41796538810
41796538510
41796538792
41796538733
41796538600
41796538927
41796538653
41796538968
41796538783
41796538949
41796538983
41796538499
41796538870
41796538857
41796538746
41796538581
41796538909
41796538699
41796538933
41796538380
41796538775
41796538984
41796538571
41796538982
41796538646
41796538858
41796538767
41796538777
41796538620
41796538941
41796538696
41796538589
41796538595
41796538680
41796538967
41796538602
41796538948
41796538750
41796538880
41796538848
41796538681
41796538960
41796538710
41796538756
41796538583
41796538995
41796538701
41796538789
41796538957
41796538645
41796538885
41796538828
41796538890
41796538872
41796538802
41796538844
41796538598
41796538721
41796538889
41796538795
41796538845
41796538952
41796538695
41796538728
41796538707
41796538969
41796538852
41796538804
41796538867
41796538900
41796538906
41796538838
41796538757
41796538112
41796538800
41796538877
41796538120
41796538203
41796538274
41796538959
41796537006
41796537011
41796537020
41796537004
41796537030
41796537031
41796537001
41796537005
41796537010
41796537028
41796537027
41796537016
41796537022
41796537009
41796537015
41796537013
41796537018
41796537071
41796537097
41796537121
41796537014
41796537053
41796537297
41796537102
41796537125
41796537149
41796537154
41796537165
41796537044
41796537057
41796537172
41796537054
41796537080
41796537085
41796537083
41796537148
41796537105
41796537145
41796537192
41796537115
41796537038
41796537130
41796537215
41796537147
41796537141
41796537150
41796537158
41796537369
41796537312
41796537139
41796537179
41796537073
41796537248
41796537059
41796537101
41796537046
41796537222
41796537314
41796537375
41796537047
41796537066
41796537155
41796537079
41796537220
41796537183
41796537387
41796537033
41796537275
41796537186
41796537337
41796537210
41796537198
41796537041
41796537050
41796537305
41796537049
41796537327
41796537043
41796537238
41796537070
41796537156
41796537093
41796537177
41796537109
41796537402
41796537399
41796537111
41796537094
41796537034
41796537237
41796537224
41796537140
41796537144
41796537628
41796537110
41796537409
41796537328
41796537118
41796537124
41796537202
41796537081
41796537092
41796537310
41796537167
41796537292
41796537146
41796537332
41796537618
41796537363
41796537208
41796537362
41796537458
41796537360
41796537469
41796537518
41796537119
41796537320
41796537264
41796537249
41796537231
41796537611
41796537301
41796537131
41796537153
41796537152
41796537261
41796537444
41796537407
41796537330
41796537283
41796537138
41796537089
41796537602
41796537184
41796537526
41796537187
41796537775
41796537771
41796537225
41796537364
41796537530
41796537431
41796537157
41796537219
41796537818
41796537260
41796537278
41796537350
41796537302
41796537161
41796537801
41796537176
41796537304
41796537393
41796537159
41796537321
41796537234
41796537385
41796537547
41796537160
41796537188
41796537359
41796537173
41796537522
41796537209
41796537500
41796537211
41796537129
41796537484
41796537463
41796537347
41796537766
41796537217
41796537451
41796537622
41796537404
41796537677
41796537065
41796537630
41796537051
41796537227
41796537243
41796537368
41796537137
41796537450
41796537055
41796537377
41796537626
41796537550
41796537262
41796537400
41796537266
41796537370
41796537291
41796537338
41796537722
41796537309
41796537247
41796537223
41796537570
41796537352
41796537162
41796537541
41796537885
41796537667
41796537666
41796537966
41796537164
41796537116
41796537424
41796537681
41796537583
41796537367
41796537454
41796537512
41796537416
41796537480
41796537334
41796537780
41796537740
41796537228
41796537758
41796537428
41796537860
41796537449
41796537753
41796537698
41796537552
41796537516
41796537778
41796537151
41796537534
41796537394
41796537342
41796537598
41796537560
41796537341
41796537812
41796537629
41796537467
41796537180
41796537423
41796537503
41796537429
41796537563
41796537384
41796537244
41796537433
41796537472
41796537189
41796537379
41796537371
41796537682
41796537358
41796537632
41796537941
41796537181
41796537542
41796537718
41796537430
41796537322
41796537631
41796537521
41796537714
41796537282
41796537581
41796537654
41796537531
41796537884
41796537554
41796537504
41796537763
41796537466
41796537200
41796537489
41796537408
41796537828
41796537345
41796537390
41796537142
41796537230
41796537991
41796537267
41796537419
41796537824
41796537732
41796537867
41796537784
41796537826
41796537481
41796537295
41796537212
41796537653
41796537734
41796537437
41796537637
41796537893
41796537782
41796537751
41796537621
41796537548
41796537594
41796537615
41796537752
41796537875
41796537279
41796537803
41796537441
41796537389
41796537817
41796537529
41796537756
41796537634
41796537298
41796537403
41796537743
41796537834
41796537285
41796537745
41796537568
41796537613
41796537545
41796537571
41796537417
41796537357
41796537693
41796537482
41796537779
41796537566
41796537414
41796537307
41796537565
41796537770
41796537686
41796537471
41796537737
41796537532
41796537356
41796537422
41796537447
41796537842
41796537802
41796537726
41796537436
41796537601
41796537448
41796537616
41796537635
41796537603
41796537911
41796537961
41796537728
41796537445
41796537289
41796537477
41796537174
41796537841
41796537517
41796537874
41796537487
41796537786
41796537723
41796537815
41796537474
41796537849
41796537329
41796537434
41796537717
41796537982
41796537663
41796537798
41796537694
41796537660
41796537946
41796537519
41796537418
41796537494
41796537319
41796537964
41796537316
41796537733
41796537425
41796537640
41796537765
41796537650
41796537735
41796537575
41796537410
41796537643
41796537595
41796537869
41796537426
41796537250
41796537443
41796537619
41796537642
41796537856
41796537675
41796537599
41796537205
41796537178
41796537585
41796537711
41796537851
41796537331
41796537577
41796537764
41796537464
41796537859
41796537809
41796537607
41796537969
41796537461
41796537769
41796537768
41796537288
41796537730
41796537591
41796537777
41796537604
41796537894
41796537549
41796537649
41796537821
41796537839
41796537446
41796537741
41796537990
41796537995
41796537396
41796537537
41796537934
41796537303
41796537902
41796537805
41796537465
41796537638
41796537868
41796537365
41796537827
41796537661
41796537822
41796537846
41796537692
41796537485
41796537488
41796537754
41796537904
41796537685
41796537533
41796537413
41796537557
41796537748
41796537956
41796537558
41796537721
41796537716
41796537844
41796537970
41796537606
41796537908
41796537442
41796537673
41796537691
41796537520
41796537705
41796537790
41796537870
41796537864
41796537492
41796537916
41796537710
41796537623
41796537871
41796537569
41796537592
41796537412
41796537687
41796537652
41796537578
41796537928
41796537866
41796537981
41796537617
41796537835
41796537840
41796537876
41796537662
41796537838
41796537823
41796537645
41796537927
41796537773
41796537707
41796537720
41796537788
41796537962
41796537887
41796537940
41796537890
41796537914
41796537919
41796537679
41796537697
41796537858
41796537688
41796537420
41796537960
41796537551
41796537641
41796537727
41796537576
41796537535
41796537543
41796537610
41796537700
41796537926
41796537701
41796537814
41796537937
41796537536
41796537917
41796537992
41796537715
41796537895
41796537899
41796537729
41796537605
41796537731
41796537853
41796537806
41796537810
41796537972
41796537976
41796537910
41796537973
41796537949
41796537959
41796537906
41796537588
41796537936
41796537988
41796537669
41796537837
41796537873
41796537787
41796537811
41796537877
41796537920
41796537829
41796537987
41796537955
41796537742
41796537785
41796537975
41796537850
41796537724
41796537813
41796537825
41796537900
41796537833
41796537984
41796537983
41796537760
41796537664
41796537791
41796537915
41796537879
41796537909
41796537939
41796537776
41796537843
41796537761
41796537925
41796537888
41796537922
41796537951
41796537794
41796537901
41796537978
41796537942
41796537952
41796537965
