41765605002
41765605019
41765605006
41765605011
41765605028
41765605007
41765605023
41765605029
41765605015
41765605024
41765605018
41765605012
41765605025
41765605020
41765605026
41765605017
41765605014
41765605031
41765605053
41765605081
41765605109
41765605125
41765605174
41765605193
41765605052
41765605076
41765605042
41765605116
41765605107
41765605110
41765605133
41765605088
41765605180
41765605208
41765605147
41765605104
41765605126
41765605237
41765605050
41765605057
41765605056
41765605060
41765605055
41765605062
41765605090
41765605150
41765605181
41765605332
41765605051
41765605196
41765605183
41765605188
41765605351
41765605061
41765605085
41765605036
41765605241
41765605063
41765605095
41765605203
41765605103
41765605089
41765605201
41765605194
41765605171
41765605046
41765605099
41765605323
41765605084
41765605369
41765605152
41765605106
41765605172
41765605345
41765605170
41765605097
41765605217
41765605130
41765605198
41765605033
41765605179
41765605075
41765605145
41765605155
41765605108
41765605295
41765605177
41765605074
41765605100
41765605146
41765605209
41765605334
41765605083
41765605122
41765605086
41765605218
41765605070
41765605427
41765605271
41765605318
41765605164
41765605091
41765605120
41765605360
41765605429
41765605275
41765605302
41765605162
41765605331
41765605458
41765605225
41765605064
41765605474
41765605143
41765605189
41765605048
41765605077
41765605402
41765605524
41765605342
41765605354
41765605059
41765605422
41765605584
41765605141
41765605277
41765605227
41765605276
41765605157
41765605260
41765605482
41765605283
41765605410
41765605111
41765605229
41765605136
41765605423
41765605319
41765605228
41765605728
41765605293
41765605195
41765605457
41765605502
41765605154
41765605557
41765605101
41765605309
41765605117
41765605327
41765605382
41765605234
41765605411
41765605665
41765605489
41765605742
41765605433
41765605675
41765605115
41765605274
41765605223
41765605388
41765605281
41765605144
41765605165
41765605404
41765605169
41765605082
41765605159
41765605284
41765605339
41765605549
41765605413
41765605378
41765605199
41765605300
41765605161
41765605054
41765605178
41765605232
41765605421
41765605644
41765605390
41765605570
41765605444
41765605560
41765605590
41765605583
41765605816
41765605591
41765605436
41765605303
41765605291
41765605442
41765605287
41765605224
41765605464
41765605628
41765605376
41765605361
41765605865
41765605356
41765605451
41765605132
41765605305
41765605670
41765605832
41765605308
41765605258
41765605666
41765605853
41765605330
41765605523
41765605333
41765605578
41765605781
41765605545
41765605175
41765605542
41765605140
41765605242
41765605252
41765605417
41765605923
41765605131
41765605519
41765605696
41765605667
41765605807
41765605240
41765605250
41765605669
41765605256
41765605450
41765605160
41765605741
41765605412
41765605812
41765605255
41765605509
41765605216
41765605947
41765605565
41765605580
41765605597
41765605637
41765605485
41765605262
41765605880
41765605640
41765605468
41765605236
41765605301
41765605679
41765605381
41765605505
41765605462
41765605246
41765605551
41765605622
41765605536
41765605158
41765605629
41765605467
41765605612
41765605877
41765605096
41765605677
41765605904
41765605546
41765605695
41765605896
41765605518
41765605810
41765605220
41765605874
41765605373
41765605466
41765605929
41765605826
41765605460
41765605735
41765605473
41765605705
41765605459
41765605830
41765605520
41765605456
41765605633
41765605419
41765605788
41765605173
41765605861
41765605294
41765605380
41765605313
41765605554
41765605856
41765605211
41765605615
41765605769
41765605372
41765605503
41765605991
41765605571
41765605461
41765605986
41765605963
41765605599
41765605527
41765605566
41765605626
41765605678
41765605685
41765605801
41765605706
41765605600
41765605796
41765605940
41765605534
41765605649
41765605548
41765605383
41765605802
41765605594
41765605338
41765605730
41765605840
41765605231
41765605655
41765605317
41765605758
41765605589
41765605965
41765605538
41765605306
41765605674
41765605949
41765605362
41765605265
41765605484
41765605292
41765605654
41765605389
41765605531
41765605724
41765605312
41765605299
41765605641
41765605403
41765605915
41765605454
41765605424
41765605477
41765605689
41765605588
41765605722
41765605321
41765605755
41765605747
41765605522
41765605598
41765605352
41765605346
41765605642
41765605480
41765605387
41765605716
41765605850
41765605701
41765605955
41765605358
41765605843
41765605868
41765605535
41765605819
41765605521
41765605653
41765605514
41765605990
41765605355
41765605400
41765605838
41765605610
41765605829
41765605437
41765605443
41765605530
41765605748
41765605919
41765605645
41765605568
41765605976
41765605828
41765605544
41765605759
41765605634
41765605543
41765605540
41765605324
41765605652
41765605446
41765605754
41765605825
41765605744
41765605997
41765605700
41765605721
41765605931
41765605818
41765605431
41765605623
41765605834
41765605959
41765605683
41765605408
41765605822
41765605857
41765605359
41765605977
41765605710
41765605533
41765605581
41765605614
41765605611
41765605507
41765605704
41765605525
41765605813
41765605820
41765605775
41765605631
41765605783
41765605541
41765605660
41765605671
41765605363
41765605737
41765605603
41765605547
41765605756
41765605824
41765605435
41765605650
41765605981
41765605806
41765605630
41765605727
41765605864
41765605582
41765605821
41765605892
41765605575
41765605712
41765605757
41765605426
41765605707
41765605577
41765605488
41765605627
41765605793
41765605900
41765605558
41765605556
41765605776
41765605779
41765605661
41765605979
41765605888
41765605803
41765605912
41765605924
41765605453
41765605884
41765605684
41765605950
41765605734
41765605980
41765605851
41765605601
41765605952
41765605585
41765605969
41765605873
41765605907
41765605967
41765605872
41765605760
41765605596
41765605770
41765605621
41765605516
41765605794
41765605787
41765605639
41765605942
41765605895
41765605708
41765605901
41765605632
41765605750
41765605883
41765605951
41765605647
41765605833
41765605916
41765605799
41765605393
41765605827
41765605492
41765605842
41765605881
41765605903
41765605797
41765605733
41765605897
41765605399
41765605595
41765605659
41765605996
41765605692
41765605552
41765605885
41765605974
41765605876
41765605752
41765605911
41765605962
41765605973
41765605638
41765605762
41765605844
41765605992
41765605767
41765605860
41765605902
41765605573
41765605882
41765605914
41765605989
41765605620
41765605993
41765605886
41765605680
41765605987
41765605786
41765605859
41765605944
41765605725
41765605938
41765605953
41765605889
41765605753
41765605954
41765605848
41765605777
41765605956
41765604001
41765604007
41765604025
41765604005
41765604026
41765604013
41765604028
41765604020
41765604017
41765604011
41765604015
41765604003
41765604004
41765604030
41765604002
41765604012
41765604008
41765604031
41765604006
41765604054
41765604086
41765604059
41765604085
41765604100
41765604092
41765604313
41765604057
41765604146
41765604133
41765604137
41765604149
41765604080
41765604052
41765604069
41765604050
41765604081
41765604060
41765604340
41765604098
41765604107
41765604038
41765604134
41765604053
41765604179
41765604218
41765604043
41765604088
41765604151
41765604048
41765604225
41765604046
41765604224
41765604116
41765604131
41765604153
41765604047
41765604036
41765604108
41765604147
41765604087
41765604040
41765604121
41765604323
41765604294
41765604072
41765604051
41765604148
41765604065
41765604076
41765604101
41765604217
41765604163
41765604106
41765604227
41765604119
41765604221
41765604094
41765604112
41765604150
41765604118
41765604561
41765604109
41765604333
41765604034
41765604049
41765604142
41765604290
41765604362
41765604319
41765604062
41765604091
41765604381
41765604078
41765604214
41765604306
41765604490
41765604141
41765604332
41765604186
41765604044
41765604232
41765604295
41765604588
41765604244
41765604164
41765604596
41765604293
41765604316
41765604269
41765604388
41765604341
41765604618
41765604523
41765604702
41765604331
41765604110
41765604426
41765604162
41765604140
41765604400
41765604193
41765604074
41765604222
41765604267
41765604304
41765604499
41765604166
41765604257
41765604199
41765604104
41765604212
41765604280
41765604344
41765604321
41765604056
41765604302
41765604724
41765604152
41765604397
41765604161
41765604377
41765604420
41765604530
41765604208
41765604292
41765604657
41765604692
41765604600
41765604077
41765604524
41765604271
41765604436
41765604383
41765604406
41765604557
41765604432
41765604113
41765604455
41765604721
41765604393
41765604229
41765604103
41765604286
41765604247
41765604507
41765604178
41765604501
41765604090
41765604438
41765604485
41765604470
41765604233
41765604857
41765604301
41765604645
41765604182
41765604425
41765604155
41765604416
41765604145
41765604204
41765604636
41765604734
41765604544
41765604659
41765604122
41765604206
41765604130
41765604500
41765604287
41765604821
41765604429
41765604361
41765604407
41765604207
41765604123
41765604591
41765604624
41765604714
41765604442
41765604472
41765604412
41765604188
41765604775
41765604384
41765604764
41765604647
41765604751
41765604347
41765604452
41765604234
41765604707
41765604379
41765604180
41765604345
41765604405
41765604628
41765604576
41765604525
41765604220
41765604437
41765604403
41765604310
41765604519
41765604862
41765604216
41765604354
41765604700
41765604521
41765604554
41765604642
41765604861
41765604649
41765604446
41765604526
41765604454
41765604497
41765604371
41765604231
41765604408
41765604652
41765604494
41765604392
41765604266
41765604643
41765604194
41765604629
41765604197
41765604912
41765604320
41765604439
41765604676
41765604246
41765604641
41765604773
41765604622
41765604549
41765604465
41765604611
41765604771
41765604312
41765604848
41765604453
41765604569
41765604202
41765604250
41765604663
41765604342
41765604305
41765604865
41765604177
41765604235
41765604424
41765604422
41765604729
41765604158
41765604964
41765604756
41765604443
41765604550
41765604228
41765604952
41765604467
41765604414
41765604411
41765604722
41765604252
41765604820
41765604654
41765604402
41765604717
41765604876
41765604667
41765604644
41765604330
41765604948
41765604711
41765604475
41765604440
41765604610
41765604560
41765604529
41765604520
41765604373
41765604562
41765604785
41765604510
41765604417
41765604805
41765604911
41765604564
41765604583
41765604495
41765604542
41765604509
41765604394
41765604627
41765604328
41765604541
41765604473
41765604609
41765604708
41765604863
41765604852
41765604776
41765604800
41765604274
41765604786
41765604973
41765604782
41765604590
41765604239
41765604750
41765604435
41765604959
41765604843
41765604668
41765604671
41765604236
41765604513
41765604845
41765604555
41765604792
41765604728
41765604831
41765604732
41765604864
41765604584
41765604237
41765604919
41765604572
41765604574
41765604296
41765604307
41765604551
41765604685
41765604276
41765604833
41765604607
41765604461
41765604226
41765604570
41765604789
41765604819
41765604988
41765604844
41765604585
41765604748
41765604921
41765604367
41765604489
41765604433
41765604901
41765604747
41765604723
41765604522
41765604886
41765604261
41765604927
41765604474
41765604813
41765604539
41765604447
41765604353
41765604602
41765604460
41765604599
41765604878
41765604712
41765604372
41765604940
41765604727
41765604965
41765604543
41765604720
41765604894
41765604677
41765604198
41765604899
41765604646
41765604942
41765604765
41765604621
41765604778
41765604448
41765604396
41765604650
41765604514
41765604788
41765604754
41765604512
41765604464
41765604356
41765604664
41765604350
41765604462
41765604807
41765604740
41765604824
41765604962
41765604816
41765604200
41765604979
41765604556
41765604363
41765604694
41765604808
41765604348
41765604623
41765604547
41765604399
41765604960
41765604730
41765604535
41765604445
41765604633
41765604847
41765604506
41765604814
41765604784
41765604606
41765604806
41765604995
41765604471
41765604658
41765604790
41765604916
41765604669
41765604450
41765604944
41765604612
41765604880
41765604828
41765604640
41765604639
41765604648
41765604757
41765604715
41765604638
41765604680
41765604855
41765604579
41765604484
41765604981
41765604731
41765604953
41765604904
41765604410
41765604779
41765604496
41765604272
41765604516
41765604951
41765604491
41765604870
41765604902
41765604797
41765604984
41765604970
41765604908
41765604986
41765604978
41765604613
41765604895
41765604851
41765604935
41765604905
41765604812
41765604626
41765604705
41765604924
41765604842
41765604841
41765604881
41765604739
41765604620
41765604593
41765604867
41765604766
41765604874
41765604994
41765604656
41765604774
41765604859
41765604926
41765604920
41765604969
41765604801
41765604954
41765604887
41765604928
41765604850
41765604686
41765604755
41765604909
41765604836
41765604900
41765604976
41765604696
41765604922
41765604980
41765604918
41765606011
41765606029
41765606009
41765606010
41765606008
41765606016
41765606006
41765606019
41765606032
41765606004
41765606013
41765606028
41765606031
41765606015
41765606014
41765606023
41765606018
41765606030
41765606020
41765606024
41765606026
41765606081
41765606160
41765606093
41765606097
41765606108
41765606053
41765606101
41765606125
41765606126
41765606043
41765606056
41765606051
41765606061
41765606143
41765606083
41765606074
41765606129
41765606111
41765606123
41765606168
41765606068
41765606250
41765606152
41765606085
41765606080
41765606034
41765606175
41765606191
41765606076
41765606070
41765606200
41765606098
41765606130
41765606042
41765606103
41765606131
41765606171
41765606038
41765606089
41765606183
41765606106
41765606033
41765606048
41765606072
41765606272
41765606050
41765606055
41765606211
41765606100
41765606323
41765606036
41765606170
41765606137
41765606148
41765606157
41765606092
41765606059
41765606057
41765606322
41765606140
41765606060
41765606117
41765606064
41765606071
41765606149
41765606096
41765606293
41765606193
41765606189
41765606063
41765606228
41765606163
41765606159
41765606275
41765606141
41765606246
41765606132
41765606264
41765606040
41765606292
41765606041
41765606079
41765606258
41765606310
41765606267
41765606251
41765606198
41765606259
41765606144
41765606110
41765606153
41765606161
41765606233
41765606223
41765606201
41765606235
41765606255
41765606221
41765606212
41765606284
41765606067
41765606316
41765606327
41765606336
41765606208
41765606243
41765606181
41765606219
41765606196
41765606091
41765606204
41765606128
41765606155
41765606084
41765606205
41765606271
41765606311
41765606120
41765606151
41765606313
41765606346
41765606206
41765606332
41765606242
41765606105
41765606344
41765606301
41765606286
41765606192
41765606169
41765606330
41765606320
41765606298
41765606262
41765606280
41765606158
41765606150
41765606333
41765606245
41765606290
41765606338
41765606294
41765606209
41765606273
41765606295
41765606335
41765606173
41765606239
41765606326
41765606283
41765606082
41765606314
41765606226
41765606328
41765606202
41765606305
41765606312
41765606046
41765606184
41765606289
41765606199
41765606253
41765606268
41765606342
41765606321
41765606308
41765606303
41765606331
41765606156
41765606317
41765606297
41765606337
41765606345
41765606121
41765606237
41765606263
41765606319
41765606358
41765606381
41765606362
41765606365
41765606352
41765606375
41765606370
41765606368
41765606361
41765606353
41765606374
41765606367
41765606366
41765606369
41765606373
41765606380
41765606398
41765606399
41765606510
41765606386
41765606446
41765606383
41765606394
41765606413
41765606401
41765606393
41765606431
41765606405
41765606407
41765606469
41765606410
41765606558
41765606552
41765606397
41765606527
41765606420
41765606506
41765606517
41765606435
41765606588
41765606508
41765606390
41765606456
41765606599
41765606482
41765606620
41765606411
41765606485
41765606688
41765606511
41765606520
41765606392
41765606643
41765606425
41765606422
41765606619
41765606560
41765606489
41765606582
41765606586
41765606451
41765606532
41765606655
41765606443
41765606448
41765606457
41765606419
41765606465
41765606677
41765606646
41765606476
41765606598
41765606530
41765606613
41765606536
41765606421
41765606474
41765606477
41765606689
41765606495
41765606475
41765606441
41765606540
41765606462
41765606415
41765606424
41765606667
41765606493
41765606531
41765606503
41765606426
41765606578
41765606529
41765606512
41765606674
41765606633
41765606418
41765606460
41765606507
41765606694
41765606546
41765606662
41765606590
41765606528
41765606595
41765606641
41765606579
41765606470
41765606534
41765606622
41765606634
41765606440
41765606480
41765606670
41765606617
41765606699
41765606683
41765606494
41765606581
41765606642
41765606467
41765606611
41765606533
41765606538
41765606678
41765606486
41765606564
41765606436
41765606535
41765606400
41765606664
41765606628
41765606691
41765606547
41765606526
41765606566
41765606679
41765606648
41765606543
41765606618
41765606666
41765606580
41765606635
41765606682
41765606680
41765606654
41765606603
41765606623
41765606652
41765606584
41765606539
41765606692
41765606609
41765606516
41765606681
41765606585
41765606553
41765606544
41765606627
41765606673
41765606697
41765606515
41765606660
41765606576
41765606686
41765606658
41765606675
41765606639
41765606610
41765606556
41765606630
41765606637
41765606631
41765606687
41765606519
41765606698
41765606583
41765606568
41765606525
41765606661
41765606690
41765606644
41765606559
41765606672
41765606700
41765606703
41765606723
41765606711
41765606706
41765606714
41765606722
41765606725
41765606709
41765606729
41765606704
41765606710
41765606716
41765606719
41765606727
41765606717
41765606715
41765606742
41765606755
41765606790
41765606737
41765606765
41765606772
41765606780
41765606761
41765606745
41765606739
41765606774
41765606793
41765606738
41765606746
41765606731
41765606751
41765606775
41765606787
41765606788
41765606779
41765606756
41765606747
41765606776
41765606762
41765606771
41765606760
41765606786
41765606803
41765606846
41765606824
41765606871
41765606804
41765606852
41765606814
41765606837
41765606816
41765606847
41765606811
41765606810
41765606821
41765606855
41765606823
41765606828
41765606813
41765606800
41765606840
41765606848
41765606799
41765606872
41765606805
41765606838
41765606827
41765606864
41765606877
41765606818
41765606820
41765606844
41765606833
41765606839
41765606858
41765606809
41765606806
41765606869
41765606863
41765606862
41765606849
41765606860
41765606875
41765606819
41765606912
41765606904
41765606907
41765606885
41765606896
41765606900
41765606895
41765606905
41765606922
41765606927
41765606930
41765606897
41765606898
41765606906
41765606940
41765606889
41765606938
41765606918
41765606926
41765606925
41765606893
41765606899
41765606886
41765606894
41765606902
41765606933
41765606935
41765606920
41765606891
41765606887
41765606936
41765606928
41765606937
41765606929
41765606952
41765606993
41765606975
41765606944
41765606947
41765606973
41765606941
41765606943
41765606969
41765606976
41765606982
41765606996
41765606971
41765606962
41765606987
41765606946
41765606963
41765606981
41765606990
41765606970
41765606979
41765606997
41765606999
41765606961
41765606992
41765606977
41765606972
41765606957
41765606945
41765606998
41765606983
41765606980
41765606968
41765600000
41765600004
41765600007
41765600001
41765600002
41765600031
41765600008
41765600003
41765600122
41765600280
41765600147
41765600140
41765600132
41765600137
41765600119
41765600260
41765600179
41765600198
41765600211
41765600206
41765600255
41765600212
41765600160
41765600109
41765600131
41765600219
41765600225
41765600263
41765600114
41765600127
41765600320
41765600338
41765600108
41765600350
41765600192
41765600224
41765600286
41765600124
41765600185
41765600216
41765600317
41765600275
41765600120
41765600262
41765600128
41765600121
41765600294
41765600336
41765600340
41765600223
41765600110
41765600250
41765600222
41765600125
41765600126
41765600163
41765600204
41765600169
41765600220
41765600330
41765600130
41765600152
41765600184
41765600044
41765600303
41765600064
41765600334
41765600287
41765600245
41765600186
41765600139
41765600133
41765600174
41765600208
41765600102
41765600194
41765600197
41765600161
41765600331
41765600168
41765600258
41765600213
41765600283
41765600316
41765600266
41765600188
41765600261
41765600135
41765600142
41765600329
41765600167
41765600107
41765600229
41765600324
41765600181
41765600113
41765600176
41765600207
41765600292
41765600196
41765600297
41765600314
41765600339
41765600319
41765600165
41765600313
41765600272
41765600322
41765600298
41765600157
41765600347
41765600285
41765600265
41765600311
41765600170
41765600259
41765600056
41765600150
41765600202
41765600143
41765600215
41765600191
41765600256
41765600221
41765600237
41765600209
41765600118
41765600289
41765600193
41765600299
41765600291
41765600236
41765600156
41765600310
41765600309
41765600281
41765600155
41765600101
41765600269
41765600226
41765600318
41765600231
41765600308
41765600302
41765600201
41765600270
41765600210
41765600277
41765600304
41765600178
41765600189
41765600335
41765600173
41765600346
41765600129
41765600349
41765600278
41765600105
41765600205
41765600242
41765600306
41765600246
41765600214
41765600282
41765600307
41765600267
41765600290
41765600328
41765600276
41765600171
41765600345
41765600326
41765600323
41765600164
41765600288
41765600343
41765600312
41765600321
41765600252
41765600315
41765600344
41765600376
41765600352
41765600355
41765600365
41765600382
41765600361
41765600357
41765600354
41765600366
41765600373
41765600377
41765600370
41765600371
41765600369
41765600368
41765600358
41765600353
41765600379
41765600380
41765600375
41765600424
41765600401
41765600606
41765600384
41765600555
41765600389
41765600494
41765600403
41765600405
41765600418
41765600421
41765600464
41765600465
41765600454
41765600547
41765600448
41765600457
41765600391
41765600387
41765600507
41765600409
41765600400
41765600406
41765600408
41765600512
41765600417
41765600638
41765600460
41765600433
41765600436
41765600556
41765600482
41765600509
41765600459
41765600618
41765600392
41765600481
41765600495
41765600561
41765600431
41765600542
41765600516
41765600591
41765600586
41765600456
41765600609
41765600480
41765600531
41765600677
41765600511
41765600580
41765600665
41765600388
41765600646
41765600607
41765600395
41765600407
41765600419
41765600550
41765600411
41765600451
41765600577
41765600441
41765600414
41765600446
41765600530
41765600699
41765600440
41765600517
41765600438
41765600449
41765600603
41765600497
41765600490
41765600471
41765600569
41765600679
41765600617
41765600383
41765600526
41765600682
41765600575
41765600548
41765600564
41765600502
41765600600
41765600399
41765600687
41765600565
41765600498
41765600605
41765600415
41765600562
41765600445
41765600588
41765600443
41765600435
41765600658
41765600693
41765600404
41765600412
41765600639
41765600523
41765600599
41765600514
41765600484
41765600506
41765600695
41765600518
41765600568
41765600544
41765600593
41765600545
41765600393
41765600541
41765600610
41765600505
41765600492
41765600476
41765600688
41765600458
41765600540
41765600696
41765600566
41765600522
41765600402
41765600622
41765600477
41765600423
41765600590
41765600539
41765600637
41765600570
41765600587
41765600640
41765600501
41765600624
41765600444
41765600630
41765600597
41765600601
41765600613
41765600627
41765600470
41765600552
41765600663
41765600581
41765600554
41765600396
41765600669
41765600656
41765600649
41765600660
41765600681
41765600694
41765600500
41765600623
41765600474
41765600508
41765600672
41765600491
41765600661
41765600583
41765600628
41765600674
41765600582
41765600504
41765600576
41765600598
41765600413
41765600611
41765600659
41765600634
41765600641
41765600690
41765600689
41765600529
41765600612
41765600578
41765600468
41765600525
41765600671
41765600567
41765600493
41765600691
41765600685
41765600487
41765600549
41765600589
41765600651
41765600643
41765600616
41765600557
41765600698
41765600595
41765600653
41765600648
41765600503
41765600635
41765600692
41765600615
41765600521
41765600662
41765600571
41765600678
41765600676
41765600626
41765600579
41765600675
41765600667
41765600684
41765600697
41765600716
41765600723
41765600717
41765600709
41765600720
41765600708
41765600705
41765600701
41765600725
41765600711
41765600715
41765600729
41765600728
41765600703
41765600724
41765600702
41765600706
41765600726
41765600727
41765600721
41765600707
41765600710
41765600746
41765600745
41765600731
41765600748
41765600750
41765600757
41765600747
41765600734
41765600761
41765600749
41765600740
41765600741
41765600756
41765600739
41765600758
41765600760
41765600733
41765600762
41765600742
41765600744
41765600755
41765600752
41765600754
41765600735
41765600751
41765600786
41765600814
41765600790
41765600780
41765600816
41765600818
41765600767
41765600791
41765600813
41765600792
41765600823
41765600781
41765600774
41765600802
41765600801
41765600777
41765600789
41765600803
41765600785
41765600822
41765600805
41765600784
41765600804
41765600778
41765600770
41765600815
41765600795
41765600773
41765600798
41765600810
41765600820
41765600765
41765600766
41765600809
41765600788
41765600797
41765600808
41765600806
41765600794
41765600768
41765600839
41765600859
41765600827
41765600863
41765600866
41765600834
41765600831
41765600862
41765600894
41765600890
41765600869
41765600879
41765600903
41765600828
41765600826
41765600848
41765600902
41765600854
41765600897
41765600857
41765600850
41765600887
41765600880
41765600868
41765600858
41765600842
41765600847
41765600864
41765600884
41765600840
41765600824
41765600877
41765600875
41765600881
41765600860
41765600895
41765600907
41765600909
41765600904
41765600883
41765600882
41765600874
41765600867
41765600896
41765600853
41765600836
41765600908
41765600833
41765600899
41765600901
41765600843
41765600905
41765600865
41765600876
41765600873
41765600851
41765600856
41765600872
41765600928
41765600912
41765600919
41765600961
41765600932
41765600927
41765600925
41765600931
41765600944
41765600936
41765600923
41765600942
41765600955
41765600910
41765600929
41765600937
41765600946
41765600916
41765600958
41765600959
41765600930
41765600918
41765600926
41765600967
41765600940
41765600913
41765600945
41765600911
41765600956
41765600920
41765600914
41765600963
41765600933
41765600947
41765600943
41765600952
41765600950
41765600951
41765600966
41765600978
41765600973
41765600971
41765600989
41765600972
41765600986
41765600992
41765600987
41765600990
41765600991
41765600998
41765600997
41765600996
41765600977
41765600975
41765600984
41765600974
41765600995
41765600976
41765609014
41765609020
41765609003
41765609006
41765609012
41765609029
41765609005
41765609018
41765609022
41765609002
41765609007
41765609017
41765609016
41765609019
41765609013
41765609023
41765609026
41765609024
41765609084
41765609069
41765609102
41765609149
41765609049
41765609291
41765609115
41765609093
41765609053
41765609193
41765609037
41765609209
41765609064
41765609038
41765609140
41765609071
41765609141
41765609075
41765609070
41765609101
41765609081
41765609088
41765609092
41765609148
41765609176
41765609133
41765609147
41765609197
41765609042
41765609166
41765609161
41765609178
41765609096
41765609242
41765609273
41765609089
41765609039
41765609107
41765609169
41765609063
41765609130
41765609363
41765609036
41765609033
41765609220
41765609067
41765609085
41765609212
41765609282
41765609087
41765609068
41765609109
41765609188
41765609058
41765609179
41765609043
41765609131
41765609114
41765609121
41765609076
41765609366
41765609079
41765609216
41765609289
41765609117
41765609158
41765609191
41765609380
41765609160
41765609118
41765609792
41765609044
41765609090
41765609417
41765609094
41765609048
41765609545
41765609583
41765609700
41765609595
41765609386
41765609296
41765609225
41765609171
41765609127
41765609450
41765609055
41765609183
41765609119
41765609231
41765609198
41765609116
41765609590
41765609350
41765609045
41765609046
41765609136
41765609371
41765609304
41765609237
41765609275
41765609395
41765609186
41765609222
41765609428
41765609475
41765609132
41765609392
41765609167
41765609144
41765609294
41765609233
41765609110
41765609223
41765609228
41765609414
41765609208
41765609201
41765609288
41765609321
41765609460
41765609781
41765609137
41765609803
41765609390
41765609108
41765609262
41765609413
41765609293
41765609358
41765609794
41765609047
41765609474
41765609155
41765609308
41765609151
41765609370
41765609505
41765609596
41765609719
41765609154
41765609354
41765609311
41765609210
41765609120
41765609357
41765609100
41765609578
41765609310
41765609078
41765609249
41765609489
41765609503
41765609490
41765609484
41765609847
41765609506
41765609438
41765609470
41765609202
41765609243
41765609639
41765609267
41765609313
41765609687
41765609833
41765609180
41765609336
41765609481
41765609431
41765609352
41765609325
41765609919
41765609255
41765609597
41765609464
41765609517
41765609808
41765609966
41765609200
41765609301
41765609384
41765609226
41765609472
41765609836
41765609257
41765609625
41765609463
41765609427
41765609538
41765609229
41765609689
41765609292
41765609410
41765609695
41765609337
41765609138
41765609280
41765609691
41765609159
41765609407
41765609694
41765609507
41765609344
41765609445
41765609604
41765609299
41765609128
41765609177
41765609696
41765609806
41765609775
41765609278
41765609423
41765609943
41765609845
41765609152
41765609537
41765609492
41765609394
41765609323
41765609525
41765609708
41765609335
41765609482
41765609640
41765609451
41765609300
41765609434
41765609425
41765609496
41765609981
41765609466
41765609284
41765609942
41765609564
41765609710
41765609511
41765609355
41765609468
41765609508
41765609989
41765609512
41765609622
41765609576
41765609383
41765609270
41765609864
41765609359
41765609844
41765609544
41765609601
41765609825
41765609698
41765609230
41765609749
41765609342
41765609976
41765609611
41765609379
41765609397
41765609746
41765609206
41765609440
41765609139
41765609777
41765609339
41765609491
41765609205
41765609868
41765609150
41765609600
41765609164
41765609894
41765609534
41765609333
41765609580
41765609277
41765609768
41765609610
41765609551
41765609372
41765609465
41765609737
41765609552
41765609797
41765609448
41765609809
41765609319
41765609493
41765609584
41765609353
41765609697
41765609824
41765609891
41765609338
41765609509
41765609565
41765609877
41765609549
41765609606
41765609672
41765609814
41765609375
41765609330
41765609892
41765609252
41765609932
41765609988
41765609602
41765609548
41765609592
41765609315
41765609699
41765609515
41765609524
41765609904
41765609469
41765609688
41765609880
41765609560
41765609581
41765609796
41765609402
41765609443
41765609398
41765609944
41765609593
41765609834
41765609807
41765609854
41765609519
41765609224
41765609419
41765609377
41765609898
41765609500
41765609907
41765609881
41765609867
41765609727
41765609910
41765609628
41765609612
41765609650
41765609297
41765609467
41765609462
41765609994
41765609949
41765609409
41765609707
41765609471
41765609743
41765609690
41765609655
41765609827
41765609787
41765609755
41765609607
41765609937
41765609918
41765609634
41765609876
41765609889
41765609269
41765609662
41765609563
41765609901
41765609391
41765609540
41765609715
41765609369
41765609928
41765609716
41765609494
41765609533
41765609444
41765609693
41765609677
41765609941
41765609673
41765609839
41765609642
41765609664
41765609789
41765609779
41765609478
41765609996
41765609961
41765609669
41765609828
41765609822
41765609757
41765609422
41765609636
41765609948
41765609453
41765609975
41765609608
41765609657
41765609990
41765609244
41765609906
41765609741
41765609667
41765609522
41765609850
41765609761
41765609820
41765609802
41765609963
41765609778
41765609908
41765609934
41765609765
41765609979
41765609974
41765609900
41765609343
41765609801
41765609945
41765609800
41765609993
41765609756
41765609393
41765609720
41765609623
41765609598
41765609950
41765609762
41765609665
41765609498
41765609968
41765609799
41765609970
41765609871
41765609396
41765609692
41765609703
41765609788
41765609774
41765609676
41765609570
41765609401
41765609860
41765609618
41765609722
41765609924
41765609896
41765609660
41765609740
41765609711
41765609594
41765609879
41765609476
41765609810
41765609510
41765609766
41765609776
41765609488
41765609967
41765609969
41765609955
41765609971
41765609855
41765609528
41765609572
41765609539
41765609959
41765609878
41765609838
41765609718
41765609561
41765609938
41765609917
41765609786
41765609916
41765609987
41765609840
41765609805
41765609651
41765609977
41765609992
41765609769
41765609574
41765609712
41765609811
41765609826
41765609804
41765609895
41765609927
41765609930
41765609984
41765609832
41765609914
41765609848
41765609902
41765609890
41765609842
41765609972
41765609905
41765609925
41765609912
41765609863
41765609909
41765609985
41765609885
41765609939
41765609935
41765603014
41765603005
41765603029
41765603007
41765603026
41765603031
41765603011
41765603021
41765603006
41765603023
41765603003
41765603022
41765603025
41765603032
41765603008
41765603015
41765603012
41765603002
41765603028
41765603086
41765603035
41765603009
41765603055
41765603050
41765603059
41765603082
41765603062
41765603040
41765603110
41765603118
41765603074
41765603113
41765603046
41765603160
41765603107
41765603161
41765603173
41765603131
41765603187
41765603081
41765603039
41765603221
41765603251
41765603038
41765603286
41765603225
41765603236
41765603209
41765603339
41765603262
41765603073
41765603123
41765603183
41765603083
41765603093
41765603135
41765603219
41765603191
41765603064
41765603041
41765603214
41765603213
41765603157
41765603202
41765603117
41765603120
41765603218
41765603266
41765603105
41765603051
41765603097
41765603047
41765603148
41765603100
41765603192
41765603199
41765603076
41765603401
41765603394
41765603349
41765603034
41765603096
41765603134
41765603065
41765603152
41765603033
41765603111
41765603358
41765603535
41765603589
41765603229
41765603268
41765603132
41765603512
41765603226
41765603049
41765603669
41765603139
41765603197
41765603400
41765603206
41765603273
41765603255
41765603260
41765603048
41765603302
41765603103
41765603066
41765603133
41765603052
41765603070
41765603166
41765603077
41765603298
41765603667
41765603353
41765603090
41765603106
41765603522
41765603220
41765603056
41765603071
41765603538
41765603252
41765603328
41765603718
41765603271
41765603129
41765603362
41765603121
41765603517
41765603696
41765603171
41765603617
41765603582
41765603281
41765603068
41765603753
41765603424
41765603439
41765603352
41765603278
41765603143
41765603536
41765603057
41765603732
41765603593
41765603254
41765603326
41765603204
41765603546
41765603318
41765603370
41765603182
41765603256
41765603193
41765603194
41765603810
41765603571
41765603425
41765603330
41765603127
41765603239
41765603508
41765603125
41765603212
41765603545
41765603435
41765603235
41765603461
41765603313
41765603309
41765603449
41765603463
41765603130
41765603505
41765603208
41765603633
41765603413
41765603088
41765603282
41765603163
41765603520
41765603524
41765603340
41765603331
41765603176
41765603654
41765603211
41765603486
41765603475
41765603366
41765603078
41765603477
41765603436
41765603223
41765603539
41765603886
41765603140
41765603276
41765603310
41765603232
41765603540
41765603334
41765603864
41765603099
41765603994
41765603375
41765603712
41765603360
41765603612
41765603312
41765603680
41765603448
41765603852
41765603177
41765603319
41765603851
41765603184
41765603422
41765603101
41765603513
41765603322
41765603479
41765603594
41765603433
41765603547
41765603306
41765603275
41765603553
41765603548
41765603595
41765603314
41765603598
41765603332
41765603196
41765603563
41765603758
41765603376
41765603301
41765603769
41765603464
41765603180
41765603870
41765603338
41765603325
41765603689
41765603136
41765603574
41765603407
41765603555
41765603395
41765603385
41765603544
41765603606
41765603296
41765603509
41765603238
41765603359
41765603501
41765603614
41765603414
41765603663
41765603443
41765603345
41765603343
41765603616
41765603928
41765603717
41765603778
41765603335
41765603415
41765603383
41765603496
41765603515
41765603462
41765603427
41765603792
41765603974
41765603274
41765603234
41765603446
41765603628
41765603874
41765603847
41765603558
41765603324
41765603560
41765603315
41765603737
41765603720
41765603390
41765603902
41765603943
41765603511
41765603744
41765603930
41765603683
41765603242
41765603151
41765603404
41765603736
41765603109
41765603707
41765603603
41765603432
41765603488
41765603727
41765603504
41765603200
41765603451
41765603772
41765603483
41765603894
41765603865
41765603300
41765603484
41765603290
41765603329
41765603698
41765603554
41765603399
41765603363
41765603444
41765603559
41765603821
41765603457
41765603609
41765603145
41765603922
41765603647
41765603658
41765603421
41765603613
41765603420
41765603787
41765603388
41765603406
41765603382
41765603673
41765603389
41765603237
41765603534
41765603293
41765603710
41765603272
41765603845
41765603490
41765603289
41765603336
41765603465
41765603625
41765603507
41765603690
41765603770
41765603823
41765603305
41765603428
41765603668
41765603430
41765603915
41765603646
41765603833
41765603480
41765603410
41765603774
41765603429
41765603912
41765603783
41765603703
41765603416
41765603735
41765603447
41765603391
41765603827
41765603645
41765603791
41765603241
41765603525
41765603844
41765603529
41765603812
41765603537
41765603766
41765603533
41765603900
41765603798
41765603795
41765603564
41765603351
41765603580
41765603434
41765603699
41765603374
41765603608
41765603949
41765603498
41765603297
41765603767
41765603499
41765603485
41765603543
41765603829
41765603657
41765603575
41765603506
41765603910
41765603801
41765603747
41765603832
41765603626
41765603989
41765603393
41765603500
41765603601
41765603929
41765603782
41765603775
41765603904
41765603835
41765603961
41765603820
41765603889
41765603600
41765603579
41765603474
41765603530
41765603531
41765603569
41765603355
41765603950
41765603497
41765603985
41765603685
41765603850
41765603790
41765603572
41765603713
41765603638
41765603808
41765603825
41765603607
41765603377
41765603532
41765603373
41765603519
41765603840
41765603814
41765603637
41765603611
41765603570
41765603622
41765603966
41765603684
41765603743
41765603521
41765603921
41765603460
41765603986
41765603701
41765603632
41765603636
41765603502
41765603923
41765603830
41765603631
41765603755
41765603566
41765603841
41765603327
41765603604
41765603991
41765603843
41765603785
41765603688
41765603652
41765603955
41765603967
41765603836
41765603953
41765603776
41765603672
41765603759
41765603664
41765603909
41765603642
41765603748
41765603988
41765603856
41765603398
41765603993
41765603962
41765603837
41765603692
41765603960
41765603980
41765603729
41765603648
41765603800
41765603730
41765603745
41765603859
41765603431
41765603630
41765603908
41765603711
41765603749
41765603526
41765603959
41765603721
41765603878
41765603996
41765603804
41765603518
41765603831
41765603789
41765603757
41765603883
41765603846
41765603897
41765603834
41765603781
41765603828
41765603694
41765603933
41765603970
41765603884
41765603738
41765603854
41765603709
41765603952
41765603978
41765603811
41765603777
41765603739
41765603855
41765603715
41765603868
41765603872
41765603881
41765603887
41765603876
41765603945
41765603848
41765603649
41765603705
41765603839
41765603838
41765603882
41765603972
41765603905
41765603885
41765603939
41765603954
41765603892
41765603911
41765603969
41765603869
41765603816
41765603942
41765603941
41765603987
41765603918
41765603871
41765601000
41765601003
41765601026
41765601032
41765601028
41765601021
41765601013
41765601005
41765601030
41765601012
41765601029
41765601006
41765601007
41765601001
41765601018
41765601025
41765601014
41765601017
41765601008
41765601019
41765601016
41765601004
41765601022
41765601076
41765601079
41765601115
41765601100
41765601155
41765601204
41765601206
41765601037
41765601044
41765601049
41765601077
41765601058
41765601042
41765601090
41765601106
41765601035
41765601072
41765601055
41765601043
41765601092
41765601107
41765601104
41765601157
41765601297
41765601097
41765601209
41765601210
41765601174
41765601176
41765601181
41765601207
41765601237
41765601200
41765601110
41765601128
41765601123
41765601133
41765601319
41765601326
41765601124
41765601347
41765601069
41765601121
41765601084
41765601172
41765601425
41765601099
41765601066
41765601228
41765601105
41765601041
41765601062
41765601137
41765601131
41765601158
41765601162
41765601147
41765601259
41765601177
41765601059
41765601067
41765601173
41765601040
41765601122
41765601034
41765601185
41765601208
41765601074
41765601087
41765601095
41765601086
41765601039
41765601304
41765601061
41765601082
41765601109
41765601135
41765601184
41765601220
41765601271
41765601180
41765601117
41765601327
41765601252
41765601286
41765601119
41765601118
41765601146
41765601145
41765601130
41765601063
41765601241
41765601311
41765601057
41765601056
41765601114
41765601102
41765601211
41765601306
41765601279
41765601385
41765601160
41765601171
41765601192
41765601085
41765601187
41765601175
41765601111
41765601205
41765601048
41765601221
41765601224
41765601230
41765601191
41765601218
41765601046
41765601141
41765601152
41765601199
41765601389
41765601227
41765601081
41765601143
41765601071
41765601665
41765601418
41765601502
41765601201
41765601215
41765601393
41765601501
41765601165
41765601312
41765601373
41765601429
41765601268
41765601045
41765601439
41765601331
41765601163
41765601467
41765601197
41765601068
41765601299
41765601103
41765601504
41765601093
41765601101
41765601437
41765601408
41765601287
41765601189
41765601023
41765601584
41765601142
41765601570
41765601233
41765601083
41765601505
41765601194
41765601274
41765601231
41765601446
41765601483
41765601229
41765601273
41765601182
41765601402
41765601275
41765601633
41765601564
41765601088
41765601266
41765601324
41765601577
41765601190
41765601758
41765601566
41765601785
41765601704
41765601621
41765601472
41765601309
41765601203
41765601303
41765601825
41765601411
41765601375
41765601164
41765601168
41765601139
41765601261
41765601108
41765601154
41765601138
41765601156
41765601477
41765601513
41765601376
41765601392
41765601193
41765601487
41765601591
41765601460
41765601410
41765601166
41765601981
41765601240
41765601511
41765601676
41765601587
41765601391
41765601091
41765601340
41765601269
41765601556
41765601493
41765601602
41765601421
41765601362
41765601282
41765601276
41765601307
41765601578
41765601708
41765601310
41765601463
41765601732
41765601618
41765601320
41765601341
41765601625
41765601558
41765601700
41765601255
41765601559
41765601346
41765601293
41765601248
41765601765
41765601253
41765601330
41765601323
41765601469
41765601246
41765601542
41765601179
41765601390
41765601301
41765601188
41765601496
41765601536
41765601366
41765601907
41765601731
41765601112
41765601422
41765601348
41765601479
41765601195
41765601417
41765601404
41765601696
41765601571
41765601507
41765601455
41765601579
41765601799
41765601458
41765601475
41765601488
41765601547
41765601609
41765601466
41765601631
41765601073
41765601260
41765601565
41765601652
41765601292
41765601336
41765601332
41765601098
41765601396
41765601214
41765601459
41765601603
41765601381
41765601150
41765601316
41765601778
41765601530
41765601866
41765601486
41765601277
41765601673
41765601305
41765601545
41765601838
41765601258
41765601512
41765601262
41765601636
41765601433
41765601435
41765601313
41765601239
41765601730
41765601588
41765601779
41765601414
41765601495
41765601712
41765601216
41765601720
41765601520
41765601249
41765601729
41765601399
41765601889
41765601986
41765601406
41765601581
41765601395
41765601278
41765601623
41765601291
41765601344
41765601932
41765601420
41765601613
41765601828
41765601480
41765601872
41765601707
41765601921
41765601903
41765601956
41765601526
41765601892
41765601719
41765601786
41765601582
41765601386
41765601541
41765601407
41765601644
41765601888
41765601629
41765601689
41765601434
41765601251
41765601325
41765601897
41765601186
41765601438
41765601372
41765601440
41765601687
41765601314
41765601516
41765601529
41765601491
41765601880
41765601691
41765601315
41765601510
41765601705
41765601984
41765601994
41765601753
41765601873
41765601522
41765601741
41765601217
41765601777
41765601238
41765601450
41765601592
41765601668
41765601717
41765601955
41765601474
41765601762
41765601519
41765601608
41765601796
41765601663
41765601751
41765601607
41765601768
41765601567
41765601369
41765601604
41765601844
41765601503
41765601851
41765601688
41765601813
41765601610
41765601948
41765601702
41765601800
41765601681
41765601686
41765601637
41765601742
41765601334
41765601506
41765601473
41765601196
41765601468
41765601987
41765601308
41765601590
41765601951
41765601840
41765601772
41765601978
41765601585
41765601972
41765601655
41765601815
41765601202
41765601805
41765601982
41765601849
41765601671
41765601750
41765601593
41765601464
41765601508
41765601878
41765601790
41765601940
41765601447
41765601555
41765601923
41765601893
41765601960
41765601773
41765601755
41765601264
41765601818
41765601997
41765601445
41765601620
41765601709
41765601936
41765601595
41765601764
41765601855
41765601881
41765601803
41765601364
41765601890
41765601349
41765601415
41765601546
41765601831
41765601763
41765601810
41765601783
41765601845
41765601509
41765601752
41765601919
41765601949
41765601701
41765601944
41765601367
41765601909
41765601694
41765601969
41765601841
41765601531
41765601485
41765601860
41765601544
41765601769
41765601879
41765601710
41765601549
41765601539
41765601634
41765601630
41765601816
41765601857
41765601973
41765601929
41765601538
41765601706
41765601521
41765601716
41765601589
41765601611
41765601770
41765601822
41765601651
41765601835
41765601990
41765601836
41765601515
41765601938
41765601456
41765601807
41765601711
41765601912
41765601953
41765601863
41765601877
41765601847
41765601876
41765601627
41765601744
41765601950
41765601901
41765601724
41765601614
41765601787
41765601954
41765601416
41765601934
41765601915
41765601601
41765601781
41765601993
41765601843
41765601964
41765601871
41765601830
41765601528
41765601995
41765601864
41765601653
41765601605
41765601640
41765601722
41765601819
41765601809
41765601715
41765601967
41765601654
41765601968
41765601917
41765601874
41765601867
41765601821
41765601820
41765601856
41765601965
41765601690
41765601971
41765601869
41765601574
41765601725
41765601858
41765601937
41765601900
41765601931
41765601966
41765601782
41765601617
41765601926
41765601662
41765601775
41765601974
41765601718
41765601988
41765601624
41765601946
41765601648
41765601806
41765601597
41765601925
41765601875
41765601985
41765601920
41765601853
41765601975
41765601791
41765601684
41765601991
41765601638
41765601669
41765601757
41765601784
41765601945
41765601902
41765601660
41765601989
41765601976
41765601977
41765601740
41765601766
41765601952
41765601930
41765601401
41765601424
41765601899
41765601500
41765601824
41765601886
41765601906
41765601699
41765601242
41765601358
41765601537
41765601737
41765601225
41765601626
41765601561
41765601767
41765602027
41765602019
41765602013
41765602001
41765602016
41765602033
41765602032
41765602014
41765602015
41765602005
41765602011
41765602030
41765602018
41765602010
41765602201
41765602247
41765602045
41765602049
41765602218
41765602127
41765602156
41765602165
41765602322
41765602098
41765602212
41765602216
41765602035
41765602254
41765602051
41765602040
41765602056
41765602069
41765602223
41765602243
41765602107
41765602132
41765602116
41765602084
41765602102
41765602147
41765602313
41765602192
41765602059
41765602189
41765602186
41765602289
41765602144
41765602117
41765602061
41765602110
41765602279
41765602074
41765602122
41765602083
41765602288
41765602112
41765602149
41765602202
41765602299
41765602039
41765602391
41765602255
41765602044
41765602081
41765602063
41765602091
41765602188
41765602286
41765602041
41765602374
41765602071
41765602181
41765602130
41765602105
41765602047
41765602036
41765602373
41765602210
41765602276
41765602198
41765602169
41765602259
41765602357
41765602129
41765602383
41765602042
41765602489
41765602274
41765602150
41765602377
41765602070
41765602093
41765602368
41765602135
41765602200
41765602384
41765602240
41765602108
41765602520
41765602075
41765602409
41765602126
41765602109
41765602522
41765602078
41765602219
41765602140
41765602603
41765602273
41765602151
41765602480
41765602185
41765602413
41765602428
41765602387
41765602058
41765602287
41765602400
41765602441
41765602260
41765602269
41765602516
41765602190
41765602208
41765602515
41765602067
41765602730
41765602360
41765602173
41765602417
41765602171
41765602423
41765602370
41765602277
41765602214
41765602175
41765602264
41765602549
41765602471
41765602194
41765602232
41765602265
41765602884
41765602209
41765602270
41765602705
41765602206
41765602529
41765602170
41765602328
41765602155
41765602390
41765602298
41765602193
41765602226
41765602395
41765602704
41765602552
41765602203
41765602564
41765602237
41765602213
41765602336
41765602221
41765602143
41765602315
41765602163
41765602293
41765602793
41765602517
41765602266
41765602220
41765602332
41765602164
41765602196
41765602199
41765602416
41765602195
41765602325
41765602402
41765602880
41765602902
41765602238
41765602536
41765602527
41765602473
41765602233
41765602239
41765602361
41765602386
41765602414
41765602302
41765602548
41765602231
41765602435
41765602526
41765602396
41765602320
41765602284
41765602429
41765602457
41765602629
41765602796
41765602436
41765602177
41765602290
41765602125
41765602808
41765602618
41765602382
41765602229
41765602810
41765602205
41765602343
41765602197
41765602817
41765602470
41765602337
41765602493
41765602341
41765602507
41765602234
41765602168
41765602495
41765602619
41765602410
41765602434
41765602575
41765602683
41765602537
41765602235
41765602207
41765602371
41765602771
41765602672
41765602851
41765602544
41765602282
41765602283
41765602094
41765602319
41765602474
41765602300
41765602459
41765602827
41765602379
41765602819
41765602518
41765602488
41765602737
41765602403
41765602472
41765602582
41765602340
41765602710
41765602484
41765602445
41765602859
41765602535
41765602134
41765602770
41765602160
41765602502
41765602691
41765602257
41765602468
41765602338
41765602440
41765602317
41765602587
41765602225
41765602267
41765602617
41765602626
41765602749
41765602358
41765602818
41765602182
41765602829
41765602524
41765602686
41765602558
41765602426
41765602676
41765602491
41765602430
41765602465
41765602561
41765602834
41765602311
41765602454
41765602873
41765602696
41765602655
41765602407
41765602469
41765602501
41765602580
41765602681
41765602301
41765602323
41765602365
41765602788
41765602828
41765602355
41765602224
41765602637
41765602583
41765602392
41765602744
41765602330
41765602252
41765602438
41765602479
41765602308
41765602215
41765602624
41765602758
41765602346
41765602500
41765602344
41765602646
41765602369
41765602509
41765602525
41765602534
41765602736
41765602630
41765602432
41765602734
41765602824
41765602701
41765602508
41765602636
41765602944
41765602702
41765602700
41765602505
41765602334
41765602690
41765602919
41765602911
41765602992
41765602329
41765602849
41765602401
41765602976
41765602706
41765602411
41765602989
41765602523
41765602688
41765602668
41765602166
41765602294
41765602627
41765602661
41765602643
41765602540
41765602427
41765602594
41765602977
41765602898
41765602750
41765602478
41765602711
41765602538
41765602599
41765602739
41765602606
41765602775
41765602766
41765602531
41765602693
41765602715
41765602598
41765602251
41765602372
41765602900
41765602367
41765602562
41765602611
41765602405
41765602550
41765602823
41765602670
41765602609
41765602620
41765602600
41765602514
41765602351
41765602551
41765602601
41765602258
41765602803
41765602707
41765602511
41765602979
41765602883
41765602932
41765602660
41765602574
41765602959
41765602939
41765602506
41765602853
41765602794
41765602191
41765602708
41765602965
41765602740
41765602936
41765602566
41765602757
41765602585
41765602928
41765602422
41765602773
41765602909
41765602545
41765602645
41765602602
41765602847
41765602825
41765602444
41765602442
41765602640
41765602991
41765602424
41765602905
41765602567
41765602717
41765602820
41765602797
41765602836
41765602412
41765602621
41765602777
41765602650
41765602553
41765602512
41765602613
41765602903
41765602482
41765602556
41765602679
41765602420
41765602633
41765602930
41765602782
41765602934
41765602864
41765602576
41765602729
41765602941
41765602731
41765602651
41765602657
41765602675
41765602404
41765602581
41765602943
41765602754
41765602211
41765602816
41765602699
41765602725
41765602605
41765602813
41765602826
41765602980
41765602801
41765602809
41765602659
41765602483
41765602972
41765602530
41765602743
41765602752
41765602990
41765602692
41765602453
41765602807
41765602671
41765602557
41765602747
41765602642
41765602494
41765602960
41765602856
41765602631
41765602652
41765602924
41765602854
41765602848
41765602906
41765602923
41765602569
41765602802
41765602664
41765602592
41765602742
41765602967
41765602408
41765602774
41765602946
41765602840
41765602945
41765602764
41765602968
41765602855
41765602476
41765602682
41765602760
41765602984
41765602985
41765602772
41765602460
41765602907
41765602882
41765602689
41765602925
41765602698
41765602463
41765602746
41765602666
41765602889
41765602885
41765602996
41765602963
41765602845
41765602577
41765602678
41765602988
41765602982
41765602868
41765602812
41765602901
41765602718
41765602940
41765602978
41765602895
41765602723
41765602886
41765602786
41765602842
41765602492
41765602450
41765602904
41765602755
41765602920
41765602866
41765602987
41765602935
41765602779
41765602897
41765602554
41765602713
41765602837
41765602952
41765602962
41765602593
41765602595
41765602893
41765602716
41765602953
41765602877
41765602899
41765602726
41765602870
41765602721
41765602921
41765602954
41765602958
41765602806
41765602973
41765602917
41765602955
41765602821
41765602970
41765602912
41765602799
41765602768
41765602949
41765602789
41765602805
41765608000
41765608012
41765608003
41765608026
41765608001
41765608022
41765608028
41765608017
41765608030
41765608005
41765608008
41765608006
41765608016
41765608027
41765608021
41765608032
41765608013
41765608023
41765608014
41765608019
41765608011
41765608018
41765608020
41765608057
41765608055
41765608049
41765608099
41765608304
41765608158
41765608046
41765608045
41765608051
41765608137
41765608042
41765608208
41765608102
41765608115
41765608121
41765608094
41765608080
41765608204
41765608134
41765608163
41765608038
41765608125
41765608070
41765608298
41765608063
41765608091
41765608079
41765608066
41765608103
41765608058
41765608148
41765608068
41765608212
41765608230
41765608105
41765608289
41765608334
41765608223
41765608332
41765608053
41765608236
41765608085
41765608279
41765608161
41765608048
41765608119
41765608286
41765608206
41765608129
41765608226
41765608047
41765608153
41765608150
41765608123
41765608171
41765608239
41765608180
41765608241
41765608175
41765608177
41765608145
41765608353
41765608261
41765608093
41765608333
41765608287
41765608081
41765608277
41765608336
41765608072
41765608054
41765608107
41765608194
41765608242
41765608141
41765608183
41765608170
41765608075
41765608147
41765608037
41765608251
41765608116
41765608301
41765608331
41765608229
41765608297
41765608184
41765608112
41765608302
41765608228
41765608101
41765608142
41765608155
41765608124
41765608111
41765608074
41765608355
41765608140
41765608169
41765608113
41765608082
41765608086
41765608293
41765608326
41765608152
41765608340
41765608235
41765608288
41765608197
41765608176
41765608198
41765608133
41765608193
41765608267
41765608220
41765608188
41765608173
41765608164
41765608106
41765608203
41765608330
41765608222
41765608200
41765608345
41765608283
41765608215
41765608172
41765608061
41765608285
41765608221
41765608191
41765608252
41765608300
41765608181
41765608243
41765608189
41765608225
41765608192
41765608232
41765608127
41765608098
41765608312
41765608329
41765608350
41765608132
41765608306
41765608307
41765608344
41765608240
41765608077
41765608265
41765608238
41765608108
41765608245
41765608254
41765608321
41765608260
41765608266
41765608358
41765608264
41765608262
41765608318
41765608272
41765608325
41765608323
41765608174
41765608343
41765608255
41765608338
41765608270
41765608196
41765608280
41765608356
41765608268
41765608371
41765608372
41765608369
41765608378
41765608359
41765608370
41765608379
41765608380
41765608385
41765608375
41765608366
41765608386
41765608376
41765608383
41765608374
41765608424
41765608442
41765608451
41765608513
41765608511
41765608418
41765608401
41765608415
41765608483
41765608422
41765608406
41765608427
41765608419
41765608440
41765608426
41765608484
41765608449
41765608448
41765608478
41765608397
41765608713
41765608396
41765608605
41765608429
41765608466
41765608421
41765608533
41765608436
41765608551
41765608439
41765608453
41765608565
41765608493
41765608474
41765608585
41765608409
41765608510
41765608601
41765608434
41765608545
41765608577
41765608485
41765608636
41765608537
41765608460
41765608512
41765608689
41765608540
41765608473
41765608425
41765608696
41765608519
41765608587
41765608432
41765608581
41765608475
41765608583
41765608604
41765608588
41765608638
41765608714
41765608470
41765608506
41765608468
41765608663
41765608579
41765608684
41765608393
41765608486
41765608544
41765608492
41765608541
41765608521
41765608642
41765608707
41765608480
41765608428
41765608454
41765608502
41765608628
41765608414
41765608458
41765608488
41765608566
41765608479
41765608643
41765608555
41765608571
41765608494
41765608668
41765608504
41765608687
41765608561
41765608683
41765608614
41765608531
41765608525
41765608496
41765608455
41765608658
41765608712
41765608631
41765608465
41765608523
41765608681
41765608659
41765608611
41765608698
41765608487
41765608600
41765608610
41765608508
41765608616
41765608648
41765608443
41765608554
41765608549
41765608437
41765608520
41765608609
41765608672
41765608690
41765608711
41765608598
41765608670
41765608590
41765608552
41765608570
41765608615
41765608461
41765608688
41765608500
41765608490
41765608702
41765608498
41765608624
41765608637
41765608645
41765608673
41765608646
41765608476
41765608569
41765608661
41765608582
41765608556
41765608665
41765608535
41765608524
41765608596
41765608543
41765608538
41765608530
41765608580
41765608660
41765608669
41765608710
41765608586
41765608599
41765608626
41765608606
41765608623
41765608634
41765608679
41765608662
41765608692
41765608650
41765608656
41765608700
41765608706
41765608676
41765608686
41765608695
41765608733
41765608731
41765608724
41765608719
41765608722
41765608716
41765608736
41765608749
41765608764
41765608772
41765608727
41765608728
41765608735
41765608758
41765608754
41765608765
41765608773
41765608769
41765608747
41765608741
41765608721
41765608715
41765608720
41765608717
41765608730
41765608738
41765608767
41765608774
41765608768
41765608755
41765608776
41765608766
41765608756
41765608770
41765608762
41765608784
41765608815
41765608803
41765608810
41765608789
41765608809
41765608837
41765608832
41765608836
41765608840
41765608800
41765608826
41765608838
41765608818
41765608828
41765608820
41765608805
41765608819
41765608778
41765608796
41765608780
41765608807
41765608785
41765608824
41765608808
41765608801
41765608833
41765608823
41765608814
41765608825
41765608799
41765608822
41765608813
41765608821
41765608855
41765608869
41765608865
41765608896
41765608880
41765608881
41765608898
41765608863
41765608873
41765608858
41765608862
41765608879
41765608886
41765608876
41765608872
41765608875
41765608878
41765608885
41765608843
41765608850
41765608884
41765608848
41765608842
41765608890
41765608887
41765608866
41765608891
41765608853
41765608851
41765608871
41765608844
41765608882
41765608847
41765608899
41765608897
41765608856
41765608874
41765608877
41765608905
41765608979
41765608925
41765608919
41765608902
41765608903
41765608917
41765608916
41765608914
41765608954
41765608962
41765608947
41765608967
41765608980
41765608970
41765608961
41765608920
41765608926
41765608937
41765608985
41765608953
41765608969
41765608988
41765608928
41765608924
41765608981
41765608942
41765608949
41765608946
41765608989
41765608977
41765608956
41765608939
41765608965
41765608910
41765608912
41765608955
41765608930
41765608978
41765608968
41765608929
41765608986
41765608927
41765608952
41765608941
41765608945
41765608966
41765608995
41765608994
41765608997
41765608999
41765608990
41765608992
41765607001
41765607023
41765607025
41765607027
41765607015
41765607013
41765607014
41765607018
41765607021
41765607007
41765607033
41765607022
41765607006
41765607026
41765607011
41765607016
41765607019
41765607012
41765607031
41765607077
41765607047
41765607276
41765607078
41765607042
41765607130
41765607133
41765607055
41765607062
41765607150
41765607110
41765607037
41765607139
41765607141
41765607040
41765607093
41765607274
41765607328
41765607065
41765607322
41765607314
41765607045
41765607059
41765607277
41765607424
41765607041
41765607160
41765607112
41765607120
41765607066
41765607187
41765607159
41765607207
41765607076
41765607344
41765607134
41765607122
41765607292
41765607050
41765607241
41765607071
41765607036
41765607177
41765607448
41765607116
41765607225
41765607132
41765607350
41765607199
41765607527
41765607113
41765607111
41765607034
41765607205
41765607163
41765607061
41765607060
41765607085
41765607224
41765607117
41765607181
41765607211
41765607231
41765607171
41765607271
41765607197
41765607275
41765607239
41765607466
41765607611
41765607107
41765607083
41765607142
41765607137
41765607256
41765607184
41765607121
41765607691
41765607104
41765607301
41765607242
41765607046
41765607098
41765607309
41765607381
41765607202
41765607438
41765607299
41765607221
41765607082
41765607131
41765607198
41765607655
41765607128
41765607289
41765607218
41765607180
41765607172
41765607329
41765607052
41765607579
41765607244
41765607479
41765607511
41765607504
41765607195
41765607246
41765607323
41765607206
41765607057
41765607123
41765607151
41765607515
41765607359
41765607560
41765607255
41765607318
41765607227
41765607165
41765607499
41765607109
41765607426
41765607278
41765607379
41765607079
41765607486
41765607557
41765607739
41765607508
41765607226
41765607844
41765607450
41765607297
41765607298
41765607214
41765607223
41765607333
41765607459
41765607222
41765607140
41765607487
41765607375
41765607270
41765607282
41765607545
41765607279
41765607308
41765607188
41765607100
41765607253
41765607656
41765607812
41765607533
41765607170
41765607257
41765607477
41765607302
41765607521
41765607236
41765607105
41765607220
41765607670
41765607432
41765607582
41765607907
41765607384
41765607455
41765607397
41765607356
41765607633
41765607507
41765607627
41765607727
41765607885
41765607235
41765607261
41765607606
41765607964
41765607714
41765607751
41765607810
41765607747
41765607625
41765607401
41765607439
41765607677
41765607464
41765607209
41765607213
41765607631
41765607577
41765607412
41765607313
41765607480
41765607501
41765607304
41765607407
41765607191
41765607681
41765607366
41765607208
41765607540
41765607157
41765607788
41765607386
41765607590
41765607284
41765607979
41765607414
41765607148
41765607287
41765607679
41765607830
41765607858
41765607073
41765607591
41765607816
41765607835
41765607374
41765607431
41765607310
41765607588
41765607684
41765607475
41765607717
41765607288
41765607378
41765607915
41765607975
41765607166
41765607877
41765607189
41765607576
41765607429
41765607258
41765607695
41765607861
41765607360
41765607434
41765607490
41765607173
41765607273
41765607786
41765607559
41765607478
41765607756
41765607232
41765607537
41765607441
41765607742
41765607473
41765607489
41765607230
41765607686
41765607729
41765607445
41765607797
41765607600
41765607272
41765607391
41765607419
41765607390
41765607491
41765607580
41765607392
41765607663
41765607269
41765607210
41765607567
41765607389
41765607474
41765607780
41765607599
41765607851
41765607650
41765607621
41765607629
41765607996
41765607563
41765607542
41765607385
41765607574
41765607451
41765607365
41765607876
41765607842
41765607674
41765607428
41765607932
41765607334
41765607630
41765607741
41765607510
41765607743
41765607704
41765607946
41765607917
41765607705
41765607806
41765607831
41765607571
41765607837
41765607212
41765607658
41765607969
41765607349
41765607769
41765607855
41765607539
41765607578
41765607585
41765607430
41765607711
41765607874
41765607219
41765607766
41765607978
41765607602
41765607933
41765607421
41765607667
41765607660
41765607696
41765607849
41765607672
41765607500
41765607765
41765607898
41765607442
41765607721
41765607732
41765607561
41765607710
41765607530
41765607862
41765607296
41765607472
41765607462
41765607265
41765607506
41765607343
41765607535
41765607802
41765607724
41765607437
41765607534
41765607626
41765607573
41765607733
41765607949
41765607888
41765607497
41765607973
41765607848
41765607709
41765607488
41765607519
41765607531
41765607565
41765607928
41765607250
41765607638
41765607373
41765607249
41765607903
41765607411
41765607976
41765607838
41765607680
41765607762
41765607852
41765607517
41765607868
41765607924
41765607980
41765607775
41765607377
41765607774
41765607890
41765607719
41765607556
41765607518
41765607604
41765607524
41765607966
41765607613
41765607859
41765607575
41765607706
41765607763
41765607866
41765607770
41765607860
41765607661
41765607879
41765607307
41765607720
41765607467
41765607447
41765607771
41765607777
41765607662
41765607609
41765607776
41765607940
41765607632
41765607610
41765607991
41765607699
41765607618
41765607781
41765607597
41765607904
41765607910
41765607793
41765607551
41765607564
41765607623
41765607683
41765607889
41765607693
41765607639
41765607843
41765607734
41765607619
41765607675
41765607642
41765607484
41765607723
41765607596
41765607668
41765607972
41765607906
41765607737
41765607970
41765607918
41765607767
41765607640
41765607925
41765607669
41765607469
41765607744
41765607926
41765607581
41765607912
41765607878
41765607607
41765607989
41765607981
41765607646
41765607867
41765607753
41765607417
41765607654
41765607805
41765607690
41765607870
41765607997
41765607682
41765607725
41765607908
41765607697
41765607755
41765607798
41765607773
41765607945
41765607750
41765607881
41765607992
41765607778
41765607974
41765607676
41765607799
41765607836
41765607726
41765607937
41765607977
41765607713
41765607814
41765607689
41765607544
41765607891
41765607513
41765607914
41765607779
41765607722
41765607811
41765607701
41765607730
41765607919
41765607787
41765607570
41765607807
41765607963
41765607736
41765607911
41765607880
41765607850
41765607702
41765607960
41765607748
41765607796
41765607994
41765607984
41765607968
