41763075018
41763075006
41763075026
41763075004
41763075023
41763075031
41763075027
41763075007
41763075014
41763075015
41763075010
41763075005
41763075013
41763075011
41763075171
41763075236
41763075070
41763075073
41763075083
41763075091
41763075099
41763075096
41763075034
41763075174
41763075200
41763075060
41763075080
41763075184
41763075127
41763075098
41763075217
41763075161
41763075105
41763075059
41763075120
41763075203
41763075220
41763075289
41763075136
41763075146
41763075318
41763075038
41763075053
41763075082
41763075133
41763075192
41763075063
41763075086
41763075208
41763075084
41763075279
41763075074
41763075108
41763075077
41763075228
41763075087
41763075153
41763075103
41763075057
41763075044
41763075045
41763075241
41763075175
41763075118
41763075264
41763075035
41763075224
41763075250
41763075122
41763075177
41763075147
41763075128
41763075255
41763075170
41763075333
41763075237
41763075310
41763075111
41763075169
41763075150
41763075230
41763075338
41763075325
41763075287
41763075330
41763075142
41763075066
41763075072
41763075315
41763075135
41763075221
41763075267
41763075222
41763075258
41763075248
41763075051
41763075242
41763075194
41763075336
41763075272
41763075280
41763075300
41763075331
41763075321
41763075350
41763075292
41763075306
41763075309
41763075322
41763075352
41763075356
41763075379
41763075354
41763075351
41763075370
41763075353
41763075363
41763075358
41763075377
41763075381
41763075459
41763075402
41763075397
41763075427
41763075445
41763075433
41763075390
41763075413
41763075437
41763075407
41763075436
41763075551
41763075463
41763075467
41763075486
41763075489
41763075502
41763075410
41763075455
41763075424
41763075575
41763075399
41763075400
41763075521
41763075545
41763075589
41763075579
41763075411
41763075474
41763075450
41763075389
41763075532
41763075556
41763075414
41763075460
41763075530
41763075513
41763075583
41763075485
41763075565
41763075636
41763075386
41763075553
41763075510
41763075596
41763075522
41763075482
41763075560
41763075676
41763075473
41763075540
41763075585
41763075541
41763075525
41763075511
41763075668
41763075457
41763075561
41763075476
41763075572
41763075653
41763075520
41763075490
41763075613
41763075471
41763075602
41763075672
41763075616
41763075505
41763075518
41763075662
41763075444
41763075620
41763075535
41763075564
41763075533
41763075509
41763075499
41763075681
41763075495
41763075439
41763075667
41763075573
41763075562
41763075684
41763075550
41763075549
41763075500
41763075688
41763075515
41763075570
41763075642
41763075614
41763075622
41763075611
41763075680
41763075595
41763075682
41763075534
41763075670
41763075628
41763075588
41763075696
41763075711
41763075723
41763075708
41763075726
41763075707
41763075716
41763075721
41763075712
41763075728
41763075700
41763075720
41763075729
41763075718
41763075727
41763075702
41763075772
41763075737
41763075773
41763075732
41763075786
41763075753
41763075765
41763075752
41763075770
41763075733
41763075746
41763075751
41763075782
41763075779
41763075778
41763075769
41763075783
41763075812
41763075828
41763075793
41763075801
41763075800
41763075802
41763075809
41763075811
41763075799
41763075835
41763075847
41763075850
41763075827
41763075833
41763075820
41763075841
41763075855
41763075910
41763075854
41763075887
41763075906
41763075896
41763075868
41763075875
41763075861
41763075878
41763075874
41763075890
41763075867
41763075902
41763075885
41763075898
41763075900
41763075858
41763075877
41763075897
41763075888
41763075889
41763075989
41763075972
41763075923
41763075995
41763075976
41763075928
41763075950
41763075931
41763075992
41763075959
41763075915
41763075948
41763075974
41763075916
41763075921
41763075994
41763075933
41763075988
41763075943
41763075973
41763075944
41763075999
41763075996
41763075978
41763074009
41763074026
41763074011
41763074003
41763074018
41763074025
41763074002
41763074007
41763074008
41763074001
41763074012
41763074115
41763074202
41763074040
41763074151
41763074167
41763074057
41763074046
41763074083
41763074069
41763074097
41763074066
41763074109
41763074072
41763074111
41763074098
41763074100
41763074262
41763074180
41763074093
41763074247
41763074106
41763074060
41763074330
41763074134
41763074120
41763074141
41763074094
41763074080
41763074095
41763074143
41763074280
41763074136
41763074190
41763074195
41763074230
41763074132
41763074068
41763074174
41763074182
41763074347
41763074127
41763074053
41763074313
41763074050
41763074091
41763074079
41763074087
41763074251
41763074033
41763074343
41763074177
41763074044
41763074142
41763074220
41763074039
41763074149
41763074261
41763074266
41763074331
41763074244
41763074291
41763074144
41763074042
41763074340
41763074153
41763074290
41763074213
41763074301
41763074089
41763074319
41763074287
41763074307
41763074318
41763074345
41763074260
41763074140
41763074105
41763074312
41763074126
41763074273
41763074309
41763074161
41763074305
41763074334
41763074123
41763074332
41763074322
41763074304
41763074218
41763074160
41763074324
41763074327
41763074267
41763074342
41763074224
41763074102
41763074172
41763074317
41763074306
41763074245
41763074240
41763074152
41763074233
41763074288
41763074355
41763074381
41763074372
41763074382
41763074527
41763074447
41763074401
41763074631
41763074665
41763074544
41763074672
41763074426
41763074451
41763074417
41763074421
41763074549
41763074448
41763074416
41763074404
41763074474
41763074577
41763074540
41763074624
41763074608
41763074490
41763074504
41763074618
41763074471
41763074422
41763074475
41763074414
41763074481
41763074592
41763074409
41763074449
41763074412
41763074445
41763074499
41763074430
41763074443
41763074442
41763074388
41763074402
41763074439
41763074593
41763074545
41763074686
41763074458
41763074691
41763074530
41763074428
41763074405
41763074455
41763074425
41763074588
41763074466
41763074534
41763074627
41763074528
41763074511
41763074465
41763074609
41763074664
41763074688
41763074649
41763074492
41763074472
41763074578
41763074452
41763074650
41763074692
41763074550
41763074500
41763074575
41763074547
41763074666
41763074699
41763074543
41763074596
41763074558
41763074454
41763074583
41763074585
41763074533
41763074510
41763074600
41763074675
41763074656
41763074613
41763074662
41763074657
41763074621
41763074679
41763074674
41763074636
41763074646
41763074717
41763074720
41763074700
41763074718
41763074708
41763074715
41763074719
41763074727
41763074794
41763074804
41763074812
41763074757
41763074745
41763074746
41763074800
41763074739
41763074741
41763074735
41763074774
41763074749
41763074759
41763074806
41763074783
41763074775
41763074747
41763074786
41763074744
41763074766
41763074776
41763074815
41763074752
41763074789
41763074773
41763074740
41763074755
41763074842
41763074848
41763074866
41763074885
41763074889
41763074895
41763074862
41763074822
41763074830
41763074824
41763074821
41763074826
41763074838
41763074858
41763074839
41763074868
41763074892
41763074896
41763074841
41763074820
41763074903
41763074861
41763074867
41763074832
41763074886
41763074846
41763074852
41763074900
41763074888
41763074884
41763074919
41763074922
41763074938
41763074944
41763074934
41763074924
41763074951
41763074911
41763074963
41763074962
41763074955
41763074910
41763074912
41763074907
41763074929
41763074977
41763074992
41763074979
41763074973
41763074989
41763074997
41763076000
41763076024
41763076026
41763076021
41763076028
41763076011
41763076030
41763076013
41763076010
41763076027
41763076007
41763076005
41763076006
41763076020
41763076025
41763076018
41763076019
41763076008
41763076009
41763076002
41763076098
41763076054
41763076127
41763076120
41763076237
41763076336
41763076055
41763076070
41763076079
41763076033
41763076044
41763076147
41763076058
41763076099
41763076136
41763076266
41763076091
41763076035
41763076080
41763076159
41763076272
41763076260
41763076037
41763076088
41763076346
41763076110
41763076057
41763076330
41763076175
41763076130
41763076090
41763076121
41763076060
41763076203
41763076107
41763076051
41763076069
41763076050
41763076332
41763076281
41763076038
41763076286
41763076177
41763076418
41763076153
41763076160
41763076359
41763076103
41763076172
41763076569
41763076256
41763076472
41763076663
41763076173
41763076396
41763076242
41763076045
41763076133
41763076345
41763076367
41763076522
41763076463
41763076245
41763076449
41763076335
41763076334
41763076042
41763076389
41763076595
41763076683
41763076118
41763076556
41763076297
41763076181
41763076150
41763076285
41763076377
41763076234
41763076178
41763076329
41763076546
41763076105
41763076509
41763076083
41763076469
41763076164
41763076577
41763076544
41763076143
41763076644
41763076398
41763076352
41763076062
41763076678
41763076195
41763076293
41763076327
41763076879
41763076282
41763076443
41763076308
41763076827
41763076519
41763076294
41763076200
41763076599
41763076061
41763076525
41763076511
41763076324
41763076553
41763076304
41763076222
41763076737
41763076344
41763076839
41763076066
41763076406
41763076870
41763076402
41763076528
41763076664
41763076317
41763076468
41763076370
41763076760
41763076619
41763076637
41763076836
41763076643
41763076457
41763076808
41763076460
41763076745
41763076250
41763076800
41763076650
41763076421
41763076956
41763076669
41763076384
41763076679
41763076565
41763076378
41763076799
41763076436
41763076385
41763076592
41763076722
41763076869
41763076586
41763076277
41763076766
41763076267
41763076821
41763076771
41763076417
41763076728
41763076391
41763076492
41763076581
41763076309
41763076833
41763076928
41763076109
41763076733
41763076484
41763076788
41763076631
41763076342
41763076404
41763076291
41763076958
41763076551
41763076674
41763076337
41763076989
41763076496
41763076403
41763076635
41763076671
41763076877
41763076343
41763076871
41763076816
41763076510
41763076829
41763076704
41763076696
41763076709
41763076570
41763076431
41763076969
41763076661
41763076626
41763076311
41763076407
41763076622
41763076300
41763076390
41763076261
41763076751
41763076708
41763076623
41763076155
41763076667
41763076507
41763076426
41763076727
41763076910
41763076741
41763076677
41763076514
41763076977
41763076612
41763076505
41763076851
41763076387
41763076711
41763076459
41763076778
41763076697
41763076672
41763076991
41763076666
41763076541
41763076680
41763076914
41763076543
41763076990
41763076783
41763076494
41763076847
41763076419
41763076204
41763076787
41763076725
41763076804
41763076691
41763076627
41763076866
41763076802
41763076763
41763076655
41763076752
41763076846
41763076830
41763076617
41763076688
41763076889
41763076945
41763076769
41763076736
41763076892
41763076652
41763076506
41763076966
41763076922
41763076534
41763076630
41763076880
41763076767
41763076835
41763076855
41763076594
41763076921
41763076754
41763076960
41763076668
41763076875
41763076837
41763076840
41763076828
41763076953
41763076720
41763076901
41763076925
41763076764
41763076859
41763076810
41763076743
41763076939
41763076758
41763076822
41763076923
41763076883
41763076887
41763076933
41763076811
41763076968
41763076867
41763076831
41763076729
41763076874
41763076970
41763076730
41763076761
41763076971
41763076772
41763076832
41763076972
41763076786
41763076803
41763076781
41763070000
41763070018
41763070011
41763070023
41763070015
41763070022
41763070024
41763070007
41763070002
41763070001
41763070016
41763070017
41763070027
41763070030
41763070026
41763070032
41763070012
41763070009
41763070092
41763070197
41763070036
41763070038
41763070055
41763070074
41763070204
41763070118
41763070106
41763070210
41763070070
41763070056
41763070059
41763070066
41763070284
41763070068
41763070094
41763070114
41763070079
41763070110
41763070133
41763070355
41763070132
41763070033
41763070053
41763070063
41763070093
41763070218
41763070194
41763070272
41763070174
41763070183
41763070470
41763070162
41763070045
41763070051
41763070107
41763070124
41763070098
41763070169
41763070115
41763070144
41763070297
41763070086
41763070213
41763070057
41763070095
41763070076
41763070329
41763070157
41763070171
41763070322
41763070198
41763070307
41763070412
41763070228
41763070034
41763070173
41763070490
41763070048
41763070073
41763070181
41763070154
41763070096
41763070324
41763070216
41763070078
41763070225
41763070205
41763070310
41763070152
41763070308
41763070572
41763070240
41763070100
41763070190
41763070312
41763070101
41763070323
41763070361
41763070385
41763070120
41763070524
41763070248
41763070496
41763070271
41763070504
41763070624
41763070067
41763070172
41763070207
41763070415
41763070196
41763070306
41763070416
41763070211
41763070607
41763070321
41763070331
41763070466
41763070411
41763070193
41763070489
41763070367
41763070224
41763070102
41763070266
41763070131
41763070467
41763070348
41763070396
41763070780
41763070640
41763070105
41763070201
41763070117
41763070408
41763070222
41763070330
41763070299
41763070167
41763070129
41763070328
41763070111
41763070283
41763070212
41763070381
41763070347
41763070319
41763070343
41763070592
41763070278
41763070126
41763070457
41763070377
41763070770
41763070281
41763070622
41763070465
41763070202
41763070510
41763070434
41763070804
41763070767
41763070257
41763070279
41763070522
41763070563
41763070289
41763070290
41763070062
41763070339
41763070389
41763070574
41763070209
41763070363
41763070538
41763070123
41763070344
41763070798
41763070368
41763070627
41763070383
41763070188
41763070733
41763070426
41763070484
41763070418
41763070231
41763070357
41763070407
41763070600
41763070236
41763070303
41763070552
41763070360
41763070898
41763070550
41763070229
41763070175
41763070588
41763070373
41763070750
41763070585
41763070317
41763070707
41763070785
41763070409
41763070509
41763070912
41763070452
41763070502
41763070483
41763070443
41763070468
41763070815
41763070267
41763070722
41763070445
41763070683
41763070260
41763070388
41763070356
41763070429
41763070436
41763070353
41763070537
41763070277
41763070833
41763070547
41763070637
41763070697
41763070535
41763070382
41763070693
41763070519
41763070686
41763070428
41763070387
41763070288
41763070656
41763070617
41763070480
41763070503
41763070518
41763070423
41763070721
41763070847
41763070942
41763070732
41763070370
41763070700
41763070797
41763070455
41763070477
41763070710
41763070499
41763070506
41763070523
41763070828
41763070511
41763070431
41763070432
41763070802
41763070447
41763070478
41763070678
41763070573
41763070594
41763070677
41763070597
41763070739
41763070354
41763070304
41763070571
41763070551
41763070699
41763070582
41763070970
41763070754
41763070249
41763070559
41763070217
41763070406
41763070893
41763070338
41763070675
41763070825
41763070558
41763070796
41763070696
41763070632
41763070437
41763070726
41763070956
41763070659
41763070918
41763070234
41763070643
41763070413
41763070325
41763070900
41763070414
41763070342
41763070830
41763070876
41763070570
41763070907
41763070791
41763070723
41763070991
41763070852
41763070586
41763070917
41763070620
41763070990
41763070440
41763070806
41763070340
41763070482
41763070763
41763070747
41763070910
41763070590
41763070601
41763070350
41763070959
41763070498
41763070531
41763070807
41763070611
41763070743
41763070826
41763070692
41763070713
41763070734
41763070580
41763070908
41763070650
41763070904
41763070820
41763070663
41763070560
41763070853
41763070751
41763070955
41763070630
41763070786
41763070765
41763070831
41763070508
41763070494
41763070914
41763070528
41763070728
41763070629
41763070655
41763070729
41763070492
41763070850
41763070576
41763070905
41763070642
41763070981
41763070897
41763070867
41763070799
41763070916
41763070670
41763070813
41763070654
41763070421
41763070882
41763070772
41763070485
41763070682
41763070530
41763070698
41763070527
41763070832
41763070757
41763070977
41763070845
41763070616
41763070827
41763070889
41763070598
41763070425
41763070618
41763070812
41763070996
41763070681
41763070881
41763070782
41763070545
41763070964
41763070920
41763070929
41763070817
41763070741
41763070753
41763070979
41763070737
41763070752
41763070805
41763070623
41763070711
41763070462
41763070896
41763070829
41763070708
41763070902
41763070645
41763070720
41763070818
41763070938
41763070738
41763070788
41763070768
41763070819
41763070801
41763070841
41763070602
41763070842
41763070913
41763070928
41763070980
41763070870
41763070787
41763070906
41763070684
41763070716
41763070823
41763070781
41763070952
41763070605
41763070803
41763070869
41763070951
41763070923
41763070778
41763070839
41763070926
41763070615
41763070849
41763070680
41763070730
41763070933
41763070948
41763070962
41763070911
41763070957
41763079015
41763079004
41763079002
41763079019
41763079010
41763079009
41763079030
41763079012
41763079001
41763079011
41763079027
41763079020
41763079024
41763079017
41763079085
41763079090
41763079087
41763079193
41763079036
41763079033
41763079060
41763079056
41763079037
41763079098
41763079095
41763079256
41763079259
41763079050
41763079081
41763079099
41763079100
41763079097
41763079053
41763079071
41763079094
41763079045
41763079247
41763079054
41763079144
41763079226
41763079116
41763079186
41763079115
41763079245
41763079072
41763079092
41763079304
41763079117
41763079048
41763079080
41763079205
41763079176
41763079225
41763079108
41763079433
41763079221
41763079058
41763079127
41763079287
41763079135
41763079202
41763079268
41763079319
41763079165
41763079154
41763079447
41763079333
41763079339
41763079407
41763079362
41763079195
41763079074
41763079270
41763079441
41763079428
41763079106
41763079238
41763079212
41763079354
41763079427
41763079300
41763079393
41763079400
41763079494
41763079452
41763079273
41763079120
41763079160
41763079131
41763079548
41763079345
41763079261
41763079704
41763079440
41763079623
41763079296
41763079084
41763079363
41763079293
41763079250
41763079756
41763079047
41763079707
41763079450
41763079227
41763079190
41763079384
41763079236
41763079201
41763079439
41763079477
41763079274
41763079840
41763079126
41763079692
41763079365
41763079347
41763079179
41763079279
41763079331
41763079664
41763079187
41763079422
41763079312
41763079413
41763079396
41763079303
41763079474
41763079260
41763079093
41763079567
41763079565
41763079272
41763079476
41763079684
41763079977
41763079451
41763079603
41763079123
41763079767
41763079783
41763079912
41763079194
41763079746
41763079975
41763079442
41763079412
41763079249
41763079337
41763079244
41763079444
41763079330
41763079911
41763079659
41763079275
41763079520
41763079768
41763079243
41763079805
41763079920
41763079779
41763079283
41763079563
41763079399
41763079377
41763079729
41763079564
41763079661
41763079737
41763079290
41763079554
41763079371
41763079771
41763079401
41763079394
41763079502
41763079909
41763079503
41763079514
41763079675
41763079650
41763079648
41763079941
41763079837
41763079253
41763079557
41763079308
41763079508
41763079949
41763079315
41763079948
41763079364
41763079989
41763079572
41763079182
41763079915
41763079818
41763079411
41763079170
41763079698
41763079750
41763079397
41763079727
41763079932
41763079777
41763079808
41763079289
41763079151
41763079263
41763079806
41763079299
41763079762
41763079559
41763079647
41763079865
41763079388
41763079722
41763079485
41763079744
41763079888
41763079491
41763079383
41763079110
41763079291
41763079432
41763079798
41763079560
41763079380
41763079409
41763079368
41763079478
41763079555
41763079822
41763079718
41763079851
41763079506
41763079430
41763079662
41763079800
41763079939
41763079809
41763079957
41763079602
41763079889
41763079530
41763079736
41763079550
41763079797
41763079613
41763079901
41763079820
41763079791
41763079846
41763079665
41763079899
41763079933
41763079784
41763079696
41763079545
41763079841
41763079575
41763079392
41763079900
41763079583
41763079705
41763079697
41763079914
41763079935
41763079990
41763079944
41763079683
41763079929
41763079788
41763079593
41763079553
41763079983
41763079669
41763079749
41763079790
41763079373
41763079489
41763079614
41763079726
41763079994
41763079997
41763079606
41763079883
41763079644
41763079582
41763079864
41763079674
41763079773
41763079780
41763079789
41763079812
41763079781
41763079395
41763079930
41763079934
41763079811
41763079792
41763079605
41763079938
41763079961
41763079993
41763079570
41763079699
41763079778
41763079856
41763079700
41763079966
41763079823
41763079880
41763079903
41763079945
41763079926
41763079896
41763079829
41763079576
41763079701
41763079721
41763079980
41763079774
41763079996
41763079799
41763079660
41763079923
41763079979
41763079598
41763079624
41763079974
41763079708
41763079987
41763073008
41763073009
41763073031
41763073013
41763073003
41763073001
41763073004
41763073015
41763073007
41763073019
41763073030
41763073023
41763073095
41763073119
41763073123
41763073132
41763073144
41763073083
41763073072
41763073069
41763073080
41763073047
41763073122
41763073244
41763073040
41763073066
41763073093
41763073128
41763073036
41763073333
41763073143
41763073358
41763073150
41763073322
41763073177
41763073049
41763073118
41763073084
41763073099
41763073081
41763073323
41763073458
41763073071
41763073288
41763073243
41763073307
41763073139
41763073357
41763073100
41763073065
41763073183
41763073472
41763073203
41763073174
41763073228
41763073058
41763073038
41763073103
41763073257
41763073138
41763073453
41763073222
41763073331
41763073221
41763073074
41763073207
41763073369
41763073034
41763073094
41763073102
41763073068
41763073186
41763073329
41763073070
41763073104
41763073269
41763073197
41763073114
41763073389
41763073130
41763073204
41763073261
41763073077
41763073208
41763073107
41763073230
41763073507
41763073457
41763073151
41763073565
41763073309
41763073112
41763073390
41763073366
41763073176
41763073460
41763073392
41763073306
41763073592
41763073255
41763073442
41763073436
41763073636
41763073108
41763073246
41763073283
41763073496
41763073188
41763073133
41763073455
41763073652
41763073351
41763073167
41763073238
41763073480
41763073393
41763073553
41763073744
41763073798
41763073148
41763073509
41763073054
41763073205
41763073687
41763073399
41763073690
41763073303
41763073115
41763073857
41763073748
41763073942
41763073234
41763073268
41763073454
41763073067
41763073170
41763073421
41763073535
41763073556
41763073312
41763073264
41763073774
41763073262
41763073341
41763073282
41763073751
41763073754
41763073549
41763073388
41763073175
41763073286
41763073346
41763073836
41763073628
41763073294
41763073567
41763073443
41763073420
41763073732
41763073120
41763073505
41763073487
41763073444
41763073126
41763073559
41763073743
41763073450
41763073670
41763073588
41763073410
41763073468
41763073359
41763073324
41763073319
41763073435
41763073311
41763073500
41763073198
41763073449
41763073300
41763073773
41763073662
41763073430
41763073434
41763073943
41763073776
41763073930
41763073214
41763073760
41763073715
41763073555
41763073545
41763073666
41763073569
41763073202
41763073523
41763073225
41763073165
41763073793
41763073721
41763073638
41763073644
41763073470
41763073418
41763073537
41763073356
41763073607
41763073738
41763073673
41763073830
41763073540
41763073654
41763073499
41763073452
41763073676
41763073475
41763073551
41763073693
41763073618
41763073332
41763073166
41763073713
41763073822
41763073464
41763073814
41763073459
41763073792
41763073566
41763073648
41763073612
41763073691
41763073663
41763073528
41763073672
41763073993
41763073941
41763073807
41763073615
41763073630
41763073768
41763073779
41763073542
41763073968
41763073707
41763073772
41763073364
41763073336
41763073611
41763073741
41763073800
41763073816
41763073710
41763073293
41763073647
41763073920
41763073884
41763073599
41763073525
41763073466
41763073304
41763073440
41763073989
41763073840
41763073819
41763073682
41763073749
41763073338
41763073462
41763073784
41763073552
41763073835
41763073829
41763073737
41763073832
41763073806
41763073842
41763073880
41763073575
41763073601
41763073753
41763073337
41763073882
41763073939
41763073685
41763073805
41763073786
41763073919
41763073720
41763073849
41763073959
41763073924
41763073911
41763073861
41763073657
41763073940
41763073937
41763073843
41763073585
41763073808
41763073729
41763073677
41763073778
41763073734
41763073833
41763073723
41763073991
41763073979
41763073952
41763073658
41763073917
41763073476
41763073581
41763073954
41763073988
41763073848
41763073704
41763073892
41763073711
41763073826
41763073929
41763073974
41763073879
41763073755
41763073878
41763073995
41763073770
41763073898
41763073617
41763073520
41763073970
41763073763
41763073722
41763073987
41763073985
41763073199
41763073223
41763073828
41763073237
41763073536
41763073990
41763071004
41763071020
41763071008
41763071025
41763071002
41763071024
41763071023
41763071015
41763071032
41763071011
41763071012
41763071010
41763071017
41763071014
41763071018
41763071016
41763071204
41763071088
41763071103
41763071100
41763071073
41763071084
41763071096
41763071085
41763071046
41763071137
41763071040
41763071355
41763071038
41763071124
41763071145
41763071086
41763071082
41763071130
41763071138
41763071339
41763071206
41763071051
41763071267
41763071109
41763071104
41763071197
41763071110
41763071213
41763071126
41763071222
41763071081
41763071056
41763071224
41763071309
41763071080
41763071048
41763071427
41763071388
41763071212
41763071169
41763071237
41763071147
41763071410
41763071228
41763071166
41763071071
41763071123
41763071220
41763071280
41763071045
41763071250
41763071308
41763071101
41763071120
41763071087
41763071127
41763071154
41763071421
41763071129
41763071413
41763071196
41763071102
41763071107
41763071144
41763071184
41763071216
41763071243
41763071343
41763071201
41763071676
41763071424
41763071061
41763071115
41763071295
41763071247
41763071372
41763071069
41763071097
41763071411
41763071209
41763071240
41763071356
41763071274
41763071044
41763071227
41763071185
41763071050
41763071055
41763071225
41763071118
41763071167
41763071188
41763071175
41763071157
41763071230
41763071105
41763071281
41763071452
41763071108
41763071210
41763071304
41763071214
41763071238
41763071381
41763071391
41763071264
41763071315
41763071215
41763071099
41763071517
41763071581
41763071203
41763071133
41763071078
41763071271
41763071550
41763071193
41763071409
41763071116
41763071442
41763071244
41763071070
41763071288
41763071301
41763071259
41763071276
41763071183
41763071494
41763071278
41763071335
41763071978
41763071376
41763071218
41763071313
41763071318
41763071254
41763071830
41763071602
41763071328
41763071268
41763071926
41763071149
41763071511
41763071383
41763071283
41763071344
41763071650
41763071320
41763071223
41763071263
41763071390
41763071350
41763071170
41763071500
41763071702
41763071359
41763071457
41763071428
41763071347
41763071354
41763071417
41763071551
41763071844
41763071484
41763071810
41763071861
41763071317
41763071422
41763071973
41763071373
41763071727
41763071245
41763071299
41763071229
41763071407
41763071622
41763071514
41763071718
41763071493
41763071306
41763071567
41763071199
41763071310
41763071456
41763071541
41763071177
41763071148
41763071140
41763071341
41763071275
41763071566
41763071255
41763071162
41763071752
41763071303
41763071677
41763071688
41763071504
41763071927
41763071380
41763071787
41763071423
41763071660
41763071508
41763071231
41763071712
41763071419
41763071772
41763071316
41763071425
41763071325
41763071964
41763071307
41763071603
41763071708
41763071532
41763071342
41763071270
41763071563
41763071482
41763071290
41763071527
41763071586
41763071723
41763071445
41763071314
41763071437
41763071701
41763071397
41763071894
41763071536
41763071375
41763071128
41763071396
41763071780
41763071499
41763071406
41763071414
41763071805
41763071305
41763071505
41763071531
41763071534
41763071555
41763071905
41763071518
41763071460
41763071995
41763071300
41763071467
41763071294
41763071520
41763071612
41763071584
41763071574
41763071607
41763071553
41763071143
41763071408
41763071486
41763071878
41763071510
41763071521
41763071709
41763071506
41763071464
41763071635
41763071972
41763071472
41763071667
41763071700
41763071515
41763071666
41763071900
41763071715
41763071279
41763071604
41763071799
41763071588
41763071554
41763071893
41763071434
41763071829
41763071696
41763071525
41763071691
41763071538
41763071577
41763071357
41763071608
41763071908
41763071763
41763071896
41763071818
41763071909
41763071590
41763071548
41763071485
41763071516
41763071613
41763071401
41763071592
41763071765
41763071412
41763071535
41763071470
41763071615
41763071785
41763071954
41763071910
41763071360
41763071619
41763071386
41763071606
41763071957
41763071850
41763071200
41763071476
41763071678
41763071644
41763071823
41763071798
41763071848
41763071770
41763071734
41763071962
41763071661
41763071713
41763071936
41763071898
41763071529
41763071981
41763071918
41763071767
41763071925
41763071710
41763071946
41763071853
41763071815
41763071915
41763071881
41763071717
41763071956
41763071595
41763071817
41763071938
41763071760
41763071812
41763071804
41763071783
41763071970
41763071872
41763071931
41763071902
41763071969
41763071827
41763071736
41763071990
41763071771
41763071793
41763071991
41763071958
41763071773
41763071519
41763071899
41763071720
41763071963
41763071870
41763071935
41763071852
41763071866
41763071912
41763071775
41763071819
41763071967
41763071821
41763071616
41763071795
41763071930
41763071996
41763071857
41763071681
41763071907
41763071952
41763071802
41763071707
41763071955
41763071806
41763071939
41763071847
41763071774
41763071680
41763071960
41763071624
41763071916
41763071429
41763071776
41763071974
41763071977
41763071886
41763071945
41763071738
41763071906
41763071933
41763071959
41763071922
41763072000
41763072005
41763072032
41763072009
41763072011
41763072027
41763072007
41763072022
41763072004
41763072002
41763072021
41763072018
41763072029
41763072012
41763072025
41763072014
41763072020
41763072015
41763072024
41763072001
41763072008
41763072003
41763072026
41763072017
41763072090
41763072053
41763072034
41763072107
41763072037
41763072041
41763072082
41763072088
41763072103
41763072124
41763072156
41763072058
41763072064
41763072065
41763072191
41763072194
41763072117
41763072105
41763072040
41763072163
41763072059
41763072284
41763072218
41763072288
41763072074
41763072106
41763072111
41763072206
41763072050
41763072079
41763072108
41763072138
41763072308
41763072086
41763072120
41763072357
41763072104
41763072060
41763072133
41763072238
41763072214
41763072148
41763072150
41763072208
41763072242
41763072255
41763072178
41763072048
41763072301
41763072101
41763072285
41763072157
41763072230
41763072155
41763072209
41763072102
41763072062
41763072240
41763072235
41763072182
41763072110
41763072100
41763072049
41763072223
41763072185
41763072160
41763072304
41763072224
41763072158
41763072144
41763072169
41763072200
41763072307
41763072257
41763072174
41763072225
41763072316
41763072296
41763072078
41763072313
41763072219
41763072310
41763072145
41763072216
41763072300
41763072280
41763072236
41763072096
41763072173
41763072204
41763072239
41763072344
41763072334
41763072197
41763072289
41763072340
41763072123
41763072309
41763072201
41763072181
41763072294
41763072245
41763072306
41763072215
41763072172
41763072212
41763072354
41763072268
41763072188
41763072226
41763072196
41763072270
41763072228
41763072338
41763072234
41763072311
41763072159
41763072261
41763072232
41763072252
41763072298
41763072221
41763072329
41763072356
41763072277
41763072302
41763072355
41763072312
41763072325
41763072287
41763072279
41763072276
41763072375
41763072365
41763072363
41763072377
41763072372
41763072374
41763072373
41763072371
41763072370
41763072427
41763072559
41763072423
41763072535
41763072398
41763072416
41763072409
41763072475
41763072399
41763072407
41763072406
41763072435
41763072403
41763072461
41763072458
41763072465
41763072515
41763072400
41763072460
41763072425
41763072405
41763072432
41763072555
41763072453
41763072463
41763072540
41763072486
41763072411
41763072474
41763072522
41763072450
41763072410
41763072441
41763072507
41763072650
41763072511
41763072431
41763072391
41763072677
41763072712
41763072560
41763072478
41763072546
41763072612
41763072466
41763072518
41763072611
41763072621
41763072572
41763072443
41763072408
41763072634
41763072506
41763072454
41763072529
41763072693
41763072603
41763072614
41763072439
41763072484
41763072554
41763072671
41763072663
41763072583
41763072602
41763072584
41763072601
41763072468
41763072494
41763072493
41763072508
41763072628
41763072488
41763072594
41763072635
41763072659
41763072697
41763072462
41763072608
41763072527
41763072581
41763072640
41763072444
41763072676
41763072471
41763072553
41763072574
41763072422
41763072668
41763072537
41763072644
41763072664
41763072605
41763072609
41763072397
41763072710
41763072556
41763072563
41763072569
41763072688
41763072633
41763072510
41763072700
41763072707
41763072622
41763072496
41763072699
41763072652
41763072696
41763072714
41763072525
41763072597
41763072686
41763072680
41763072542
41763072604
41763072669
41763072545
41763072661
41763072595
41763072533
41763072636
41763072524
41763072708
41763072501
41763072589
41763072709
41763072666
41763072711
41763072689
41763072637
41763072655
41763072509
41763072706
41763072690
41763072705
41763072767
41763072718
41763072720
41763072717
41763072772
41763072766
41763072728
41763072739
41763072748
41763072719
41763072724
41763072732
41763072722
41763072742
41763072750
41763072721
41763072774
41763072734
41763072730
41763072757
41763072745
41763072762
41763072768
41763072731
41763072755
41763072799
41763072834
41763072787
41763072808
41763072806
41763072837
41763072807
41763072803
41763072804
41763072820
41763072818
41763072835
41763072836
41763072792
41763072790
41763072811
41763072825
41763072856
41763072841
41763072802
41763072846
41763072796
41763072852
41763072844
41763072817
41763072793
41763072828
41763072779
41763072784
41763072778
41763072838
41763072853
41763072827
41763072805
41763072781
41763072821
41763072832
41763072789
41763072840
41763072812
41763072810
41763072788
41763072862
41763072867
41763072901
41763072908
41763072900
41763072915
41763072905
41763072929
41763072921
41763072882
41763072910
41763072877
41763072890
41763072885
41763072881
41763072876
41763072919
41763072894
41763072899
41763072926
41763072913
41763072880
41763072909
41763072870
41763072895
41763072886
41763072911
41763072893
41763072898
41763072953
41763072935
41763072942
41763072973
41763072944
41763072976
41763072969
41763072958
41763072931
41763072937
41763072957
41763072939
41763072977
41763072945
41763072933
41763072975
41763072970
41763072967
41763072966
41763072955
41763072996
41763072998
41763072999
41763072985
41763072993
41763072989
41763072991
41763078000
41763078014
41763078007
41763078003
41763078019
41763078030
41763078182
41763078210
41763078195
41763078011
41763078015
41763078039
41763078080
41763078068
41763078004
41763078186
41763078025
41763078042
41763078006
41763078094
41763078008
41763078058
41763078161
41763078063
41763078010
41763078236
41763078057
41763078070
41763078403
41763078031
41763078088
41763078133
41763078327
41763078363
41763078176
41763078386
41763078045
41763078069
41763078052
41763078047
41763078278
41763078005
41763078173
41763078016
41763078109
41763078089
41763078114
41763078085
41763078294
41763078101
41763078054
41763078081
41763078066
41763078141
41763078452
41763078134
41763078044
41763078388
41763078129
41763078291
41763078091
41763078448
41763078231
41763078302
41763078422
41763078556
41763078090
41763078119
41763078159
41763078338
41763078152
41763078160
41763078476
41763078384
41763078171
41763078135
41763078248
41763078301
41763078406
41763078318
41763078211
41763078102
41763078241
41763078235
41763078028
41763078166
41763078229
41763078038
41763078142
41763078254
41763078170
41763078635
41763078155
41763078626
41763078378
41763078298
41763078250
41763078329
41763078753
41763078247
41763078638
41763078287
41763078188
41763078260
41763078584
41763078594
41763078275
41763078137
41763078284
41763078282
41763078196
41763078224
41763078580
41763078526
41763078570
41763078374
41763078375
41763078183
41763078337
41763078300
41763078191
41763078508
41763078277
41763078313
41763078733
41763078581
41763078465
41763078193
41763078767
41763078293
41763078322
41763078455
41763078671
41763078389
41763078328
41763078214
41763078713
41763078750
41763078497
41763078075
41763078454
41763078554
41763078366
41763078788
41763078673
41763078489
41763078645
41763078357
41763078172
41763078704
41763078245
41763078381
41763078151
41763078728
41763078228
41763078861
41763078306
41763078609
41763078529
41763078180
41763078435
41763078587
41763078503
41763078484
41763078334
41763078708
41763078855
41763078759
41763078809
41763078632
41763078522
41763078669
41763078830
41763078849
41763078839
41763078605
41763078614
41763078585
41763078506
41763078615
41763078738
41763078783
41763078729
41763078691
41763078227
41763078261
41763078616
41763078332
41763078679
41763078571
41763078787
41763078237
41763078786
41763078482
41763078279
41763078790
41763078810
41763078420
41763078805
41763078763
41763078930
41763078735
41763078800
41763078163
41763078970
41763078371
41763078972
41763078238
41763078684
41763078373
41763078620
41763078493
41763078319
41763078795
41763078586
41763078683
41763078864
41763078340
41763078765
41763078863
41763078824
41763078730
41763078979
41763078464
41763078335
41763078862
41763078575
41763078893
41763078640
41763078757
41763078565
41763078440
41763078718
41763078953
41763078527
41763078943
41763078699
41763078692
41763078748
41763078815
41763078624
41763078851
41763078582
41763078542
41763078715
41763078364
41763078857
41763078491
41763078844
41763078712
41763078752
41763078974
41763078827
41763078561
41763078996
41763078915
41763078705
41763078840
41763078902
41763078721
41763078897
41763078837
41763078660
41763078923
41763078710
41763078685
41763078990
41763078737
41763078501
41763078365
41763078917
41763078875
41763078697
41763078955
41763078907
41763078828
41763078986
41763078707
41763078859
41763078852
41763078806
41763078773
41763078922
41763078860
41763078820
41763078920
41763078780
41763078598
41763078933
41763078950
41763078977
41763078910
41763078939
41763078886
41763078935
41763078921
41763078232
41763078888
41763078945
41763078472
41763078898
41763078761
41763078400
41763078976
41763078646
41763078866
41763078835
41763078895
41763078900
41763078446
41763078804
41763078509
41763078822
41763078841
41763078819
41763078919
41763078848
41763078569
41763078904
41763078833
41763078678
41763078878
41763078887
41763078925
41763078812
41763078971
41763077000
41763077020
41763077005
41763077013
41763077021
41763077014
41763077024
41763077010
41763077001
41763077008
41763077027
41763077002
41763077026
41763077012
41763077004
41763077015
41763077031
41763077025
41763077084
41763077122
41763077080
41763077076
41763077334
41763077117
41763077183
41763077097
41763077042
41763077071
41763077094
41763077151
41763077041
41763077141
41763077053
41763077060
41763077200
41763077327
41763077058
41763077099
41763077134
41763077246
41763077265
41763077111
41763077155
41763077227
41763077222
41763077131
41763077292
41763077175
41763077314
41763077090
41763077116
41763077135
41763077225
41763077056
41763077258
41763077167
41763077125
41763077259
41763077220
41763077204
41763077260
41763077046
41763077128
41763077171
41763077101
41763077194
41763077229
41763077148
41763077283
41763077113
41763077108
41763077079
41763077100
41763077102
41763077064
41763077088
41763077143
41763077269
41763077130
41763077252
41763077140
41763077089
41763077285
41763077221
41763077160
41763077072
41763077313
41763077114
41763077112
41763077239
41763077104
41763077208
41763077284
41763077154
41763077302
41763077215
41763077144
41763077233
41763077315
41763077164
41763077195
41763077262
41763077217
41763077161
41763077350
41763077290
41763077300
41763077169
41763077264
41763077074
41763077127
41763077320
41763077210
41763077152
41763077289
41763077176
41763077207
41763077321
41763077196
41763077333
41763077250
41763077107
41763077085
41763077156
41763077324
41763077330
41763077212
41763077347
41763077328
41763077245
41763077178
41763077337
41763077310
41763077382
41763077376
41763077362
41763077370
41763077360
41763077351
41763077375
41763077436
41763077490
41763077522
41763077577
41763077439
41763077393
41763077386
41763077645
41763077395
41763077487
41763077403
41763077434
41763077563
41763077452
41763077580
41763077387
41763077388
41763077558
41763077391
41763077474
41763077480
41763077412
41763077418
41763077475
41763077616
41763077506
41763077476
41763077545
41763077405
41763077470
41763077671
41763077665
41763077501
41763077453
41763077687
41763077485
41763077694
41763077686
41763077666
41763077413
41763077543
41763077544
41763077402
41763077448
41763077384
41763077396
41763077411
41763077484
41763077425
41763077404
41763077571
41763077488
41763077410
41763077576
41763077400
41763077641
41763077491
41763077430
41763077624
41763077572
41763077478
41763077417
41763077674
41763077426
41763077513
41763077621
41763077573
41763077574
41763077455
41763077464
41763077503
41763077481
41763077578
41763077640
41763077650
41763077441
41763077688
41763077695
41763077680
41763077557
41763077608
41763077697
41763077684
41763077442
41763077630
41763077672
41763077656
41763077420
41763077689
41763077435
41763077664
41763077593
41763077604
41763077646
41763077675
41763077599
41763077696
41763077546
41763077581
41763077668
41763077682
41763077676
41763077582
41763077538
41763077519
41763077550
41763077653
41763077648
41763077654
41763077693
41763077651
41763077627
41763077658
41763077722
41763077715
41763077704
41763077719
41763077723
41763077727
41763077717
41763077724
41763077711
41763077714
41763077701
41763077708
41763077718
41763077709
41763077712
41763077720
41763077713
41763077726
41763077710
41763077752
41763077733
41763077762
41763077769
41763077788
41763077786
41763077742
41763077748
41763077790
41763077784
41763077761
41763077741
41763077746
41763077750
41763077736
41763077757
41763077732
41763077759
41763077737
41763077731
41763077764
41763077755
41763077768
41763077749
41763077763
41763077774
41763077783
41763077782
41763077794
41763077822
41763077806
41763077831
41763077795
41763077793
41763077791
41763077814
41763077810
41763077803
41763077843
41763077796
41763077798
41763077826
41763077874
41763077872
41763077858
41763077800
41763077835
41763077849
41763077808
41763077842
41763077818
41763077863
41763077870
41763077799
41763077825
41763077846
41763077833
41763077865
41763077845
41763077873
41763077876
41763077857
41763077812
41763077868
41763077886
41763077899
41763077926
41763077888
41763077904
41763077907
41763077938
41763077883
41763077884
41763077911
41763077879
41763077895
41763077885
41763077887
41763077894
41763077880
41763077882
41763077909
41763077910
41763077939
41763077898
41763077919
41763077897
41763077900
41763077969
41763077972
41763077968
41763077955
41763077949
41763077943
41763077954
41763077959
41763077941
41763077991
41763077993
41763077996
41763077998
41763077997
41763077999
41763077987
41763077994
41763077979
41763077974
41763077978
41763077973
41763077995
41763077976
41763077984
41763077982
