41763565041
41763565057
41763565052
41763565051
41763565054
41763565055
41763565056
41763565333
41763565053
41763565511
41763565403
41763565600
41763565337
41763565334
41763565763
41763565400
41763565541
41763565338
41763565798
41763565336
41763565782
41763565724
41763565530
41763565405
41763565340
41763565331
41763565774
41763565784
41763565570
41763565720
41763565781
41763565745
41763565534
41763565764
41763565560
41763565500
41763565460
41763565732
41763565731
41763565505
41763565734
41763565754
41763565721
41763565728
41763565743
41763565761
41763565752
41763565729
41763565499
41763565354
41763565777
41763565580
41763565769
41763565788
41763565559
41763565407
41763565767
41763565766
41763565751
41763565793
41763565487
41763565775
41763565755
41763565725
41763565402
41763565776
41763565531
41763565723
41763565583
41763565749
41763565722
41763565794
41763565750
41763565760
41763565770
41763565744
41763565762
41763565783
41763565789
41763565742
41763565759
41763565780
41763565765
41763564006
41763564017
41763564009
41763564020
41763564007
41763564015
41763564005
41763564013
41763564010
41763564032
41763564027
41763564021
41763564026
41763564023
41763564002
41763564031
41763564019
41763564004
41763564054
41763564059
41763564158
41763564037
41763564040
41763564035
41763564043
41763564046
41763564075
41763564099
41763564058
41763564163
41763564137
41763564052
41763564114
41763564039
41763564411
41763564250
41763564290
41763564063
41763564117
41763564106
41763564101
41763564098
41763564388
41763564060
41763564490
41763564421
41763564115
41763564440
41763564195
41763564350
41763564274
41763564317
41763564531
41763564118
41763564232
41763564237
41763564610
41763564553
41763564439
41763564498
41763564447
41763564340
41763564590
41763564121
41763564413
41763564589
41763564648
41763564446
41763564308
41763564404
41763564499
41763564343
41763564220
41763564539
41763564528
41763564480
41763564157
41763564247
41763564493
41763564642
41763564596
41763564651
41763564409
41763564348
41763564625
41763564612
41763564626
41763564622
41763564444
41763564560
41763564544
41763564361
41763564336
41763564577
41763564548
41763564342
41763564689
41763564565
41763564563
41763564652
41763564405
41763564272
41763564635
41763564190
41763564601
41763564618
41763564486
41763564403
41763564600
41763564650
41763564546
41763564649
41763564637
41763564676
41763564363
41763564688
41763564557
41763564475
41763564476
41763564684
41763564638
41763564530
41763564545
41763564419
41763564452
41763564477
41763564445
41763564646
41763564693
41763564537
41763564304
41763564462
41763564632
41763564555
41763564535
41763564559
41763564255
41763564484
41763564542
41763564614
41763564554
41763564672
41763564572
41763564436
41763564441
41763564467
41763564540
41763564463
41763564595
41763564607
41763564645
41763564349
41763564615
41763564654
41763564678
41763566005
41763566007
41763566023
41763566021
41763566024
41763566088
41763566035
41763566050
41763566666
41763560000
41763560001
41763560005
41763560026
41763560019
41763560007
41763560002
41763560024
41763560017
41763560020
41763560073
41763560072
41763560059
41763560120
41763560265
41763560063
41763560101
41763560117
41763560109
41763560095
41763560033
41763560157
41763560161
41763560181
41763560177
41763560071
41763560103
41763560107
41763560113
41763560084
41763560194
41763560096
41763560266
41763560197
41763560139
41763560124
41763560251
41763560064
41763560195
41763560090
41763560126
41763560087
41763560214
41763560075
41763560223
41763560119
41763560080
41763560129
41763560294
41763560115
41763560111
41763560062
41763560168
41763560242
41763560187
41763560070
41763560240
41763560106
41763560219
41763560074
41763560234
41763560114
41763560068
41763560203
41763560131
41763560230
41763560121
41763560104
41763560228
41763560100
41763560215
41763560276
41763560207
41763560227
41763560299
41763560256
41763560291
41763560108
41763560268
41763560196
41763560102
41763560275
41763560130
41763560233
41763560249
41763560204
41763560261
41763560122
41763560248
41763560188
41763560280
41763560224
41763560206
41763560273
41763560208
41763560186
41763560229
41763560210
41763560232
41763560123
41763560290
41763560277
41763560298
41763560278
41763560286
41763560199
41763560201
41763560374
41763560570
41763560690
41763560835
41763560865
41763569000
41763569014
41763569028
41763569021
41763569011
41763569010
41763569007
41763569012
41763569018
41763569013
41763569046
41763569109
41763569170
41763569108
41763569060
41763569038
41763569048
41763569111
41763569077
41763569036
41763569033
41763569090
41763569147
41763569406
41763569229
41763569236
41763569402
41763569411
41763569300
41763569165
41763569234
41763569615
41763569339
41763569205
41763569401
41763569122
41763569190
41763569162
41763569909
41763569450
41763569100
41763569118
41763569410
41763569902
41763569451
41763569180
41763569181
41763569408
41763569200
41763569199
41763569631
41763569201
41763569612
41763569191
41763569210
41763569456
41763569903
41763569454
41763569255
41763569504
41763569230
41763569233
41763569503
41763569956
41763569453
41763569619
41763569441
41763569235
41763569416
41763569660
41763569419
41763569962
41763569671
41763569961
41763569963
41763569614
41763569906
41763569585
41763569608
41763569664
41763569611
41763569400
41763569676
41763569587
41763569964
41763569901
41763563093
41763563097
41763563094
41763563324
41763563175
41763563180
41763563196
41763563542
41763563318
41763563098
41763563307
41763563317
41763563677
41763563310
41763563656
41763563660
41763563301
41763563598
41763563095
41763563594
41763563623
41763563558
41763563661
41763563734
41763563602
41763563580
41763563153
41763563325
41763563564
41763563625
41763563577
41763563554
41763563302
41763563685
41763563096
41763563578
41763563303
41763563323
41763563643
41763563319
41763563728
41763563743
41763563628
41763563555
41763563571
41763563584
41763563704
41763563655
41763563615
41763563708
41763563606
41763563697
41763563614
41763563601
41763563634
41763563687
41763563613
41763563740
41763563595
41763563712
41763563627
41763563574
41763563694
41763563676
41763563691
41763563738
41763563714
41763563583
41763563641
41763563550
41763563427
41763563970
41763563322
41763563654
41763563651
41763563701
41763563616
41763563669
41763563695
41763563690
41763563556
41763563629
41763563650
41763563700
41763563725
41763563621
41763563582
41763563673
41763563707
41763563447
41763563709
41763563706
41763563665
41763563946
41763563727
41763563630
41763563710
41763563964
41763563731
41763563729
41763563581
41763563552
41763561012
41763561031
41763561010
41763561008
41763561016
41763561025
41763561004
41763561024
41763561027
41763561000
41763561032
41763561043
41763561098
41763561039
41763561193
41763561073
41763561037
41763561061
41763561150
41763561154
41763561112
41763561081
41763561096
41763561155
41763561070
41763561269
41763561092
41763561199
41763561225
41763561289
41763561106
41763561088
41763561219
41763561172
41763561127
41763561099
41763561130
41763561197
41763561033
41763561114
41763561105
41763561121
41763561068
41763561097
41763561186
41763561115
41763561103
41763561324
41763561120
41763561149
41763561231
41763561350
41763561192
41763561174
41763561138
41763561113
41763561071
41763561047
41763561152
41763561055
41763561083
41763561110
41763561171
41763561173
41763561194
41763561252
41763561163
41763561056
41763561249
41763561264
41763561064
41763561045
41763561085
41763561335
41763561144
41763561259
41763561109
41763561233
41763561178
41763561104
41763561208
41763561329
41763561254
41763561230
41763561336
41763561345
41763561072
41763561211
41763561125
41763561175
41763561147
41763561320
41763561145
41763561285
41763561260
41763561095
41763561337
41763561212
41763561316
41763561118
41763561210
41763561271
41763561156
41763561343
41763561207
41763561333
41763561146
41763561325
41763561169
41763561275
41763561248
41763561332
41763561326
41763561179
41763561270
41763561203
41763561048
41763561279
41763561059
41763561139
41763561216
41763561367
41763561354
41763561356
41763561376
41763561355
41763561374
41763561379
41763561204
41763561250
41763561253
41763561044
41763561116
41763561119
41763561340
41763561531
41763561399
41763561445
41763561397
41763561404
41763561543
41763561496
41763561498
41763561567
41763561446
41763561550
41763561392
41763561398
41763561448
41763561409
41763561530
41763561459
41763561470
41763561537
41763561487
41763561661
41763561439
41763561501
41763561401
41763561434
41763561465
41763561471
41763561665
41763561435
41763561560
41763561417
41763561551
41763561664
41763561469
41763561474
41763561489
41763561569
41763561640
41763561698
41763561686
41763561681
41763561558
41763561545
41763561659
41763561674
41763561627
41763561671
41763561318
41763561344
41763561375
41763561744
41763561724
41763561735
41763561715
41763561743
41763561717
41763561750
41763561756
41763561327
41763561534
41763561781
41763561806
41763561840
41763561808
41763561815
41763561807
41763561768
41763561843
41763561809
41763561826
41763561766
41763561769
41763561831
41763561814
41763561828
41763561834
41763561804
41763561827
41763561741
41763561856
41763561899
41763561874
41763561853
41763561884
41763561857
41763561880
41763561402
41763561914
41763561962
41763561942
41763561937
41763561983
41763561973
41763561987
41763561979
41763561997
41763561988
41763561891
41763562023
41763562022
41763562032
41763562018
41763562020
41763562019
41763562047
41763562045
41763562087
41763562081
41763562105
41763562111
41763562229
41763562138
41763562184
41763562234
41763562154
41763562086
41763562164
41763562046
41763562158
41763562370
41763562094
41763562067
41763562078
41763562044
41763562071
41763562059
41763562291
41763562168
41763562269
41763562036
41763562255
41763562202
41763562103
41763562216
41763562088
41763562127
41763562052
41763562146
41763562085
41763562090
41763562343
41763562278
41763562137
41763562135
41763562214
41763562125
41763562208
41763562126
41763562270
41763562134
41763562156
41763562096
41763562309
41763562179
41763562218
41763562066
41763562082
41763562336
41763562322
41763562152
41763562204
41763562746
41763562198
41763562147
41763562279
41763562252
41763562569
41763562341
41763562159
41763562084
41763562272
41763562261
41763562740
41763562447
41763562313
41763562275
41763562914
41763562213
41763562418
41763562737
41763562311
41763562160
41763562371
41763562365
41763562195
41763562098
41763562074
41763562470
41763562586
41763562381
41763562453
41763562221
41763562902
41763562277
41763562183
41763562352
41763562206
41763562199
41763562185
41763562500
41763562247
41763562083
41763562369
41763562228
41763562498
41763562644
41763562892
41763562670
41763562244
41763562410
41763562423
41763562196
41763562505
41763562419
41763562347
41763562232
41763562186
41763562314
41763562331
41763562363
41763562426
41763562357
41763562475
41763562871
41763562486
41763562451
41763562528
41763562452
41763562862
41763562756
41763562290
41763562364
41763562965
41763562463
41763562420
41763562935
41763562226
41763562682
41763562465
41763562415
41763562657
41763562462
41763562949
41763562374
41763562461
41763562609
41763562442
41763562231
41763562934
41763562686
41763562748
41763562445
41763562969
41763562916
41763562755
41763562882
41763562783
41763562514
41763562024
41763562825
41763562903
41763562703
41763562930
41763562924
41763562458
41763562970
41763562907
41763562683
41763562861
41763562957
41763562467
41763562922
41763562522
41763562960
41763562340
41763562718
41763562383
41763562723
41763562976
41763562964
41763562584
41763562968
41763562823
41763562128
41763562983
41763562777
41763562977
41763562672
41763562656
41763562973
41763562828
41763562975
41763562855
41763562436
41763562946
41763562971
41763562997
41763562915
41763562990
41763562880
41763562909
41763562570
41763562987
41763562879
41763562974
41763562962
41763562944
41763562948
41763562628
41763562958
41763562811
41763562994
41763562950
41763568000
41763568022
41763568017
41763568094
41763568075
41763568111
41763568121
41763568115
41763568130
41763568126
41763568131
41763568150
41763568374
41763568238
41763568127
41763568132
41763568123
41763568309
41763568119
41763568284
41763568301
41763568122
41763568193
41763568322
41763568303
41763568118
41763568241
41763568402
41763568191
41763568192
41763568180
41763568129
41763568228
41763568201
41763568318
41763568291
41763568147
41763568070
41763568145
41763568171
41763568288
41763568376
41763568257
41763568226
41763568196
41763568140
41763568141
41763568300
41763568138
41763568220
41763568223
41763568175
41763568254
41763568222
41763568387
41763568411
41763568219
41763568424
41763568252
41763568354
41763568199
41763568160
41763568622
41763568139
41763568386
41763568069
41763568460
41763568216
41763568255
41763568242
41763568601
41763568364
41763568691
41763568088
41763568234
41763568251
41763568085
41763568672
41763568380
41763568738
41763568224
41763568274
41763568227
41763568324
41763568690
41763568317
41763568158
41763568185
41763568240
41763568181
41763568283
41763568290
41763568282
41763568307
41763568701
41763568179
41763568484
41763568681
41763568521
41763568666
41763568154
41763568669
41763568277
41763568488
41763568235
41763568142
41763568795
41763568278
41763568323
41763568385
41763568668
41763568661
41763568851
41763568128
41763568830
41763568289
41763568247
41763568877
41763568272
41763568394
41763568485
41763568991
41763568664
41763568176
41763568887
41763568720
41763568606
41763568498
41763568901
41763568632
41763568233
41763568767
41763568600
41763568711
41763568604
41763568737
41763568883
41763568377
41763568997
41763568339
41763568603
41763568977
41763568494
41763568602
41763568621
41763568700
41763568871
41763568731
41763568996
41763568729
41763568687
41763568885
41763568736
41763568184
41763568880
41763568886
41763568721
41763568900
41763568994
41763568989
41763568992
41763568922
41763568787
41763568733
41763568647
41763568828
41763568899
41763567171
41763567246
41763567062
41763567111
41763567104
41763567134
41763567105
41763567185
41763567138
41763567140
41763567121
41763567143
41763567289
41763567058
41763567036
41763567133
41763567101
41763567173
41763567340
41763567227
41763567216
41763567274
41763567281
41763567218
41763567152
41763567158
41763567147
41763567123
41763567045
41763567161
41763567135
41763567415
41763567149
41763567145
41763567193
41763567132
41763567151
41763567526
41763567284
41763567320
41763567367
41763567137
41763567262
41763567120
41763567189
41763567331
41763567205
41763567569
41763567214
41763567229
41763567240
41763567392
41763567280
41763567210
41763567682
41763567222
41763567115
41763567463
41763567287
41763567176
41763567505
41763567560
41763567198
41763567254
41763567709
41763567224
41763567144
41763567293
41763567343
41763567769
41763567301
41763567153
41763567357
41763567195
41763567155
41763567172
41763567191
41763567335
41763567474
41763567276
41763567590
41763567371
41763567179
41763567292
41763567899
41763567557
41763567869
41763567228
41763567535
41763567700
41763567181
41763567348
41763567362
41763567314
41763567249
41763567342
41763567410
41763567382
41763567630
41763567677
41763567508
41763567346
41763567329
41763567295
41763567316
41763567186
41763567279
41763567543
41763567502
41763567603
41763567423
41763567265
41763567398
41763567238
41763567421
41763567542
41763567775
41763567306
41763567162
41763567317
41763567168
41763567248
41763567388
41763567893
41763567300
41763567352
41763567766
41763567408
41763567931
41763567778
41763567726
41763567673
41763567225
41763567621
41763567752
41763567546
41763567425
41763567397
41763567250
41763567601
41763567256
41763567821
41763567657
41763567221
41763567449
41763567656
41763567789
41763567667
41763567622
41763567635
41763567611
41763567180
41763567445
41763567941
41763567263
41763567583
41763567685
41763567797
41763567511
41763567512
41763567735
41763567713
41763567707
41763567828
41763567770
41763567747
41763567805
41763567892
41763567310
41763567722
41763567864
41763567743
41763567344
41763567699
41763567618
41763567808
41763567777
41763567572
41763567532
41763567090
41763567401
41763567800
41763567727
41763567876
41763567730
41763567573
41763567594
41763567676
41763567414
41763567862
41763567767
41763567701
41763567744
41763567900
41763567315
41763567719
41763567788
41763567731
41763567556
41763567792
41763567858
41763567725
41763567724
41763567432
41763567454
41763567349
41763567887
41763567738
41763567498
41763567868
41763567830
41763567504
41763567616
41763567756
41763567737
41763567736
41763567771
41763567666
41763567890
41763567976
41763567733
41763567776
41763567997
41763567574
41763567570
41763567865
41763567791
41763567765
41763567866
41763567604
41763567888
41763567884
41763567571
41763567790
41763567655
41763567741
41763567804
41763567732
41763567874
41763567977
41763567629
41763567641
41763567978
41763567962
41763567768
41763567919
41763567859
