41762365012
41762365013
41762365025
41762365023
41762365010
41762365021
41762365015
41762365032
41762365017
41762365114
41762365099
41762365116
41762365136
41762365035
41762365054
41762365130
41762365151
41762365197
41762365266
41762365186
41762365069
41762365269
41762365046
41762365052
41762365125
41762365132
41762365119
41762365044
41762365071
41762365153
41762365156
41762365064
41762365106
41762365227
41762365209
41762365192
41762365319
41762365154
41762365217
41762365241
41762365081
41762365110
41762365048
41762365117
41762365091
41762365341
41762365218
41762365195
41762365755
41762365467
41762365095
41762365225
41762365342
41762365314
41762365124
41762365187
41762365311
41762365250
41762365254
41762365327
41762365516
41762365146
41762365372
41762365379
41762365299
41762365440
41762365355
41762365272
41762365096
41762365504
41762365455
41762365531
41762365543
41762365995
41762365233
41762365610
41762365532
41762365399
41762365501
41762365826
41762365588
41762365281
41762365310
41762365424
41762365470
41762365701
41762365733
41762365975
41762365386
41762365708
41762365175
41762365445
41762365415
41762365594
41762365528
41762365452
41762365621
41762365391
41762365539
41762365693
41762365917
41762365523
41762365476
41762365229
41762365671
41762365807
41762365468
41762365339
41762365430
41762365591
41762365522
41762365982
41762365711
41762365882
41762365642
41762365620
41762365446
41762365267
41762365558
41762365511
41762365696
41762365735
41762365288
41762365550
41762365580
41762365115
41762365686
41762365751
41762365614
41762365404
41762365592
41762365721
41762365559
41762365704
41762365509
41762365571
41762365348
41762365451
41762365803
41762365694
41762365771
41762365800
41762365648
41762365617
41762365757
41762365669
41762365457
41762365866
41762365546
41762365586
41762365741
41762365827
41762365850
41762365566
41762365462
41762365885
41762365815
41762365613
41762365593
41762365303
41762365727
41762365628
41762365676
41762365688
41762365863
41762365689
41762365849
41762365980
41762365737
41762365381
41762365657
41762365841
41762365977
41762365887
41762365660
41762365969
41762365649
41762365898
41762365663
41762365618
41762365747
41762365818
41762365777
41762365597
41762365720
41762365740
41762365942
41762365726
41762365677
41762365557
41762365930
41762365870
41762365842
41762365809
41762365854
41762365678
41762365521
41762365514
41762365766
41762365336
41762365860
41762365972
41762365958
41762365432
41762365773
41762365643
41762365577
41762365675
41762365644
41762365779
41762365775
41762365947
41762365607
41762365948
41762365734
41762365805
41762365884
41762365500
41762365986
41762365924
41762365622
41762365880
41762365994
41762365792
41762365859
41762365960
41762365864
41762365959
41762365929
41762365750
41762365624
41762365631
41762365889
41762365712
41762365876
41762365845
41762364024
41762364012
41762364007
41762364001
41762364008
41762364046
41762364083
41762364084
41762364214
41762364055
41762364033
41762364150
41762364100
41762364039
41762364103
41762364202
41762364041
41762364219
41762364110
41762364304
41762364146
41762364053
41762364102
41762364135
41762364131
41762364226
41762364281
41762364294
41762364167
41762364074
41762364215
41762364043
41762364177
41762364117
41762364159
41762364122
41762364233
41762364182
41762364171
41762364058
41762364151
41762364051
41762364199
41762364201
41762364178
41762364123
41762364341
41762364176
41762364345
41762364271
41762364269
41762364300
41762364247
41762364366
41762364458
41762364347
41762364254
41762364080
41762364212
41762364149
41762364449
41762364716
41762364724
41762364105
41762364370
41762364348
41762364137
41762364570
41762364544
41762364346
41762364799
41762364403
41762364587
41762364111
41762364207
41762364660
41762364448
41762364133
41762364426
41762364726
41762364242
41762364669
41762364164
41762364620
41762364542
41762364342
41762364476
41762364112
41762364358
41762364629
41762364408
41762364070
41762364688
41762364258
41762364322
41762364331
41762364349
41762364136
41762364442
41762364443
41762364604
41762364849
41762364295
41762364499
41762364335
41762364168
41762364460
41762364614
41762364376
41762364964
41762364816
41762364183
41762364755
41762364374
41762364241
41762364424
41762364512
41762364555
41762364436
41762364852
41762364747
41762364836
41762364944
41762364681
41762364684
41762364316
41762364786
41762364305
41762364317
41762364598
41762364654
41762364425
41762364344
41762364356
41762364646
41762364375
41762364092
41762364546
41762364611
41762364470
41762364401
41762364494
41762364306
41762364584
41762364963
41762364642
41762364413
41762364872
41762364622
41762364566
41762364980
41762364430
41762364855
41762364439
41762364711
41762364534
41762364921
41762364452
41762364651
41762364557
41762364595
41762364858
41762364675
41762364257
41762364782
41762364245
41762364617
41762364743
41762364738
41762364652
41762364987
41762364838
41762364625
41762364823
41762364797
41762364657
41762364262
41762364437
41762364506
41762364663
41762364698
41762364919
41762364685
41762364549
41762364428
41762364592
41762364718
41762364734
41762364525
41762364644
41762364505
41762364551
41762364943
41762364911
41762364895
41762364575
41762364918
41762364558
41762364948
41762364881
41762364536
41762364888
41762364920
41762364648
41762364550
41762364563
41762364749
41762364969
41762364945
41762364750
41762364613
41762364955
41762364554
41762364946
41762364859
41762364431
41762364353
41762364800
41762364757
41762364567
41762364733
41762364759
41762364640
41762364650
41762364513
41762364405
41762364880
41762364775
41762364785
41762364893
41762364548
41762364721
41762364699
41762364572
41762364819
41762364453
41762364970
41762364907
41762364820
41762364925
41762364848
41762364875
41762364846
41762364817
41762364977
41762364547
41762364600
41762364850
41762364707
41762364927
41762364742
41762364930
41762364697
41762364606
41762364796
41762364526
41762364993
41762364897
41762364583
41762364180
41762364808
41762364891
41762364941
41762364986
41762364434
41762364588
41762364658
41762364857
41762366000
41762366019
41762366032
41762366013
41762366022
41762366012
41762366011
41762366024
41762366008
41762366026
41762366027
41762366220
41762366038
41762366084
41762366093
41762366147
41762366100
41762366096
41762366211
41762366060
41762366280
41762366062
41762366064
41762366122
41762366141
41762366153
41762366083
41762366233
41762366214
41762366116
41762366125
41762366098
41762366182
41762366119
41762366135
41762366150
41762366052
41762366174
41762366090
41762366274
41762366185
41762366257
41762366239
41762366101
41762366286
41762366263
41762366434
41762366106
41762366162
41762366252
41762366460
41762366167
41762366455
41762366055
41762366115
41762366303
41762366120
41762366297
41762366206
41762366131
41762366336
41762366072
41762366178
41762366262
41762366299
41762366469
41762366224
41762366288
41762366148
41762366694
41762366074
41762366284
41762366146
41762366377
41762366605
41762366649
41762366442
41762366633
41762366180
41762366372
41762366261
41762366446
41762366061
41762366268
41762366076
41762366937
41762366195
41762366535
41762366317
41762366514
41762366362
41762366307
41762366154
41762366183
41762366402
41762366184
41762366181
41762366645
41762366340
41762366332
41762366321
41762366484
41762366325
41762366199
41762366080
41762366705
41762366437
41762366088
41762366652
41762366916
41762366557
41762366737
41762366272
41762366611
41762366419
41762366573
41762366365
41762366615
41762366944
41762366541
41762366393
41762366742
41762366395
41762366308
41762366472
41762366319
41762366312
41762366848
41762366476
41762366674
41762366867
41762366456
41762366778
41762366200
41762366653
41762366578
41762366361
41762366768
41762366237
41762366693
41762366956
41762366700
41762366532
41762366516
41762366924
41762366292
41762366254
41762366752
41762366390
41762366787
41762366599
41762366546
41762366400
41762366631
41762366424
41762366399
41762366207
41762366877
41762366449
41762366208
41762366318
41762366445
41762366746
41762366242
41762366358
41762366684
41762366508
41762366862
41762366504
41762366522
41762366465
41762366601
41762366323
41762366719
41762366525
41762366376
41762366549
41762366971
41762366450
41762366962
41762366952
41762366511
41762366921
41762366461
41762366244
41762366477
41762366453
41762366506
41762366575
41762366554
41762366844
41762366641
41762366338
41762366889
41762366930
41762366384
41762366550
41762366840
41762366788
41762366570
41762366883
41762366392
41762366248
41762366406
41762366783
41762366553
41762366655
41762366695
41762366784
41762366793
41762366869
41762366849
41762366607
41762366789
41762366903
41762366756
41762366807
41762366833
41762366739
41762366816
41762366670
41762366771
41762366360
41762366748
41762366909
41762366729
41762366678
41762366932
41762366815
41762366995
41762366923
41762366671
41762366777
41762366803
41762366938
41762366781
41762366936
41762366842
41762366782
41762366814
41762366979
41762366499
41762366528
41762366973
41762366974
41762366555
41762366987
41762366644
41762366608
41762366583
41762366741
41762366773
41762366740
41762366899
41762366854
41762366765
41762366577
41762366716
41762366673
41762366929
41762366918
41762366931
41762366720
41762366997
41762366800
41762366864
41762366861
41762366888
41762366794
41762366887
41762366797
41762366871
41762366881
41762366920
41762366989
41762360017
41762360032
41762360007
41762360008
41762360024
41762360014
41762360027
41762360003
41762360030
41762360022
41762360065
41762360130
41762360182
41762360201
41762360057
41762360304
41762360047
41762360167
41762360227
41762360050
41762360055
41762360311
41762360501
41762360129
41762360382
41762360253
41762360180
41762360122
41762360325
41762360370
41762360164
41762360045
41762360095
41762360141
41762360035
41762360312
41762360103
41762360380
41762360298
41762360033
41762360115
41762360208
41762360502
41762360046
41762360090
41762360299
41762360039
41762360404
41762360073
41762360074
41762360228
41762360203
41762360252
41762360219
41762360436
41762360295
41762360198
41762360210
41762360267
41762360579
41762360277
41762360179
41762360235
41762360783
41762360084
41762360240
41762360236
41762360205
41762360672
41762360310
41762360611
41762360313
41762360407
41762360459
41762360064
41762360263
41762360076
41762360283
41762360646
41762360577
41762360169
41762360615
41762360319
41762360759
41762360107
41762360157
41762360308
41762360229
41762360217
41762360338
41762360147
41762360333
41762360554
41762360411
41762360532
41762360124
41762360247
41762360405
41762360259
41762360234
41762360347
41762360511
41762360853
41762360367
41762360062
41762360085
41762360315
41762360625
41762360320
41762360903
41762360204
41762360276
41762360926
41762360474
41762360403
41762360148
41762360358
41762360345
41762360810
41762360771
41762360453
41762360660
41762360213
41762360440
41762360445
41762360696
41762360480
41762360174
41762360835
41762360413
41762360444
41762360215
41762360349
41762360239
41762360412
41762360361
41762360550
41762360466
41762360525
41762360226
41762360925
41762360245
41762360612
41762360703
41762360454
41762360591
41762360675
41762360693
41762360866
41762360489
41762360223
41762360647
41762360653
41762360838
41762360826
41762360855
41762360504
41762360401
41762360330
41762360917
41762360882
41762360697
41762360878
41762360583
41762360846
41762360769
41762360656
41762360513
41762360943
41762360857
41762360368
41762360722
41762360652
41762360188
41762360553
41762360387
41762360559
41762360905
41762360874
41762360218
41762360809
41762360655
41762360787
41762360704
41762360685
41762360400
41762360893
41762360869
41762360420
41762360741
41762360732
41762360410
41762360428
41762360933
41762360643
41762360912
41762360689
41762360416
41762360463
41762360706
41762360928
41762360820
41762360555
41762360636
41762360711
41762360341
41762360417
41762360491
41762360526
41762360748
41762360959
41762360770
41762360560
41762360604
41762360852
41762360887
41762360908
41762360557
41762360280
41762360767
41762360990
41762360800
41762360816
41762360836
41762360499
41762360535
41762360929
41762360870
41762360602
41762360371
41762360678
41762360840
41762360680
41762360832
41762360922
41762360804
41762360953
41762360386
41762360603
41762360932
41762360772
41762360881
41762360858
41762360862
41762360763
41762360863
41762360624
41762360915
41762360477
41762360828
41762360484
41762360708
41762360895
41762360825
41762360956
41762360594
41762360995
41762360664
41762360394
41762360635
41762360778
41762360902
41762360421
41762360966
41762360851
41762360888
41762360944
41762360803
41762360894
41762360968
41762360744
41762360918
41762360914
41762369006
41762369010
41762369019
41762369008
41762369009
41762369013
41762369007
41762369028
41762369022
41762369067
41762369148
41762369157
41762369116
41762369299
41762369050
41762369167
41762369089
41762369243
41762369066
41762369032
41762369122
41762369080
41762369138
41762369040
41762369053
41762369090
41762369097
41762369100
41762369330
41762369073
41762369175
41762369313
41762369082
41762369188
41762369144
41762369127
41762369247
41762369052
41762369023
41762369191
41762369448
41762369125
41762369088
41762369479
41762369133
41762369063
41762369118
41762369439
41762369290
41762369687
41762369162
41762369205
41762369750
41762369784
41762369444
41762369092
41762369438
41762369258
41762369471
41762369300
41762369220
41762369360
41762369096
41762369373
41762369161
41762369481
41762369496
41762369182
41762369102
41762369332
41762369278
41762369801
41762369568
41762369451
41762369536
41762369432
41762369065
41762369181
41762369703
41762369251
41762369617
41762369671
41762369255
41762369106
41762369431
41762369937
41762369135
41762369456
41762369230
41762369163
41762369303
41762369473
41762369372
41762369101
41762369745
41762369112
41762369540
41762369383
41762369757
41762369222
41762369394
41762369404
41762369854
41762369728
41762369111
41762369563
41762369147
41762369819
41762369631
41762369535
41762369370
41762369521
41762369110
41762369339
41762369794
41762369699
41762369660
41762369857
41762369529
41762369678
41762369914
41762369260
41762369263
41762369644
41762369381
41762369489
41762369940
41762369427
41762369559
41762369588
41762369907
41762369421
41762369964
41762369554
41762369908
41762369861
41762369490
41762369823
41762369977
41762369719
41762369619
41762369226
41762369607
41762369944
41762369888
41762369356
41762369938
41762369454
41762369668
41762369911
41762369344
41762369695
41762369306
41762369556
41762369334
41762369839
41762369629
41762369606
41762369651
41762369368
41762369367
41762369954
41762369934
41762369929
41762369698
41762369721
41762369653
41762369700
41762369614
41762369736
41762369738
41762369993
41762369706
41762369659
41762369939
41762369787
41762369634
41762369379
41762369626
41762369555
41762369512
41762369876
41762369919
41762369848
41762369864
41762369748
41762369952
41762369935
41762369548
41762369880
41762369442
41762369760
41762369851
41762369505
41762369349
41762369818
41762369879
41762369811
41762369870
41762369926
41762369392
41762369906
41762369710
41762369946
41762369557
41762369988
41762369969
41762369504
41762369418
41762369610
41762369893
41762369780
41762369611
41762369994
41762369882
41762369966
41762369679
41762369691
41762369575
41762369941
41762369646
41762369594
41762369826
41762369887
41762369661
41762369921
41762369595
41762369945
41762369971
41762369711
41762369781
41762369663
41762369866
41762369786
41762369789
41762369867
41762369899
41762369859
41762369862
41762369959
41762369992
41762369892
41762363005
41762363004
41762363022
41762363009
41762363003
41762363031
41762363021
41762363089
41762363099
41762363065
41762363067
41762363063
41762363103
41762363338
41762363297
41762363041
41762363140
41762363101
41762363054
41762363265
41762363214
41762363233
41762363085
41762363049
41762363108
41762363150
41762363225
41762363130
41762363228
41762363305
41762363163
41762363121
41762363230
41762363096
41762363133
41762363430
41762363079
41762363334
41762363080
41762363069
41762363426
41762363482
41762363105
41762363137
41762363084
41762363117
41762363090
41762363086
41762363046
41762363323
41762363141
41762363179
41762363349
41762363584
41762363683
41762363373
41762363749
41762363292
41762363072
41762363097
41762363249
41762363744
41762363194
41762363320
41762363262
41762363125
41762363648
41762363776
41762363182
41762363170
41762363268
41762363301
41762363319
41762363226
41762363632
41762363474
41762363306
41762363383
41762363313
41762363279
41762363176
41762363488
41762363237
41762363930
41762363209
41762363436
41762363322
41762363580
41762363422
41762363844
41762363692
41762363299
41762363058
41762363282
41762363151
41762363346
41762363192
41762363387
41762363433
41762363483
41762363398
41762363563
41762363866
41762363221
41762363404
41762363829
41762363168
41762363253
41762363417
41762363442
41762363400
41762363671
41762363403
41762363437
41762363601
41762363545
41762363251
41762363423
41762363255
41762363628
41762363923
41762363048
41762363356
41762363161
41762363795
41762363425
41762363344
41762363878
41762363469
41762363506
41762363432
41762363448
41762363310
41762363204
41762363910
41762363353
41762363562
41762363347
41762363503
41762363751
41762363596
41762363901
41762363699
41762363832
41762363521
41762363577
41762363624
41762363447
41762363876
41762363391
41762363897
41762363760
41762363369
41762363812
41762363560
41762363502
41762363705
41762363429
41762363679
41762363761
41762363625
41762363202
41762363116
41762363822
41762363720
41762363851
41762363544
41762363449
41762363531
41762363364
41762363730
41762363687
41762363669
41762363781
41762363559
41762363368
41762363835
41762363536
41762363670
41762363316
41762363336
41762363464
41762363547
41762363684
41762363600
41762363969
41762363707
41762363576
41762363384
41762363778
41762363668
41762363211
41762363725
41762363891
41762363757
41762363514
41762363774
41762363619
41762363620
41762363606
41762363957
41762363912
41762363719
41762363805
41762363772
41762363947
41762363700
41762363718
41762363966
41762363480
41762363685
41762363917
41762363734
41762363959
41762363714
41762363735
41762363709
41762363610
41762363841
41762363702
41762363595
41762363337
41762363779
41762363652
41762363675
41762363728
41762363614
41762363617
41762363793
41762363339
41762363986
41762363797
41762363626
41762363732
41762363830
41762363481
41762363712
41762363900
41762363770
41762363780
41762363987
41762363995
41762363647
41762363803
41762363819
41762363945
41762363727
41762363520
41762363888
41762363748
41762363928
41762363802
41762363659
41762363396
41762363965
41762363982
41762363977
41762363927
41762363487
41762363913
41762363931
41762363604
41762363951
41762363884
41762363764
41762361008
41762361007
41762361014
41762361015
41762361021
41762361029
41762361024
41762361004
41762361012
41762361003
41762361002
41762361022
41762361005
41762361001
41762361019
41762361028
41762361059
41762361076
41762361134
41762361136
41762361166
41762361058
41762361034
41762361089
41762361269
41762361112
41762361176
41762361042
41762361204
41762361088
41762361143
41762361100
41762361063
41762361224
41762361061
41762361091
41762361187
41762361040
41762361120
41762361310
41762361331
41762361035
41762361049
41762361044
41762361212
41762361139
41762361033
41762361075
41762361255
41762361083
41762361189
41762361126
41762361154
41762361400
41762361314
41762361099
41762361335
41762361218
41762361072
41762361165
41762361538
41762361250
41762361157
41762361435
41762361199
41762361135
41762361338
41762361319
41762361539
41762361155
41762361324
41762361148
41762361102
41762361259
41762361142
41762361424
41762361200
41762361051
41762361171
41762361508
41762361201
41762361217
41762361264
41762361637
41762361316
41762361175
41762361575
41762361266
41762361617
41762361242
41762361350
41762361286
41762361173
41762361169
41762361320
41762361576
41762361228
41762361122
41762361503
41762361566
41762361664
41762361244
41762361236
41762361291
41762361351
41762361193
41762361366
41762361108
41762361404
41762361689
41762361065
41762361258
41762361914
41762361227
41762361378
41762361484
41762361181
41762361611
41762361456
41762361372
41762361282
41762361412
41762361604
41762361560
41762361263
41762361332
41762361129
41762361308
41762361796
41762361326
41762361885
41762361296
41762361741
41762361423
41762361163
41762361643
41762361755
41762361553
41762361649
41762361413
41762361451
41762361711
41762361312
41762361299
41762361481
41762361641
41762361501
41762361415
41762361230
41762361509
41762361313
41762361651
41762361466
41762361352
41762361384
41762361365
41762361519
41762361665
41762361596
41762361841
41762361213
41762361699
41762361753
41762361315
41762361119
41762361417
41762361161
41762361369
41762361459
41762361463
41762361348
41762361936
41762361344
41762361653
41762361607
41762361746
41762361967
41762361504
41762361500
41762361603
41762361513
41762361399
41762361986
41762361505
41762361507
41762361552
41762361874
41762361647
41762361806
41762361807
41762361731
41762361744
41762361976
41762361982
41762361510
41762361705
41762361470
41762361702
41762361676
41762361406
41762361190
41762361541
41762361274
41762361918
41762361444
41762361877
41762361669
41762361511
41762361592
41762361667
41762361443
41762361890
41762361547
41762361788
41762361337
41762361765
41762361660
41762361791
41762361960
41762361708
41762361839
41762361618
41762361938
41762361555
41762361947
41762361588
41762361851
41762361625
41762361822
41762361868
41762361416
41762361613
41762361912
41762361717
41762361616
41762361387
41762361964
41762361743
41762361721
41762361995
41762361981
41762361564
41762361583
41762361612
41762361903
41762361600
41762361382
41762361777
41762361779
41762361723
41762361990
41762361892
41762361803
41762361518
41762361502
41762361640
41762361675
41762361832
41762361662
41762361606
41762361920
41762361655
41762361757
41762361843
41762361701
41762361673
41762361959
41762361787
41762361989
41762361910
41762361904
41762361697
41762361983
41762361949
41762361924
41762361525
41762361838
41762361996
41762361888
41762361919
41762361645
41762361956
41762361958
41762361802
41762361893
41762361975
41762361805
41762361992
41762361713
41762361735
41762361931
41762361978
41762361883
41762362031
41762362018
41762362003
41762362016
41762362019
41762362032
41762362009
41762362004
41762362022
41762362011
41762362006
41762362023
41762362066
41762362250
41762362039
41762362038
41762362070
41762362112
41762362104
41762362204
41762362114
41762362059
41762362118
41762362255
41762362035
41762362169
41762362384
41762362079
41762362078
41762362265
41762362050
41762362158
41762362231
41762362090
41762362316
41762362136
41762362334
41762362195
41762362082
41762362257
41762362395
41762362609
41762362285
41762362040
41762362338
41762362200
41762362323
41762362361
41762362277
41762362137
41762362729
41762362479
41762362107
41762362151
41762362129
41762362237
41762362447
41762362374
41762362120
41762362564
41762362128
41762362191
41762362446
41762362301
41762362577
41762362547
41762362307
41762362481
41762362280
41762362616
41762362422
41762362251
41762362229
41762362802
41762362412
41762362234
41762362095
41762362464
41762362482
41762362063
41762362211
41762362466
41762362352
41762362644
41762362121
41762362849
41762362682
41762362788
41762362314
41762362378
41762362300
41762362611
41762362359
41762362159
41762362486
41762362183
41762362405
41762362398
41762362205
41762362956
41762362576
41762362820
41762362296
41762362545
41762362830
41762362302
41762362643
41762362062
41762362641
41762362670
41762362407
41762362165
41762362415
41762362970
41762362615
41762362636
41762362789
41762362536
41762362147
41762362376
41762362870
41762362344
41762362538
41762362456
41762362402
41762362221
41762362701
41762362978
41762362377
41762362544
41762362274
41762362572
41762362259
41762362655
41762362358
41762362568
41762362584
41762362322
41762362365
41762362736
41762362335
41762362704
41762362333
41762362171
41762362930
41762362457
41762362326
41762362226
41762362787
41762362900
41762362601
41762362726
41762362778
41762362648
41762362909
41762362192
41762362702
41762362253
41762362803
41762362521
41762362272
41762362752
41762362763
41762362471
41762362591
41762362180
41762362639
41762362532
41762362580
41762362911
41762362494
41762362933
41762362266
41762362660
41762362350
41762362928
41762362883
41762362895
41762362620
41762362530
41762362995
41762362794
41762362542
41762362819
41762362865
41762362525
41762362586
41762362768
41762362450
41762362922
41762362510
41762362727
41762362630
41762362947
41762362692
41762362825
41762362934
41762362832
41762362822
41762362624
41762362233
41762362844
41762362773
41762362942
41762362653
41762362718
41762362854
41762362612
41762362907
41762362697
41762362690
41762362946
41762362309
41762362792
41762362879
41762362678
41762362853
41762362699
41762362828
41762362920
41762362837
41762362694
41762362859
41762362944
41762362897
41762362558
41762362700
41762362585
41762362696
41762362894
41762362992
41762362881
41762362686
41762362507
41762362885
41762362968
41762362637
41762362996
41762362833
41762362896
41762362949
41762362855
41762362795
41762362977
41762362993
41762368030
41762368008
41762368013
41762368007
41762368009
41762368001
41762368002
41762368060
41762368095
41762368141
41762368144
41762368101
41762368064
41762368069
41762368135
41762368079
41762368208
41762368084
41762368232
41762368272
41762368111
41762368168
41762368150
41762368081
41762368097
41762368217
41762368050
41762368167
41762368108
41762368089
41762368170
41762368083
41762368184
41762368088
41762368105
41762368222
41762368162
41762368068
41762368040
41762368073
41762368176
41762368034
41762368074
41762368286
41762368155
41762368065
41762368035
41762368259
41762368077
41762368139
41762368070
41762368200
41762368312
41762368093
41762368271
41762368267
41762368062
41762368061
41762368343
41762368245
41762368311
41762368188
41762368290
41762368338
41762368091
41762368221
41762368346
41762368295
41762368320
41762368063
41762368235
41762368305
41762368322
41762368304
41762368197
41762368349
41762368185
41762368250
41762368239
41762368275
41762368264
41762368283
41762368148
41762368117
41762368202
41762368266
41762368373
41762368355
41762368370
41762368551
41762368387
41762368521
41762368425
41762368385
41762368384
41762368413
41762368539
41762368470
41762368492
41762368404
41762368434
41762368403
41762368433
41762368455
41762368459
41762368658
41762368410
41762368664
41762368466
41762368499
41762368510
41762368500
41762368553
41762368386
41762368469
41762368691
41762368638
41762368579
41762368389
41762368566
41762368444
41762368536
41762368603
41762368561
41762368675
41762368496
41762368626
41762368483
41762368581
41762368676
41762368554
41762368575
41762368482
41762368505
41762368595
41762368490
41762368602
41762368606
41762368570
41762368476
41762368690
41762368479
41762368680
41762368628
41762368647
41762368583
41762368571
41762368633
41762368649
41762368625
41762368586
41762368678
41762368555
41762368585
41762368665
41762368596
41762368612
41762368699
41762368731
41762368703
41762368723
41762368710
41762368730
41762368754
41762368750
41762368755
41762368732
41762368764
41762368758
41762368735
41762368782
41762368778
41762368807
41762368800
41762368833
41762368816
41762368848
41762368788
41762368814
41762368836
41762368825
41762368826
41762368776
41762368780
41762368792
41762368840
41762368817
41762368808
41762368787
41762368813
41762368844
41762368858
41762368856
41762368876
41762368870
41762368878
41762368900
41762368887
41762368880
41762368908
41762368855
41762368875
41762368866
41762368898
41762368884
41762368873
41762368903
41762368897
41762368943
41762368934
41762368962
41762368956
41762368969
41762368942
41762368972
41762368985
41762368955
41762368966
41762368990
41762368933
41762368995
41762368923
41762368991
41762368921
41762368978
41762367009
41762367020
41762367005
41762367021
41762367013
41762367015
41762367012
41762367117
41762367113
41762367091
41762367271
41762367042
41762367048
41762367101
41762367198
41762367039
41762367136
41762367092
41762367077
41762367144
41762367164
41762367046
41762367182
41762367181
41762367040
41762367361
41762367244
41762367107
41762367275
41762367374
41762367047
41762367180
41762367317
41762367036
41762367065
41762367197
41762367170
41762367127
41762367202
41762367105
41762367232
41762367456
41762367336
41762367572
41762367404
41762367192
41762367323
41762367293
41762367477
41762367150
41762367175
41762367695
41762367241
41762367337
41762367267
41762367158
41762367215
41762367225
41762367057
41762367421
41762367184
41762367402
41762367252
41762367782
41762367390
41762367340
41762367174
41762367268
41762367240
41762367550
41762367427
41762367114
41762367060
41762367406
41762367276
41762367372
41762367577
41762367132
41762367440
41762367352
41762367400
41762367227
41762367642
41762367220
41762367521
41762367254
41762367929
41762367059
41762367519
41762367558
41762367500
41762367978
41762367376
41762367584
41762367785
41762367201
41762367881
41762367754
41762367366
41762367357
41762367672
41762367379
41762367620
41762367217
41762367318
41762367876
41762367614
41762367949
41762367288
41762367434
41762367568
41762367465
41762367848
41762367760
41762367609
41762367952
41762367311
41762367375
41762367657
41762367696
41762367882
41762367829
41762367717
41762367266
41762367950
41762367274
41762367308
41762367988
41762367887
41762367172
41762367567
41762367839
41762367300
41762367611
41762367256
41762367560
41762367883
41762367493
41762367322
41762367424
41762367723
41762367901
41762367553
41762367555
41762367574
41762367846
41762367306
41762367407
41762367965
41762367515
41762367629
41762367460
41762367857
41762367523
41762367971
41762367467
41762367716
41762367931
41762367974
41762367100
41762367771
41762367734
41762367864
41762367410
41762367441
41762367780
41762367711
41762367913
41762367774
41762367598
41762367485
41762367855
41762367541
41762367807
41762367708
41762367789
41762367700
41762367963
41762367187
41762367671
41762367989
41762367854
41762367795
41762367930
41762367648
41762367544
41762367530
41762367517
41762367791
41762367740
41762367968
41762367836
41762367576
41762367923
41762367722
41762367660
41762367970
41762367827
41762367838
41762367957
41762367747
41762367996
41762367856
41762367464
41762367610
41762367803
41762367547
41762367880
41762367843
41762367627
41762367538
41762367685
41762367770
41762367667
41762367607
41762367947
41762367878
41762367606
41762367551
41762367915
41762367575
41762367841
41762367776
41762367788
41762367995
41762367886
41762367735
41762367969
41762367633
41762367976
41762367893
41762367865
41762367818
41762367767
41762367994
41762367646
41762367872
41762367967
41762367580
41762367284
41762367304
41762367972
41762367899
