41799475008
41799475009
41799475006
41799475022
41799475018
41799475030
41799475003
41799475010
41799475007
41799475014
41799475017
41799475001
41799475023
41799475031
41799475024
41799475130
41799475178
41799475055
41799475072
41799475054
41799475041
41799475206
41799475097
41799475149
41799475257
41799475116
41799475159
41799475169
41799475052
41799475063
41799475088
41799475070
41799475302
41799475034
41799475115
41799475104
41799475242
41799475350
41799475124
41799475043
41799475165
41799475107
41799475038
41799475045
41799475155
41799475036
41799475047
41799475140
41799475128
41799475201
41799475250
41799475173
41799475177
41799475188
41799475223
41799475160
41799475108
41799475310
41799475218
41799475184
41799475039
41799475172
41799475077
41799475042
41799475345
41799475246
41799475174
41799475131
41799475264
41799475119
41799475313
41799475191
41799475253
41799475127
41799475181
41799475282
41799475209
41799475268
41799475220
41799475318
41799475249
41799475255
41799475203
41799475331
41799475284
41799475204
41799475170
41799475312
41799475251
41799475208
41799475271
41799475073
41799475126
41799475138
41799475117
41799475280
41799475319
41799475114
41799475135
41799475059
41799475205
41799475283
41799475254
41799475328
41799475198
41799475211
41799475152
41799475229
41799475322
41799475132
41799475286
41799475109
41799475256
41799475166
41799475340
41799475290
41799475333
41799475294
41799475291
41799475154
41799475194
41799475311
41799475164
41799475216
41799475342
41799475195
41799475348
41799475300
41799475325
41799475329
41799475190
41799475341
41799475344
41799475308
41799475320
41799475238
41799475349
41799475262
41799475364
41799475351
41799475378
41799475380
41799475370
41799475355
41799475357
41799475360
41799475356
41799475372
41799475489
41799475385
41799475393
41799475613
41799475493
41799475435
41799475390
41799475432
41799475433
41799475463
41799475464
41799475560
41799475488
41799475479
41799475498
41799475517
41799475387
41799475520
41799475401
41799475538
41799475422
41799475436
41799475449
41799475476
41799475391
41799475495
41799475505
41799475623
41799475466
41799475534
41799475655
41799475629
41799475636
41799475395
41799475402
41799475404
41799475568
41799475419
41799475546
41799475399
41799475542
41799475461
41799475400
41799475409
41799475599
41799475403
41799475574
41799475664
41799475398
41799475429
41799475556
41799475456
41799475615
41799475565
41799475503
41799475570
41799475526
41799475462
41799475543
41799475590
41799475582
41799475451
41799475497
41799475444
41799475670
41799475685
41799475405
41799475511
41799475431
41799475508
41799475653
41799475591
41799475575
41799475603
41799475649
41799475624
41799475686
41799475569
41799475470
41799475501
41799475643
41799475473
41799475547
41799475635
41799475553
41799475695
41799475386
41799475524
41799475545
41799475469
41799475557
41799475544
41799475661
41799475691
41799475566
41799475638
41799475600
41799475587
41799475667
41799475507
41799475640
41799475477
41799475562
41799475632
41799475438
41799475622
41799475559
41799475531
41799475651
41799475536
41799475455
41799475639
41799475465
41799475687
41799475679
41799475668
41799475532
41799475552
41799475494
41799475558
41799475657
41799475663
41799475614
41799475580
41799475669
41799475555
41799475593
41799475658
41799475619
41799475509
41799475646
41799475641
41799475697
41799475584
41799475662
41799475699
41799475681
41799475672
41799475626
41799475659
41799475652
41799475512
41799475630
41799475648
41799475537
41799475690
41799475717
41799475728
41799475703
41799475700
41799475715
41799475702
41799475705
41799475714
41799475713
41799475710
41799475726
41799475719
41799475718
41799475711
41799475731
41799475725
41799475738
41799475737
41799475750
41799475761
41799475734
41799475749
41799475743
41799475748
41799475763
41799475758
41799475764
41799475759
41799475755
41799475760
41799475754
41799475826
41799475777
41799475776
41799475773
41799475775
41799475794
41799475821
41799475819
41799475800
41799475836
41799475788
41799475797
41799475780
41799475774
41799475818
41799475784
41799475843
41799475820
41799475816
41799475834
41799475796
41799475790
41799475806
41799475785
41799475803
41799475779
41799475845
41799475847
41799475768
41799475766
41799475798
41799475811
41799475817
41799475786
41799475848
41799475835
41799475840
41799475787
41799475810
41799475859
41799475863
41799475876
41799475878
41799475866
41799475909
41799475907
41799475851
41799475860
41799475862
41799475869
41799475884
41799475890
41799475891
41799475911
41799475871
41799475874
41799475896
41799475894
41799475879
41799475865
41799475885
41799475897
41799475906
41799475867
41799475875
41799475892
41799475903
41799475864
41799475895
41799475924
41799475916
41799475956
41799475928
41799475941
41799475945
41799475965
41799475963
41799475954
41799475919
41799475944
41799475925
41799475936
41799475948
41799475917
41799475912
41799475942
41799475914
41799475962
41799475935
41799475964
41799475968
41799475946
41799475958
41799475932
41799475952
41799475969
41799475983
41799475987
41799475970
41799475994
41799475976
41799475995
41799475982
41799475977
41799475981
41799475993
41799475990
41799475992
41799475980
41799474022
41799474030
41799474016
41799474017
41799474023
41799474031
41799474026
41799474007
41799474010
41799474009
41799474001
41799474032
41799474014
41799474020
41799474012
41799474027
41799474021
41799474131
41799474130
41799474324
41799474052
41799474073
41799474037
41799474048
41799474126
41799474090
41799474095
41799474072
41799474099
41799474106
41799474123
41799474119
41799474133
41799474161
41799474170
41799474167
41799474196
41799474188
41799474221
41799474053
41799474044
41799474088
41799474056
41799474116
41799474264
41799474067
41799474104
41799474144
41799474184
41799474163
41799474182
41799474042
41799474198
41799474183
41799474047
41799474231
41799474241
41799474068
41799474203
41799474045
41799474102
41799474111
41799474222
41799474318
41799474086
41799474083
41799474098
41799474118
41799474034
41799474107
41799474342
41799474312
41799474385
41799474138
41799474151
41799474124
41799474204
41799474543
41799474059
41799474092
41799474128
41799474101
41799474267
41799474061
41799474057
41799474284
41799474178
41799474159
41799474279
41799474281
41799474082
41799474350
41799474189
41799474272
41799474265
41799474445
41799474169
41799474089
41799474308
41799474513
41799474261
41799474174
41799474103
41799474258
41799474215
41799474214
41799474310
41799474225
41799474041
41799474246
41799474233
41799474226
41799474315
41799474507
41799474282
41799474075
41799474328
41799474139
41799474359
41799474523
41799474428
41799474340
41799474503
41799474270
41799474364
41799474043
41799474062
41799474132
41799474202
41799474457
41799474583
41799474179
41799474165
41799474091
41799474664
41799474168
41799474541
41799474190
41799474397
41799474171
41799474378
41799474418
41799474108
41799474185
41799474322
41799474390
41799474468
41799474269
41799474142
41799474589
41799474071
41799474365
41799474618
41799474530
41799474454
41799474210
41799474160
41799474112
41799474344
41799474289
41799474334
41799474232
41799474509
41799474405
41799474152
41799474256
41799474462
41799474475
41799474581
41799474263
41799474347
41799474156
41799474730
41799474422
41799474262
41799474407
41799474473
41799474429
41799474580
41799474355
41799474527
41799474227
41799474387
41799474627
41799474467
41799474371
41799474266
41799474374
41799474336
41799474924
41799474332
41799474135
41799474134
41799474162
41799474286
41799474705
41799474255
41799474671
41799474316
41799474260
41799474380
41799474164
41799474825
41799474439
41799474483
41799474248
41799474274
41799474293
41799474444
41799474410
41799474908
41799474345
41799474207
41799474479
41799474416
41799474691
41799474655
41799474377
41799474331
41799474694
41799474623
41799474662
41799474609
41799474303
41799474866
41799474409
41799474195
41799474502
41799474386
41799474437
41799474304
41799474358
41799474273
41799474702
41799474357
41799474607
41799474588
41799474692
41799474584
41799474540
41799474218
41799474486
41799474384
41799474369
41799474271
41799474105
41799474727
41799474404
41799474373
41799474886
41799474943
41799474624
41799474803
41799474470
41799474525
41799474977
41799474855
41799474187
41799474396
41799474406
41799474490
41799474716
41799474715
41799474423
41799474704
41799474237
41799474236
41799474861
41799474337
41799474554
41799474278
41799474733
41799474158
41799474500
41799474520
41799474648
41799474488
41799474259
41799474351
41799474376
41799474461
41799474399
41799474426
41799474493
41799474471
41799474676
41799474701
41799474739
41799474450
41799474243
41799474706
41799474325
41799474451
41799474816
41799474353
41799474764
41799474254
41799474431
41799474442
41799474327
41799474217
41799474563
41799474677
41799474487
41799474672
41799474649
41799474521
41799474213
41799474193
41799474594
41799474494
41799474615
41799474464
41799474268
41799474574
41799474300
41799474512
41799474853
41799474745
41799474835
41799474197
41799474352
41799474792
41799474579
41799474421
41799474784
41799474443
41799474650
41799474728
41799474636
41799474348
41799474893
41799474481
41799474673
41799474659
41799474795
41799474465
41799474744
41799474480
41799474690
41799474910
41799474894
41799474446
41799474685
41799474774
41799474469
41799474550
41799474970
41799474819
41799474966
41799474280
41799474700
41799474758
41799474456
41799474752
41799474368
41799474994
41799474898
41799474666
41799474568
41799474432
41799474887
41799474417
41799474307
41799474746
41799474339
41799474988
41799474838
41799474240
41799474718
41799474366
41799474317
41799474762
41799474930
41799474560
41799474292
41799474773
41799474557
41799474393
41799474742
41799474757
41799474556
41799474682
41799474408
41799474427
41799474593
41799474647
41799474391
41799474976
41799474362
41799474725
41799474875
41799474562
41799474981
41799474575
41799474382
41799474501
41799474614
41799474856
41799474940
41799474890
41799474608
41799474776
41799474577
41799474669
41799474326
41799474830
41799474889
41799474619
41799474828
41799474686
41799474482
41799474517
41799474985
41799474535
41799474870
41799474810
41799474847
41799474638
41799474869
41799474767
41799474333
41799474448
41799474931
41799474975
41799474925
41799474832
41799474770
41799474881
41799474914
41799474775
41799474296
41799474854
41799474634
41799474992
41799474370
41799474972
41799474689
41799474440
41799474867
41799474769
41799474927
41799474900
41799474873
41799474726
41799474388
41799474823
41799474980
41799474301
41799474414
41799474903
41799474504
41799474395
41799474760
41799474834
41799474707
41799474657
41799474905
41799474997
41799474531
41799474734
41799474737
41799474703
41799474515
41799474678
41799474628
41799474845
41799474592
41799474372
41799474860
41799474785
41799474934
41799474928
41799474621
41799474888
41799474569
41799474821
41799474969
41799474683
41799474548
41799474862
41799474804
41799474460
41799474783
41799474389
41799474484
41799474892
41799474496
41799474412
41799474919
41799474878
41799474684
41799474986
41799474508
41799474895
41799474918
41799474510
41799474971
41799474424
41799474436
41799474916
41799474710
41799474740
41799474884
41799474598
41799474967
41799474868
41799474741
41799474987
41799474722
41799474679
41799474536
41799474732
41799474877
41799474933
41799474982
41799474896
41799474738
41799474229
41799474907
41799474935
41799474245
41799474946
41799474411
41799474433
41799474455
41799474079
41799474542
41799474516
41799474539
41799474674
41799474906
41799476004
41799476024
41799476023
41799476030
41799476027
41799476020
41799476025
41799476015
41799476013
41799476022
41799476006
41799476010
41799476029
41799476028
41799476026
41799476005
41799476039
41799476087
41799476094
41799476151
41799476236
41799476245
41799476045
41799476089
41799476144
41799476344
41799476064
41799476072
41799476048
41799476051
41799476055
41799476080
41799476295
41799476139
41799476114
41799476200
41799476123
41799476093
41799476301
41799476205
41799476170
41799476044
41799476177
41799476038
41799476240
41799476096
41799476296
41799476276
41799476083
41799476059
41799476495
41799476167
41799476135
41799476086
41799476122
41799476173
41799476053
41799476091
41799476049
41799476058
41799476056
41799476232
41799476078
41799476119
41799476274
41799476085
41799476103
41799476109
41799476398
41799476162
41799476250
41799476057
41799476456
41799476043
41799476316
41799476054
41799476252
41799476480
41799476100
41799476194
41799476204
41799476112
41799476272
41799476199
41799476117
41799476052
41799476189
41799476156
41799476266
41799476227
41799476158
41799476142
41799476260
41799476111
41799476092
41799476340
41799476239
41799476230
41799476218
41799476061
41799476369
41799476451
41799476224
41799476354
41799476377
41799476496
41799476474
41799476490
41799476169
41799476336
41799476157
41799476073
41799476195
41799476148
41799476225
41799476141
41799476246
41799476214
41799476079
41799476337
41799476067
41799476174
41799476179
41799476446
41799476334
41799476283
41799476159
41799476338
41799476152
41799476427
41799476140
41799476178
41799476558
41799476275
41799476237
41799476188
41799476585
41799476596
41799476047
41799476314
41799476447
41799476165
41799476417
41799476543
41799476229
41799476346
41799476211
41799476488
41799476273
41799476394
41799476406
41799476172
41799476226
41799476365
41799476482
41799476575
41799476606
41799476745
41799476190
41799476339
41799476342
41799476668
41799476419
41799476333
41799476305
41799476281
41799476090
41799476703
41799476396
41799476890
41799476322
41799476217
41799476311
41799476136
41799476185
41799476294
41799476153
41799476279
41799476341
41799476331
41799476522
41799476472
41799476858
41799476706
41799476420
41799476465
41799476687
41799476297
41799476270
41799476852
41799476699
41799476862
41799476531
41799476154
41799476284
41799476285
41799476542
41799476865
41799476184
41799476540
41799476615
41799476300
41799476471
41799476591
41799476196
41799476400
41799476360
41799476289
41799476460
41799476588
41799476568
41799476680
41799476891
41799476484
41799476526
41799476384
41799476143
41799476147
41799476620
41799476574
41799476645
41799476726
41799476149
41799476414
41799476658
41799476719
41799476500
41799476150
41799476313
41799476690
41799476392
41799476555
41799476563
41799476362
41799476519
41799476330
41799476320
41799476181
41799476798
41799476373
41799476293
41799476254
41799476530
41799476410
41799476146
41799476390
41799476503
41799476626
41799476972
41799476436
41799476335
41799476453
41799476397
41799476290
41799476832
41799476689
41799476222
41799476191
41799476641
41799476594
41799476788
41799476659
41799476718
41799476665
41799476552
41799476437
41799476800
41799476206
41799476347
41799476408
41799476727
41799476889
41799476411
41799476584
41799476622
41799476368
41799476502
41799476772
41799476621
41799476931
41799476231
41799476806
41799476813
41799476696
41799476182
41799476393
41799476306
41799476723
41799476793
41799476646
41799476662
41799476438
41799476636
41799476582
41799476911
41799476692
41799476402
41799476326
41799476783
41799476821
41799476601
41799476524
41799476933
41799476845
41799476902
41799476325
41799476715
41799476468
41799476435
41799476504
41799476899
41799476733
41799476989
41799476551
41799476964
41799476751
41799476711
41799476944
41799476247
41799476421
41799476883
41799476391
41799476795
41799476187
41799476888
41799476203
41799476713
41799476544
41799476958
41799476818
41799476455
41799476732
41799476716
41799476871
41799476631
41799476959
41799476864
41799476757
41799476709
41799476736
41799476612
41799476515
41799476808
41799476770
41799476663
41799476717
41799476644
41799476693
41799476444
41799476485
41799476549
41799476529
41799476731
41799476679
41799476817
41799476492
41799476571
41799476604
41799476491
41799476712
41799476816
41799476516
41799476403
41799476975
41799476925
41799476855
41799476638
41799476953
41799476777
41799476550
41799476730
41799476493
41799476682
41799476970
41799476856
41799476608
41799476804
41799476985
41799476735
41799476536
41799476841
41799476854
41799476681
41799476634
41799476936
41799476894
41799476705
41799476776
41799476404
41799476762
41799476669
41799476600
41799476932
41799476343
41799476809
41799476541
41799476910
41799476884
41799476660
41799476857
41799476966
41799476677
41799476517
41799476827
41799476968
41799476992
41799476869
41799476906
41799476700
41799476961
41799476960
41799476920
41799476759
41799476952
41799476929
41799476673
41799476708
41799476780
41799476904
41799476738
41799476928
41799476597
41799476903
41799476861
41799476937
41799476724
41799476946
41799476881
41799476885
41799476940
41799476949
41799476661
41799476840
41799476875
41799476935
41799476778
41799476769
41799476979
41799476974
41799476794
41799476907
41799476941
41799476951
41799476991
41799476976
41799476986
41799476807
41799476954
41799476787
41799476886
41799476905
41799476942
41799476758
41799476945
41799476909
41799476896
41799476947
41799476977
41799476572
41799476921
41799476714
41799476573
41799476595
41799476948
41799476655
41799476764
41799476923
41799476686
41799476950
41799476990
41799470024
41799470019
41799470002
41799470022
41799470014
41799470016
41799470009
41799470008
41799470027
41799470007
41799470006
41799470015
41799470023
41799470013
41799470025
41799470030
41799470020
41799470026
41799470010
41799470029
41799470034
41799470038
41799470042
41799470045
41799470055
41799470083
41799470078
41799470070
41799470143
41799470194
41799470062
41799470049
41799470242
41799470072
41799470057
41799470044
41799470096
41799470113
41799470135
41799470149
41799470148
41799470178
41799470174
41799470216
41799470107
41799470033
41799470036
41799470068
41799470095
41799470071
41799470063
41799470076
41799470152
41799470203
41799470100
41799470167
41799470351
41799470051
41799470123
41799470156
41799470291
41799470196
41799470052
41799470134
41799470226
41799470048
41799470208
41799470097
41799470119
41799470093
41799470047
41799470231
41799470306
41799470080
41799470222
41799470189
41799470056
41799470088
41799470087
41799470250
41799470086
41799470445
41799470195
41799470146
41799470141
41799470074
41799470137
41799470289
41799470262
41799470050
41799470067
41799470299
41799470187
41799470391
41799470065
41799470066
41799470247
41799470236
41799470727
41799470377
41799470249
41799470177
41799470213
41799470131
41799470270
41799470159
41799470304
41799470292
41799470239
41799470139
41799470205
41799470106
41799470277
41799470150
41799470085
41799470361
41799470253
41799470271
41799470380
41799470464
41799470594
41799470116
41799470516
41799470803
41799470426
41799470421
41799470423
41799470090
41799470140
41799470382
41799470443
41799470288
41799470496
41799470255
41799470536
41799470340
41799470157
41799470319
41799470424
41799470256
41799470480
41799470166
41799470700
41799470160
41799470162
41799470129
41799470507
41799470115
41799470559
41799470539
41799470122
41799470108
41799470081
41799470407
41799470184
41799470413
41799470432
41799470254
41799470467
41799470484
41799470451
41799470596
41799470670
41799470526
41799470435
41799470502
41799470388
41799470281
41799470266
41799470251
41799470636
41799470520
41799470200
41799470311
41799470358
41799470649
41799470370
41799470402
41799470243
41799470307
41799470371
41799470394
41799470479
41799470585
41799470836
41799470782
41799470264
41799470446
41799470204
41799470321
41799470260
41799470151
41799470375
41799470529
41799470511
41799470588
41799470300
41799470696
41799470853
41799470422
41799470716
41799470509
41799470323
41799470474
41799470109
41799470453
41799470210
41799470926
41799470221
41799470614
41799470497
41799470207
41799470565
41799470537
41799470858
41799470788
41799470364
41799470234
41799470455
41799470582
41799470322
41799470543
41799470428
41799470612
41799470430
41799470153
41799470373
41799470206
41799470477
41799470605
41799470528
41799470513
41799470673
41799470750
41799470488
41799470457
41799470658
41799470336
41799470857
41799470753
41799470276
41799470651
41799470990
41799470719
41799470593
41799470626
41799470329
41799470523
41799470619
41799470215
41799470257
41799470230
41799470835
41799470317
41799470344
41799470747
41799470363
41799470879
41799470557
41799470895
41799470828
41799470586
41799470357
41799470736
41799470740
41799470955
41799470491
41799470214
41799470717
41799470688
41799470622
41799470620
41799470405
41799470785
41799470844
41799470726
41799470238
41799470441
41799470268
41799470631
41799470886
41799470369
41799470386
41799470541
41799470848
41799470676
41799470575
41799470758
41799470542
41799470570
41799470437
41799470544
41799470442
41799470964
41799470411
41799470643
41799470245
41799470891
41799470417
41799470869
41799470652
41799470530
41799470629
41799470793
41799470440
41799470403
41799470901
41799470796
41799470535
41799470504
41799470779
41799470522
41799470547
41799470486
41799470724
41799470856
41799470397
41799470743
41799470771
41799470919
41799470283
41799470310
41799470540
41799470801
41799470871
41799470561
41799470414
41799470490
41799470678
41799470714
41799470637
41799470777
41799470630
41799470545
41799470549
41799470997
41799470519
41799470538
41799470503
41799470880
41799470197
41799470826
41799470385
41799470936
41799470839
41799470710
41799470546
41799470489
41799470878
41799470890
41799470295
41799470665
41799470814
41799470921
41799470833
41799470515
41799470773
41799470963
41799470713
41799470506
41799470925
41799470756
41799470842
41799470656
41799470961
41799470601
41799470738
41799470888
41799470533
41799470924
41799470691
41799470312
41799470982
41799470512
41799470761
41799470305
41799470623
41799470783
41799470770
41799470608
41799470668
41799470600
41799470970
41799470677
41799470581
41799470731
41799470669
41799470768
41799470655
41799470517
41799470466
41799470874
41799470893
41799470525
41799470583
41799470824
41799470657
41799470316
41799470701
41799470744
41799470947
41799470935
41799470929
41799470663
41799470722
41799470912
41799470825
41799470759
41799470563
41799470944
41799470318
41799470950
41799470862
41799470769
41799470671
41799470573
41799470972
41799470562
41799470624
41799470730
41799470943
41799470687
41799470387
41799470859
41799470883
41799470889
41799470908
41799470639
41799470855
41799470831
41799470762
41799470832
41799470887
41799470838
41799470819
41799470675
41799470531
41799470991
41799470934
41799470932
41799470742
41799470591
41799470916
41799470992
41799470949
41799470845
41799470940
41799470749
41799470847
41799470881
41799470939
41799470613
41799470400
41799470590
41799470867
41799470937
41799470977
41799470959
41799470896
41799470681
41799470884
41799470748
41799470823
41799470852
41799470957
41799470911
41799470662
41799470938
41799470827
41799479002
41799479017
41799479019
41799479026
41799479023
41799479014
41799479012
41799479003
41799479025
41799479011
41799479018
41799479039
41799479101
41799479112
41799479154
41799479033
41799479231
41799479088
41799479038
41799479040
41799479070
41799479068
41799479078
41799479082
41799479207
41799479109
41799479119
41799479120
41799479124
41799479128
41799479169
41799479035
41799479057
41799479093
41799479067
41799479135
41799479246
41799479230
41799479180
41799479308
41799479326
41799479055
41799479098
41799479328
41799479264
41799479193
41799479305
41799479079
41799479336
41799479202
41799479061
41799479103
41799479073
41799479053
41799479200
41799479056
41799479173
41799479083
41799479162
41799479210
41799479044
41799479266
41799479106
41799479219
41799479080
41799479346
41799479095
41799479115
41799479316
41799479142
41799479295
41799479199
41799479153
41799479168
41799479049
41799479198
41799479184
41799479310
41799479076
41799479050
41799479104
41799479139
41799479291
41799479069
41799479125
41799479338
41799479141
41799479342
41799479054
41799479145
41799479216
41799479150
41799479296
41799479118
41799479137
41799479238
41799479271
41799479241
41799479298
41799479313
41799479152
41799479221
41799479192
41799479253
41799479116
41799479140
41799479262
41799479270
41799479187
41799479248
41799479203
41799479206
41799479225
41799479229
41799479110
41799479290
41799479323
41799479176
41799479157
41799479275
41799479282
41799479311
41799479085
41799479274
41799479244
41799479196
41799479272
41799479201
41799479239
41799479240
41799479283
41799479280
41799479220
41799479059
41799479301
41799479288
41799479247
41799479324
41799479204
41799479315
41799479245
41799479256
41799479170
41799479312
41799479190
41799479263
41799479208
41799479249
41799479218
41799479126
41799479252
41799479345
41799479113
41799479243
41799479306
41799479317
41799479273
41799479331
41799479281
41799479134
41799479314
41799479151
41799479332
41799479175
41799479340
41799479339
41799479335
41799479181
41799479155
41799479257
41799479299
41799479285
41799479087
41799479224
41799479355
41799479356
41799479353
41799479378
41799479373
41799479358
41799479368
41799479371
41799479380
41799479382
41799479363
41799479366
41799479381
41799479377
41799479388
41799479485
41799479474
41799479490
41799479452
41799479447
41799479459
41799479394
41799479430
41799479436
41799479406
41799479478
41799479594
41799479533
41799479540
41799479544
41799479424
41799479397
41799479425
41799479592
41799479385
41799479470
41799479413
41799479391
41799479448
41799479520
41799479405
41799479414
41799479429
41799479493
41799479656
41799479386
41799479563
41799479566
41799479528
41799479491
41799479423
41799479431
41799479643
41799479389
41799479599
41799479684
41799479399
41799479483
41799479426
41799479659
41799479547
41799479508
41799479420
41799479402
41799479522
41799479437
41799479482
41799479412
41799479398
41799479449
41799479418
41799479428
41799479438
41799479419
41799479521
41799479649
41799479534
41799479587
41799479550
41799479570
41799479531
41799479543
41799479588
41799479567
41799479602
41799479433
41799479392
41799479555
41799479411
41799479390
41799479384
41799479407
41799479509
41799479610
41799479601
41799479585
41799479504
41799479395
41799479569
41799479427
41799479677
41799479387
41799479690
41799479565
41799479536
41799479669
41799479471
41799479689
41799479636
41799479539
41799479554
41799479657
41799479444
41799479477
41799479648
41799479675
41799479673
41799479527
41799479517
41799479699
41799479620
41799479401
41799479505
41799479511
41799479626
41799479417
41799479512
41799479628
41799479639
41799479589
41799479553
41799479560
41799479473
41799479630
41799479662
41799479513
41799479679
41799479518
41799479600
41799479608
41799479487
41799479616
41799479678
41799479461
41799479530
41799479591
41799479457
41799479694
41799479582
41799479469
41799479698
41799479492
41799479651
41799479670
41799479519
41799479442
41799479552
41799479650
41799479660
41799479603
41799479526
41799479691
41799479538
41799479546
41799479621
41799479537
41799479562
41799479575
41799479465
41799479665
41799479682
41799479605
41799479472
41799479496
41799479609
41799479655
41799479654
41799479524
41799479625
41799479580
41799479645
41799479730
41799479708
41799479727
41799479715
41799479721
41799479713
41799479718
41799479728
41799479700
41799479712
41799479709
41799479704
41799479771
41799479760
41799479775
41799479736
41799479757
41799479792
41799479772
41799479740
41799479790
41799479788
41799479769
41799479766
41799479770
41799479791
41799479789
41799479761
41799479783
41799479781
41799479786
41799479763
41799479734
41799479767
41799479780
41799479773
41799479742
41799479793
41799479829
41799479826
41799479802
41799479804
41799479794
41799479800
41799479820
41799479809
41799479835
41799479852
41799479845
41799479807
41799479817
41799479815
41799479816
41799479805
41799479848
41799479830
41799479795
41799479833
41799479798
41799479812
41799479851
41799479810
41799479811
41799479850
41799479888
41799479867
41799479904
41799479869
41799479899
41799479902
41799479865
41799479855
41799479854
41799479864
41799479863
41799479872
41799479877
41799479876
41799479900
41799479866
41799479880
41799479897
41799479885
41799479859
41799479878
41799479856
41799479868
41799479861
41799479910
41799479881
41799479896
41799479887
41799479894
41799479915
41799479924
41799479988
41799479922
41799479920
41799479942
41799479932
41799479927
41799479936
41799479983
41799479957
41799479992
41799479986
41799479999
41799479919
41799479945
41799479971
41799479912
41799479994
41799479959
41799479925
41799479918
41799479973
41799479984
41799479934
41799479956
41799479953
41799479944
41799479951
41799479955
41799479933
41799479946
41799479947
41799479928
41799479996
41799479943
41799479952
41799479995
41799479993
41799479991
41799479913
41799479990
41799479977
41799479965
41799479963
41799479954
41799479975
41799479958
41799479938
41799479976
41799479981
41799473006
41799473021
41799473026
41799473009
41799473016
41799473008
41799473007
41799473031
41799473015
41799473017
41799473023
41799473011
41799473028
41799473013
41799473042
41799473067
41799473097
41799473140
41799473039
41799473135
41799473179
41799473091
41799473078
41799473064
41799473132
41799473071
41799473278
41799473094
41799473127
41799473047
41799473145
41799473139
41799473156
41799473108
41799473053
41799473180
41799473154
41799473045
41799473113
41799473125
41799473231
41799473062
41799473342
41799473056
41799473169
41799473107
41799473189
41799473227
41799473215
41799473146
41799473284
41799473086
41799473258
41799473095
41799473318
41799473106
41799473096
41799473049
41799473203
41799473230
41799473069
41799473040
41799473123
41799473092
41799473115
41799473104
41799473242
41799473200
41799473301
41799473088
41799473222
41799473273
41799473206
41799473198
41799473057
41799473147
41799473247
41799473138
41799473142
41799473194
41799473177
41799473109
41799473152
41799473158
41799473195
41799473305
41799473291
41799473170
41799473166
41799473193
41799473093
41799473100
41799473112
41799473102
41799473296
41799473210
41799473186
41799473202
41799473271
41799473253
41799473185
41799473337
41799473241
41799473315
41799473058
41799473249
41799473289
41799473141
41799473277
41799473334
41799473255
41799473129
41799473055
41799473300
41799473270
41799473168
41799473124
41799473333
41799473262
41799473292
41799473240
41799473199
41799473175
41799473297
41799473163
41799473254
41799473181
41799473153
41799473314
41799473103
41799473275
41799473323
41799473178
41799473116
41799473208
41799473252
41799473343
41799473259
41799473137
41799473211
41799473349
41799473122
41799473248
41799473224
41799473130
41799473307
41799473299
41799473326
41799473331
41799473225
41799473250
41799473126
41799473313
41799473105
41799473279
41799473263
41799473260
41799473332
41799473294
41799473144
41799473283
41799473312
41799473266
41799473319
41799473345
41799473209
41799473304
41799473234
41799473322
41799473261
41799473243
41799473207
41799473303
41799473161
41799473347
41799473223
41799473325
41799473309
41799473341
41799473308
41799473272
41799473164
41799473282
41799473335
41799473324
41799473295
41799473360
41799473363
41799473377
41799473358
41799473362
41799473375
41799473379
41799473352
41799473353
41799473376
41799473356
41799473351
41799473366
41799473355
41799473354
41799473381
41799473372
41799473364
41799473378
41799473380
41799473408
41799473527
41799473449
41799473481
41799473388
41799473440
41799473436
41799473443
41799473557
41799473468
41799473417
41799473392
41799473390
41799473425
41799473447
41799473397
41799473668
41799473525
41799473590
41799473583
41799473521
41799473505
41799473643
41799473653
41799473500
41799473444
41799473555
41799473462
41799473461
41799473550
41799473494
41799473598
41799473499
41799473426
41799473424
41799473433
41799473551
41799473484
41799473383
41799473394
41799473629
41799473391
41799473438
41799473406
41799473523
41799473422
41799473464
41799473480
41799473503
41799473510
41799473477
41799473401
41799473474
41799473403
41799473533
41799473450
41799473490
41799473543
41799473573
41799473524
41799473577
41799473641
41799473580
41799473471
41799473430
41799473603
41799473520
41799473459
41799473652
41799473618
41799473679
41799473467
41799473437
41799473692
41799473554
41799473400
41799473501
41799473631
41799473491
41799473470
41799473410
41799473419
41799473586
41799473486
41799473518
41799473456
41799473541
41799473625
41799473565
41799473463
41799473423
41799473544
41799473642
41799473690
41799473445
41799473575
41799473609
41799473619
41799473412
41799473648
41799473504
41799473689
41799473545
41799473654
41799473560
41799473466
41799473479
41799473620
41799473649
41799473559
41799473534
41799473522
41799473684
41799473670
41799473606
41799473488
41799473517
41799473697
41799473526
41799473516
41799473612
41799473552
41799473546
41799473585
41799473472
41799473483
41799473677
41799473628
41799473579
41799473582
41799473553
41799473680
41799473596
41799473616
41799473558
41799473666
41799473568
41799473592
41799473578
41799473681
41799473476
41799473591
41799473686
41799473699
41799473674
41799473651
41799473610
41799473584
41799473537
41799473664
41799473650
41799473632
41799473581
41799473457
41799473638
41799473639
41799473657
41799473602
41799473656
41799473594
41799473682
41799473548
41799473660
41799473493
41799473538
41799473663
41799473728
41799473708
41799473704
41799473700
41799473717
41799473729
41799473726
41799473724
41799473712
41799473720
41799473718
41799473703
41799473715
41799473723
41799473722
41799473719
41799473725
41799473714
41799473791
41799473746
41799473753
41799473758
41799473754
41799473755
41799473742
41799473768
41799473785
41799473736
41799473740
41799473763
41799473738
41799473759
41799473757
41799473735
41799473751
41799473733
41799473731
41799473750
41799473764
41799473739
41799473766
41799473771
41799473767
41799473783
41799473773
41799473770
41799473769
41799473776
41799473765
41799473747
41799473760
41799473792
41799473788
41799473777
41799473772
41799473749
41799473787
41799473789
41799473798
41799473843
41799473828
41799473797
41799473793
41799473857
41799473801
41799473864
41799473812
41799473865
41799473866
41799473852
41799473848
41799473835
41799473811
41799473817
41799473849
41799473816
41799473846
41799473862
41799473851
41799473814
41799473832
41799473847
41799473839
41799473794
41799473818
41799473875
41799473825
41799473867
41799473805
41799473858
41799473877
41799473853
41799473808
41799473842
41799473827
41799473869
41799473845
41799473802
41799473860
41799473859
41799473861
41799473841
41799473834
41799473830
41799473883
41799473924
41799473937
41799473945
41799473882
41799473887
41799473922
41799473916
41799473925
41799473907
41799473905
41799473880
41799473896
41799473953
41799473891
41799473941
41799473943
41799473909
41799473933
41799473927
41799473911
41799473904
41799473897
41799473881
41799473901
41799473962
41799473930
41799473929
41799473926
41799473919
41799473899
41799473942
41799473913
41799473946
41799473944
41799473932
41799473965
41799473940
41799473949
41799473915
41799473957
41799473964
41799473918
41799473921
41799473976
41799473967
41799473973
41799473971
41799473990
41799473980
41799473994
41799473993
41799473966
41799473992
41799473989
41799473995
41799473979
41799473983
41799473987
41799473986
41799471018
41799471009
41799471017
41799471029
41799471016
41799471001
41799471007
41799471030
41799471010
41799471025
41799471032
41799471022
41799471006
41799471014
41799471031
41799471020
41799471024
41799471028
41799471026
41799471011
41799471071
41799471099
41799471117
41799471147
41799471066
41799471075
41799471040
41799471051
41799471291
41799471037
41799471103
41799471139
41799471110
41799471062
41799471111
41799471332
41799471003
41799471199
41799471135
41799471149
41799471265
41799471057
41799471163
41799471105
41799471115
41799471113
41799471095
41799471094
41799471155
41799471109
41799471074
41799471130
41799471228
41799471082
41799471213
41799471226
41799471214
41799471100
41799471310
41799471036
41799471044
41799471262
41799471045
41799471104
41799471138
41799471067
41799471475
41799471127
41799471176
41799471159
41799471399
41799471495
41799471096
41799471479
41799471215
41799471089
41799471780
41799471081
41799471282
41799471143
41799471072
41799471285
41799471377
41799471232
41799471061
41799471161
41799471412
41799471174
41799471047
41799471097
41799471761
41799471516
41799471050
41799471083
41799471455
41799471101
41799471284
41799471253
41799471165
41799471490
41799471182
41799471120
41799471092
41799471486
41799471356
41799471164
41799471784
41799471405
41799471466
41799471177
41799471477
41799471259
41799471280
41799471218
41799471476
41799471427
41799471191
41799471140
41799471417
41799471207
41799471561
41799471437
41799471132
41799471328
41799471507
41799471866
41799471321
41799471311
41799471458
41799471614
41799471058
41799471354
41799471249
41799471043
41799471592
41799471235
41799471157
41799471065
41799471498
41799471234
41799471312
41799471430
41799471204
41799471677
41799471497
41799471329
41799471208
41799471522
41799471335
41799471128
41799471555
41799471517
41799471673
41799471669
41799471244
41799471659
41799471222
41799471384
41799471441
41799471494
41799471340
41799471639
41799471338
41799471985
41799471488
41799471768
41799471971
41799471885
41799471394
41799471721
41799471397
41799471210
41799471838
41799471980
41799471333
41799471150
41799471197
41799471684
41799471411
41799471343
41799471160
41799471289
41799471410
41799471239
41799471548
41799471219
41799471227
41799471662
41799471702
41799471307
41799471309
41799471676
41799471584
41799471474
41799471263
41799471854
41799471413
41799471237
41799471820
41799471322
41799471535
41799471787
41799471304
41799471503
41799471583
41799471615
41799471571
41799471529
41799471281
41799471525
41799471424
41799471314
41799471699
41799471432
41799471434
41799471172
41799471540
41799471510
41799471480
41799471520
41799471420
41799471167
41799471953
41799471626
41799471407
41799471982
41799471348
41799471957
41799471569
41799471454
41799471112
41799471347
41799471594
41799471573
41799471422
41799471209
41799471255
41799471770
41799471519
41799471438
41799471924
41799471223
41799471323
41799471779
41799471469
41799471550
41799471698
41799471697
41799471801
41799471679
41799471487
41799471443
41799471136
41799471355
41799471706
41799471491
41799471828
41799471418
41799471549
41799471883
41799471543
41799471512
41799471657
41799471538
41799471524
41799471775
41799471425
41799471695
41799471638
41799471468
41799471707
41799471640
41799471240
41799471802
41799471523
41799471804
41799471763
41799471767
41799471835
41799471783
41799471367
41799471607
41799471334
41799471704
41799471888
41799471580
41799471655
41799471402
41799471552
41799471242
41799471848
41799471581
41799471539
41799471225
41799471603
41799471622
41799471330
41799471805
41799471526
41799471224
41799471743
41799471923
41799471776
41799471845
41799471715
41799471463
41799471493
41799471859
41799471846
41799471987
41799471711
41799471508
41799471268
41799471277
41799471473
41799471628
41799471617
41799471629
41799471696
41799471551
41799471627
41799471823
41799471633
41799471470
41799471541
41799471894
41799471612
41799471279
41799471362
41799471658
41799471672
41799471686
41799471958
41799471444
41799471827
41799471570
41799471687
41799471608
41799471254
41799471757
41799471451
41799471878
41799471670
41799471680
41799471365
41799471740
41799471496
41799471690
41799471879
41799471700
41799471755
41799471385
41799471620
41799471871
41799471710
41799471701
41799471290
41799471623
41799471406
41799471895
41799471315
41799471266
41799471694
41799471344
41799471705
41799471726
41799471668
41799471970
41799471591
41799471855
41799471992
41799471772
41799471447
41799471917
41799471915
41799471753
41799471678
41799471647
41799471952
41799471644
41799471853
41799471880
41799471440
41799471844
41799471674
41799471793
41799471852
41799471642
41799471737
41799471505
41799471621
41799471857
41799471752
41799471766
41799471935
41799471683
41799471830
41799471863
41799471861
41799471961
41799471660
41799471449
41799471792
41799471904
41799471688
41799471604
41799471897
41799471858
41799471671
41799471703
41799471836
41799471646
41799471819
41799471955
41799471773
41799471685
41799471601
41799471937
41799471900
41799471914
41799471942
41799471464
41799471862
41799471778
41799471963
41799471865
41799471803
41799471825
41799471666
41799471750
41799471545
41799471974
41799471506
41799471722
41799471777
41799471882
41799471908
41799471537
41799471944
41799471593
41799471849
41799471794
41799471586
41799471911
41799471906
41799471956
41799471575
41799471826
41799471653
41799471981
41799471665
41799471822
41799471941
41799471718
41799471896
41799471993
41799471762
41799471873
41799471912
41799471959
41799471979
41799471949
41799471842
41799471972
41799471933
41799471969
41799472020
41799472029
41799472005
41799472027
41799472031
41799472012
41799472013
41799472021
41799472019
41799472025
41799472026
41799472001
41799472002
41799472004
41799472032
41799472008
41799472023
41799472015
41799472036
41799472039
41799472120
41799472087
41799472202
41799472282
41799472323
41799472128
41799472137
41799472133
41799472033
41799472169
41799472177
41799472117
41799472116
41799472176
41799472042
41799472052
41799472085
41799472102
41799472056
41799472065
41799472099
41799472040
41799472101
41799472136
41799472138
41799472231
41799472245
41799472090
41799472271
41799472408
41799472062
41799472122
41799472125
41799472037
41799472276
41799472041
41799472159
41799472326
41799472064
41799472084
41799472112
41799472097
41799472081
41799472048
41799472253
41799472135
41799472086
41799472115
41799472230
41799472034
41799472257
41799472067
41799472439
41799472182
41799472107
41799472088
41799472197
41799472077
41799472110
41799472071
41799472232
41799472108
41799472557
41799472204
41799472249
41799472141
41799472284
41799472143
41799472474
41799472224
41799472246
41799472287
41799472054
41799472127
41799472111
41799472188
41799472222
41799472172
41799472196
41799472356
41799472481
41799472185
41799472279
41799472286
41799472256
41799472264
41799472360
41799472178
41799472156
41799472392
41799472540
41799472217
41799472162
41799472163
41799472109
41799472419
41799472194
41799472050
41799472368
41799472123
41799472395
41799472302
41799472426
41799472338
41799472317
41799472225
41799472181
41799472201
41799472354
41799472350
41799472329
41799472306
41799472206
41799472060
41799472234
41799472092
41799472623
41799472113
41799472491
41799472148
41799472526
41799472365
41799472583
41799472429
41799472414
41799472509
41799472152
41799472513
41799472534
41799472307
41799472440
41799472400
41799472366
41799472724
41799472292
41799472186
41799472427
41799472118
41799472140
41799472259
41799472921
41799472134
41799472195
41799472191
41799472183
41799472625
41799472179
41799472569
41799472303
41799472144
41799472477
41799472294
41799472592
41799472170
41799472347
41799472404
41799472469
41799472679
41799472369
41799472311
41799472560
41799472093
41799472229
41799472327
41799472263
41799472812
41799472567
41799472199
41799472363
41799472980
41799472242
41799472237
41799472798
41799472320
41799472387
41799472737
41799472126
41799472508
41799472520
41799472324
41799472219
41799472168
41799472482
41799472260
41799472788
41799472490
41799472453
41799472517
41799472708
41799472353
41799472415
41799472425
41799472830
41799472333
41799472532
41799472215
41799472825
41799472610
41799472905
41799472391
41799472300
41799472297
41799472393
41799472270
41799472502
41799472607
41799472382
41799472447
41799472390
41799472644
41799472549
41799472538
41799472378
41799472894
41799472072
41799472203
41799472105
41799472175
41799472432
41799472200
41799472158
41799472325
41799472601
41799472095
41799472394
41799472213
41799472619
41799472486
41799472803
41799472416
41799472367
41799472223
41799472343
41799472672
41799472471
41799472537
41799472493
41799472258
41799472627
41799472857
41799472608
41799472653
41799472802
41799472920
41799472747
41799472239
41799472878
41799472591
41799472361
41799472238
41799472726
41799472381
41799472165
41799472308
41799472436
41799472216
41799472806
41799472332
41799472815
41799472543
41799472132
41799472889
41799472606
41799472635
41799472585
41799472536
41799472290
41799472465
41799472441
41799472467
41799472964
41799472814
41799472742
41799472418
41799472901
41799472909
41799472925
41799472313
41799472409
41799472711
41799472978
41799472417
41799472386
41799472275
41799472743
41799472548
41799472594
41799472779
41799472374
41799472643
41799472890
41799472680
41799472351
41799472078
41799472789
41799472510
41799472495
41799472840
41799472344
41799472589
41799472947
41799472837
41799472646
41799472521
41799472485
41799472265
41799472645
41799472865
41799472559
41799472883
41799472595
41799472322
41799472671
41799472405
41799472843
41799472456
41799472701
41799472795
41799472762
41799472850
41799472314
41799472707
41799472484
41799472848
41799472273
41799472763
41799472835
41799472507
41799472752
41799472819
41799472629
41799472443
41799472893
41799472346
41799472926
41799472917
41799472820
41799472568
41799472987
41799472640
41799472544
41799472277
41799472352
41799472744
41799472731
41799472885
41799472422
41799472690
41799472871
41799472553
41799472994
41799472438
41799472738
41799472854
41799472289
41799472584
41799472993
41799472704
41799472291
41799472933
41799472637
41799472577
41799472725
41799472939
41799472450
41799472756
41799472723
41799472754
41799472564
41799472470
41799472927
41799472936
41799472527
41799472965
41799472860
41799472506
41799472563
41799472497
41799472385
41799472791
41799472570
41799472770
41799472721
41799472864
41799472454
41799472638
41799472642
41799472986
41799472702
41799472884
41799472810
41799472858
41799472949
41799472703
41799472915
41799472448
41799472588
41799472715
41799472804
41799472817
41799472712
41799472618
41799472296
41799472581
41799472944
41799472774
41799472398
41799472787
41799472911
41799472541
41799472766
41799472778
41799472948
41799472922
41799472668
41799472991
41799472733
41799472962
41799472446
41799472903
41799472845
41799472956
41799472861
41799472700
41799472705
41799472580
41799472767
41799472808
41799472777
41799472836
41799472732
41799472805
41799472621
41799472829
41799472959
41799472500
41799472542
41799472624
41799472988
41799472760
41799472678
41799472676
41799472458
41799472841
41799472824
41799472997
41799472773
41799472604
41799472494
41799472611
41799472684
41799472827
41799472846
41799472449
41799472870
41799472620
41799472866
41799472516
41799472945
41799472910
41799472918
41799472694
41799472970
41799472554
41799472902
41799472433
41799472851
41799472940
41799472710
41799472853
41799472461
41799472662
41799472666
41799472730
41799472852
41799472552
41799472687
41799472722
41799478007
41799478025
41799478009
41799478026
41799478002
41799478015
41799478008
41799478016
41799478023
41799478020
41799478028
41799478003
41799478018
41799478004
41799478031
41799478022
41799478075
41799478067
41799478141
41799478110
41799478107
41799478056
41799478054
41799478052
41799478100
41799478131
41799478113
41799478123
41799478133
41799478077
41799478233
41799478043
41799478035
41799478059
41799478178
41799478195
41799478130
41799478078
41799478047
41799478236
41799478116
41799478081
41799478253
41799478128
41799478074
41799478050
41799478065
41799478120
41799478082
41799478166
41799478259
41799478138
41799478327
41799478145
41799478168
41799478248
41799478106
41799478308
41799478096
41799478125
41799478213
41799478099
41799478244
41799478350
41799478263
41799478144
41799478285
41799478039
41799478217
41799478068
41799478102
41799478257
41799478290
41799478136
41799478152
41799478206
41799478073
41799478085
41799478093
41799478264
41799478251
41799478111
41799478127
41799478150
41799478147
41799478284
41799478151
41799478205
41799478276
41799478312
41799478101
41799478119
41799478114
41799478176
41799478328
41799478239
41799478061
41799478174
41799478345
41799478237
41799478186
41799478326
41799478337
41799478231
41799478105
41799478137
41799478164
41799478265
41799478109
41799478261
41799478179
41799478238
41799478211
41799478169
41799478124
41799478184
41799478343
41799478143
41799478204
41799478148
41799478208
41799478200
41799478191
41799478296
41799478333
41799478307
41799478216
41799478182
41799478185
41799478295
41799478309
41799478157
41799478177
41799478209
41799478232
41799478223
41799478180
41799478270
41799478314
41799478266
41799478225
41799478321
41799478230
41799478234
41799478215
41799478198
41799478255
41799478325
41799478227
41799478330
41799478219
41799478335
41799478311
41799478299
41799478300
41799478348
41799478381
41799478359
41799478363
41799478351
41799478382
41799478360
41799478364
41799478354
41799478368
41799478355
41799478373
41799478374
41799478365
41799478366
41799478372
41799478370
41799478362
41799478499
41799478490
41799478559
41799478448
41799478419
41799478422
41799478425
41799478494
41799478391
41799478442
41799478636
41799478560
41799478503
41799478399
41799478400
41799478405
41799478479
41799478481
41799478480
41799478489
41799478415
41799478533
41799478385
41799478477
41799478398
41799478416
41799478524
41799478432
41799478470
41799478673
41799478465
41799478467
41799478397
41799478554
41799478436
41799478438
41799478451
41799478550
41799478472
41799478574
41799478652
41799478441
41799478469
41799478519
41799478565
41799478525
41799478582
41799478619
41799478402
41799478393
41799478492
41799478538
41799478404
41799478661
41799478440
41799478688
41799478456
41799478495
41799478476
41799478697
41799478411
41799478543
41799478561
41799478529
41799478546
41799478527
41799478410
41799478591
41799478684
41799478412
41799478665
41799478520
41799478457
41799478660
41799478462
41799478498
41799478458
41799478552
41799478556
41799478474
41799478401
41799478608
41799478689
41799478610
41799478421
41799478618
41799478664
41799478645
41799478482
41799478599
41799478676
41799478640
41799478569
41799478455
41799478605
41799478449
41799478586
41799478512
41799478518
41799478644
41799478600
41799478562
41799478500
41799478473
41799478450
41799478530
41799478631
41799478575
41799478616
41799478637
41799478592
41799478628
41799478588
41799478584
41799478622
41799478587
41799478431
41799478603
41799478497
41799478409
41799478576
41799478658
41799478510
41799478683
41799478426
41799478651
41799478667
41799478611
41799478653
41799478614
41799478437
41799478558
41799478589
41799478639
41799478612
41799478682
41799478629
41799478679
41799478475
41799478502
41799478633
41799478655
41799478571
41799478594
41799478674
41799478634
41799478590
41799478678
41799478534
41799478544
41799478577
41799478713
41799478701
41799478719
41799478709
41799478714
41799478703
41799478729
41799478718
41799478730
41799478723
41799478725
41799478722
41799478700
41799478710
41799478726
41799478711
41799478720
41799478777
41799478742
41799478760
41799478783
41799478746
41799478781
41799478775
41799478747
41799478737
41799478731
41799478756
41799478780
41799478754
41799478750
41799478788
41799478755
41799478786
41799478790
41799478744
41799478758
41799478763
41799478762
41799478770
41799478745
41799478741
41799478748
41799478784
41799478789
41799478753
41799478822
41799478826
41799478825
41799478847
41799478828
41799478794
41799478800
41799478853
41799478813
41799478820
41799478876
41799478863
41799478798
41799478821
41799478855
41799478836
41799478868
41799478793
41799478796
41799478802
41799478819
41799478806
41799478812
41799478830
41799478832
41799478840
41799478824
41799478849
41799478833
41799478862
41799478875
41799478865
41799478843
41799478797
41799478842
41799478801
41799478854
41799478841
41799478839
41799478827
41799478817
41799478846
41799478866
41799478848
41799478845
41799478871
41799478838
41799478844
41799478943
41799478908
41799478930
41799478940
41799478882
41799478906
41799478933
41799478952
41799478960
41799478887
41799478897
41799478892
41799478896
41799478903
41799478920
41799478941
41799478883
41799478963
41799478912
41799478961
41799478884
41799478880
41799478918
41799478886
41799478879
41799478917
41799478915
41799478885
41799478950
41799478901
41799478921
41799478945
41799478932
41799478954
41799478944
41799478962
41799478925
41799478899
41799478904
41799478942
41799478959
41799478975
41799478987
41799478970
41799478966
41799478979
41799478982
41799478994
41799478983
41799478997
41799478988
41799478967
41799478972
41799478974
41799478969
41799478990
41799477028
41799477006
41799477004
41799477014
41799477031
41799477011
41799477032
41799477030
41799477007
41799477029
41799477022
41799477020
41799477005
41799477003
41799477053
41799477101
41799477139
41799477206
41799477033
41799477241
41799477068
41799477296
41799477066
41799477146
41799477184
41799477042
41799477076
41799477222
41799477223
41799477065
41799477219
41799477093
41799477190
41799477133
41799477112
41799477080
41799477092
41799477181
41799477099
41799477102
41799477157
41799477189
41799477131
41799477110
41799477103
41799477067
41799477245
41799477316
41799477310
41799477253
41799477049
41799477108
41799477237
41799477261
41799477121
41799477227
41799477035
41799477185
41799477372
41799477319
41799477109
41799477322
41799477188
41799477363
41799477055
41799477364
41799477115
41799477137
41799477248
41799477163
41799477278
41799477325
41799477116
41799477046
41799477382
41799477054
41799477104
41799477169
41799477044
41799477043
41799477299
41799477069
41799477091
41799477141
41799477122
41799477277
41799477085
41799477719
41799477344
41799477045
41799477406
41799477178
41799477282
41799477162
41799477088
41799477295
41799477773
41799477040
41799477311
41799477257
41799477441
41799477376
41799477290
41799477175
41799477187
41799477153
41799477172
41799477457
41799477377
41799477415
41799477512
41799477221
41799477312
41799477158
41799477593
41799477212
41799477490
41799477118
41799477349
41799477318
41799477392
41799477294
41799477123
41799477431
41799477369
41799477255
41799477173
41799477182
41799477234
41799477081
41799477213
41799477713
41799477149
41799477432
41799477270
41799477514
41799477134
41799477492
41799477407
41799477147
41799477355
41799477051
41799477060
41799477469
41799477427
41799477280
41799477480
41799477634
41799477437
41799477484
41799477209
41799477286
41799477466
41799477242
41799477501
41799477291
41799477180
41799477402
41799477950
41799477192
41799477417
41799477336
41799477399
41799477288
41799477084
41799477453
41799477398
41799477422
41799477384
41799477334
41799477107
41799477636
41799477315
41799477811
41799477515
41799477275
41799477339
41799477388
41799477168
41799477852
41799477530
41799477627
41799477079
41799477313
41799477536
41799477405
41799477590
41799477522
41799477202
41799477689
41799477738
41799477500
41799477183
41799477144
41799477309
41799477556
41799477594
41799477848
41799477557
41799477732
41799477455
41799477351
41799477847
41799477608
41799477592
41799477207
41799477374
41799477448
41799477495
41799477132
41799477145
41799477782
41799477607
41799477600
41799477586
41799477323
41799477527
41799477855
41799477521
41799477690
41799477581
41799477244
41799477873
41799477672
41799477476
41799477617
41799477467
41799477297
41799477549
41799477579
41799477976
41799477710
41799477621
41799477903
41799477653
41799477899
41799477483
41799477403
41799477509
41799477251
41799477651
41799477912
41799477823
41799477940
41799477664
41799477616
41799477472
41799477393
41799477491
41799477794
41799477628
41799477386
41799477742
41799477140
41799477735
41799477932
41799477343
41799477644
41799477533
41799477871
41799477955
41799477599
41799477279
41799477404
41799477534
41799477347
41799477935
41799477692
41799477921
41799477988
41799477757
41799477486
41799477256
41799477785
41799477308
41799477337
41799477780
41799477908
41799477569
41799477361
41799477516
41799477326
41799477649
41799477603
41799477685
41799477817
41799477438
41799477891
41799477677
41799477601
41799477819
41799477681
41799477661
41799477625
41799477217
41799477815
41799477804
41799477647
41799477211
41799477523
41799477247
41799477695
41799477763
41799477981
41799477462
41799477834
41799477693
41799477746
41799477715
41799477585
41799477733
41799477884
41799477547
41799477629
41799477568
41799477505
41799477691
41799477933
41799477452
41799477482
41799477781
41799477779
41799477488
41799477994
41799477700
41799477822
41799477687
41799477615
41799477844
41799477900
41799477751
41799477421
41799477800
41799477443
41799477929
41799477704
41799477868
41799477924
41799477747
41799477489
41799477292
41799477411
41799477560
41799477641
41799477846
41799477862
41799477553
41799477414
41799477957
41799477893
41799477504
41799477837
41799477937
41799477576
41799477709
41799477540
41799477655
41799477418
41799477851
41799477722
41799477771
41799477210
41799477987
41799477412
41799477604
41799477697
41799477783
41799477723
41799477907
41799477845
41799477813
41799477930
41799477420
41799477807
41799477934
41799477915
41799477327
41799477459
41799477555
41799477965
41799477716
41799477764
41799477919
41799477694
41799477864
41799477666
41799477675
41799477875
41799477814
41799477854
41799477825
41799477910
41799477857
41799477831
41799477750
41799477793
41799477683
41799477663
41799477883
41799477821
41799477758
41799477618
41799477622
41799477941
41799477725
41799477739
41799477702
41799477836
41799477826
41799477954
41799477859
41799477964
41799477962
41799477699
41799477673
41799477639
41799477827
41799477808
41799477917
41799477832
41799477561
41799477637
41799477840
41799477465
41799477810
41799477712
41799477589
41799477870
41799477956
41799477853
41799477975
41799477860
41799477888
41799477554
41799477801
41799477829
41799477839
41799477922
41799477330
41799477892
41799477726
41799477849
41799477652
41799477894
41799477791
41799477805
41799477939
41799477737
41799477889
41799477761
41799477881
41799477789
41799477968
41799477828
41799477928
41799477858
41799477833
41799477944
41799477918
41799477973
41799477952
41799477734
41799477963
41799477920
41799477841
41799477877
41799477913
41799477991
41799477989
41799477866
41799477525
41799477983
41799477721
41799477818
41799477759
41799477787
41799477887
41799477786
41799477824
41799477946
41799477993
41799477863
