41795705000
41795705018
41795705024
41795705003
41795705014
41795705016
41795705021
41795705004
41795705032
41795705011
41795705001
41795705025
41795705022
41795705010
41795705009
41795705030
41795705029
41795705015
41795705002
41795705008
41795705152
41795705031
41795705036
41795705104
41795705102
41795705020
41795705026
41795705128
41795705162
41795705042
41795705180
41795705068
41795705088
41795705222
41795705044
41795705066
41795705073
41795705146
41795705100
41795705109
41795705067
41795705115
41795705188
41795705155
41795705134
41795705053
41795705257
41795705140
41795705050
41795705065
41795705056
41795705047
41795705080
41795705092
41795705039
41795705069
41795705186
41795705070
41795705136
41795705059
41795705078
41795705342
41795705211
41795705037
41795705049
41795705077
41795705106
41795705212
41795705116
41795705082
41795705170
41795705122
41795705054
41795705079
41795705062
41795705060
41795705199
41795705217
41795705123
41795705137
41795705343
41795705089
41795705108
41795705264
41795705190
41795705033
41795705090
41795705093
41795705241
41795705052
41795705121
41795705105
41795705149
41795705127
41795705057
41795705118
41795705179
41795705167
41795705085
41795705156
41795705061
41795705368
41795705142
41795705213
41795705229
41795705599
41795705129
41795705058
41795705103
41795705124
41795705505
41795705132
41795705333
41795705317
41795705187
41795705740
41795705147
41795705096
41795705183
41795705497
41795705202
41795705143
41795705845
41795705305
41795705239
41795705163
41795705185
41795705300
41795705297
41795705141
41795705159
41795705112
41795705352
41795705204
41795705097
41795705087
41795705321
41795705796
41795705495
41795705499
41795705235
41795705251
41795705295
41795705048
41795705110
41795705242
41795705351
41795705340
41795705732
41795705166
41795705731
41795705151
41795705398
41795705399
41795705247
41795705181
41795705172
41795705834
41795705168
41795705555
41795705177
41795705169
41795705160
41795705182
41795705145
41795705176
41795705852
41795705203
41795705175
41795705244
41795705298
41795705307
41795705277
41795705859
41795705258
41795705598
41795705747
41795705695
41795705881
41795705696
41795705316
41795705712
41795705806
41795705262
41795705334
41795705269
41795705839
41795705738
41795705455
41795705757
41795705679
41795705896
41795705862
41795705588
41795705851
41795705265
41795705808
41795705554
41795705899
41795705872
41795705319
41795705709
41795705730
41795705697
41795705875
41795705843
41795705515
41795705818
41795705877
41795705221
41795705846
41795705827
41795705749
41795705734
41795705767
41795705867
41795705755
41795705895
41795705363
41795705850
41795705996
41795705745
41795705878
41795705856
41795705822
41795705816
41795705752
41795705876
41795705831
41795705898
41795705776
41795705733
41795705861
41795705826
41795705758
41795705863
41795705824
41795705522
41795705786
41795705849
41795705892
41795705811
41795705897
41795705835
41795705698
41795705880
41795705997
41795705815
41795705800
41795705820
41795705894
41795705866
41795705832
41795705893
41795705706
41795705838
41795704000
41795704008
41795704019
41795704006
41795704020
41795704010
41795704030
41795704009
41795704007
41795704081
41795704048
41795704071
41795704109
41795704196
41795704056
41795704050
41795704254
41795704143
41795704097
41795704040
41795704138
41795704151
41795704149
41795704148
41795704147
41795704313
41795704099
41795704330
41795704052
41795704060
41795704198
41795704057
41795704469
41795704345
41795704250
41795704331
41795704291
41795704707
41795704249
41795704426
41795704437
41795704520
41795704470
41795704312
41795704338
41795704315
41795704095
41795704302
41795704114
41795704247
41795704152
41795704131
41795704257
41795704359
41795704333
41795704420
41795704295
41795704443
41795704680
41795704490
41795704440
41795704301
41795704255
41795704245
41795704458
41795704710
41795704483
41795704297
41795704137
41795704878
41795704299
41795704434
41795704466
41795704806
41795704449
41795704429
41795704354
41795704588
41795704536
41795704445
41795704405
41795704410
41795704540
41795704199
41795704448
41795704712
41795704005
41795704633
41795704172
41795704282
41795704195
41795704407
41795704459
41795704258
41795704811
41795704357
41795704980
41795704589
41795704347
41795704340
41795704568
41795704256
41795704575
41795704630
41795704348
41795704898
41795704140
41795704543
41795704332
41795704632
41795704319
41795704473
41795704454
41795704556
41795704438
41795704500
41795704547
41795704706
41795704303
41795704552
41795704891
41795704562
41795704478
41795704642
41795704573
41795704144
41795704432
41795704641
41795704423
41795704703
41795704730
41795704962
41795704654
41795704532
41795704918
41795704329
41795704881
41795704848
41795704535
41795704765
41795704394
41795704305
41795704567
41795704246
41795704401
41795704991
41795704964
41795704939
41795704742
41795704518
41795704558
41795704895
41795704679
41795704776
41795704464
41795704548
41795704614
41795704852
41795704613
41795704729
41795704676
41795704780
41795704418
41795704824
41795704353
41795704957
41795704948
41795704796
41795704412
41795704971
41795704925
41795704465
41795704539
41795704800
41795704965
41795704498
41795704619
41795704746
41795704550
41795704810
41795704884
41795704417
41795704655
41795704752
41795704967
41795704777
41795704829
41795704242
41795704970
41795704259
41795704952
41795704880
41795704578
41795704755
41795704628
41795704702
41795704968
41795704678
41795704798
41795704419
41795704720
41795704856
41795704831
41795704705
41795704983
41795704807
41795704389
41795704698
41795704838
41795704439
41795704647
41795704444
41795704986
41795704803
41795704997
41795704984
41795704530
41795704842
41795704977
41795704621
41795704797
41795704902
41795704972
41795704875
41795704906
41795704931
41795704757
41795704738
41795704406
41795704887
41795704958
41795704763
41795704960
41795704695
41795704976
41795704773
41795704942
41795704956
41795704574
41795704876
41795704495
41795704954
41795704836
41795704771
41795704598
41795704832
41795704988
41795704992
41795704979
41795704864
41795704560
41795704446
41795704804
41795704507
41795704975
41795704815
41795704946
41795704959
41795704794
41795704985
41795704966
41795704808
41795704950
41795704990
41795704754
41795704963
41795704477
41795704994
41795704928
41795704938
41795704888
41795704995
41795704841
41795704809
41795704828
41795704882
41795704973
41795704978
41795704909
41795704933
41795704833
41795704871
41795706000
41795706020
41795706022
41795706030
41795706088
41795706060
41795706090
41795706071
41795706298
41795706096
41795706195
41795706097
41795706396
41795706397
41795706596
41795706495
41795706464
41795706565
41795706696
41795706621
41795706497
41795706620
41795706617
41795706498
41795706575
41795706688
41795706499
41795706697
41795706666
41795706616
41795706698
41795706619
41795706599
41795706699
41795706799
41795706797
41795706870
41795706898
41795706949
41795706969
41795706953
41795706968
41795706991
41795706989
41795706997
41795706995
41795706999
41795706987
41795706996
41795706998
41795706984
41795700026
41795700007
41795700031
41795700016
41795700011
41795700010
41795700029
41795700018
41795700012
41795700028
41795700019
41795700005
41795700008
41795700017
41795700030
41795700003
41795700004
41795700090
41795700035
41795700040
41795700082
41795700067
41795700103
41795700065
41795700096
41795700091
41795700041
41795700057
41795700048
41795700251
41795700218
41795700083
41795700250
41795700290
41795700129
41795700209
41795700313
41795700166
41795700343
41795700223
41795700088
41795700104
41795700236
41795700095
41795700299
41795700033
41795700199
41795700050
41795700100
41795700288
41795700043
41795700102
41795700098
41795700221
41795700051
41795700063
41795700214
41795700196
41795700232
41795700279
41795700176
41795700237
41795700222
41795700049
41795700267
41795700052
41795700282
41795700211
41795700337
41795700160
41795700235
41795700077
41795700201
41795700304
41795700280
41795700202
41795700247
41795700261
41795700127
41795700125
41795700085
41795700305
41795700342
41795700126
41795700248
41795700265
41795700254
41795700215
41795700206
41795700277
41795700064
41795700089
41795700341
41795700310
41795700174
41795700335
41795700210
41795700207
41795700171
41795700204
41795700344
41795700152
41795700317
41795700316
41795700216
41795700331
41795700220
41795700330
41795700123
41795700278
41795700287
41795700227
41795700253
41795700284
41795700246
41795700318
41795700242
41795700122
41795700252
41795700238
41795700155
41795700292
41795700327
41795700270
41795700322
41795700319
41795700260
41795700266
41795700314
41795700275
41795700136
41795700245
41795700271
41795700320
41795700249
41795700230
41795700309
41795700286
41795700273
41795700189
41795700328
41795700231
41795700340
41795700208
41795700360
41795700361
41795700351
41795700370
41795700362
41795700371
41795700382
41795700363
41795700379
41795700352
41795700378
41795700372
41795700450
41795700641
41795700463
41795700403
41795700499
41795700401
41795700428
41795700436
41795700442
41795700459
41795700464
41795700409
41795700524
41795700415
41795700495
41795700397
41795700470
41795700583
41795700418
41795700502
41795700426
41795700615
41795700427
41795700630
41795700633
41795700396
41795700465
41795700616
41795700520
41795700611
41795700664
41795700406
41795700559
41795700467
41795700543
41795700568
41795700637
41795700439
41795700625
41795700387
41795700392
41795700511
41795700566
41795700507
41795700437
41795700607
41795700565
41795700516
41795700572
41795700560
41795700608
41795700515
41795700551
41795700501
41795700411
41795700472
41795700552
41795700683
41795700473
41795700451
41795700414
41795700546
41795700658
41795700503
41795700556
41795700652
41795700562
41795700462
41795700575
41795700587
41795700537
41795700564
41795700631
41795700443
41795700599
41795700606
41795700570
41795700640
41795700548
41795700699
41795700622
41795700668
41795700697
41795700581
41795700573
41795700695
41795700567
41795700584
41795700642
41795700530
41795700553
41795700632
41795700425
41795700521
41795700603
41795700497
41795700669
41795700629
41795700508
41795700430
41795700638
41795700593
41795700527
41795700644
41795700653
41795700610
41795700555
41795700659
41795700416
41795700419
41795700698
41795700713
41795700703
41795700727
41795700707
41795700709
41795700719
41795700700
41795700701
41795700710
41795700708
41795700702
41795700723
41795700722
41795700750
41795700759
41795700757
41795700740
41795700734
41795700738
41795700741
41795700731
41795700743
41795700770
41795700797
41795700811
41795700822
41795700799
41795700784
41795700815
41795700823
41795700773
41795700769
41795700814
41795700817
41795700779
41795700785
41795700767
41795700778
41795700819
41795700806
41795700809
41795700810
41795700830
41795700824
41795700842
41795700856
41795700839
41795700859
41795700857
41795700855
41795700868
41795700873
41795700843
41795700844
41795700835
41795700826
41795700829
41795700865
41795700832
41795700858
41795700849
41795700854
41795700837
41795700867
41795700831
41795700828
41795700881
41795700838
41795700864
41795700848
41795700909
41795700897
41795700890
41795700960
41795700884
41795700920
41795700896
41795700930
41795700899
41795700936
41795700935
41795700888
41795700898
41795700915
41795700949
41795700938
41795700964
41795700946
41795700944
41795700956
41795700963
41795700983
41795700984
41795700999
41795700986
41795700998
41795700989
41795700982
41795700995
41795700980
41795700971
41795700981
41795700987
41795709030
41795709004
41795709017
41795709008
41795709026
41795709005
41795709013
41795709018
41795709019
41795709006
41795709002
41795709023
41795709015
41795709021
41795709057
41795709107
41795709054
41795709183
41795709203
41795709098
41795709088
41795709100
41795709110
41795709104
41795709080
41795709093
41795709090
41795709075
41795709150
41795709156
41795709151
41795709232
41795709068
41795709099
41795709091
41795709037
41795709074
41795709120
41795709109
41795709152
41795709149
41795709144
41795709060
41795709190
41795709065
41795709053
41795709261
41795709169
41795709108
41795709155
41795709251
41795709349
41795709254
41795709213
41795709170
41795709196
41795709172
41795709159
41795709184
41795709241
41795709158
41795709264
41795709142
41795709218
41795709271
41795709058
41795709138
41795709157
41795709202
41795709259
41795709141
41795709219
41795709350
41795709342
41795709348
41795709284
41795709222
41795709312
41795709161
41795709192
41795709146
41795709347
41795709325
41795709282
41795709148
41795709208
41795709121
41795709344
41795709272
41795709209
41795709193
41795709287
41795709092
41795709273
41795709035
41795709187
41795709301
41795709291
41795709281
41795709361
41795709363
41795709370
41795709369
41795709356
41795709372
41795709365
41795709352
41795709360
41795709378
41795709351
41795709380
41795709366
41795709367
41795709377
41795709364
41795709410
41795709534
41795709542
41795709400
41795709392
41795709477
41795709444
41795709445
41795709425
41795709440
41795709464
41795709390
41795709383
41795709520
41795709418
41795709567
41795709450
41795709455
41795709500
41795709454
41795709646
41795709478
41795709511
41795709526
41795709558
41795709473
41795709550
41795709606
41795709449
41795709523
41795709521
41795709490
41795709653
41795709548
41795709406
41795709452
41795709475
41795709456
41795709517
41795709552
41795709441
41795709389
41795709393
41795709437
41795709568
41795709485
41795709597
41795709697
41795709513
41795709448
41795709481
41795709537
41795709594
41795709581
41795709695
41795709512
41795709662
41795709433
41795709595
41795709522
41795709669
41795709472
41795709484
41795709535
41795709438
41795709539
41795709564
41795709470
41795709654
41795709598
41795709549
41795709647
41795709524
41795709529
41795709553
41795709580
41795709515
41795709645
41795709457
41795709650
41795709569
41795709528
41795709518
41795709545
41795709577
41795709536
41795709563
41795709557
41795709663
41795709615
41795709652
41795709625
41795709531
41795709508
41795709656
41795709422
41795709688
41795709694
41795709640
41795709618
41795709679
41795709690
41795709538
41795709665
41795709621
41795709717
41795709726
41795709708
41795709729
41795709713
41795709707
41795709710
41795709703
41795709711
41795709801
41795709760
41795709755
41795709762
41795709797
41795709770
41795709776
41795709790
41795709799
41795709779
41795709743
41795709767
41795709798
41795709808
41795709812
41795709764
41795709780
41795709788
41795709738
41795709775
41795709800
41795709753
41795709733
41795709805
41795709807
41795709736
41795709806
41795709802
41795709814
41795709820
41795709825
41795709860
41795709837
41795709847
41795709843
41795709861
41795709819
41795709862
41795709876
41795709850
41795709830
41795709879
41795709826
41795709828
41795709833
41795709829
41795709864
41795709877
41795709852
41795709865
41795709835
41795709859
41795709872
41795709823
41795709878
41795709924
41795709889
41795709908
41795709920
41795709892
41795709902
41795709894
41795709895
41795709921
41795709915
41795709939
41795709922
41795709937
41795709885
41795709900
41795709935
41795709912
41795709910
41795709940
41795709930
41795709944
41795709966
41795709942
41795709949
41795709956
41795709970
41795709951
41795709955
41795709972
41795709950
41795709947
41795709957
41795709958
41795709943
41795709971
41795709999
41795709988
41795709987
41795709997
41795709992
41795709995
41795709983
41795703000
41795703016
41795703002
41795703012
41795703020
41795703010
41795703007
41795703031
41795703030
41795703043
41795703070
41795703073
41795703108
41795703124
41795703060
41795703047
41795703040
41795703214
41795703068
41795703149
41795703148
41795703096
41795703079
41795703039
41795703109
41795703355
41795703066
41795703421
41795703233
41795703095
41795703098
41795703042
41795703069
41795703500
41795703385
41795703198
41795703119
41795703253
41795703093
41795703259
41795703325
41795703045
41795703091
41795703097
41795703102
41795703208
41795703100
41795703123
41795703080
41795703128
41795703086
41795703065
41795703247
41795703090
41795703320
41795703261
41795703221
41795703265
41795703072
41795703196
41795703298
41795703220
41795703144
41795703461
41795703532
41795703724
41795703092
41795703679
41795703104
41795703538
41795703423
41795703695
41795703360
41795703505
41795703290
41795703136
41795703378
41795703213
41795703643
41795703281
41795703129
41795703448
41795703333
41795703401
41795703702
41795703280
41795703133
41795703570
41795703335
41795703143
41795703326
41795703707
41795703267
41795703496
41795703751
41795703434
41795703282
41795703568
41795703631
41795703459
41795703215
41795703610
41795703263
41795703688
41795703530
41795703462
41795703295
41795703713
41795703564
41795703336
41795703386
41795703222
41795703800
41795703563
41795703895
41795703376
41795703224
41795703518
41795703447
41795703416
41795703504
41795703296
41795703583
41795703508
41795703346
41795703359
41795703311
41795703236
41795703618
41795703728
41795703930
41795703628
41795703796
41795703925
41795703584
41795703526
41795703621
41795703549
41795703511
41795703731
41795703633
41795703717
41795703509
41795703733
41795703741
41795703674
41795703349
41795703381
41795703439
41795703600
41795703730
41795703315
41795703754
41795703331
41795703843
41795703605
41795703273
41795703256
41795703539
41795703571
41795703742
41795703435
41795703484
41795703747
41795703627
41795703711
41795703662
41795703715
41795703366
41795703753
41795703520
41795703722
41795703389
41795703559
41795703748
41795703581
41795703846
41795703557
41795703745
41795703681
41795703651
41795703672
41795703289
41795703950
41795703667
41795703683
41795703451
41795703580
41795703531
41795703678
41795703647
41795703706
41795703660
41795703954
41795703769
41795703845
41795703740
41795703446
41795703710
41795703659
41795703665
41795703560
41795703562
41795703726
41795703768
41795703712
41795703693
41795703718
41795703705
41795703935
41795703629
41795703764
41795703574
41795703736
41795703687
41795703725
41795703577
41795703512
41795703411
41795703575
41795703848
41795703750
41795703658
41795703716
41795703579
41795703766
41795703576
41795703744
41795703897
41795703926
41795703646
41795703515
41795703762
41795703767
41795703616
41795703663
41795703396
41795703933
41795703970
41795703759
41795703772
41795703452
41795703896
41795703684
41795703997
41795703987
41795703834
41795703841
41795703634
41795703573
41795703653
41795703673
41795703874
41795703723
41795703783
41795703760
41795703566
41795703491
41795703955
41795703735
41795703763
41795703989
41795703603
41795703714
41795703788
41795703781
41795703105
41795703960
41795703887
41795701000
41795701005
41795701004
41795701008
41795701027
41795701010
41795701009
41795701032
41795701029
41795701006
41795701020
41795701012
41795701055
41795701040
41795701050
41795701124
41795701102
41795701133
41795701125
41795701077
41795701297
41795701301
41795701160
41795701070
41795701137
41795701129
41795701128
41795701319
41795701057
41795701056
41795701154
41795701162
41795701179
41795701047
41795701110
41795701080
41795701065
41795701098
41795701060
41795701100
41795701203
41795701168
41795701099
41795701208
41795701130
41795701175
41795701122
41795701264
41795701161
41795701318
41795701120
41795701126
41795701174
41795701139
41795701178
41795701177
41795701144
41795701164
41795701176
41795701172
41795701218
41795701214
41795701097
41795701167
41795701308
41795701166
41795701292
41795701190
41795701163
41795701191
41795701123
41795701173
41795701263
41795701303
41795701316
41795701288
41795701155
41795701238
41795701169
41795701171
41795701111
41795701282
41795701188
41795701212
41795701165
41795701300
41795701195
41795701180
41795701266
41795701287
41795701268
41795701202
41795701302
41795701366
41795701370
41795701365
41795701391
41795701418
41795701425
41795701441
41795701446
41795701450
41795701533
41795701405
41795701431
41795701436
41795701387
41795701413
41795701420
41795701548
41795701390
41795701462
41795701465
41795701480
41795701476
41795701482
41795701491
41795701504
41795701422
41795701407
41795701423
41795701467
41795701432
41795701470
41795701457
41795701493
41795701435
41795701536
41795701636
41795701454
41795701502
41795701458
41795701416
41795701534
41795701394
41795701396
41795701419
41795701398
41795701399
41795701453
41795701417
41795701461
41795701443
41795701449
41795701403
41795701479
41795701439
41795701445
41795701466
41795701411
41795701427
41795701408
41795701475
41795701506
41795701447
41795701426
41795701697
41795701395
41795701538
41795701473
41795701499
41795701664
41795701529
41795701477
41795701535
41795701469
41795701488
41795701464
41795701421
41795701455
41795701610
41795701699
41795701644
41795701388
41795701530
41795701402
41795701456
41795701656
41795701596
41795701516
41795701542
41795701671
41795701539
41795701623
41795701675
41795701489
41795701649
41795701433
41795701485
41795701643
41795701430
41795701448
41795701599
41795701657
41795701463
41795701600
41795701444
41795701483
41795701678
41795701651
41795701609
41795701424
41795701460
41795701492
41795701674
41795701679
41795701695
41795701611
41795701640
41795701614
41795701661
41795701598
41795701544
41795701515
41795701540
41795701452
41795701524
41795701682
41795701500
41795701514
41795701471
41795701601
41795701634
41795701532
41795701526
41795701635
41795701696
41795701693
41795701637
41795701638
41795701654
41795701663
41795701474
41795701495
41795701517
41795701650
41795701511
41795701672
41795701620
41795701688
41795701604
41795701670
41795701630
41795701687
41795701668
41795701666
41795701665
41795701719
41795701733
41795701725
41795701714
41795701701
41795701708
41795701703
41795701718
41795701724
41795701716
41795701726
41795701721
41795701720
41795701707
41795701732
41795701727
41795701729
41795701741
41795701779
41795701780
41795701784
41795701809
41795701812
41795701739
41795701735
41795701787
41795701774
41795701797
41795701782
41795701802
41795701748
41795701767
41795701738
41795701773
41795701759
41795701811
41795701766
41795701790
41795701743
41795701768
41795701804
41795701749
41795701786
41795701737
41795701770
41795701792
41795701789
41795701742
41795701760
41795701781
41795701807
41795701819
41795701803
41795701769
41795701778
41795701750
41795701816
41795701799
41795701810
41795701785
41795701801
41795701817
41795701831
41795701830
41795701832
41795701876
41795701825
41795701824
41795701874
41795701820
41795701870
41795701822
41795701823
41795701879
41795701905
41795701917
41795701910
41795701919
41795701897
41795701911
41795701882
41795701899
41795701895
41795701914
41795701924
41795701923
41795701913
41795701907
41795701938
41795701961
41795701981
41795701943
41795701970
41795701966
41795701986
41795701997
41795701946
41795701941
41795701972
41795701969
41795701958
41795701956
41795701942
41795701944
41795701987
41795701953
41795701996
41795701989
41795701985
41795702000
41795702018
41795702027
41795702009
41795702002
41795702005
41795702013
41795702014
41795702030
41795702024
41795702006
41795702020
41795702065
41795702048
41795702279
41795702061
41795702050
41795702043
41795702159
41795702062
41795702069
41795702093
41795702079
41795702117
41795702033
41795702136
41795702039
41795702172
41795702221
41795702100
41795702045
41795702036
41795702125
41795702114
41795702128
41795702057
41795702097
41795702191
41795702067
41795702181
41795702280
41795702190
41795702116
41795702046
41795702141
41795702130
41795702170
41795702096
41795702161
41795702147
41795702037
41795702076
41795702148
41795702154
41795702086
41795702165
41795702253
41795702283
41795702258
41795702133
41795702183
41795702262
41795702105
41795702176
41795702180
41795702129
41795702182
41795702135
41795702094
41795702270
41795702238
41795702255
41795702127
41795702299
41795702119
41795702192
41795702098
41795702337
41795702099
41795702276
41795702347
41795702211
41795702138
41795702273
41795702254
41795702074
41795702263
41795702224
41795702257
41795702087
41795702346
41795702142
41795702340
41795702163
41795702289
41795702341
41795702194
41795702104
41795702274
41795702278
41795702162
41795702326
41795702298
41795702296
41795702168
41795702222
41795702164
41795702120
41795702223
41795702339
41795702261
41795702256
41795702277
41795702160
41795702244
41795702272
41795702196
41795702103
41795702225
41795702189
41795702287
41795702321
41795702167
41795702252
41795702295
41795702232
41795702294
41795702171
41795702325
41795702282
41795702297
41795702266
41795702285
41795702264
41795702275
41795702334
41795702315
41795702187
41795702209
41795702357
41795702352
41795702351
41795702364
41795702379
41795702376
41795702372
41795702359
41795702366
41795702521
41795702447
41795702383
41795702385
41795702394
41795702427
41795702455
41795702391
41795702486
41795702498
41795702536
41795702399
41795702531
41795702402
41795702578
41795702414
41795702401
41795702444
41795702527
41795702420
41795702671
41795702429
41795702542
41795702564
41795702431
41795702418
41795702396
41795702430
41795702446
41795702392
41795702448
41795702389
41795702395
41795702424
41795702596
41795702456
41795702417
41795702565
41795702593
41795702442
41795702460
41795702492
41795702483
41795702518
41795702535
41795702384
41795702406
41795702494
41795702570
41795702510
41795702428
41795702412
41795702398
41795702573
41795702411
41795702472
41795702397
41795702475
41795702559
41795702581
41795702618
41795702422
41795702550
41795702470
41795702468
41795702555
41795702479
41795702476
41795702599
41795702540
41795702541
41795702670
41795702504
41795702463
41795702426
41795702576
41795702499
41795702595
41795702501
41795702432
41795702617
41795702450
41795702467
41795702598
41795702547
41795702698
41795702639
41795702666
41795702485
41795702511
41795702695
41795702686
41795702458
41795702525
41795702582
41795702687
41795702572
41795702506
41795702696
41795702611
41795702713
41795702710
41795702719
41795702709
41795702730
41795702714
41795702711
41795702706
41795702704
41795702701
41795702712
41795702718
41795702723
41795702722
41795702784
41795702759
41795702785
41795702731
41795702739
41795702764
41795702771
41795702768
41795702778
41795702740
41795702776
41795702758
41795702749
41795702732
41795702736
41795702738
41795702777
41795702747
41795702772
41795702765
41795702781
41795702769
41795702790
41795702791
41795702787
41795702794
41795702823
41795702836
41795702796
41795702820
41795702846
41795702822
41795702837
41795702813
41795702842
41795702847
41795702809
41795702845
41795702812
41795702801
41795702817
41795702833
41795702831
41795702844
41795702857
41795702865
41795702895
41795702937
41795702916
41795702869
41795702856
41795702882
41795702928
41795702904
41795702888
41795702936
41795702871
41795702917
41795702861
41795702910
41795702858
41795702880
41795702914
41795702913
41795702938
41795702925
41795702903
41795702870
41795702912
41795702935
41795702898
41795702921
41795702872
41795702896
41795702930
41795702889
41795702927
41795702876
41795702931
41795702953
41795702955
41795702954
41795702968
41795702951
41795702945
41795702949
41795702943
41795702960
41795702963
41795702969
41795702981
41795702972
41795702995
41795702999
41795702992
41795702979
41795702978
41795702997
41795702986
41795702998
41795702973
41795708000
41795708011
41795708008
41795708020
41795708010
41795708017
41795708018
41795708030
41795708002
41795708021
41795708132
41795708185
41795708039
41795708095
41795708096
41795708033
41795708088
41795708061
41795708058
41795708047
41795708056
41795708049
41795708300
41795708071
41795708044
41795708115
41795708099
41795708109
41795708308
41795708009
41795708111
41795708050
41795708135
41795708217
41795708037
41795708157
41795708448
41795708041
41795708052
41795708060
41795708134
41795708113
41795708365
41795708155
41795708267
41795708409
41795708397
41795708407
41795708208
41795708301
41795708278
41795708179
41795708439
41795708345
41795708336
41795708542
41795708347
41795708181
41795708312
41795708374
41795708070
41795708398
41795708152
41795708183
41795708286
41795708186
41795708116
41795708295
41795708500
41795708064
41795708380
41795708381
41795708518
41795708442
41795708154
41795708081
41795708498
41795708443
41795708290
41795708342
41795708231
41795708340
41795708447
41795708270
41795708490
41795708097
41795708895
41795708131
41795708680
41795708197
41795708394
41795708456
41795708474
41795708954
41795708304
41795708876
41795708330
41795708331
41795708695
41795708206
41795708143
41795708403
41795708793
41795708471
41795708344
41795708485
41795708269
41795708323
41795708452
41795708943
41795708956
41795708511
41795708067
41795708436
41795708678
41795708525
41795708969
41795708334
41795708962
41795708202
41795708307
41795708546
41795708284
41795708419
41795708984
41795708548
41795708725
41795708475
41795708406
41795708296
41795708540
41795708601
41795708392
41795708861
41795708488
41795708414
41795708430
41795708788
41795708386
41795708774
41795708896
41795708418
41795708789
41795708232
41795708782
41795708835
41795708768
41795708492
41795708838
41795708568
41795708569
41795708572
41795708440
41795708662
41795708390
41795708827
41795708338
41795708496
41795708866
41795708499
41795708578
41795708517
41795708791
41795708699
41795708824
41795708599
41795708455
41795708664
41795708860
41795708951
41795708837
41795708945
41795708950
41795708975
41795708996
41795708766
41795708841
41795708156
41795708955
41795708873
41795708869
41795708961
41795708764
41795708596
41795708382
41795708898
41795708967
41795708983
41795708086
41795708972
41795708942
41795708953
41795708259
41795708939
41795708535
41795708960
41795708836
41795708978
41795708683
41795708597
41795708697
41795708946
41795708899
41795708995
41795708944
41795708776
41795708794
41795708595
41795708888
41795708880
41795708947
41795708973
41795708874
41795708970
41795708807
41795708986
41795708681
41795708783
41795708940
41795708894
41795707000
41795707010
41795707014
41795707007
41795707020
41795707013
41795707015
41795707030
41795707034
41795707064
41795707098
41795707082
41795707115
41795707130
41795707090
41795707068
41795707129
41795707095
41795707054
41795707067
41795707066
41795707077
41795707113
41795707065
41795707080
41795707055
41795707104
41795707075
41795707155
41795707146
41795707197
41795707319
41795707569
41795707295
41795707132
41795707119
41795707100
41795707092
41795707081
41795707385
41795707078
41795707039
41795707071
41795707087
41795707312
41795707086
41795707120
41795707613
41795707050
41795707491
41795707173
41795707102
41795707112
41795707118
41795707344
41795707310
41795707079
41795707122
41795707072
41795707170
41795707216
41795707405
41795707094
41795707332
41795707340
41795707199
41795707318
41795707317
41795707460
41795707545
41795707772
41795707089
41795707174
41795707293
41795707325
41795707514
41795707469
41795707083
41795707324
41795707556
41795707450
41795707321
41795707084
41795707645
41795707136
41795707567
41795707307
41795707330
41795707337
41795707577
41795707370
41795707893
41795707670
41795707308
41795707447
41795707679
41795707478
41795707747
41795707698
41795707400
41795707396
41795707563
41795707586
41795707309
41795707273
41795707323
41795707723
41795707735
41795707356
41795707682
41795707724
41795707749
41795707329
41795707675
41795707704
41795707299
41795707688
41795707328
41795707436
41795707480
41795707710
41795707422
41795707366
41795707541
41795707346
41795707727
41795707572
41795707888
41795707302
41795707732
41795707826
41795707519
41795707376
41795707655
41795707775
41795707585
41795707605
41795707362
41795707652
41795707391
41795707111
41795707552
41795707739
41795707374
41795707338
41795707375
41795707619
41795707627
41795707788
41795707454
41795707527
41795707659
41795707689
41795707513
41795707410
41795707463
41795707797
41795707135
41795707481
41795707958
41795707843
41795707511
41795707640
41795707714
41795707382
41795707222
41795707877
41795707555
41795707625
41795707584
41795707794
41795707733
41795707327
41795707547
41795707725
41795707919
41795707648
41795707455
41795707504
41795707407
41795707486
41795707365
41795707636
41795707452
41795707774
41795707728
41795707406
41795707596
41795707963
41795707459
41795707334
41795707524
41795707858
41795707876
41795707695
41795707523
41795707750
41795707554
41795707692
41795707517
41795707620
41795707350
41795707490
41795707966
41795707763
41795707759
41795707718
41795707368
41795707611
41795707565
41795707516
41795707537
41795707494
41795707907
41795707628
41795707847
41795707470
41795707740
41795707672
41795707657
41795707909
41795707868
41795707559
41795707587
41795707643
41795707576
41795707395
41795707687
41795707668
41795707918
41795707550
41795707860
41795707418
41795707575
41795707638
41795707906
41795707369
41795707989
41795707614
41795707570
41795707875
41795707592
41795707829
41795707673
41795707881
41795707626
41795707612
41795707842
41795707632
41795707669
41795707492
41795707768
41795707615
41795707729
41795707866
41795707771
41795707816
41795707903
41795707712
41795707676
41795707557
41795707997
41795707995
41795707911
41795707968
41795707681
41795707694
41795707451
41795707629
41795707755
41795707699
41795707988
41795707983
41795707493
41795707617
41795707467
41795707633
41795707819
41795707910
41795707597
41795707544
41795707677
41795707690
41795707691
41795707848
41795707979
41795707854
41795707895
41795707970
