41793035032
41793035030
41793035026
41793035020
41793035024
41793035001
41793035011
41793035004
41793035013
41793035027
41793035018
41793035022
41793035009
41793035021
41793035002
41793035006
41793035014
41793035003
41793035016
41793035029
41793035019
41793035017
41793035005
41793035023
41793035010
41793035015
41793035025
41793035089
41793035046
41793035189
41793035049
41793035099
41793035305
41793035125
41793035035
41793035038
41793035072
41793035079
41793035078
41793035068
41793035033
41793035056
41793035058
41793035061
41793035055
41793035194
41793035093
41793035107
41793035037
41793035096
41793035083
41793035039
41793035043
41793035176
41793035042
41793035054
41793035074
41793035187
41793035060
41793035087
41793035092
41793035148
41793035223
41793035180
41793035052
41793035261
41793035117
41793035164
41793035051
41793035311
41793035320
41793035348
41793035290
41793035244
41793035050
41793035264
41793035265
41793035209
41793035202
41793035323
41793035053
41793035139
41793035179
41793035069
41793035102
41793035296
41793035135
41793035132
41793035270
41793035104
41793035065
41793035205
41793035106
41793035066
41793035105
41793035070
41793035128
41793035195
41793035137
41793035153
41793035101
41793035113
41793035036
41793035255
41793035150
41793035251
41793035115
41793035242
41793035247
41793035111
41793035152
41793035186
41793035124
41793035091
41793035190
41793035226
41793035306
41793035236
41793035100
41793035108
41793035279
41793035048
41793035062
41793035084
41793035143
41793035121
41793035044
41793035140
41793035110
41793035081
41793035199
41793035161
41793035116
41793035080
41793035040
41793035158
41793035075
41793035177
41793035231
41793035175
41793035188
41793035146
41793035088
41793035126
41793035218
41793035219
41793035212
41793035136
41793035329
41793035201
41793035129
41793035263
41793035094
41793035112
41793035064
41793035120
41793035234
41793035162
41793035138
41793035114
41793035090
41793035210
41793035248
41793035222
41793035133
41793035349
41793035239
41793035207
41793035230
41793035241
41793035203
41793035288
41793035303
41793035328
41793035289
41793035217
41793035127
41793035291
41793035165
41793035235
41793035085
41793035240
41793035259
41793035156
41793035169
41793035225
41793035191
41793035131
41793035237
41793035181
41793035330
41793035170
41793035293
41793035208
41793035211
41793035309
41793035184
41793035302
41793035340
41793035286
41793035275
41793035316
41793035157
41793035155
41793035174
41793035204
41793035214
41793035160
41793035141
41793035268
41793035336
41793035331
41793035216
41793035277
41793035341
41793035282
41793035337
41793035252
41793035163
41793035274
41793035154
41793035260
41793035220
41793035294
41793035285
41793035324
41793035082
41793035250
41793035304
41793035299
41793035344
41793035266
41793035308
41793035315
41793035284
41793035119
41793035301
41793035365
41793035367
41793035379
41793035377
41793035381
41793035380
41793035368
41793035352
41793035357
41793035370
41793035359
41793035372
41793035360
41793035361
41793035353
41793035355
41793035366
41793035374
41793035369
41793035363
41793035471
41793035573
41793035451
41793035502
41793035384
41793035439
41793035420
41793035465
41793035492
41793035390
41793035402
41793035394
41793035406
41793035415
41793035429
41793035433
41793035524
41793035424
41793035441
41793035464
41793035519
41793035660
41793035458
41793035462
41793035403
41793035496
41793035457
41793035392
41793035383
41793035437
41793035513
41793035642
41793035574
41793035532
41793035588
41793035613
41793035516
41793035511
41793035499
41793035522
41793035488
41793035446
41793035416
41793035442
41793035611
41793035418
41793035649
41793035395
41793035447
41793035481
41793035436
41793035405
41793035560
41793035460
41793035480
41793035452
41793035587
41793035531
41793035561
41793035570
41793035517
41793035489
41793035620
41793035631
41793035625
41793035445
41793035527
41793035507
41793035698
41793035576
41793035557
41793035411
41793035687
41793035543
41793035529
41793035617
41793035565
41793035552
41793035467
41793035386
41793035505
41793035535
41793035509
41793035607
41793035501
41793035427
41793035401
41793035619
41793035387
41793035530
41793035598
41793035444
41793035506
41793035413
41793035456
41793035632
41793035684
41793035454
41793035521
41793035566
41793035493
41793035542
41793035692
41793035638
41793035659
41793035616
41793035624
41793035589
41793035571
41793035485
41793035523
41793035514
41793035639
41793035654
41793035599
41793035540
41793035544
41793035468
41793035668
41793035696
41793035500
41793035651
41793035629
41793035609
41793035545
41793035584
41793035583
41793035591
41793035601
41793035495
41793035644
41793035564
41793035608
41793035685
41793035634
41793035614
41793035656
41793035600
41793035414
41793035666
41793035580
41793035567
41793035487
41793035691
41793035508
41793035594
41793035568
41793035575
41793035582
41793035670
41793035563
41793035533
41793035547
41793035539
41793035658
41793035693
41793035592
41793035664
41793035562
41793035536
41793035643
41793035546
41793035476
41793035653
41793035647
41793035628
41793035412
41793035612
41793035434
41793035674
41793035419
41793035646
41793035559
41793035610
41793035679
41793035665
41793035596
41793035630
41793035518
41793035553
41793035593
41793035577
41793035581
41793035667
41793035688
41793035430
41793035677
41793035578
41793035525
41793035534
41793035548
41793035671
41793035675
41793035484
41793035655
41793035606
41793035663
41793035623
41793035554
41793035537
41793035586
41793035602
41793035678
41793035712
41793035707
41793035717
41793035716
41793035722
41793035701
41793035715
41793035721
41793035720
41793035700
41793035726
41793035713
41793035704
41793035728
41793035710
41793035730
41793035729
41793035708
41793035719
41793035718
41793035724
41793035778
41793035777
41793035737
41793035786
41793035765
41793035767
41793035766
41793035769
41793035784
41793035780
41793035792
41793035734
41793035736
41793035770
41793035762
41793035733
41793035732
41793035741
41793035743
41793035756
41793035781
41793035735
41793035790
41793035757
41793035760
41793035755
41793035747
41793035771
41793035749
41793035791
41793035779
41793035775
41793035753
41793035764
41793035788
41793035740
41793035758
41793035785
41793035772
41793035782
41793035768
41793035748
41793035832
41793035854
41793035845
41793035793
41793035864
41793035840
41793035806
41793035866
41793035801
41793035819
41793035822
41793035795
41793035837
41793035833
41793035843
41793035807
41793035859
41793035825
41793035816
41793035830
41793035877
41793035847
41793035823
41793035813
41793035839
41793035820
41793035810
41793035863
41793035874
41793035799
41793035804
41793035835
41793035809
41793035846
41793035865
41793035871
41793035838
41793035797
41793035798
41793035808
41793035875
41793035867
41793035876
41793035849
41793035844
41793035794
41793035852
41793035868
41793035824
41793035856
41793035841
41793035858
41793035872
41793035842
41793035850
41793035860
41793035829
41793035817
41793035862
41793035873
41793035851
41793035857
41793035818
41793035869
41793035930
41793035952
41793035934
41793035890
41793035942
41793035958
41793035959
41793035880
41793035905
41793035888
41793035910
41793035896
41793035906
41793035886
41793035916
41793035919
41793035921
41793035948
41793035923
41793035909
41793035884
41793035954
41793035913
41793035898
41793035891
41793035881
41793035946
41793035920
41793035882
41793035937
41793035894
41793035917
41793035889
41793035932
41793035941
41793035885
41793035904
41793035945
41793035943
41793035965
41793035940
41793035929
41793035892
41793035914
41793035935
41793035918
41793035949
41793035899
41793035956
41793035970
41793035983
41793035980
41793035996
41793035987
41793035978
41793035975
41793035974
41793035982
41793035997
41793035969
41793035993
41793035985
41793035998
41793035973
41793035976
41793035994
41793035989
41793034000
41793034017
41793034032
41793034028
41793034020
41793034021
41793034013
41793034009
41793034011
41793034030
41793034006
41793034007
41793034008
41793034024
41793034022
41793034001
41793034003
41793034010
41793034027
41793034019
41793034065
41793034089
41793034164
41793034036
41793034072
41793034054
41793034029
41793034081
41793034088
41793034048
41793034082
41793034079
41793034189
41793034144
41793034211
41793034245
41793034289
41793034365
41793034120
41793034215
41793034037
41793034040
41793034049
41793034158
41793034130
41793034148
41793034116
41793034290
41793034044
41793034080
41793034069
41793034060
41793034331
41793034194
41793034612
41793034210
41793034309
41793034126
41793034239
41793034107
41793034138
41793034141
41793034033
41793034042
41793034153
41793034105
41793034493
41793034270
41793034170
41793034314
41793034043
41793034394
41793034235
41793034163
41793034133
41793034031
41793034076
41793034056
41793034155
41793034190
41793034297
41793034039
41793034090
41793034202
41793034078
41793034058
41793034062
41793034339
41793034101
41793034688
41793034256
41793034118
41793034549
41793034580
41793034142
41793034452
41793034263
41793034350
41793034113
41793034484
41793034264
41793034109
41793034121
41793034408
41793034329
41793034035
41793034234
41793034635
41793034203
41793034206
41793034183
41793034129
41793034374
41793034274
41793034427
41793034193
41793034106
41793034348
41793034646
41793034530
41793034171
41793034188
41793034182
41793034179
41793034192
41793034602
41793034425
41793034152
41793034904
41793034471
41793034083
41793034476
41793034166
41793034373
41793034092
41793034301
41793034147
41793034565
41793034312
41793034225
41793034191
41793034059
41793034176
41793034469
41793034250
41793034287
41793034240
41793034131
41793034187
41793034154
41793034583
41793034205
41793034598
41793034335
41793034474
41793034280
41793034237
41793034571
41793034231
41793034581
41793034347
41793034177
41793034288
41793034196
41793034146
41793034403
41793034114
41793034636
41793034249
41793034228
41793034349
41793034544
41793034136
41793034243
41793034327
41793034137
41793034100
41793034548
41793034208
41793034223
41793034055
41793034304
41793034233
41793034696
41793034162
41793034603
41793034265
41793034562
41793034811
41793034375
41793034151
41793034174
41793034420
41793034467
41793034241
41793034201
41793034293
41793034259
41793034488
41793034976
41793034291
41793034768
41793034362
41793034238
41793034775
41793034363
41793034352
41793034161
41793034629
41793034533
41793034097
41793034063
41793034334
41793034369
41793034277
41793034447
41793034619
41793034343
41793034625
41793034066
41793034366
41793034252
41793034441
41793034652
41793034566
41793034127
41793034253
41793034398
41793034531
41793034738
41793034346
41793034218
41793034745
41793034442
41793034167
41793034336
41793034117
41793034638
41793034880
41793034110
41793034475
41793034204
41793034282
41793034286
41793034160
41793034613
41793034378
41793034305
41793034604
41793034246
41793034145
41793034266
41793034676
41793034494
41793034718
41793034221
41793034455
41793034640
41793034115
41793034877
41793034328
41793034582
41793034143
41793034355
41793034377
41793034523
41793034848
41793034532
41793034510
41793034631
41793034261
41793034317
41793034353
41793034537
41793034748
41793034284
41793034807
41793034973
41793034303
41793034557
41793034751
41793034554
41793034502
41793034283
41793034753
41793034498
41793034313
41793034332
41793034016
41793034384
41793034722
41793034368
41793034935
41793034463
41793034739
41793034061
41793034428
41793034338
41793034868
41793034345
41793034254
41793034615
41793034679
41793034623
41793034547
41793034258
41793034497
41793034175
41793034864
41793034185
41793034690
41793034789
41793034410
41793034540
41793034794
41793034517
41793034419
41793034501
41793034361
41793034661
41793034285
41793034376
41793034507
41793034505
41793034464
41793034385
41793034641
41793034854
41793034747
41793034731
41793034268
41793034456
41793034681
41793034917
41793034825
41793034938
41793034777
41793034298
41793034606
41793034710
41793034273
41793034342
41793034529
41793034727
41793034824
41793034123
41793034506
41793034639
41793034244
41793034435
41793034659
41793034617
41793034653
41793034574
41793034424
41793034564
41793034621
41793034712
41793034883
41793034542
41793034744
41793034671
41793034577
41793034381
41793034255
41793034522
41793034413
41793034344
41793034248
41793034500
41793034950
41793034460
41793034674
41793034459
41793034514
41793034417
41793034457
41793034665
41793034491
41793034943
41793034764
41793034730
41793034855
41793034430
41793034128
41793034826
41793034400
41793034828
41793034402
41793034833
41793034634
41793034389
41793034728
41793034670
41793034961
41793034470
41793034982
41793034489
41793034558
41793034865
41793034884
41793034479
41793034539
41793034553
41793034793
41793034426
41793034504
41793034701
41793034666
41793034686
41793034359
41793034726
41793034626
41793034601
41793034406
41793034480
41793034919
41793034758
41793034316
41793034814
41793034683
41793034607
41793034579
41793034837
41793034411
41793034477
41793034682
41793034956
41793034901
41793034903
41793034820
41793034932
41793034761
41793034323
41793034587
41793034555
41793034802
41793034746
41793034371
41793034257
41793034773
41793034458
41793034367
41793034735
41793034552
41793034737
41793034386
41793034675
41793034897
41793034407
41793034823
41793034608
41793034576
41793034416
41793034662
41793034859
41793034421
41793034492
41793034928
41793034438
41793034611
41793034756
41793034673
41793034970
41793034949
41793034822
41793034630
41793034890
41793034325
41793034845
41793034649
41793034929
41793034723
41793034450
41793034439
41793034654
41793034689
41793034292
41793034567
41793034881
41793034149
41793034643
41793034279
41793034958
41793034573
41793034776
41793034711
41793034622
41793034910
41793034592
41793034354
41793034412
41793034788
41793034858
41793034852
41793034955
41793034740
41793034664
41793034908
41793034528
41793034757
41793034707
41793034894
41793034700
41793034991
41793034481
41793034816
41793034570
41793034922
41793034927
41793034451
41793034931
41793034693
41793034821
41793034524
41793034844
41793034760
41793034651
41793034715
41793034473
41793034781
41793034414
41793034933
41793034962
41793034569
41793034525
41793034588
41793034909
41793034704
41793034677
41793034650
41793034656
41793034947
41793034724
41793034449
41793034984
41793034585
41793034703
41793034466
41793034836
41793034902
41793034989
41793034952
41793034743
41793034799
41793034695
41793034678
41793034842
41793034340
41793034647
41793034886
41793034752
41793034873
41793034706
41793034992
41793034591
41793034443
41793034624
41793034633
41793034815
41793034981
41793034916
41793034594
41793034741
41793034709
41793034968
41793034876
41793034898
41793034863
41793034920
41793034644
41793034831
41793034969
41793034736
41793034559
41793034627
41793034754
41793034520
41793034948
41793034914
41793034918
41793034857
41793034645
41793034951
41793034923
41793034546
41793034742
41793034990
41793034959
41793034759
41793034796
41793034578
41793034762
41793034763
41793034983
41793034714
41793034819
41793034839
41793034853
41793034803
41793034907
41793034964
41793034882
41793034862
41793034829
41793034812
41793034798
41793034772
41793034980
41793034813
41793034986
41793034963
41793034940
41793034915
41793034878
41793034888
41793034568
41793034975
41793034827
41793034729
41793034977
41793034987
41793034791
41793034985
41793034913
41793034900
41793034871
41793034937
41793034889
41793034936
41793034934
41793034912
41793034946
41793034341
41793034593
41793034966
41793036002
41793036022
41793036032
41793036006
41793036010
41793036004
41793036020
41793036026
41793036024
41793036033
41793036025
41793036003
41793036008
41793036012
41793036001
41793036013
41793036021
41793036030
41793036028
41793036031
41793036040
41793036066
41793036077
41793036087
41793036092
41793036146
41793036037
41793036052
41793036090
41793036038
41793036115
41793036144
41793036164
41793036054
41793036138
41793036214
41793036200
41793036062
41793036081
41793036103
41793036108
41793036184
41793036239
41793036044
41793036145
41793036053
41793036139
41793036073
41793036067
41793036063
41793036083
41793036121
41793036058
41793036045
41793036084
41793036107
41793036070
41793036117
41793036212
41793036353
41793036347
41793036299
41793036307
41793036061
41793036142
41793036340
41793036122
41793036160
41793036220
41793036223
41793036399
41793036218
41793036410
41793036111
41793036403
41793036259
41793036468
41793036035
41793036312
41793036241
41793036559
41793036113
41793036082
41793036171
41793036075
41793036114
41793036226
41793036093
41793036125
41793036129
41793036169
41793036079
41793036163
41793036071
41793036405
41793036076
41793036229
41793036126
41793036211
41793036325
41793036159
41793036056
41793036051
41793036181
41793036162
41793036047
41793036080
41793036234
41793036034
41793036064
41793036140
41793036310
41793036041
41793036088
41793036197
41793036135
41793036397
41793036233
41793036098
41793036191
41793036198
41793036179
41793036322
41793036395
41793036265
41793036249
41793036368
41793036629
41793036231
41793036263
41793036713
41793036165
41793036151
41793036275
41793036175
41793036105
41793036493
41793036246
41793036119
41793036167
41793036475
41793036352
41793036131
41793036252
41793036341
41793036173
41793036112
41793036237
41793036194
41793036277
41793036217
41793036407
41793036603
41793036133
41793036567
41793036100
41793036705
41793036381
41793036213
41793036188
41793036300
41793036154
41793036743
41793036141
41793036180
41793036440
41793036155
41793036049
41793036137
41793036205
41793036094
41793036479
41793036230
41793036149
41793036355
41793036182
41793036297
41793036309
41793036261
41793036178
41793036591
41793036633
41793036172
41793036357
41793036458
41793036260
41793036227
41793036206
41793036480
41793036074
41793036709
41793036387
41793036157
41793036447
41793036101
41793036224
41793036489
41793036806
41793036264
41793036621
41793036336
41793036812
41793036319
41793036655
41793036448
41793036332
41793036685
41793036358
41793036333
41793036208
41793036268
41793036459
41793036291
41793036334
41793036095
41793036161
41793036110
41793036615
41793036314
41793036089
41793036091
41793036454
41793036408
41793036425
41793036568
41793036377
41793036770
41793036339
41793036378
41793036134
41793036269
41793036109
41793036116
41793036330
41793036324
41793036444
41793036189
41793036304
41793036086
41793036465
41793036278
41793036456
41793036219
41793036361
41793036759
41793036545
41793036604
41793036631
41793036123
41793036411
41793036124
41793036389
41793036240
41793036379
41793036422
41793036534
41793036348
41793036215
41793036416
41793036576
41793036491
41793036136
41793036245
41793036675
41793036499
41793036400
41793036893
41793036557
41793036204
41793036396
41793036967
41793036496
41793036210
41793036478
41793036706
41793036398
41793036620
41793036363
41793036611
41793036415
41793036544
41793036832
41793036327
41793036535
41793036950
41793036311
41793036338
41793036908
41793036417
41793036689
41793036432
41793036579
41793036613
41793036501
41793036402
41793036798
41793036555
41793036286
41793036900
41793036471
41793036971
41793036298
41793036266
41793036540
41793036683
41793036533
41793036963
41793036653
41793036796
41793036337
41793036384
41793036583
41793036487
41793036968
41793036727
41793036843
41793036183
41793036728
41793036443
41793036202
41793036413
41793036630
41793036242
41793036617
41793036391
41793036464
41793036660
41793036652
41793036414
41793036842
41793036438
41793036654
41793036435
41793036474
41793036128
41793036366
41793036684
41793036419
41793036436
41793036696
41793036644
41793036232
41793036837
41793036571
41793036431
41793036703
41793036824
41793036423
41793036822
41793036385
41793036453
41793036519
41793036290
41793036733
41793036484
41793036669
41793036852
41793036228
41793036538
41793036639
41793036711
41793036285
41793036929
41793036892
41793036284
41793036564
41793036106
41793036610
41793036666
41793036257
41793036420
41793036541
41793036289
41793036460
41793036917
41793036914
41793036737
41793036640
41793036894
41793036721
41793036810
41793036854
41793036830
41793036598
41793036566
41793036434
41793036572
41793036831
41793036500
41793036455
41793036863
41793036803
41793036287
41793036548
41793036539
41793036993
41793036740
41793036424
41793036527
41793036841
41793036421
41793036695
41793036688
41793036641
41793036674
41793036787
41793036903
41793036552
41793036569
41793036318
41793036623
41793036418
41793036880
41793036526
41793036360
41793036873
41793036672
41793036207
41793036561
41793036646
41793036752
41793036147
41793036477
41793036818
41793036276
41793036320
41793036624
41793036718
41793036731
41793036662
41793036826
41793036326
41793036616
41793036973
41793036642
41793036851
41793036853
41793036867
41793036547
41793036608
41793036846
41793036924
41793036560
41793036940
41793036546
41793036517
41793036185
41793036345
41793036467
41793036751
41793036712
41793036550
41793036722
41793036932
41793036393
41793036430
41793036199
41793036382
41793036558
41793036450
41793036884
41793036789
41793036982
41793036955
41793036735
41793036716
41793036676
41793036537
41793036509
41793036605
41793036985
41793036586
41793036634
41793036829
41793036473
41793036855
41793036461
41793036766
41793036667
41793036600
41793036673
41793036446
41793036470
41793036565
41793036768
41793036374
41793036657
41793036638
41793036858
41793036744
41793036785
41793036786
41793036626
41793036606
41793036503
41793036927
41793036650
41793036618
41793036542
41793036808
41793036994
41793036562
41793036505
41793036778
41793036764
41793036720
41793036469
41793036931
41793036909
41793036897
41793036779
41793036904
41793036765
41793036960
41793036774
41793036874
41793036529
41793036888
41793036741
41793036607
41793036271
41793036771
41793036939
41793036687
41793036636
41793036577
41793036308
41793036392
41793036898
41793036919
41793036948
41793036717
41793036780
41793036648
41793036690
41793036856
41793036933
41793036844
41793036758
41793036923
41793036522
41793036977
41793036543
41793036619
41793036445
41793036556
41793036838
41793036513
41793036902
41793036589
41793036840
41793036769
41793036678
41793036554
41793036911
41793036482
41793036791
41793036952
41793036729
41793036813
41793036677
41793036625
41793036732
41793036974
41793036515
41793036756
41793036488
41793036930
41793036755
41793036938
41793036783
41793036730
41793036649
41793036781
41793036987
41793036782
41793036664
41793036762
41793036969
41793036725
41793036693
41793036882
41793036580
41793036699
41793036833
41793036905
41793036881
41793036980
41793036913
41793036885
41793036593
41793036714
41793036802
41793036958
41793036457
41793036910
41793036922
41793036815
41793036937
41793036821
41793036573
41793036767
41793036627
41793036870
41793036918
41793036864
41793036691
41793036876
41793036682
41793036866
41793036590
41793036656
41793036804
41793036795
41793036879
41793036710
41793036992
41793036907
41793036834
41793036945
41793036575
41793036850
41793036807
41793036984
41793036972
41793036570
41793036860
41793036658
41793036680
41793036928
41793036983
41793036859
41793036912
41793036726
41793036964
41793036845
41793036934
41793036788
41793036976
41793036750
41793036869
41793036920
41793036995
41793036959
41793036875
41793036896
41793036800
41793036857
41793036614
41793036865
41793036816
41793036921
41793036990
41793036827
41793036868
41793036889
41793036926
41793030000
41793030006
41793030016
41793030003
41793030013
41793030015
41793030002
41793030018
41793030031
41793030032
41793030012
41793030009
41793030014
41793030010
41793030025
41793030033
41793030007
41793030008
41793030021
41793030001
41793030005
41793030011
41793030023
41793030022
41793030026
41793030046
41793030028
41793030059
41793030078
41793030109
41793030255
41793030020
41793030050
41793030067
41793030061
41793030085
41793030092
41793030052
41793030167
41793030057
41793030124
41793030136
41793030086
41793030158
41793030042
41793030165
41793030120
41793030171
41793030107
41793030184
41793030207
41793030223
41793030199
41793030258
41793030168
41793030188
41793030225
41793030058
41793030063
41793030037
41793030323
41793030386
41793030291
41793030035
41793030382
41793030096
41793030371
41793030068
41793030055
41793030269
41793030066
41793030215
41793030034
41793030209
41793030102
41793030104
41793030456
41793030083
41793030049
41793030353
41793030160
41793030065
41793030192
41793030205
41793030250
41793030139
41793030186
41793030079
41793030138
41793030141
41793030252
41793030062
41793030425
41793030070
41793030174
41793030161
41793030072
41793030097
41793030408
41793030064
41793030077
41793030212
41793030202
41793030320
41793030091
41793030149
41793030154
41793030122
41793030041
41793030060
41793030044
41793030359
41793030073
41793030208
41793030087
41793030045
41793030081
41793030118
41793030113
41793030266
41793030295
41793030276
41793030351
41793030142
41793030095
41793030340
41793030287
41793030368
41793030236
41793030647
41793030159
41793030178
41793030180
41793030271
41793030268
41793030518
41793030422
41793030327
41793030193
41793030261
41793030084
41793030183
41793030137
41793030282
41793030277
41793030418
41793030146
41793030189
41793030278
41793030325
41793030039
41793030332
41793030101
41793030376
41793030507
41793030038
41793030201
41793030222
41793030557
41793030172
41793030568
41793030082
41793030140
41793030112
41793030210
41793030389
41793030296
41793030337
41793030457
41793030285
41793030421
41793030362
41793030307
41793030293
41793030090
41793030247
41793030298
41793030768
41793030126
41793030346
41793030240
41793030093
41793030545
41793030354
41793030273
41793030319
41793030288
41793030832
41793030331
41793030211
41793030444
41793030399
41793030080
41793030219
41793030279
41793030505
41793030100
41793030775
41793030358
41793030566
41793030129
41793030352
41793030318
41793030324
41793030280
41793030302
41793030463
41793030434
41793030232
41793030275
41793030369
41793030088
41793030377
41793030455
41793030492
41793030436
41793030182
41793030153
41793030373
41793030910
41793030173
41793030388
41793030503
41793030860
41793030593
41793030262
41793030190
41793030668
41793030398
41793030645
41793030314
41793030110
41793030515
41793030714
41793030404
41793030537
41793030089
41793030851
41793030458
41793030510
41793030235
41793030702
41793030520
41793030396
41793030551
41793030289
41793030454
41793030465
41793030111
41793030669
41793030479
41793030303
41793030657
41793030145
41793030397
41793030390
41793030339
41793030195
41793030221
41793030700
41793030747
41793030419
41793030560
41793030526
41793030528
41793030374
41793030864
41793030405
41793030687
41793030907
41793030134
41793030441
41793030152
41793030428
41793030264
41793030693
41793030961
41793030501
41793030572
41793030306
41793030888
41793030169
41793030105
41793030656
41793030500
41793030751
41793030243
41793030114
41793030334
41793030898
41793030466
41793030446
41793030781
41793030519
41793030360
41793030260
41793030504
41793030549
41793030411
41793030156
41793030483
41793030308
41793030253
41793030409
41793030356
41793030536
41793030452
41793030147
41793030357
41793030893
41793030435
41793030919
41793030245
41793030204
41793030157
41793030464
41793030216
41793030538
41793030385
41793030558
41793030649
41793030317
41793030313
41793030231
41793030230
41793030416
41793030965
41793030383
41793030760
41793030407
41793030284
41793030445
41793030106
41793030372
41793030639
41793030682
41793030771
41793030301
41793030475
41793030453
41793030220
41793030727
41793030662
41793030246
41793030715
41793030653
41793030529
41793030366
41793030685
41793030259
41793030540
41793030513
41793030629
41793030333
41793030524
41793030690
41793030924
41793030326
41793030244
41793030355
41793030769
41793030613
41793030127
41793030541
41793030394
41793030730
41793030632
41793030311
41793030363
41793030162
41793030430
41793030470
41793030254
41793030486
41793030881
41793030661
41793030711
41793030424
41793030587
41793030810
41793030543
41793030517
41793030539
41793030555
41793030512
41793030378
41793030837
41793030481
41793030597
41793030808
41793030935
41793030612
41793030743
41793030884
41793030833
41793030474
41793030155
41793030586
41793030654
41793030348
41793030783
41793030871
41793030248
41793030304
41793030565
41793030643
41793030734
41793030749
41793030932
41793030414
41793030581
41793030689
41793030591
41793030620
41793030719
41793030938
41793030625
41793030170
41793030606
41793030937
41793030392
41793030410
41793030468
41793030895
41793030914
41793030762
41793030813
41793030634
41793030552
41793030683
41793030312
41793030630
41793030918
41793030609
41793030819
41793030784
41793030530
41793030949
41793030322
41793030228
41793030841
41793030495
41793030367
41793030926
41793030233
41793030563
41793030994
41793030797
41793030686
41793030400
41793030861
41793030756
41793030880
41793030431
41793030589
41793030349
41793030671
41793030344
41793030601
41793030469
41793030818
41793030462
41793030375
41793030194
41793030608
41793030716
41793030951
41793030489
41793030476
41793030484
41793030891
41793030986
41793030626
41793030847
41793030616
41793030825
41793030203
41793030843
41793030361
41793030640
41793030644
41793030637
41793030853
41793030696
41793030580
41793030309
41793030712
41793030979
41793030742
41793030642
41793030852
41793030840
41793030614
41793030822
41793030830
41793030636
41793030807
41793030341
41793030328
41793030705
41793030829
41793030753
41793030772
41793030681
41793030364
41793030990
41793030655
41793030281
41793030391
41793030663
41793030791
41793030703
41793030776
41793030553
41793030527
41793030814
41793030821
41793030521
41793030437
41793030627
41793030872
41793030991
41793030370
41793030870
41793030896
41793030577
41793030602
41793030800
41793030761
41793030299
41793030623
41793030834
41793030624
41793030869
41793030675
41793030916
41793030780
41793030968
41793030759
41793030855
41793030406
41793030763
41793030904
41793030395
41793030665
41793030973
41793030739
41793030684
41793030263
41793030849
41793030779
41793030827
41793030615
41793030679
41793030659
41793030622
41793030439
41793030809
41793030917
41793030432
41793030969
41793030890
41793030735
41793030885
41793030494
41793030274
41793030588
41793030844
41793030976
41793030604
41793030900
41793030403
41793030767
41793030673
41793030217
41793030701
41793030989
41793030420
41793030909
41793030423
41793030472
41793030954
41793030670
41793030805
41793030815
41793030722
41793030902
41793030846
41793030858
41793030770
41793030471
41793030450
41793030646
41793030461
41793030927
41793030535
41793030876
41793030820
41793030631
41793030956
41793030567
41793030777
41793030695
41793030866
41793030894
41793030957
41793030934
41793030590
41793030525
41793030868
41793030764
41793030996
41793030962
41793030912
41793030960
41793030865
41793030785
41793030554
41793030638
41793030798
41793030600
41793030943
41793030438
41793030903
41793030725
41793030697
41793030611
41793030731
41793030788
41793030985
41793030982
41793030778
41793030920
41793030433
41793030936
41793030522
41793030790
41793030854
41793030752
41793030803
41793030744
41793030862
41793030966
41793030509
41793030923
41793030698
41793030343
41793030708
41793030559
41793030721
41793030531
41793030782
41793030842
41793030981
41793030794
41793030977
41793030892
41793030442
41793030741
41793030621
41793030607
41793030944
41793030603
41793030579
41793030672
41793030856
41793030983
41793030978
41793030728
41793030899
41793030945
41793030958
41793030950
41793030974
41793030674
41793030641
41793030718
41793030967
41793030652
41793030755
41793030516
41793030930
41793030650
41793030737
41793030542
41793030883
41793030988
41793030939
41793030594
41793030995
41793030658
41793030792
41793039000
41793039031
41793039017
41793039024
41793039027
41793039013
41793039025
41793039006
41793039014
41793039005
41793039033
41793039001
41793039032
41793039029
41793039020
41793039008
41793039010
41793039028
41793039004
41793039030
41793039012
41793039003
41793039035
41793039102
41793039049
41793039065
41793039259
41793039133
41793039171
41793039052
41793039056
41793039228
41793039098
41793039067
41793039097
41793039105
41793039082
41793039071
41793039046
41793039196
41793039294
41793039063
41793039158
41793039175
41793039116
41793039103
41793039188
41793039108
41793039110
41793039104
41793039217
41793039084
41793039160
41793039038
41793039039
41793039138
41793039058
41793039170
41793039293
41793039068
41793039057
41793039198
41793039101
41793039078
41793039128
41793039227
41793039147
41793039143
41793039036
41793039164
41793039279
41793039119
41793039240
41793039276
41793039166
41793039077
41793039197
41793039328
41793039040
41793039106
41793039155
41793039213
41793039201
41793039111
41793039212
41793039092
41793039060
41793039053
41793039347
41793039051
41793039172
41793039192
41793039272
41793039042
41793039311
41793039127
41793039088
41793039342
41793039070
41793039061
41793039122
41793039224
41793039087
41793039096
41793039090
41793039093
41793039189
41793039183
41793039169
41793039277
41793039041
41793039231
41793039263
41793039179
41793039233
41793039037
41793039050
41793039243
41793039064
41793039144
41793039137
41793039316
41793039083
41793039184
41793039139
41793039059
41793039186
41793039079
41793039205
41793039163
41793039235
41793039178
41793039208
41793039236
41793039306
41793039230
41793039352
41793039207
41793039181
41793039074
41793039114
41793039357
41793039238
41793039216
41793039044
41793039121
41793039253
41793039142
41793039107
41793039281
41793039091
41793039327
41793039336
41793039218
41793039202
41793039130
41793039299
41793039126
41793039267
41793039280
41793039320
41793039251
41793039350
41793039331
41793039145
41793039324
41793039124
41793039232
41793039226
41793039118
41793039355
41793039264
41793039173
41793039193
41793039260
41793039229
41793039140
41793039066
41793039265
41793039239
41793039295
41793039211
41793039274
41793039284
41793039214
41793039241
41793039258
41793039288
41793039270
41793039256
41793039215
41793039146
41793039292
41793039073
41793039298
41793039094
41793039290
41793039337
41793039195
41793039048
41793039086
41793039307
41793039332
41793039340
41793039271
41793039278
41793039287
41793039330
41793039286
41793039115
41793039249
41793039273
41793039246
41793039242
41793039185
41793039308
41793039310
41793039291
41793039354
41793039132
41793039152
41793039317
41793039321
41793039349
41793039358
41793039176
41793039301
41793039303
41793039338
41793039343
41793039153
41793039305
41793039221
41793039333
41793039345
41793039250
41793039248
41793039255
41793039099
41793039266
41793039300
41793039220
41793039315
41793039222
41793039376
41793039361
41793039363
41793039390
41793039389
41793039382
41793039387
41793039362
41793039360
41793039378
41793039368
41793039374
41793039364
41793039359
41793039373
41793039370
41793039369
41793039388
41793039366
41793039371
41793039385
41793039380
41793039429
41793039403
41793039396
41793039430
41793039437
41793039407
41793039406
41793039404
41793039421
41793039411
41793039409
41793039428
41793039439
41793039433
41793039436
41793039438
41793039453
41793039446
41793039454
41793039473
41793039485
41793039477
41793039524
41793039424
41793039394
41793039413
41793039458
41793039586
41793039583
41793039570
41793039461
41793039440
41793039410
41793039640
41793039646
41793039478
41793039653
41793039554
41793039564
41793039684
41793039480
41793039561
41793039556
41793039657
41793039585
41793039427
41793039494
41793039668
41793039398
41793039558
41793039525
41793039546
41793039502
41793039402
41793039618
41793039419
41793039455
41793039595
41793039512
41793039533
41793039517
41793039441
41793039431
41793039538
41793039522
41793039452
41793039601
41793039638
41793039530
41793039470
41793039448
41793039457
41793039659
41793039677
41793039549
41793039393
41793039500
41793039503
41793039614
41793039521
41793039613
41793039444
41793039414
41793039474
41793039563
41793039630
41793039495
41793039471
41793039468
41793039704
41793039552
41793039434
41793039466
41793039539
41793039395
41793039592
41793039462
41793039416
41793039483
41793039532
41793039593
41793039535
41793039523
41793039671
41793039445
41793039681
41793039706
41793039594
41793039514
41793039578
41793039582
41793039597
41793039467
41793039612
41793039519
41793039644
41793039686
41793039540
41793039543
41793039520
41793039588
41793039625
41793039696
41793039632
41793039661
41793039501
41793039573
41793039566
41793039655
41793039651
41793039526
41793039710
41793039707
41793039555
41793039534
41793039587
41793039529
41793039637
41793039464
41793039425
41793039557
41793039547
41793039621
41793039654
41793039516
41793039527
41793039506
41793039450
41793039624
41793039670
41793039481
41793039663
41793039648
41793039504
41793039565
41793039690
41793039489
41793039602
41793039626
41793039622
41793039575
41793039705
41793039606
41793039665
41793039620
41793039568
41793039688
41793039662
41793039571
41793039703
41793039541
41793039617
41793039599
41793039548
41793039660
41793039545
41793039623
41793039689
41793039687
41793039511
41793039683
41793039572
41793039609
41793039531
41793039700
41793039510
41793039628
41793039649
41793039691
41793039714
41793039680
41793039634
41793039673
41793039550
41793039711
41793039607
41793039702
41793039676
41793039708
41793039645
41793039604
41793039734
41793039743
41793039742
41793039740
41793039744
41793039721
41793039724
41793039746
41793039726
41793039733
41793039736
41793039725
41793039728
41793039738
41793039741
41793039730
41793039720
41793039717
41793039722
41793039715
41793039719
41793039735
41793039785
41793039779
41793039808
41793039753
41793039747
41793039778
41793039759
41793039751
41793039800
41793039804
41793039802
41793039805
41793039748
41793039761
41793039754
41793039773
41793039783
41793039756
41793039752
41793039760
41793039791
41793039807
41793039774
41793039781
41793039766
41793039768
41793039764
41793039797
41793039794
41793039787
41793039803
41793039776
41793039758
41793039810
41793039784
41793039763
41793039772
41793039757
41793039826
41793039817
41793039850
41793039857
41793039868
41793039816
41793039842
41793039815
41793039839
41793039827
41793039843
41793039865
41793039814
41793039849
41793039844
41793039832
41793039821
41793039867
41793039860
41793039834
41793039833
41793039837
41793039863
41793039845
41793039864
41793039841
41793039820
41793039847
41793039838
41793039870
41793039813
41793039861
41793039851
41793039862
41793039866
41793039830
41793039854
41793039853
41793039858
41793039906
41793039876
41793039928
41793039922
41793039874
41793039875
41793039871
41793039889
41793039879
41793039898
41793039899
41793039887
41793039888
41793039886
41793039926
41793039903
41793039877
41793039909
41793039872
41793039890
41793039892
41793039900
41793039925
41793039912
41793039920
41793039924
41793039923
41793039873
41793039910
41793039915
41793039905
41793039878
41793039904
41793039911
41793039908
41793039918
41793039902
41793039943
41793039966
41793039936
41793039935
41793039975
41793039937
41793039940
41793039934
41793039955
41793039951
41793039948
41793039939
41793039959
41793039963
41793039957
41793039970
41793039944
41793039946
41793039931
41793039954
41793039964
41793039971
41793039933
41793039932
41793039941
41793039980
41793039967
41793039978
41793039962
41793039981
41793039956
41793039969
41793039965
41793039968
41793039977
41793039995
41793039983
41793039991
41793039989
41793039985
41793039998
41793039992
41793039987
41793039984
41793039999
41793039994
41793039997
41793039993
41793039990
41793033000
41793033006
41793033013
41793033021
41793033025
41793033001
41793033024
41793033020
41793033010
41793033023
41793033022
41793033005
41793033016
41793033011
41793033017
41793033026
41793033008
41793033028
41793033012
41793033027
41793033007
41793033004
41793033018
41793033031
41793033253
41793033054
41793033145
41793033079
41793033038
41793033088
41793033189
41793033086
41793033058
41793033049
41793033056
41793033068
41793033061
41793033081
41793033051
41793033066
41793033093
41793033104
41793033048
41793033116
41793033118
41793033036
41793033126
41793033078
41793033095
41793033139
41793033117
41793033074
41793033121
41793033091
41793033053
41793033102
41793033107
41793033094
41793033226
41793033123
41793033069
41793033150
41793033219
41793033050
41793033234
41793033194
41793033037
41793033349
41793033039
41793033142
41793033287
41793033175
41793033184
41793033105
41793033131
41793033323
41793033055
41793033254
41793033089
41793033047
41793033147
41793033090
41793033100
41793033129
41793033060
41793033124
41793033122
41793033186
41793033329
41793033180
41793033218
41793033169
41793033158
41793033190
41793033258
41793033151
41793033201
41793033154
41793033033
41793033067
41793033065
41793033239
41793033130
41793033298
41793033153
41793033111
41793033347
41793033243
41793033192
41793033191
41793033320
41793033252
41793033276
41793033237
41793033208
41793033339
41793033113
41793033277
41793033099
41793033209
41793033300
41793033071
41793033157
41793033166
41793033170
41793033259
41793033333
41793033285
41793033178
41793033108
41793033133
41793033110
41793033235
41793033183
41793033202
41793033278
41793033161
41793033231
41793033295
41793033215
41793033229
41793033182
41793033114
41793033179
41793033217
41793033221
41793033103
41793033127
41793033138
41793033137
41793033325
41793033245
41793033236
41793033273
41793033159
41793033197
41793033334
41793033120
41793033084
41793033181
41793033269
41793033331
41793033256
41793033304
41793033274
41793033135
41793033187
41793033115
41793033119
41793033261
41793033257
41793033248
41793033337
41793033302
41793033271
41793033152
41793033281
41793033336
41793033228
41793033321
41793033057
41793033232
41793033305
41793033225
41793033344
41793033264
41793033132
41793033241
41793033335
41793033275
41793033185
41793033160
41793033242
41793033262
41793033230
41793033317
41793033227
41793033247
41793033330
41793033313
41793033328
41793033205
41793033223
41793033286
41793033318
41793033146
41793033345
41793033307
41793033176
41793033311
41793033167
41793033268
41793033164
41793033214
41793033283
41793033294
41793033250
41793033260
41793033290
41793033282
41793033340
41793033249
41793033338
41793033314
41793033188
41793033280
41793033288
41793033309
41793033326
41793033322
41793033348
41793033255
41793033198
41793033303
41793033267
41793033356
41793033357
41793033372
41793033365
41793033371
41793033359
41793033378
41793033379
41793033375
41793033362
41793033361
41793033352
41793033377
41793033351
41793033364
41793033360
41793033370
41793033382
41793033380
41793033381
41793033368
41793033407
41793033526
41793033523
41793033389
41793033440
41793033449
41793033393
41793033391
41793033394
41793033420
41793033418
41793033424
41793033639
41793033504
41793033502
41793033436
41793033448
41793033519
41793033428
41793033447
41793033426
41793033432
41793033476
41793033563
41793033471
41793033443
41793033478
41793033388
41793033500
41793033552
41793033496
41793033412
41793033575
41793033451
41793033400
41793033439
41793033416
41793033433
41793033480
41793033455
41793033644
41793033405
41793033492
41793033562
41793033649
41793033631
41793033497
41793033680
41793033446
41793033473
41793033655
41793033387
41793033537
41793033411
41793033554
41793033454
41793033430
41793033518
41793033551
41793033642
41793033459
41793033474
41793033544
41793033435
41793033395
41793033437
41793033438
41793033533
41793033431
41793033417
41793033392
41793033419
41793033404
41793033605
41793033507
41793033406
41793033580
41793033403
41793033444
41793033612
41793033538
41793033467
41793033508
41793033529
41793033558
41793033425
41793033494
41793033489
41793033520
41793033511
41793033540
41793033629
41793033522
41793033386
41793033429
41793033676
41793033587
41793033450
41793033541
41793033481
41793033560
41793033586
41793033408
41793033682
41793033421
41793033469
41793033656
41793033525
41793033553
41793033604
41793033452
41793033482
41793033493
41793033693
41793033513
41793033531
41793033534
41793033487
41793033457
41793033674
41793033582
41793033696
41793033688
41793033607
41793033550
41793033619
41793033462
41793033561
41793033632
41793033609
41793033600
41793033638
41793033517
41793033671
41793033479
41793033543
41793033568
41793033662
41793033679
41793033633
41793033666
41793033555
41793033572
41793033669
41793033697
41793033516
41793033610
41793033556
41793033588
41793033477
41793033636
41793033686
41793033576
41793033581
41793033641
41793033695
41793033692
41793033595
41793033611
41793033659
41793033687
41793033484
41793033503
41793033501
41793033579
41793033569
41793033616
41793033665
41793033664
41793033634
41793033490
41793033594
41793033547
41793033622
41793033527
41793033546
41793033654
41793033640
41793033564
41793033591
41793033521
41793033578
41793033535
41793033596
41793033657
41793033598
41793033628
41793033650
41793033699
41793033573
41793033577
41793033617
41793033675
41793033570
41793033584
41793033623
41793033653
41793033618
41793033532
41793033694
41793033646
41793033678
41793033585
41793033557
41793033660
41793033677
41793033684
41793033651
41793033635
41793033647
41793033703
41793033730
41793033707
41793033700
41793033709
41793033720
41793033727
41793033705
41793033721
41793033710
41793033723
41793033708
41793033713
41793033711
41793033702
41793033722
41793033718
41793033728
41793033717
41793033738
41793033751
41793033749
41793033753
41793033771
41793033747
41793033764
41793033745
41793033759
41793033739
41793033733
41793033785
41793033755
41793033736
41793033756
41793033746
41793033735
41793033784
41793033789
41793033748
41793033734
41793033773
41793033731
41793033740
41793033775
41793033752
41793033754
41793033780
41793033782
41793033737
41793033760
41793033766
41793033743
41793033757
41793033765
41793033777
41793033779
41793033787
41793033783
41793033768
41793033790
41793033830
41793033839
41793033815
41793033841
41793033834
41793033803
41793033810
41793033831
41793033827
41793033843
41793033848
41793033837
41793033792
41793033838
41793033804
41793033801
41793033836
41793033845
41793033821
41793033802
41793033849
41793033794
41793033811
41793033809
41793033797
41793033807
41793033824
41793033808
41793033828
41793033851
41793033805
41793033833
41793033835
41793033852
41793033856
41793033877
41793033854
41793033875
41793033900
41793033880
41793033853
41793033894
41793033881
41793033886
41793033901
41793033897
41793033874
41793033862
41793033861
41793033876
41793033888
41793033884
41793033890
41793033883
41793033911
41793033910
41793033907
41793033904
41793033865
41793033872
41793033891
41793033858
41793033903
41793033905
41793033889
41793033906
41793033864
41793033909
41793033927
41793033924
41793033982
41793033987
41793033943
41793033952
41793033989
41793033925
41793033917
41793033933
41793033941
41793033930
41793033951
41793033971
41793033986
41793033985
41793033945
41793033955
41793033956
41793033957
41793033968
41793033923
41793033949
41793033973
41793033953
41793033976
41793033916
41793033929
41793033938
41793033959
41793033944
41793033932
41793033979
41793033992
41793033988
41793033940
41793033920
41793033928
41793033926
41793033934
41793033974
41793033978
41793033921
41793033994
41793033996
41793033922
41793033961
41793033969
41793033964
41793033980
41793033991
41793033947
41793033967
41793031000
41793031010
41793031015
41793031020
41793031024
41793031019
41793031023
41793031021
41793031025
41793031016
41793031030
41793031007
41793031001
41793031018
41793031002
41793031022
41793031013
41793031004
41793031027
41793031014
41793031012
41793031028
41793031017
41793031040
41793031209
41793031055
41793031038
41793031045
41793031064
41793031079
41793031088
41793031066
41793031035
41793031095
41793031114
41793031100
41793031093
41793031152
41793031149
41793031140
41793031168
41793031073
41793031128
41793031172
41793031041
41793031077
41793031244
41793031101
41793031311
41793031085
41793031123
41793031275
41793031111
41793031158
41793031354
41793031124
41793031159
41793031151
41793031188
41793031037
41793031117
41793031086
41793031070
41793031053
41793031090
41793031089
41793031032
41793031118
41793031271
41793031043
41793031121
41793031057
41793031097
41793031262
41793031058
41793031042
41793031080
41793031072
41793031330
41793031138
41793031364
41793031191
41793031174
41793031103
41793031189
41793031112
41793031137
41793031176
41793031065
41793031061
41793031216
41793031198
41793031125
41793031181
41793031290
41793031036
41793031116
41793031163
41793031265
41793031287
41793031039
41793031213
41793031337
41793031033
41793031082
41793031076
41793031096
41793031195
41793031329
41793031156
41793031324
41793031150
41793031392
41793031638
41793031060
41793031426
41793031130
41793031208
41793031482
41793031245
41793031488
41793031148
41793031155
41793031099
41793031307
41793031157
41793031374
41793031167
41793031145
41793031147
41793031160
41793031419
41793031562
41793031180
41793031238
41793031378
41793031166
41793031661
41793031388
41793031110
41793031105
41793031700
41793031094
41793031349
41793031309
41793031518
41793031170
41793031115
41793031402
41793031430
41793031344
41793031534
41793031689
41793031087
41793031283
41793031223
41793031185
41793031046
41793031240
41793031164
41793031230
41793031412
41793031342
41793031322
41793031129
41793031102
41793031285
41793031479
41793031108
41793031142
41793031143
41793031499
41793031092
41793031294
41793031272
41793031136
41793031503
41793031184
41793031194
41793031434
41793031613
41793031206
41793031574
41793031291
41793031463
41793031328
41793031401
41793031399
41793031365
41793031239
41793031179
41793031370
41793031339
41793031196
41793031727
41793031186
41793031485
41793031255
41793031200
41793031513
41793031467
41793031281
41793031297
41793031178
41793031433
41793031546
41793031386
41793031532
41793031393
41793031373
41793031350
41793031570
41793031218
41793031353
41793031219
41793031431
41793031161
41793031199
41793031211
41793031471
41793031336
41793031212
41793031379
41793031368
41793031572
41793031429
41793031832
41793031484
41793031267
41793031193
41793031187
41793031312
41793031335
41793031508
41793031204
41793031247
41793031327
41793031224
41793031568
41793031321
41793031361
41793031549
41793031701
41793031338
41793031618
41793031126
41793031598
41793031232
41793031520
41793031169
41793031356
41793031444
41793031646
41793031441
41793031626
41793031251
41793031139
41793031242
41793031229
41793031600
41793031635
41793031289
41793031776
41793031582
41793031553
41793031586
41793031259
41793031366
41793031439
41793031917
41793031214
41793031319
41793031396
41793031260
41793031362
41793031556
41793031625
41793031205
41793031288
41793031551
41793031452
41793031543
41793031202
41793031801
41793031800
41793031286
41793031642
41793031135
41793031201
41793031301
41793031153
41793031544
41793031228
41793031220
41793031415
41793031449
41793031447
41793031536
41793031183
41793031509
41793031636
41793031787
41793031770
41793031932
41793031538
41793031667
41793031358
41793031299
41793031841
41793031469
41793031420
41793031756
41793031313
41793031241
41793031762
41793031346
41793031357
41793031644
41793031397
41793031519
41793031352
41793031360
41793031493
41793031226
41793031650
41793031308
41793031381
41793031413
41793031445
41793031792
41793031581
41793031535
41793031486
41793031654
41793031963
41793031234
41793031411
41793031270
41793031510
41793031316
41793031670
41793031375
41793031765
41793031899
41793031752
41793031871
41793031657
41793031668
41793031481
41793031456
41793031980
41793031585
41793031643
41793031971
41793031719
41793031443
41793031377
41793031784
41793031706
41793031889
41793031757
41793031390
41793031257
41793031590
41793031734
41793031300
41793031927
41793031461
41793031563
41793031347
41793031558
41793031651
41793031254
41793031708
41793031934
41793031914
41793031440
41793031253
41793031333
41793031802
41793031418
41793031633
41793031726
41793031474
41793031537
41793031436
41793031601
41793031203
41793031881
41793031460
41793031875
41793031422
41793031623
41793031314
41793031515
41793031607
41793031940
41793031476
41793031720
41793031604
41793031343
41793031641
41793031527
41793031795
41793031774
41793031926
41793031699
41793031737
41793031466
41793031555
41793031403
41793031249
41793031318
41793031857
41793031293
41793031918
41793031988
41793031945
41793031725
41793031394
41793031742
41793031684
41793031827
41793031620
41793031504
41793031385
41793031492
41793031952
41793031738
41793031305
41793031559
41793031512
41793031948
41793031824
41793031853
41793031707
41793031982
41793031711
41793031878
41793031865
41793031539
41793031994
41793031921
41793031972
41793031956
41793031805
41793031588
41793031359
41793031606
41793031564
41793031848
41793031919
41793031410
41793031566
41793031790
41793031304
41793031560
41793031348
41793031459
41793031794
41793031955
41793031990
41793031569
41793031730
41793031809
41793031658
41793031846
41793031414
41793031804
41793031451
41793031303
41793031465
41793031498
41793031491
41793031692
41793031780
41793031718
41793031731
41793031714
41793031788
41793031404
41793031781
41793031675
41793031855
41793031217
41793031621
41793031521
41793031630
41793031681
41793031653
41793031744
41793031473
41793031908
41793031542
41793031369
41793031605
41793031882
41793031662
41793031494
41793031760
41793031702
41793031680
41793031273
41793031592
41793031970
41793031993
41793031962
41793031758
41793031838
41793031656
41793031610
41793031901
41793031904
41793031929
41793031243
41793031565
41793031453
41793031946
41793031916
41793031323
41793031372
41793031898
41793031721
41793031954
41793031995
41793031930
41793031745
41793031740
41793031991
41793031772
41793031279
41793031783
41793031615
41793031869
41793031682
41793031557
41793031616
41793031891
41793031925
41793031478
41793031528
41793031487
41793031669
41793031845
41793031603
41793031807
41793031391
41793031749
41793031640
41793031947
41793031477
41793031818
41793031409
41793031852
41793031376
41793031554
41793031913
41793031922
41793031872
41793031748
41793031526
41793031442
41793031475
41793031975
41793031886
41793031863
41793031631
41793031768
41793031779
41793031965
41793031334
41793031764
41793031637
41793031688
41793031507
41793031902
41793031632
41793031672
41793031676
41793031888
41793031992
41793031722
41793031861
41793031907
41793031923
41793031664
41793031978
41793031864
41793031424
41793031796
41793031906
41793031806
41793031438
41793031811
41793031943
41793031909
41793031887
41793031724
41793031964
41793031903
41793031468
41793031505
41793031885
41793031799
41793031828
41793031973
41793031939
41793031850
41793031639
41793031860
41793031920
41793031599
41793031910
41793031753
41793031717
41793031666
41793031750
41793031736
41793031814
41793031705
41793031713
41793031877
41793031867
41793031608
41793031959
41793031912
41793031834
41793031836
41793031966
41793031858
41793031769
41793031710
41793031489
41793031797
41793031715
41793031685
41793031673
41793031835
41793031694
41793031958
41793031847
41793031810
41793031856
41793031782
41793031967
41793031977
41793031866
41793031812
41793031843
41793031815
41793031949
41793031905
41793031873
41793031915
41793031989
41793031981
41793031979
41793031883
41793031879
41793031941
41793031996
41793032018
41793032017
41793032012
41793032023
41793032030
41793032021
41793032019
41793032005
41793032013
41793032003
41793032010
41793032011
41793032001
41793032014
41793032024
41793032008
41793032022
41793032038
41793032073
41793032159
41793032158
41793032064
41793032083
41793032085
41793032039
41793032044
41793032053
41793032050
41793032095
41793032087
41793032100
41793032105
41793032209
41793032220
41793032117
41793032124
41793032059
41793032115
41793032046
41793032166
41793032178
41793032066
41793032190
41793032118
41793032092
41793032093
41793032116
41793032250
41793032114
41793032272
41793032107
41793032106
41793032143
41793032295
41793032153
41793032145
41793032125
41793032293
41793032137
41793032042
41793032239
41793032246
41793032282
41793032148
41793032227
41793032181
41793032098
41793032312
41793032104
41793032058
41793032041
41793032051
41793032173
41793032081
41793032065
41793032177
41793032099
41793032076
41793032069
41793032127
41793032132
41793032144
41793032103
41793032109
41793032130
41793032164
41793032150
41793032123
41793032119
41793032224
41793032207
41793032214
41793032248
41793032278
41793032341
41793032285
41793032111
41793032230
41793032068
41793032211
41793032136
41793032218
41793032033
41793032221
41793032229
41793032172
41793032043
41793032139
41793032089
41793032055
41793032194
41793032266
41793032284
41793032327
41793032082
41793032217
41793032075
41793032142
41793032345
41793032157
41793032291
41793032271
41793032318
41793032080
41793032112
41793032287
41793032205
41793032334
41793032226
41793032110
41793032320
41793032234
41793032135
41793032061
41793032235
41793032321
41793032186
41793032131
41793032219
41793032309
41793032063
41793032185
41793032180
41793032091
41793032146
41793032262
41793032175
41793032307
41793032165
41793032189
41793032169
41793032324
41793032203
41793032162
41793032253
41793032326
41793032183
41793032305
41793032273
41793032240
41793032141
41793032090
41793032079
41793032304
41793032160
41793032315
41793032303
41793032280
41793032292
41793032122
41793032325
41793032340
41793032348
41793032346
41793032333
41793032174
41793032288
41793032260
41793032308
41793032350
41793032168
41793032317
41793032201
41793032195
41793032223
41793032121
41793032276
41793032191
41793032037
41793032212
41793032277
41793032270
41793032244
41793032179
41793032331
41793032213
41793032233
41793032296
41793032283
41793032286
41793032261
41793032200
41793032294
41793032231
41793032222
41793032339
41793032316
41793032279
41793032171
41793032202
41793032323
41793032267
41793032310
41793032322
41793032329
41793032232
41793032225
41793032265
41793032257
41793032319
41793032274
41793032263
41793032289
41793032336
41793032363
41793032364
41793032377
41793032380
41793032373
41793032358
41793032357
41793032379
41793032360
41793032372
41793032365
41793032371
41793032355
41793032359
41793032378
41793032382
41793032366
41793032354
41793032375
41793032368
41793032362
41793032381
41793032376
41793032437
41793032475
41793032403
41793032618
41793032473
41793032398
41793032416
41793032409
41793032480
41793032394
41793032392
41793032396
41793032389
41793032432
41793032536
41793032415
41793032448
41793032452
41793032459
41793032463
41793032476
41793032471
41793032469
41793032560
41793032488
41793032498
41793032502
41793032385
41793032523
41793032395
41793032400
41793032483
41793032423
41793032390
41793032542
41793032434
41793032537
41793032568
41793032591
41793032493
41793032458
41793032466
41793032609
41793032600
41793032663
41793032407
41793032687
41793032633
41793032513
41793032526
41793032411
41793032528
41793032391
41793032659
41793032467
41793032588
41793032638
41793032436
41793032489
41793032397
41793032419
41793032554
41793032388
41793032557
41793032383
41793032674
41793032454
41793032410
41793032684
41793032430
41793032418
41793032521
41793032408
41793032421
41793032507
41793032470
41793032427
41793032414
41793032546
41793032472
41793032564
41793032671
41793032425
41793032519
41793032439
41793032558
41793032679
41793032646
41793032555
41793032580
41793032450
41793032486
41793032538
41793032508
41793032504
41793032492
41793032589
41793032404
41793032566
41793032514
41793032621
41793032402
41793032650
41793032412
41793032431
41793032601
41793032451
41793032676
41793032604
41793032665
41793032468
41793032499
41793032506
41793032549
41793032573
41793032406
41793032699
41793032622
41793032461
41793032578
41793032495
41793032581
41793032607
41793032462
41793032516
41793032553
41793032606
41793032497
41793032484
41793032478
41793032682
41793032695
41793032603
41793032442
41793032605
41793032647
41793032563
41793032487
41793032596
41793032584
41793032595
41793032446
41793032509
41793032655
41793032464
41793032490
41793032512
41793032640
41793032413
41793032494
41793032481
41793032628
41793032602
41793032660
41793032547
41793032532
41793032611
41793032620
41793032585
41793032438
41793032460
41793032643
41793032617
41793032525
41793032567
41793032435
41793032552
41793032651
41793032511
41793032658
41793032545
41793032623
41793032691
41793032572
41793032629
41793032645
41793032593
41793032479
41793032616
41793032627
41793032505
41793032583
41793032533
41793032668
41793032456
41793032477
41793032681
41793032639
41793032517
41793032598
41793032624
41793032670
41793032529
41793032696
41793032530
41793032648
41793032688
41793032690
41793032653
41793032613
41793032686
41793032649
41793032565
41793032636
41793032664
41793032608
41793032571
41793032689
41793032692
41793032574
41793032698
41793032672
41793032685
41793032582
41793032680
41793032637
41793032677
41793032697
41793032703
41793032705
41793032727
41793032711
41793032722
41793032704
41793032700
41793032713
41793032708
41793032701
41793032706
41793032702
41793032728
41793032715
41793032724
41793032707
41793032725
41793032723
41793032714
41793032710
41793032729
41793032719
41793032743
41793032777
41793032735
41793032772
41793032779
41793032733
41793032751
41793032738
41793032766
41793032731
41793032775
41793032746
41793032749
41793032757
41793032774
41793032782
41793032753
41793032732
41793032748
41793032744
41793032742
41793032734
41793032736
41793032788
41793032773
41793032763
41793032789
41793032739
41793032769
41793032737
41793032750
41793032785
41793032741
41793032768
41793032792
41793032776
41793032765
41793032761
41793032758
41793032781
41793032755
41793032778
41793032783
41793032791
41793032806
41793032796
41793032847
41793032874
41793032805
41793032797
41793032850
41793032803
41793032815
41793032821
41793032820
41793032800
41793032836
41793032834
41793032839
41793032838
41793032857
41793032851
41793032871
41793032828
41793032807
41793032872
41793032829
41793032794
41793032843
41793032864
41793032856
41793032830
41793032801
41793032804
41793032808
41793032813
41793032861
41793032831
41793032866
41793032869
41793032812
41793032865
41793032817
41793032818
41793032823
41793032863
41793032802
41793032844
41793032849
41793032810
41793032824
41793032852
41793032846
41793032822
41793032832
41793032873
41793032870
41793032853
41793032948
41793032912
41793032909
41793032934
41793032933
41793032901
41793032925
41793032939
41793032891
41793032886
41793032892
41793032911
41793032926
41793032920
41793032893
41793032954
41793032956
41793032896
41793032881
41793032965
41793032900
41793032882
41793032919
41793032922
41793032883
41793032914
41793032884
41793032916
41793032937
41793032942
41793032941
41793032906
41793032923
41793032957
41793032918
41793032949
41793032880
41793032908
41793032943
41793032961
41793032932
41793032928
41793032887
41793032924
41793032935
41793032930
41793032885
41793032940
41793032917
41793032890
41793032959
41793032950
41793032944
41793032955
41793032921
41793032910
41793032953
41793032966
41793032977
41793032994
41793032970
41793032995
41793032968
41793032969
41793032984
41793032978
41793032973
41793032981
41793032998
41793032982
41793032993
41793032980
41793032979
41793032996
41793032987
41793032983
41793032988
41793032992
41793038000
41793038009
41793038013
41793038032
41793038019
41793038022
41793038005
41793038001
41793038014
41793038008
41793038010
41793038016
41793038030
41793038006
41793038003
41793038020
41793038004
41793038021
41793038015
41793038026
41793038033
41793038040
41793038062
41793038066
41793038093
41793038052
41793038075
41793038063
41793038157
41793038034
41793038084
41793038035
41793038043
41793038116
41793038090
41793038045
41793038058
41793038238
41793038079
41793038159
41793038303
41793038137
41793038081
41793038097
41793038130
41793038114
41793038186
41793038153
41793038136
41793038148
41793038170
41793038162
41793038173
41793038139
41793038191
41793038147
41793038292
41793038190
41793038080
41793038293
41793038361
41793038318
41793038422
41793038376
41793038071
41793038316
41793038086
41793038286
41793038234
41793038166
41793038395
41793038104
41793038059
41793038332
41793038196
41793038230
41793038098
41793038124
41793038107
41793038094
41793038088
41793038109
41793038205
41793038154
41793038221
41793038179
41793038039
41793038060
41793038247
41793038172
41793038054
41793038070
41793038119
41793038171
41793038095
41793038046
41793038283
41793038300
41793038244
41793038167
41793038061
41793038181
41793038182
41793038138
41793038273
41793038072
41793038270
41793038131
41793038242
41793038235
41793038041
41793038379
41793038168
41793038042
41793038178
41793038145
41793038161
41793038163
41793038289
41793038222
41793038208
41793038183
41793038275
41793038477
41793038257
41793038149
41793038276
41793038105
41793038280
41793038243
41793038512
41793038285
41793038259
41793038121
41793038237
41793038313
41793038288
41793038263
41793038132
41793038335
41793038102
41793038261
41793038433
41793038232
41793038302
41793038142
41793038133
41793038584
41793038188
41793038255
41793038459
41793038301
41793038175
41793038545
41793038228
41793038447
41793038067
41793038151
41793038599
41793038384
41793038112
41793038220
41793038310
41793038087
41793038394
41793038446
41793038311
41793038414
41793038209
41793038368
41793038337
41793038620
41793038667
41793038494
41793038265
41793038216
41793038465
41793038409
41793038644
41793038127
41793038450
41793038500
41793038156
41793038410
41793038298
41793038189
41793038213
41793038352
41793038468
41793038390
41793038347
41793038617
41793038322
41793038064
41793038342
41793038100
41793038635
41793038245
41793038561
41793038646
41793038321
41793038249
41793038187
41793038329
41793038690
41793038517
41793038307
41793038434
41793038327
41793038333
41793038576
41793038668
41793038207
41793038290
41793038387
41793038210
41793038420
41793038805
41793038180
41793038315
41793038437
41793038184
41793038326
41793038334
41793038348
41793038587
41793038360
41793038143
41793038516
41793038297
41793038125
41793038330
41793038847
41793038428
41793038246
41793038224
41793038287
41793038248
41793038236
41793038642
41793038291
41793038429
41793038785
41793038382
41793038583
41793038700
41793038341
41793038266
41793038106
41793038796
41793038201
41793038841
41793038218
41793038452
41793038569
41793038476
41793038824
41793038616
41793038615
41793038375
41793038930
41793038483
41793038256
41793038475
41793038541
41793038239
41793038462
41793038612
41793038460
41793038678
41793038624
41793038439
41793038274
41793038193
41793038535
41793038609
41793038618
41793038712
41793038486
41793038578
41793038593
41793038444
41793038560
41793038252
41793038400
41793038424
41793038231
41793038398
41793038349
41793038662
41793038206
41793038540
41793038346
41793038733
41793038371
41793038343
41793038174
41793038317
41793038018
41793038600
41793038253
41793038192
41793038355
41793038198
41793038377
41793038695
41793038509
41793038720
41793038911
41793038490
41793038643
41793038672
41793038338
41793038946
41793038640
41793038365
41793038504
41793038619
41793038436
41793038449
41793038518
41793038825
41793038405
41793038258
41793038324
41793038323
41793038531
41793038874
41793038304
41793038632
41793038548
41793038425
41793038651
41793038665
41793038344
41793038924
41793038844
41793038426
41793038485
41793038717
41793038404
41793038488
41793038305
41793038525
41793038591
41793038374
41793038649
41793038240
41793038579
41793038345
41793038550
41793038549
41793038699
41793038115
41793038701
41793038211
41793038471
41793038397
41793038769
41793038783
41793038727
41793038848
41793038728
41793038223
41793038440
41793038747
41793038816
41793038867
41793038899
41793038393
41793038435
41793038411
41793038683
41793038456
41793038716
41793038385
41793038502
41793038685
41793038351
41793038641
41793038691
41793038536
41793038423
41793038458
41793038605
41793038487
41793038770
41793038362
41793038666
41793038984
41793038510
41793038933
41793038585
41793038320
41793038722
41793038647
41793038357
41793038464
41793038623
41793038370
41793038592
41793038766
41793038686
41793038419
41793038495
41793038466
41793038715
41793038524
41793038226
41793038546
41793038501
41793038383
41793038580
41793038792
41793038961
41793038639
41793038800
41793038853
41793038790
41793038676
41793038478
41793038850
41793038774
41793038634
41793038674
41793038614
41793038788
41793038306
41793038726
41793038771
41793038916
41793038128
41793038714
41793038589
41793038508
41793038910
41793038473
41793038974
41793038563
41793038479
41793038953
41793038654
41793038882
41793038781
41793038586
41793038880
41793038542
41793038900
41793038521
41793038840
41793038581
41793038484
41793038570
41793038830
41793038629
41793038718
41793038566
41793038746
41793038597
41793038694
41793038526
41793038768
41793038876
41793038834
41793038991
41793038739
41793038264
41793038367
41793038857
41793038963
41793038648
41793038336
41793038721
41793038515
41793038707
41793038388
41793038782
41793038438
41793038794
41793038723
41793038660
41793038777
41793038822
41793038386
41793038658
41793038869
41793038813
41793038817
41793038604
41793038889
41793038633
41793038802
41793038741
41793038829
41793038893
41793038680
41793038775
41793038709
41793038688
41793038826
41793038260
41793038732
41793038786
41793038621
41793038416
41793038538
41793038630
41793038814
41793038511
41793038883
41793038937
41793038520
41793038884
41793038821
41793038675
41793038872
41793038820
41793038656
41793038557
41793038706
41793038671
41793038819
41793038522
41793038650
41793038455
41793038837
41793038693
41793038862
41793038752
41793038670
41793038865
41793038736
41793038556
41793038896
41793038833
41793038856
41793038655
41793038950
41793038942
41793038758
41793038443
41793038861
41793038895
41793038944
41793038949
41793038860
41793038577
41793038613
41793038870
41793038877
41793038915
41793038396
41793038928
41793038971
41793038982
41793038878
41793038799
41793038772
41793038791
41793038558
41793038927
41793038890
41793038948
41793038855
41793038997
41793038979
41793038534
41793038801
41793038966
41793038708
41793038845
41793038975
41793038934
41793038669
41793038823
41793038503
41793038851
41793038955
41793038854
41793038887
41793038940
41793038988
41793038941
41793038866
41793038917
41793038839
41793038972
41793038871
41793038951
41793038687
41793038225
41793038959
41793038913
41793038925
41793038507
41793038970
41793038664
41793038939
41793038993
41793038952
41793038622
41793038638
41793038960
41793038945
41793038299
41793038978
41793038843
41793038875
41793038284
41793038943
41793038935
41793038973
41793038918
41793038964
41793038636
41793038681
41793038828
41793038983
41793038967
41793038562
41793038703
41793038812
41793038653
41793038555
41793038864
41793038765
41793038985
41793038749
41793038898
41793038544
41793038990
41793038954
41793038818
41793038886
41793038657
41793038914
41793038730
41793038748
41793038835
41793038892
41793038751
41793038795
41793038908
41793038903
41793038977
41793038901
41793038962
41793037011
41793037004
41793037017
41793037027
41793037022
41793037015
41793037013
41793037025
41793037016
41793037012
41793037021
41793037003
41793037006
41793037009
41793037007
41793037005
41793037026
41793037020
41793037019
41793037024
41793037036
41793037062
41793037078
41793037082
41793037110
41793037127
41793037135
41793037165
41793037032
41793037209
41793037206
41793037230
41793037049
41793037048
41793037237
41793037008
41793037065
41793037325
41793037116
41793037128
41793037140
41793037176
41793037068
41793037051
41793037105
41793037103
41793037052
41793037064
41793037125
41793037067
41793037157
41793037075
41793037085
41793037091
41793037056
41793037122
41793037141
41793037158
41793037221
41793037107
41793037219
41793037389
41793037273
41793037120
41793037279
41793037159
41793037045
41793037010
41793037286
41793037278
41793037211
41793037118
41793037277
41793037040
41793037179
41793037266
41793037327
41793037083
41793037059
41793037066
41793037115
41793037153
41793037041
41793037232
41793037046
41793037092
41793037177
41793037058
41793037380
41793037137
41793037093
41793037185
41793037196
41793037202
41793037216
41793037053
41793037187
41793037412
41793037301
41793037112
41793037047
41793037072
41793037100
41793037074
41793037086
41793037055
41793037172
41793037184
41793037170
41793037033
41793037163
41793037223
41793037129
41793037425
41793037139
41793037121
41793037080
41793037175
41793037188
41793037057
41793037079
41793037134
41793037483
41793037284
41793037186
41793037436
41793037069
41793037218
41793037225
41793037262
41793037283
41793037061
41793037233
41793037578
41793037256
41793037530
41793037372
41793037288
41793037208
41793037618
41793037254
41793037305
41793037226
41793037328
41793037291
41793037178
41793037138
41793037437
41793037243
41793037124
41793037343
41793037245
41793037294
41793037678
41793037239
41793037468
41793037654
41793037285
41793037149
41793037098
41793037339
41793037863
41793037575
41793037193
41793037089
41793037123
41793037269
41793037624
41793037356
41793037318
41793037210
41793037147
41793037161
41793037260
41793037558
41793037632
41793037546
41793037402
41793037370
41793037271
41793037316
41793037169
41793037421
41793037317
41793037852
41793037566
41793037348
41793037334
41793037438
41793037684
41793037162
41793037255
41793037762
41793037335
41793037304
41793037250
41793037143
41793037682
41793037090
41793037540
41793037557
41793037324
41793037735
41793037490
41793037204
41793037537
41793037643
41793037531
41793037293
41793037484
41793037983
41793037106
41793037148
41793037258
41793037440
41793037476
41793037201
41793037832
41793037267
41793037447
41793037355
41793037493
41793037242
41793037406
41793037200
41793037506
41793037333
41793037646
41793037136
41793037342
41793037401
41793037581
41793037383
41793037099
41793037346
41793037655
41793037287
41793037276
41793037726
41793037535
41793037126
41793037191
41793037391
41793037571
41793037996
41793037352
41793037228
41793037171
41793037382
41793037354
41793037146
41793037246
41793037640
41793037272
41793037807
41793037559
41793037428
41793037194
41793037664
41793037189
41793037633
41793037831
41793037349
41793037238
41793037560
41793037336
41793037378
41793037321
41793037679
41793037823
41793037744
41793037573
41793037913
41793037547
41793037673
41793037482
41793037666
41793037745
41793037297
41793037154
41793037592
41793037332
41793037307
41793037155
41793037190
41793037613
41793037263
41793037698
41793037747
41793037227
41793037766
41793037385
41793037795
41793037329
41793037515
41793037585
41793037752
41793037690
41793037669
41793037870
41793037166
41793037388
41793037507
41793037809
41793037435
41793037879
41793037274
41793037645
41793037261
41793037543
41793037414
41793037929
41793037814
41793037460
41793037626
41793037449
41793037821
41793037496
41793037544
41793037264
41793037715
41793037351
41793037561
41793037755
41793037696
41793037205
41793037616
41793037473
41793037203
41793037338
41793037251
41793037605
41793037835
41793037601
41793037384
41793037620
41793037527
41793037811
41793037733
41793037308
41793037489
41793037340
41793037423
41793037612
41793037314
41793037538
41793037295
41793037403
41793037475
41793037653
41793037479
41793037594
41793037981
41793037405
41793037754
41793037839
41793037322
41793037937
41793037313
41793037439
41793037623
41793037954
41793037842
41793037151
41793037650
41793037525
41793037629
41793037606
41793037445
41793037834
41793037878
41793037556
41793037738
41793037576
41793037478
41793037231
41793037512
41793037607
41793037716
41793037712
41793037772
41793037802
41793037241
41793037731
41793037800
41793037418
41793037350
41793037819
41793037729
41793037972
41793037644
41793037499
41793037614
41793037634
41793037604
41793037248
41793037492
41793037761
41793037709
41793037866
41793037781
41793037630
41793037522
41793037488
41793037621
41793037326
41793037869
41793037450
41793037791
41793037647
41793037393
41793037660
41793037828
41793037298
41793037501
41793037448
41793037265
41793037875
41793037431
41793037458
41793037572
41793037357
41793037695
41793037477
41793037480
41793037903
41793037545
41793037419
41793037631
41793037779
41793037619
41793037817
41793037746
41793037919
41793037552
41793037851
41793037533
41793037502
41793037917
41793037767
41793037794
41793037757
41793037596
41793037315
41793037359
41793037773
41793037347
41793037392
41793037940
41793037516
41793037534
41793037820
41793037366
41793037550
41793037813
41793037844
41793037400
41793037504
41793037373
41793037720
41793037519
41793037980
41793037407
41793037736
41793037905
41793037427
41793037600
41793037865
41793037598
41793037777
41793037948
41793037521
41793037580
41793037249
41793037586
41793037668
41793037925
41793037394
41793037915
41793037461
41793037281
41793037413
41793037303
41793037830
41793037441
41793037528
41793037615
41793037946
41793037365
41793037753
41793037900
41793037486
41793037741
41793037764
41793037801
41793037765
41793037610
41793037555
41793037986
41793037756
41793037652
41793037984
41793037976
41793037374
41793037467
41793037396
41793037904
41793037570
41793037964
41793037889
41793037651
41793037926
41793037609
41793037739
41793037569
41793037532
41793037916
41793037829
41793037707
41793037724
41793037551
41793037864
41793037330
41793037810
41793037718
41793037843
41793037907
41793037536
41793037416
41793037466
41793037883
41793037848
41793037750
41793037775
41793037367
41793037589
41793037503
41793037584
41793037826
41793037459
41793037923
41793037891
41793037676
41793037909
41793037812
41793037784
41793037847
41793037692
41793037785
41793037700
41793037721
41793037693
41793037932
41793037945
41793037966
41793037523
41793037892
41793037921
41793037854
41793037703
41793037837
41793037803
41793037740
41793037893
41793037657
41793037377
41793037849
41793037780
41793037728
41793037827
41793037622
41793037611
41793037778
41793037730
41793037789
41793037967
41793037988
41793037663
41793037577
41793037936
41793037588
41793037885
41793037782
41793037474
41793037860
41793037446
41793037358
41793037872
41793037648
41793037962
41793037665
41793037899
41793037788
41793037910
41793037859
41793037956
41793037939
41793037748
41793037950
41793037841
41793037853
41793037816
41793037862
41793037774
41793037888
41793037579
41793037846
41793037737
41793037922
41793037770
41793037897
41793037871
41793037833
41793037603
41793037943
41793037949
41793037850
41793037787
41793037840
41793037874
41793037978
41793037790
41793037792
41793037941
41793037469
41793037500
41793037877
41793037867
41793037977
41793037873
41793037924
41793037513
41793037938
41793037857
41793037635
41793037975
41793037989
41793037965
41793037887
41793037951
41793037896
41793037671
41793037514
41793037636
41793037628
41793037796
41793037970
41793037713
41793037822
41793037959
41793037806
41793037990
41793037928
41793037912
41793037836
41793037815
41793037963
41793037894
41793037931
41793037868
41793037960
41793037886
