41791595001
41791595032
41791595011
41791595013
41791595008
41791595012
41791595028
41791595023
41791595070
41791595099
41791595114
41791595050
41791595107
41791595067
41791595306
41791595045
41791595207
41791595200
41791595052
41791595144
41791595068
41791595035
41791595191
41791595054
41791595065
41791595118
41791595295
41791595057
41791595366
41791595131
41791595127
41791595256
41791595204
41791595149
41791595038
41791595040
41791595227
41791595303
41791595102
41791595425
41791595125
41791595197
41791595209
41791595072
41791595122
41791595242
41791595174
41791595239
41791595245
41791595259
41791595094
41791595240
41791595071
41791595247
41791595298
41791595250
41791595566
41791595059
41791595229
41791595069
41791595231
41791595055
41791595424
41791595157
41791595234
41791595412
41791595132
41791595152
41791595169
41791595440
41791595173
41791595421
41791595344
41791595467
41791595381
41791595349
41791595258
41791595222
41791595161
41791595257
41791595441
41791595390
41791595297
41791595178
41791595413
41791595212
41791595095
41791595156
41791595092
41791595262
41791595244
41791595447
41791595276
41791595322
41791595246
41791595252
41791595324
41791595163
41791595206
41791595363
41791595186
41791595414
41791595355
41791595267
41791595326
41791595325
41791595189
41791595202
41791595238
41791595415
41791595328
41791595301
41791595329
41791595418
41791595928
41791595455
41791595764
41791595824
41791595387
41791595318
41791595361
41791595294
41791595456
41791595342
41791595354
41791595959
41791595408
41791595918
41791595350
41791595939
41791595849
41791595727
41791595733
41791595852
41791594008
41791594011
41791594014
41791594012
41791594021
41791594034
41791594084
41791594074
41791594095
41791594088
41791594096
41791594247
41791594107
41791594048
41791594215
41791594205
41791594197
41791594154
41791594149
41791594123
41791594145
41791594290
41791594109
41791594094
41791594305
41791594121
41791594238
41791594142
41791594163
41791594168
41791594167
41791594129
41791594111
41791594055
41791594336
41791594065
41791594059
41791594141
41791594157
41791594160
41791594080
41791594254
41791594090
41791594161
41791594097
41791594387
41791594172
41791594159
41791594203
41791594297
41791594127
41791594195
41791594181
41791594642
41791594125
41791594263
41791594082
41791594209
41791594136
41791594409
41791594147
41791594338
41791594189
41791594175
41791594268
41791594394
41791594414
41791594226
41791594754
41791594131
41791594584
41791594310
41791594713
41791594376
41791594277
41791594293
41791594092
41791594426
41791594739
41791594399
41791594770
41791594256
41791594386
41791594329
41791594206
41791594284
41791594302
41791594314
41791594258
41791594517
41791594820
41791594210
41791594967
41791594275
41791594741
41791594691
41791594384
41791594360
41791594135
41791594411
41791594255
41791594545
41791594515
41791594306
41791594193
41791594225
41791594718
41791594321
41791594537
41791594696
41791594400
41791594501
41791594278
41791594343
41791594280
41791594179
41791594652
41791594077
41791594689
41791594405
41791594639
41791594522
41791594598
41791594401
41791594331
41791594531
41791594679
41791594533
41791594759
41791594419
41791594392
41791594973
41791594657
41791594761
41791594780
41791594300
41791594726
41791594636
41791594860
41791594410
41791594645
41791594532
41791594865
41791594516
41791594539
41791594881
41791594767
41791594853
41791594404
41791594637
41791594764
41791594997
41791594842
41791594682
41791594733
41791594843
41791594686
41791594850
41791594502
41791594966
41791594756
41791594311
41791594644
41791594720
41791594856
41791594954
41791594670
41791594790
41791594896
41791594884
41791594667
41791594638
41791594964
41791594810
41791594647
41791594857
41791594841
41791594717
41791594769
41791594863
41791594897
41791594996
41791596000
41791596172
41791596166
41791596097
41791596116
41791596101
41791596120
41791596169
41791596311
41791596115
41791596452
41791596188
41791596320
41791596284
41791596167
41791596128
41791596210
41791596118
41791596162
41791596260
41791596114
41791596392
41791596152
41791596175
41791596185
41791596205
41791596090
41791596154
41791596084
41791596146
41791596136
41791596140
41791596129
41791596367
41791596289
41791596163
41791596214
41791596141
41791596226
41791596253
41791596091
41791596153
41791596231
41791596471
41791596215
41791596119
41791596194
41791596343
41791596451
41791596408
41791596199
41791596364
41791596108
41791596285
41791596256
41791596233
41791596280
41791596474
41791596184
41791596461
41791596955
41791596220
41791596856
41791596345
41791596137
41791596191
41791596569
41791596106
41791596501
41791596724
41791596126
41791596420
41791596095
41791596232
41791596303
41791596301
41791596442
41791596258
41791596142
41791596323
41791596557
41791596273
41791596297
41791596465
41791596292
41791596354
41791596238
41791596264
41791596309
41791596523
41791596366
41791596862
41791596248
41791596389
41791596346
41791596148
41791596798
41791596487
41791596756
41791596430
41791596337
41791596377
41791596331
41791596533
41791596315
41791596257
41791596237
41791596299
41791596576
41791596281
41791596418
41791596271
41791596696
41791596458
41791596277
41791596107
41791596130
41791596831
41791596546
41791596642
41791596328
41791596578
41791596259
41791596250
41791596509
41791596875
41791596483
41791596440
41791596176
41791596504
41791596541
41791596579
41791596515
41791596634
41791596570
41791596267
41791596425
41791596350
41791596456
41791596278
41791596433
41791596493
41791596600
41791596164
41791596601
41791596385
41791596754
41791596246
41791596591
41791596711
41791596611
41791596567
41791596322
41791596459
41791596365
41791596156
41791596287
41791596605
41791596593
41791596629
41791596274
41791596564
41791596445
41791596272
41791596312
41791596200
41791596678
41791596332
41791596239
41791596236
41791596139
41791596543
41791596690
41791596866
41791596553
41791596794
41791596510
41791596497
41791596463
41791596462
41791596595
41791596742
41791596733
41791596633
41791596827
41791596486
41791596488
41791596534
41791596344
41791596664
41791596631
41791596544
41791596409
41791596485
41791596457
41791596368
41791596508
41791596669
41791596460
41791596581
41791596380
41791596718
41791596713
41791596335
41791596412
41791596972
41791596895
41791596783
41791596531
41791596502
41791596310
41791596450
41791596788
41791596340
41791596547
41791596902
41791596620
41791596904
41791596178
41791596395
41791596640
41791596658
41791596573
41791596560
41791596444
41791596772
41791596965
41791596977
41791596522
41791596838
41791596606
41791596571
41791596667
41791596689
41791596655
41791596283
41791596535
41791596801
41791596516
41791596915
41791596612
41791596672
41791596645
41791596668
41791596799
41791596590
41791596809
41791596466
41791596666
41791596855
41791596870
41791596635
41791596506
41791596800
41791596580
41791596651
41791596941
41791596789
41791596435
41791596997
41791596835
41791596881
41791596970
41791596432
41791596376
41791596481
41791596808
41791596627
41791596758
41791596785
41791596353
41791596492
41791596759
41791596872
41791596536
41791596749
41791596684
41791596796
41791596449
41791596637
41791596914
41791596393
41791596476
41791596804
41791596888
41791596721
41791596378
41791596896
41791596677
41791596663
41791596636
41791596898
41791596823
41791596802
41791596619
41791596913
41791596683
41791596559
41791596722
41791596873
41791596266
41791596978
41791596693
41791596782
41791596561
41791596628
41791596964
41791596853
41791596905
41791596468
41791596369
41791596912
41791596908
41791596883
41791596894
41791596588
41791596926
41791596505
41791596847
41791596757
41791596638
41791596777
41791596539
41791596852
41791596550
41791596922
41791596851
41791596723
41791596625
41791596671
41791596815
41791596623
41791596738
41791596686
41791596700
41791596876
41791596805
41791596973
41791596940
41791596705
41791596884
41791596975
41791596861
41791596708
41791596956
41791596618
41791596985
41791596390
41791596936
41791596885
41791596746
41791596787
41791596797
41791596469
41791596454
41791596670
41791596748
41791596988
41791596969
41791596843
41791596780
41791596919
41791596910
41791596942
41791596818
41791596891
41791596857
41791596813
41791596959
41791596807
41791596946
41791596530
41791596934
41791596928
41791596877
41791596929
41791596897
41791596874
41791596930
41791596765
41791596770
41791596952
41791596859
41791596769
41791596563
41791596939
41791596986
41791596414
41791596971
41791596974
41791596763
41791596821
41791596887
41791596958
41791596691
41791596962
41791596947
41791596832
41791596434
41791596957
41791596931
41791596889
41791590000
41791590505
41791590892
41791590914
41791599012
41791599015
41791599022
41791599017
41791599016
41791599024
41791599018
41791599021
41791599007
41791599014
41791599013
41791599002
41791599006
41791599003
41791599020
41791599010
41791599011
41791599027
41791599025
41791599047
41791599179
41791599035
41791599041
41791599056
41791599053
41791599065
41791599043
41791599198
41791599093
41791599105
41791599127
41791599129
41791599160
41791599162
41791599169
41791599217
41791599062
41791599042
41791599057
41791599278
41791599079
41791599067
41791599077
41791599061
41791599086
41791599299
41791599081
41791599243
41791599138
41791599146
41791599187
41791599040
41791599051
41791599036
41791599227
41791599114
41791599054
41791599260
41791599069
41791599118
41791599116
41791599045
41791599063
41791599070
41791599158
41791599210
41791599295
41791599094
41791599059
41791599168
41791599336
41791599205
41791599178
41791599109
41791599351
41791599366
41791599246
41791599135
41791599322
41791599167
41791599223
41791599092
41791599073
41791599044
41791599245
41791599241
41791599097
41791599263
41791599289
41791599297
41791599122
41791599255
41791599247
41791599099
41791599088
41791599305
41791599307
41791599436
41791599337
41791599089
41791599082
41791599075
41791599226
41791599161
41791599177
41791599338
41791599397
41791599413
41791599333
41791599087
41791599164
41791599304
41791599131
41791599346
41791599084
41791599112
41791599166
41791599232
41791599115
41791599130
41791599280
41791599273
41791599113
41791599220
41791599459
41791599442
41791599362
41791599423
41791599233
41791599153
41791599190
41791599257
41791599120
41791599381
41791599270
41791599543
41791599189
41791599276
41791599463
41791599401
41791599680
41791599339
41791599117
41791599378
41791599420
41791599126
41791599427
41791599107
41791599119
41791599465
41791599398
41791599269
41791599261
41791599391
41791599145
41791599487
41791599221
41791599400
41791599137
41791599085
41791599064
41791599340
41791599124
41791599405
41791599403
41791599306
41791599149
41791599147
41791599242
41791599396
41791599268
41791599300
41791599046
41791599520
41791599383
41791599314
41791599206
41791599670
41791599208
41791599453
41791599369
41791599140
41791599531
41791599204
41791599485
41791599360
41791599444
41791599493
41791599371
41791599446
41791599471
41791599121
41791599480
41791599159
41791599315
41791599311
41791599594
41791599591
41791599511
41791599687
41791599309
41791599472
41791599324
41791599253
41791599170
41791599282
41791599841
41791599556
41791599173
41791599512
41791599074
41791599581
41791599316
41791599410
41791599266
41791599382
41791599370
41791599302
41791599515
41791599476
41791599622
41791599431
41791599582
41791599790
41791599723
41791599334
41791599296
41791599533
41791599195
41791599225
41791599106
41791599415
41791599238
41791599457
41791599857
41791599597
41791599588
41791599171
41791599974
41791599330
41791599525
41791599142
41791599604
41791599650
41791599607
41791599433
41791599832
41791599524
41791599287
41791599394
41791599522
41791599359
41791599443
41791599727
41791599675
41791599489
41791599673
41791599534
41791599250
41791599634
41791599644
41791599861
41791599352
41791599392
41791599310
41791599180
41791599374
41791599583
41791599655
41791599478
41791599703
41791599881
41791599724
41791599492
41791599718
41791599942
41791599726
41791599654
41791599484
41791599202
41791599451
41791599611
41791599458
41791599256
41791599407
41791599461
41791599320
41791599181
41791599430
41791599368
41791599579
41791599406
41791599916
41791599732
41791599544
41791599373
41791599356
41791599694
41791599828
41791599237
41791599518
41791599363
41791599793
41791599541
41791599479
41791599672
41791599626
41791599817
41791599683
41791599765
41791599700
41791599388
41791599642
41791599507
41791599194
41791599850
41791599355
41791599710
41791599854
41791599740
41791599777
41791599201
41791599855
41791599496
41791599699
41791599686
41791599331
41791599526
41791599874
41791599834
41791599679
41791599756
41791599587
41791599553
41791599482
41791599503
41791599414
41791599506
41791599786
41791599510
41791599592
41791599851
41791599219
41791599530
41791599375
41791599498
41791599782
41791599794
41791599678
41791599440
41791599621
41791599361
41791599615
41791599697
41791599690
41791599475
41791599859
41791599706
41791599852
41791599495
41791599647
41791599772
41791599559
41791599763
41791599513
41791599565
41791599501
41791599640
41791599563
41791599753
41791599435
41791599722
41791599434
41791599744
41791599996
41791599858
41791599891
41791599469
41791599323
41791599952
41791599785
41791599967
41791599792
41791599988
41791599971
41791599569
41791599560
41791599454
41791599230
41791599416
41791599913
41791599825
41791599605
41791599884
41791599749
41791599623
41791599386
41791599290
41791599586
41791599573
41791599721
41791599502
41791599291
41791599313
41791599584
41791599742
41791599737
41791599923
41791599743
41791599925
41791599707
41791599773
41791599787
41791599928
41791599877
41791599658
41791599555
41791599943
41791599557
41791599935
41791599779
41791599568
41791599788
41791599483
41791599771
41791599720
41791599745
41791599691
41791599882
41791599674
41791599379
41791599989
41791599464
41791599869
41791599580
41791599294
41791599918
41791599902
41791599837
41791599829
41791599617
41791599759
41791599992
41791599516
41791599906
41791599536
41791599890
41791599808
41791599684
41791599399
41791599856
41791599870
41791599404
41791599892
41791599945
41791599693
41791599616
41791599635
41791599917
41791599327
41791599849
41791599966
41791599909
41791599879
41791599552
41791599933
41791599630
41791599926
41791599689
41791599931
41791599897
41791599840
41791599775
41791599867
41791599778
41791599796
41791599843
41791599497
41791599862
41791599871
41791599864
41791599803
41791599456
41791599965
41791599927
41791599888
41791599886
41791599939
41791599666
41791599509
41791599781
41791599576
41791599811
41791599929
41791599797
41791599987
41791599894
41791599460
41791599941
41791599764
41791599907
41791599866
41791599876
41791599661
41791599946
41791599993
41791599921
41791599914
41791599930
41791599816
41791599990
41791599780
41791599964
41791599669
41791599774
41791599961
41791599649
41791599643
41791599969
41791599725
41791599823
41791599889
41791599762
41791599831
41791599920
41791599908
41791599932
41791599795
41791599922
41791599976
41791599934
41791599752
41791599833
41791599972
41791599915
41791599682
41791599970
41791599845
41791599940
41791599860
41791599904
41791599901
41791599944
41791599754
41791599847
41791599844
41791599912
41791599824
41791599991
41791599983
41791599900
41791599995
41791599826
41791593645
41791593908
41791593979
41791591070
41791591088
41791591111
41791591473
41791591956
41791591640
41791591653
41791591875
41791591520
41791591387
41791591699
41791591685
41791592030
41791592163
41791592357
41791592278
41791592237
41791592914
41791592251
41791598000
41791598011
41791598024
41791598016
41791598019
41791598014
41791598006
41791598025
41791598032
41791598005
41791598013
41791598048
41791598033
41791598041
41791598086
41791598082
41791598123
41791598125
41791598129
41791598140
41791598139
41791598049
41791598177
41791598083
41791598217
41791598131
41791598266
41791598224
41791598348
41791598170
41791598410
41791598185
41791598052
41791598067
41791598062
41791598093
41791598098
41791598104
41791598362
41791598038
41791598044
41791598068
41791598147
41791598209
41791598050
41791598399
41791598167
41791598290
41791598201
41791598113
41791598116
41791598150
41791598053
41791598253
41791598110
41791598092
41791598128
41791598227
41791598133
41791598286
41791598152
41791598127
41791598070
41791598202
41791598181
41791598058
41791598505
41791598085
41791598114
41791598056
41791598376
41791598157
41791598360
41791598175
41791598280
41791598171
41791598151
41791598182
41791598345
41791598284
41791598309
41791598178
41791598705
41791598274
41791598235
41791598404
41791598111
41791598279
41791598102
41791598136
41791598372
41791598073
41791598523
41791598507
41791598300
41791598238
41791598087
41791598367
41791598108
41791598249
41791598248
41791598072
41791598355
41791598633
41791598419
41791598078
41791598271
41791598511
41791598193
41791598377
41791598293
41791598277
41791598077
41791598269
41791598188
41791598146
41791598353
41791598386
41791598105
41791598282
41791598080
41791598349
41791598242
41791598414
41791598328
41791598091
41791598380
41791598251
41791598081
41791598757
41791598408
41791598294
41791598422
41791598446
41791598357
41791598683
41791598186
41791598272
41791598352
41791598153
41791598208
41791598582
41791598324
41791598318
41791598696
41791598423
41791598709
41791598417
41791598138
41791598189
41791598571
41791598233
41791598425
41791598236
41791598190
41791598667
41791598331
41791598229
41791598778
41791598089
41791598433
41791598179
41791598176
41791598549
41791598207
41791598074
41791598359
41791598750
41791598200
41791598115
41791598335
41791598346
41791598459
41791598761
41791598412
41791598477
41791598337
41791598144
41791598270
41791598255
41791598347
41791598212
41791598670
41791598566
41791598785
41791598964
41791598469
41791598215
41791598368
41791598436
41791598520
41791598585
41791598292
41791598449
41791598370
41791598590
41791598620
41791598718
41791598450
41791598298
41791598592
41791598315
41791598826
41791598350
41791598109
41791598314
41791598600
41791598296
41791598169
41791598499
41791598333
41791598365
41791598732
41791598358
41791598731
41791598225
41791598490
41791598344
41791598444
41791598846
41791598366
41791598825
41791598321
41791598886
41791598594
41791598913
41791598463
41791598850
41791598687
41791598986
41791598479
41791598316
41791598753
41791598821
41791598148
41791598339
41791598458
41791598174
41791598746
41791598409
41791598478
41791598503
41791598384
41791598537
41791598848
41791598516
41791598536
41791598927
41791598196
41791598793
41791598495
41791598480
41791598500
41791598700
41791598776
41791598662
41791598838
41791598519
41791598755
41791598411
41791598443
41791598749
41791598748
41791598460
41791598283
41791598745
41791598428
41791598728
41791598790
41791598967
41791598262
41791598065
41791598625
41791598551
41791598851
41791598809
41791598230
41791598548
41791598767
41791598988
41791598289
41791598883
41791598481
41791598416
41791598220
41791598214
41791598629
41791598715
41791598308
41791598295
41791598816
41791598421
41791598808
41791598643
41791598907
41791598630
41791598502
41791598482
41791598205
41791598508
41791598648
41791598553
41791598627
41791598587
41791598194
41791598898
41791598668
41791598773
41791598751
41791598673
41791598665
41791598884
41791598305
41791598518
41791598442
41791598695
41791598911
41791598559
41791598679
41791598847
41791598798
41791598371
41791598356
41791598849
41791598467
41791598914
41791598568
41791598555
41791598494
41791598789
41791598628
41791598766
41791598888
41791598828
41791598455
41791598804
41791598862
41791598468
41791598634
41791598957
41791598783
41791598581
41791598558
41791598983
41791598944
41791598666
41791598465
41791598075
41791598880
41791598738
41791598930
41791598338
41791598937
41791598803
41791598796
41791598275
41791598758
41791598427
41791598602
41791598597
41791598639
41791598762
41791598707
41791598901
41791598646
41791598343
41791598891
41791598546
41791598661
41791598406
41791598688
41791598580
41791598855
41791598547
41791598529
41791598434
41791598899
41791598824
41791598645
41791598583
41791598398
41791598958
41791598947
41791598304
41791598685
41791598552
41791598513
41791598651
41791598454
41791598496
41791598528
41791598464
41791598388
41791598484
41791598968
41791598608
41791598556
41791598532
41791598510
41791598978
41791598860
41791598777
41791598578
41791598632
41791598623
41791598992
41791598817
41791598869
41791598704
41791598905
41791598656
41791598644
41791598815
41791598649
41791598734
41791598447
41791598954
41791598935
41791598864
41791598650
41791598981
41791598540
41791598501
41791598812
41791598744
41791598743
41791598684
41791598972
41791598736
41791598858
41791598874
41791598431
41791598965
41791598622
41791598772
41791598843
41791598765
41791598737
41791598775
41791598952
41791598466
41791598833
41791598779
41791598774
41791598725
41791598839
41791598820
41791598811
41791598690
41791598756
41791598890
41791598588
41791598806
41791598879
41791598768
41791598584
41791598963
41791598956
41791598870
41791598871
41791598970
41791598697
41791598877
41791598710
41791598903
41791598763
41791598900
41791598771
41791598759
41791598835
41791598730
41791598794
41791598786
41791598893
41791598946
41791598955
41791598769
41791598875
41791598912
41791598982
41791598800
41791598924
41791598894
41791598845
41791598969
41791598721
41791598631
41791598717
41791598977
41791598920
41791598831
41791598933
41791598942
41791598936
41791598908
41791598960
41791598842
41791598799
41791598853
41791598722
41791598943
41791598770
41791598822
41791598834
41791598951
41791598844
41791598949
41791598959
41791598143
41791598545
41791598995
41791597000
41791597007
41791597010
41791597009
41791597025
41791597028
41791597015
41791597013
41791597032
41791597012
41791597008
41791597024
41791597029
41791597016
41791597018
41791597026
41791597201
41791597048
41791597047
41791597057
41791597078
41791597040
41791597050
41791597052
41791597074
41791597124
41791597129
41791597240
41791597034
41791597069
41791597044
41791597091
41791597099
41791597056
41791597054
41791597238
41791597258
41791597165
41791597225
41791597043
41791597224
41791597231
41791597077
41791597119
41791597072
41791597265
41791597172
41791597269
41791597247
41791597215
41791597170
41791597063
41791597059
41791597038
41791597234
41791597042
41791597149
41791597088
41791597223
41791597062
41791597039
41791597071
41791597130
41791597182
41791597123
41791597064
41791597329
41791597083
41791597268
41791597200
41791597241
41791597211
41791597339
41791597239
41791597205
41791597080
41791597213
41791597300
41791597144
41791597345
41791597319
41791597250
41791597311
41791597259
41791597141
41791597068
41791597228
41791597232
41791597256
41791597255
41791597262
41791597336
41791597257
41791597251
41791597049
41791597279
41791597236
41791597230
41791597237
41791597337
41791597347
41791597248
41791597219
41791597344
41791597204
41791597249
41791597263
41791597139
41791597342
41791597272
41791597267
41791597235
41791597273
41791597245
41791597326
41791597252
41791597218
41791597261
41791597323
41791597274
41791597348
41791597343
41791597242
41791597260
41791597340
41791597341
41791597212
41791597189
41791597334
41791597350
41791597271
41791597254
41791597331
41791597199
41791597217
41791597320
41791597366
41791597370
41791597378
41791597368
41791597375
41791597374
41791597361
41791597358
41791597352
41791597357
41791597356
41791597351
41791597363
41791597426
41791597387
41791597396
41791597393
41791597415
41791597529
41791597431
41791597388
41791597494
41791597456
41791597479
41791597410
41791597504
41791597385
41791597513
41791597550
41791597609
41791597648
41791597405
41791597449
41791597596
41791597617
41791597522
41791597403
41791597569
41791597524
41791597482
41791597549
41791597578
41791597383
41791597484
41791597397
41791597430
41791597428
41791597413
41791597540
41791597480
41791597490
41791597643
41791597489
41791597518
41791597483
41791597538
41791597440
41791597588
41791597553
41791597554
41791597532
41791597417
41791597486
41791597688
41791597547
41791597557
41791597503
41791597390
41791597406
41791597416
41791597546
41791597458
41791597661
41791597583
41791597527
41791597425
41791597621
41791597465
41791597495
41791597686
41791597439
41791597662
41791597409
41791597437
41791597685
41791597544
41791597394
41791597531
41791597444
41791597580
41791597663
41791597519
41791597695
41791597442
41791597598
41791597612
41791597487
41791597556
41791597659
41791597502
41791597511
41791597542
41791597572
41791597668
41791597433
41791597445
41791597600
41791597623
41791597411
41791597555
41791597576
41791597509
41791597505
41791597611
41791597399
41791597579
41791597560
41791597628
41791597594
41791597441
41791597599
41791597455
41791597551
41791597605
41791597607
41791597451
41791597573
41791597471
41791597666
41791597459
41791597526
41791597512
41791597485
41791597564
41791597673
41791597592
41791597615
41791597669
41791597566
41791597528
41791597545
41791597693
41791597562
41791597481
41791597671
41791597565
41791597593
41791597653
41791597570
41791597678
41791597604
41791597602
41791597679
41791597574
41791597680
41791597642
41791597699
41791597496
41791597516
41791597639
41791597619
41791597654
41791597700
41791597726
41791597706
41791597712
41791597713
41791597720
41791597711
41791597716
41791597708
41791597723
41791597722
41791597703
41791597714
41791597729
41791597718
41791597709
41791597707
41791597728
41791597721
41791597760
41791597776
41791597768
41791597764
41791597765
41791597733
41791597770
41791597790
41791597762
41791597750
41791597731
41791597763
41791597759
41791597779
41791597777
41791597771
41791597761
41791597732
41791597781
41791597788
41791597741
41791597753
41791597748
41791597772
41791597789
41791597782
41791597822
41791597871
41791597793
41791597819
41791597845
41791597841
41791597810
41791597832
41791597816
41791597839
41791597843
41791597827
41791597805
41791597870
41791597813
41791597804
41791597876
41791597865
41791597806
41791597835
41791597814
41791597801
41791597852
41791597842
41791597846
41791597807
41791597818
41791597873
41791597799
41791597877
41791597820
41791597824
41791597826
41791597872
41791597855
41791597900
41791597896
41791597909
41791597952
41791597955
41791597882
41791597894
41791597891
41791597883
41791597884
41791597918
41791597890
41791597899
41791597943
41791597947
41791597893
41791597956
41791597962
41791597961
41791597942
41791597938
41791597887
41791597898
41791597939
41791597933
41791597954
41791597958
41791597936
41791597921
41791597911
41791597889
41791597951
41791597953
41791597922
41791597946
41791597983
41791597974
41791597977
41791597972
41791597994
41791597985
41791597997
41791597992
41791597982
41791597988
41791597971
41791597999
41791597987
