41799605019
41799605011
41799605007
41799605006
41799605024
41799605014
41799605023
41799605030
41799605009
41799605005
41799605027
41799605028
41799605022
41799605008
41799605003
41799605020
41799605029
41799605016
41799605045
41799605070
41799605310
41799605047
41799605072
41799605057
41799605064
41799605066
41799605152
41799605203
41799605197
41799605039
41799605084
41799605052
41799605096
41799605063
41799605327
41799605189
41799605033
41799605175
41799605040
41799605211
41799605083
41799605081
41799605059
41799605034
41799605049
41799605088
41799605043
41799605288
41799605172
41799605116
41799605202
41799605143
41799605142
41799605365
41799605085
41799605100
41799605164
41799605109
41799605038
41799605068
41799605146
41799605144
41799605056
41799605186
41799605196
41799605097
41799605251
41799605094
41799605107
41799605077
41799605287
41799605041
41799605104
41799605074
41799605328
41799605149
41799605050
41799605160
41799605321
41799605117
41799605295
41799605430
41799605232
41799605086
41799605133
41799605291
41799605087
41799605219
41799605115
41799605385
41799605105
41799605270
41799605257
41799605215
41799605325
41799605351
41799605053
41799605128
41799605486
41799605205
41799605354
41799605249
41799605131
41799605319
41799605324
41799605255
41799605551
41799605346
41799605158
41799605263
41799605628
41799605553
41799605246
41799605092
41799605323
41799605138
41799605224
41799605220
41799605507
41799605217
41799605156
41799605140
41799605281
41799605111
41799605098
41799605594
41799605245
41799605112
41799605150
41799605226
41799605076
41799605469
41799605275
41799605187
41799605283
41799605394
41799605265
41799605577
41799605123
41799605649
41799605079
41799605113
41799605692
41799605335
41799605148
41799605593
41799605505
41799605472
41799605222
41799605214
41799605243
41799605458
41799605588
41799605612
41799605299
41799605248
41799605367
41799605180
41799605071
41799605161
41799605166
41799605360
41799605277
41799605372
41799605480
41799605333
41799605106
41799605185
41799605184
41799605374
41799605514
41799605567
41799605427
41799605280
41799605806
41799605356
41799605440
41799605195
41799605099
41799605677
41799605234
41799605303
41799605506
41799605403
41799605286
41799605591
41799605423
41799605481
41799605548
41799605312
41799605785
41799605292
41799605442
41799605235
41799605722
41799605528
41799605362
41799605387
41799605398
41799605838
41799605330
41799605290
41799605438
41799605339
41799605336
41799605163
41799605885
41799605562
41799605652
41799605386
41799605266
41799605167
41799605301
41799605296
41799605395
41799605542
41799605783
41799605110
41799605774
41799605135
41799605786
41799605855
41799605758
41799605748
41799605525
41799605805
41799605231
41799605824
41799605610
41799605459
41799605302
41799605512
41799605294
41799605947
41799605658
41799605533
41799605535
41799605819
41799605881
41799605835
41799605204
41799605404
41799605766
41799605620
41799605767
41799605917
41799605207
41799605640
41799605209
41799605531
41799605611
41799605771
41799605546
41799605256
41799605411
41799605396
41799605941
41799605526
41799605781
41799605307
41799605563
41799605762
41799605595
41799605645
41799605614
41799605349
41799605709
41799605633
41799605720
41799605828
41799605908
41799605269
41799605844
41799605443
41799605460
41799605348
41799605914
41799605576
41799605473
41799605930
41799605572
41799605772
41799605703
41799605405
41799605424
41799605565
41799605710
41799605978
41799605554
41799605624
41799605406
41799605494
41799605574
41799605662
41799605334
41799605761
41799605724
41799605643
41799605808
41799605655
41799605341
41799605950
41799605803
41799605623
41799605849
41799605898
41799605603
41799605274
41799605657
41799605967
41799605455
41799605960
41799605798
41799605559
41799605920
41799605358
41799605566
41799605672
41799605399
41799605814
41799605707
41799605604
41799605864
41799605412
41799605760
41799605618
41799605822
41799605936
41799605789
41799605987
41799605552
41799605830
41799605948
41799605816
41799605829
41799605817
41799605602
41799605769
41799605683
41799605693
41799605568
41799605258
41799605713
41799605491
41799605596
41799605344
41799605691
41799605666
41799605810
41799605896
41799605727
41799605802
41799605495
41799605421
41799605776
41799605621
41799605933
41799605626
41799605558
41799605678
41799605847
41799605708
41799605700
41799605850
41799605922
41799605538
41799605721
41799605582
41799605853
41799605689
41799605581
41799605675
41799605888
41799605856
41799605910
41799605627
41799605545
41799605770
41799605635
41799605698
41799605592
41799605609
41799605714
41799605726
41799605882
41799605886
41799605777
41799605906
41799605994
41799605868
41799605585
41799605453
41799605629
41799605622
41799605837
41799605795
41799605952
41799605911
41799605966
41799605921
41799605899
41799605378
41799605702
41799605298
41799605876
41799605854
41799605860
41799605900
41799605851
41799605927
41799605433
41799605606
41799605690
41799605842
41799605646
41799605671
41799605894
41799605879
41799605929
41799605276
41799605381
41799605988
41799605637
41799605719
41799605811
41799605956
41799605871
41799605661
41799605807
41799605647
41799605976
41799605934
41799605912
41799605663
41799605965
41799605676
41799605905
41799605715
41799605995
41799605940
41799605711
41799605962
41799605832
41799605697
41799605986
41799605993
41799605706
41799605754
41799605939
41799605996
41799605705
41799605942
41799605892
41799605818
41799605764
41799605441
41799605926
41799605718
41799605897
41799605503
41799605848
41799605410
41799605918
41799605599
41799605793
41799605731
41799605970
41799605561
41799605991
41799605716
41799605935
41799605570
41799605665
41799605757
41799605982
41799605977
41799605780
41799605729
41799605836
41799605867
41799605989
41799604000
41799604002
41799604010
41799604019
41799604011
41799604022
41799604025
41799604020
41799604006
41799604016
41799604027
41799604001
41799604005
41799604026
41799604013
41799604021
41799604031
41799604008
41799604024
41799604041
41799604098
41799604058
41799604044
41799604081
41799604310
41799604059
41799604114
41799604122
41799604037
41799604131
41799604047
41799604045
41799604176
41799604160
41799604225
41799604099
41799604033
41799604158
41799604162
41799604275
41799604040
41799604039
41799604224
41799604061
41799604042
41799604084
41799604372
41799604089
41799604046
41799604035
41799604203
41799604143
41799604077
41799604127
41799604096
41799604247
41799604229
41799604197
41799604104
41799604211
41799604101
41799604292
41799604051
41799604064
41799604086
41799604243
41799604441
41799604095
41799604283
41799604091
41799604171
41799604320
41799604183
41799604261
41799604291
41799604494
41799604406
41799604216
41799604054
41799604536
41799604036
41799604161
41799604249
41799604075
41799604186
41799604138
41799604263
41799604102
41799604085
41799604063
41799604142
41799604152
41799604123
41799604431
41799604308
41799604355
41799604496
41799604080
41799604297
41799604060
41799604057
41799604071
41799604477
41799604107
41799604409
41799604130
41799604256
41799604637
41799604128
41799604498
41799604083
41799604319
41799604115
41799604269
41799604034
41799604185
41799604199
41799604198
41799604213
41799604265
41799604133
41799604110
41799604082
41799604129
41799604392
41799604117
41799604209
41799604305
41799604145
41799604219
41799604223
41799604100
41799604524
41799604302
41799604093
41799604166
41799604414
41799604446
41799604486
41799604457
41799604206
41799604259
41799604149
41799604190
41799604327
41799604556
41799604440
41799604574
41799604508
41799604196
41799604147
41799604232
41799604679
41799604231
41799604250
41799604227
41799604141
41799604159
41799604048
41799604208
41799604347
41799604266
41799604458
41799604452
41799604156
41799604286
41799604632
41799604105
41799604473
41799604207
41799604673
41799604267
41799604691
41799604172
41799604535
41799604240
41799604445
41799604700
41799604298
41799604195
41799604559
41799604288
41799604052
41799604349
41799604140
41799604118
41799604174
41799604282
41799604946
41799604184
41799604467
41799604260
41799604609
41799604453
41799604189
41799604478
41799604204
41799604436
41799604364
41799604163
41799604295
41799604238
41799604244
41799604611
41799604493
41799604787
41799604626
41799604385
41799604482
41799604277
41799604591
41799604616
41799604500
41799604919
41799604883
41799604407
41799604501
41799604218
41799604709
41799604521
41799604433
41799604800
41799604817
41799604443
41799604830
41799604181
41799604788
41799604299
41799604461
41799604278
41799604813
41799604668
41799604804
41799604390
41799604252
41799604200
41799604683
41799604497
41799604331
41799604506
41799604652
41799604558
41799604531
41799604153
41799604614
41799604552
41799604234
41799604395
41799604403
41799604246
41799604290
41799604658
41799604279
41799604397
41799604221
41799604418
41799604645
41799604451
41799604517
41799604423
41799604365
41799604784
41799604557
41799604575
41799604889
41799604662
41799604648
41799604429
41799604235
41799604404
41799604712
41799604483
41799604178
41799604811
41799604399
41799604471
41799604922
41799604438
41799604233
41799604771
41799604490
41799604651
41799604274
41799604226
41799604401
41799604954
41799604772
41799604657
41799604541
41799604722
41799604571
41799604796
41799604348
41799604456
41799604682
41799604589
41799604329
41799604898
41799604779
41799604360
41799604300
41799604492
41799604495
41799604568
41799604487
41799604408
41799604534
41799604509
41799604527
41799604312
41799604752
41799604412
41799604520
41799604966
41799604449
41799604565
41799604361
41799604745
41799604362
41799604416
41799604338
41799604776
41799604633
41799604455
41799604820
41799604584
41799604868
41799604656
41799604328
41799604258
41799604782
41799604583
41799604932
41799604428
41799604860
41799604827
41799604931
41799604944
41799604840
41799604701
41799604480
41799604768
41799604903
41799604943
41799604905
41799604549
41799604510
41799604448
41799604540
41799604715
41799604405
41799604612
41799604530
41799604554
41799604721
41799604618
41799604476
41799604687
41799604435
41799604394
41799604730
41799604677
41799604596
41799604849
41799604698
41799604625
41799604763
41799604424
41799604586
41799604945
41799604294
41799604610
41799604465
41799604871
41799604834
41799604884
41799604910
41799604681
41799604855
41799604741
41799604592
41799604472
41799604628
41799604380
41799604590
41799604696
41799604573
41799604909
41799604726
41799604598
41799604667
41799604532
41799604647
41799604503
41799604816
41799604885
41799604792
41799604861
41799604981
41799604627
41799604664
41799604886
41799604567
41799604660
41799604798
41799604881
41799604488
41799604746
41799604863
41799604887
41799604388
41799604770
41799604499
41799604838
41799604789
41799604739
41799604858
41799604742
41799604797
41799604936
41799604314
41799604877
41799604933
41799604643
41799604927
41799604808
41799604819
41799604809
41799604378
41799604952
41799604731
41799604926
41799604786
41799604859
41799604988
41799604842
41799604865
41799604753
41799604749
41799604515
41799604888
41799604544
41799604867
41799604659
41799604737
41799604892
41799604836
41799604765
41799604801
41799604831
41799604620
41799604795
41799604676
41799604960
41799604904
41799604803
41799604853
41799604951
41799604968
41799604781
41799604913
41799604666
41799604639
41799604621
41799604727
41799604876
41799604845
41799604780
41799604961
41799604902
41799604963
41799604757
41799604766
41799604738
41799604785
41799604728
41799604841
41799604985
41799604857
41799604997
41799604991
41799604907
41799604987
41799604769
41799604844
41799604917
41799604916
41799604896
41799604890
41799604918
41799604748
41799604791
41799604895
41799604957
41799604953
41799604930
41799604937
41799604775
41799606000
41799606005
41799606029
41799606019
41799606024
41799606006
41799606012
41799606010
41799606030
41799606023
41799606013
41799606020
41799606015
41799606014
41799606017
41799606228
41799606058
41799606094
41799606097
41799606085
41799606117
41799606160
41799606035
41799606076
41799606051
41799606232
41799606103
41799606074
41799606139
41799606270
41799606039
41799606057
41799606044
41799606090
41799606083
41799606202
41799606149
41799606114
41799606033
41799606369
41799606342
41799606078
41799606092
41799606037
41799606452
41799606265
41799606146
41799606252
41799606136
41799606091
41799606065
41799606109
41799606115
41799606295
41799606128
41799606330
41799606163
41799606098
41799606336
41799606174
41799606077
41799606253
41799606533
41799606070
41799606110
41799606266
41799606144
41799606189
41799606080
41799606153
41799606217
41799606064
41799606236
41799606426
41799606061
41799606148
41799606527
41799606045
41799606208
41799606346
41799606050
41799606053
41799606233
41799606156
41799606198
41799606221
41799606928
41799606157
41799606132
41799606593
41799606179
41799606362
41799606573
41799606377
41799606100
41799606154
41799606258
41799606430
41799606229
41799606066
41799606130
41799606547
41799606111
41799606704
41799606162
41799606433
41799606203
41799606399
41799606311
41799606285
41799606629
41799606211
41799606099
41799606049
41799606733
41799606054
41799606422
41799606553
41799606763
41799606499
41799606385
41799606298
41799606240
41799606205
41799606122
41799606081
41799606308
41799606378
41799606418
41799606580
41799606293
41799606468
41799606415
41799606463
41799606446
41799606417
41799606462
41799606300
41799606497
41799606335
41799606531
41799606364
41799606337
41799606490
41799606283
41799606210
41799606512
41799606169
41799606180
41799606361
41799606063
41799606840
41799606979
41799606073
41799606277
41799606874
41799606440
41799606223
41799606105
41799606353
41799606902
41799606722
41799606278
41799606048
41799606428
41799606351
41799606591
41799606954
41799606570
41799606420
41799606790
41799606502
41799606374
41799606745
41799606514
41799606601
41799606116
41799606699
41799606453
41799606438
41799606679
41799606660
41799606121
41799606395
41799606534
41799606678
41799606484
41799606150
41799606562
41799606212
41799606145
41799606712
41799606172
41799606127
41799606246
41799606241
41799606339
41799606393
41799606290
41799606618
41799606758
41799606972
41799606338
41799606209
41799606555
41799606857
41799606165
41799606475
41799606412
41799606457
41799606352
41799606645
41799606752
41799606738
41799606762
41799606454
41799606973
41799606135
41799606225
41799606523
41799606242
41799606183
41799606310
41799606526
41799606427
41799606636
41799606757
41799606640
41799606710
41799606474
41799606196
41799606545
41799606638
41799606539
41799606151
41799606421
41799606314
41799606501
41799606600
41799606721
41799606423
41799606579
41799606783
41799606445
41799606772
41799606482
41799606164
41799606496
41799606960
41799606561
41799606541
41799606486
41799606389
41799606538
41799606835
41799606485
41799606473
41799606551
41799606870
41799606567
41799606529
41799606661
41799606069
41799606309
41799606711
41799606798
41799606848
41799606357
41799606898
41799606994
41799606505
41799606863
41799606859
41799606509
41799606381
41799606632
41799606585
41799606642
41799606701
41799606207
41799606819
41799606849
41799606833
41799606348
41799606905
41799606946
41799606726
41799606690
41799606566
41799606227
41799606464
41799606194
41799606373
41799606460
41799606656
41799606320
41799606435
41799606575
41799606489
41799606689
41799606280
41799606665
41799606827
41799606878
41799606930
41799606716
41799606610
41799606630
41799606498
41799606770
41799606549
41799606923
41799606535
41799606401
41799606658
41799606354
41799606746
41799606860
41799606550
41799606568
41799606844
41799606101
41799606853
41799606511
41799606644
41799606622
41799606459
41799606472
41799606794
41799606684
41799606730
41799606805
41799606980
41799606800
41799606597
41799606953
41799606390
41799606245
41799606842
41799606899
41799606594
41799606781
41799606867
41799606647
41799606968
41799606648
41799606818
41799606777
41799606942
41799606889
41799606831
41799606411
41799606586
41799606510
41799606771
41799606537
41799606858
41799606947
41799606886
41799606922
41799606984
41799606939
41799606884
41799606769
41799606363
41799606672
41799606910
41799606387
41799606918
41799606467
41799606908
41799606963
41799606583
41799606478
41799606663
41799606662
41799606404
41799606882
41799606890
41799606976
41799606609
41799606577
41799606315
41799606804
41799606397
41799606651
41799606483
41799606864
41799606881
41799606897
41799606669
41799606643
41799606508
41799606532
41799606900
41799606604
41799606589
41799606955
41799606120
41799606584
41799606608
41799606909
41799606948
41799606776
41799606970
41799606516
41799606761
41799606405
41799606868
41799606408
41799606681
41799606920
41799606915
41799606518
41799606631
41799606873
41799606852
41799606734
41799606755
41799606795
41799606810
41799606815
41799606989
41799606791
41799606487
41799606544
41799606720
41799606615
41799606825
41799606851
41799606983
41799606727
41799606625
41799606917
41799606736
41799606788
41799606599
41799606957
41799606528
41799606940
41799606931
41799606896
41799606685
41799606607
41799606787
41799606598
41799606696
41799606956
41799606780
41799606488
41799606935
41799606964
41799606969
41799606719
41799606814
41799606987
41799606188
41799606634
41799606493
41799606802
41799606967
41799606764
41799606832
41799606997
41799606988
41799606841
41799606892
41799606675
41799606821
41799606328
41799606839
41799606652
41799606913
41799606628
41799606641
41799606657
41799606728
41799606619
41799606677
41799600000
41799600011
41799600004
41799600017
41799600002
41799600012
41799600003
41799600006
41799600013
41799600009
41799600021
41799600024
41799600054
41799600038
41799600134
41799600229
41799600041
41799600326
41799600072
41799600225
41799600060
41799600035
41799600051
41799600231
41799600185
41799600042
41799600059
41799600200
41799600078
41799600216
41799600137
41799600364
41799600396
41799600425
41799600399
41799600235
41799600304
41799600260
41799600136
41799600626
41799600440
41799600198
41799600290
41799600302
41799600300
41799600646
41799600224
41799600336
41799600481
41799600413
41799600069
41799600343
41799600285
41799600317
41799600237
41799600234
41799600344
41799600190
41799600712
41799600203
41799600419
41799600539
41799600228
41799600415
41799600482
41799600477
41799600584
41799600221
41799600402
41799600201
41799600495
41799600519
41799600403
41799600071
41799600222
41799600627
41799600760
41799600220
41799600394
41799600561
41799600635
41799600749
41799600382
41799600309
41799600510
41799600484
41799600108
41799600678
41799600796
41799600960
41799600138
41799600544
41799600294
41799600811
41799600708
41799600254
41799600378
41799600538
41799600256
41799600553
41799600255
41799600601
41799600426
41799600357
41799600390
41799600215
41799600751
41799600062
41799600680
41799600420
41799600552
41799600651
41799600542
41799600769
41799600188
41799600996
41799600430
41799600295
41799600587
41799600532
41799600398
41799600786
41799600508
41799600690
41799600858
41799600838
41799600226
41799600684
41799600595
41799600392
41799600623
41799600993
41799600457
41799600479
41799600741
41799600541
41799600560
41799600453
41799600798
41799600808
41799600502
41799600902
41799600462
41799600566
41799600535
41799600941
41799600857
41799600822
41799600485
41799600983
41799600636
41799600582
41799600509
41799600534
41799600418
41799600638
41799600081
41799600527
41799600637
41799600922
41799600459
41799600984
41799600762
41799600694
41799600606
41799600515
41799600585
41799600883
41799600288
41799600820
41799600432
41799600959
41799600414
41799600732
41799600540
41799600511
41799600720
41799600765
41799600650
41799600901
41799600872
41799600737
41799600831
41799600875
41799600647
41799600483
41799600473
41799600836
41799600645
41799600486
41799600349
41799600687
41799600348
41799600913
41799600579
41799600700
41799600688
41799600909
41799600947
41799600815
41799600874
41799600844
41799600906
41799600577
41799600746
41799600642
41799600505
41799600449
41799600879
41799600506
41799600147
41799600711
41799600971
41799600653
41799600974
41799600563
41799600710
41799600120
41799600958
41799600841
41799600748
41799600496
41799600338
41799600665
41799600456
41799600589
41799600640
41799600944
41799600919
41799600990
41799600197
41799600682
41799600733
41799600609
41799600911
41799600914
41799600721
41799600948
41799600889
41799600775
41799600817
41799600625
41799600630
41799600860
41799600793
41799600736
41799600934
41799600715
41799600832
41799600641
41799600416
41799600994
41799600873
41799600868
41799600950
41799600780
41799600659
41799600562
41799600692
41799600965
41799600946
41799600834
41799600117
41799600816
41799600839
41799600931
41799600755
41799609008
41799609020
41799609007
41799609024
41799609006
41799609001
41799609005
41799609017
41799609021
41799609029
41799609032
41799609016
41799609025
41799609030
41799609049
41799609087
41799609034
41799609043
41799609067
41799609050
41799609066
41799609097
41799609113
41799609135
41799609124
41799609129
41799609162
41799609208
41799609051
41799609054
41799609080
41799609083
41799609103
41799609098
41799609036
41799609193
41799609082
41799609220
41799609122
41799609232
41799609052
41799609088
41799609109
41799609059
41799609056
41799609079
41799609105
41799609141
41799609150
41799609194
41799609121
41799609038
41799609153
41799609323
41799609048
41799609177
41799609039
41799609369
41799609143
41799609218
41799609086
41799609277
41799609053
41799609074
41799609091
41799609305
41799609159
41799609100
41799609033
41799609187
41799609145
41799609157
41799609411
41799609362
41799609761
41799609106
41799609303
41799609481
41799609171
41799609344
41799609206
41799609212
41799609068
41799609559
41799609227
41799609296
41799609294
41799609188
41799609144
41799609065
41799609243
41799609102
41799609134
41799609123
41799609364
41799609125
41799609114
41799609429
41799609361
41799609326
41799609390
41799609289
41799609328
41799609160
41799609515
41799609256
41799609451
41799609156
41799609264
41799609386
41799609579
41799609175
41799609116
41799609287
41799609324
41799609280
41799609640
41799609317
41799609099
41799609061
41799609037
41799609185
41799609696
41799609448
41799609707
41799609545
41799609090
41799609164
41799609356
41799609498
41799609302
41799609241
41799609423
41799609196
41799609459
41799609367
41799609415
41799609571
41799609201
41799609229
41799609586
41799609270
41799609325
41799609253
41799609152
41799609715
41799609383
41799609198
41799609435
41799609384
41799609358
41799609576
41799609173
41799609310
41799609444
41799609834
41799609584
41799609483
41799609373
41799609247
41799609309
41799609604
41799609115
41799609644
41799609204
41799609376
41799609814
41799609318
41799609359
41799609600
41799609424
41799609436
41799609768
41799609252
41799609605
41799609342
41799609073
41799609203
41799609574
41799609354
41799609740
41799609345
41799609440
41799609330
41799609346
41799609245
41799609511
41799609465
41799609589
41799609285
41799609658
41799609682
41799609192
41799609558
41799609580
41799609521
41799609186
41799609896
41799609410
41799609517
41799609199
41799609900
41799609273
41799609692
41799609418
41799609573
41799609629
41799609299
41799609257
41799609470
41799609395
41799609434
41799609565
41799609408
41799609357
41799609800
41799609798
41799609561
41799609681
41799609922
41799609642
41799609991
41799609460
41799609747
41799609251
41799609347
41799609564
41799609231
41799609598
41799609532
41799609406
41799609236
41799609255
41799609265
41799609782
41799609337
41799609340
41799609590
41799609407
41799609734
41799609706
41799609717
41799609496
41799609548
41799609603
41799609230
41799609339
41799609615
41799609663
41799609457
41799609923
41799609637
41799609214
41799609712
41799609425
41799609421
41799609338
41799609554
41799609281
41799609919
41799609731
41799609727
41799609447
41799609405
41799609534
41799609492
41799609476
41799609793
41799609488
41799609733
41799609865
41799609297
41799609372
41799609872
41799609387
41799609904
41799609419
41799609562
41799609739
41799609845
41799609524
41799609599
41799609713
41799609664
41799609775
41799609463
41799609718
41799609877
41799609533
41799609288
41799609621
41799609450
41799609279
41799609996
41799609804
41799609846
41799609907
41799609398
41799609817
41799609501
41799609516
41799609912
41799609547
41799609656
41799609701
41799609393
41799609462
41799609887
41799609972
41799609671
41799609870
41799609537
41799609295
41799609464
41799609888
41799609826
41799609484
41799609886
41799609468
41799609746
41799609836
41799609446
41799609401
41799609921
41799609438
41799609530
41799609528
41799609490
41799609833
41799609697
41799609820
41799609556
41799609300
41799609794
41799609525
41799609420
41799609592
41799609848
41799609752
41799609691
41799609891
41799609946
41799609791
41799609901
41799609606
41799609382
41799609828
41799609557
41799609688
41799609563
41799609796
41799609988
41799609809
41799609975
41799609930
41799609778
41799609552
41799609526
41799609360
41799609850
41799609595
41799609546
41799609779
41799609754
41799609756
41799609973
41799609812
41799609394
41799609497
41799609883
41799609940
41799609612
41799609813
41799609951
41799609805
41799609920
41799609803
41799609934
41799609989
41799609690
41799609486
41799609927
41799609945
41799609649
41799609829
41799609551
41799609970
41799609856
41799609884
41799609678
41799609986
41799609876
41799609843
41799609892
41799609570
41799609897
41799609572
41799609745
41799609601
41799609653
41799609485
41799609984
41799609808
41799609849
41799609841
41799609862
41799609854
41799609527
41799609732
41799609880
41799609693
41799609962
41799609709
41799609990
41799609980
41799609899
41799609928
41799609925
41799609987
41799609703
41799609736
41799609676
41799609581
41799609679
41799609893
41799609835
41799609819
41799609711
41799609730
41799609931
41799609631
41799609735
41799609684
41799609917
41799609915
41799609839
41799609889
41799609944
41799609924
41799609769
41799609851
41799609842
41799609781
41799609947
41799609955
41799609695
41799609994
41799609818
41799609929
41799609968
41799609816
41799609823
41799609965
41799609906
41799609582
41799609583
41799603012
41799603025
41799603003
41799603005
41799603016
41799603023
41799603032
41799603031
41799603007
41799603006
41799603009
41799603018
41799603021
41799603024
41799603030
41799603010
41799603027
41799603033
41799603044
41799603104
41799603043
41799603099
41799603226
41799603124
41799603041
41799603048
41799603039
41799603057
41799603077
41799603105
41799603089
41799603110
41799603040
41799603156
41799603159
41799603059
41799603084
41799603066
41799603218
41799603231
41799603243
41799603038
41799603252
41799603087
41799603034
41799603073
41799603317
41799603314
41799603114
41799603163
41799603035
41799603064
41799603133
41799603055
41799603171
41799603102
41799603061
41799603125
41799603188
41799603229
41799603213
41799603150
41799603196
41799603151
41799603119
41799603168
41799603209
41799603138
41799603211
41799603189
41799603203
41799603126
41799603235
41799603042
41799603137
41799603333
41799603324
41799603148
41799603224
41799603147
41799603162
41799603121
41799603100
41799603214
41799603152
41799603299
41799603327
41799603131
41799603262
41799603290
41799603111
41799603191
41799603128
41799603037
41799603339
41799603234
41799603176
41799603166
41799603086
41799603221
41799603312
41799603228
41799603237
41799603233
41799603337
41799603078
41799603122
41799603045
41799603129
41799603335
41799603346
41799603092
41799603179
41799603313
41799603183
41799603300
41799603184
41799603276
41799603239
41799603288
41799603285
41799603278
41799603142
41799603236
41799603217
41799603323
41799603193
41799603090
41799603215
41799603199
41799603303
41799603247
41799603157
41799603311
41799603169
41799603212
41799603273
41799603332
41799603106
41799603308
41799603294
41799603334
41799603165
41799603297
41799603271
41799603274
41799603322
41799603343
41799603259
41799603336
41799603341
41799603185
41799603301
41799603248
41799603345
41799603279
41799603330
41799603307
41799603241
41799603338
41799603321
41799603309
41799603289
41799603306
41799603244
41799603369
41799603357
41799603371
41799603382
41799603374
41799603355
41799603373
41799603352
41799603376
41799603351
41799603368
41799603354
41799603356
41799603375
41799603367
41799603362
41799603381
41799603363
41799603460
41799603678
41799603456
41799603383
41799603386
41799603388
41799603416
41799603440
41799603492
41799603387
41799603523
41799603532
41799603545
41799603403
41799603435
41799603427
41799603394
41799603559
41799603463
41799603445
41799603428
41799603439
41799603464
41799603528
41799603443
41799603426
41799603486
41799603564
41799603510
41799603613
41799603674
41799603555
41799603595
41799603518
41799603390
41799603397
41799603598
41799603432
41799603384
41799603487
41799603406
41799603401
41799603420
41799603429
41799603481
41799603398
41799603422
41799603588
41799603599
41799603489
41799603455
41799603512
41799603536
41799603499
41799603502
41799603570
41799603565
41799603521
41799603414
41799603667
41799603465
41799603501
41799603493
41799603475
41799603395
41799603453
41799603574
41799603517
41799603503
41799603458
41799603546
41799603614
41799603504
41799603514
41799603525
41799603547
41799603433
41799603644
41799603692
41799603530
41799603576
41799603675
41799603500
41799603437
41799603451
41799603645
41799603524
41799603511
41799603562
41799603550
41799603656
41799603580
41799603537
41799603513
41799603425
41799603509
41799603553
41799603589
41799603660
41799603496
41799603421
41799603607
41799603619
41799603643
41799603697
41799603526
41799603679
41799603663
41799603594
41799603519
41799603693
41799603534
41799603690
41799603672
41799603642
41799603629
41799603651
41799603434
41799603585
41799603625
41799603689
41799603653
41799603662
41799603566
41799603554
41799603699
41799603438
41799603661
41799603605
41799603654
41799603450
41799603628
41799603535
41799603665
41799603676
41799603668
41799603612
41799603634
41799603461
41799603633
41799603490
41799603543
41799603671
41799603670
41799603527
41799603691
41799603611
41799603577
41799603686
41799603715
41799603703
41799603727
41799603709
41799603721
41799603712
41799603704
41799603706
41799603702
41799603716
41799603719
41799603705
41799603700
41799603730
41799603713
41799603723
41799603722
41799603734
41799603735
41799603792
41799603733
41799603740
41799603742
41799603761
41799603736
41799603751
41799603772
41799603760
41799603738
41799603770
41799603778
41799603748
41799603755
41799603771
41799603786
41799603747
41799603759
41799603781
41799603776
41799603787
41799603821
41799603794
41799603806
41799603842
41799603800
41799603874
41799603818
41799603833
41799603866
41799603869
41799603870
41799603797
41799603819
41799603801
41799603834
41799603844
41799603878
41799603862
41799603836
41799603824
41799603813
41799603854
41799603810
41799603840
41799603807
41799603815
41799603839
41799603850
41799603811
41799603855
41799603846
41799603859
41799603895
41799603928
41799603921
41799603933
41799603900
41799603930
41799603881
41799603926
41799603944
41799603879
41799603899
41799603937
41799603952
41799603893
41799603938
41799603886
41799603909
41799603925
41799603927
41799603883
41799603946
41799603954
41799603887
41799603897
41799603892
41799603940
41799603906
41799603934
41799603953
41799603919
41799603945
41799603947
41799603943
41799603896
41799603898
41799603961
41799603963
41799603941
41799603918
41799603948
41799603942
41799603903
41799603960
41799603932
41799603958
41799603959
41799603956
41799603980
41799603992
41799603969
41799603970
41799603983
41799603988
41799603966
41799603997
41799603996
41799603994
41799603995
41799603987
41799603975
41799603985
41799603979
41799601000
41799601013
41799601011
41799601008
41799601010
41799601028
41799601005
41799601026
41799601009
41799601002
41799601032
41799601007
41799601050
41799601038
41799601062
41799601068
41799601155
41799601058
41799601305
41799601030
41799601079
41799601335
41799601178
41799601048
41799601043
41799601163
41799601074
41799601069
41799601291
41799601139
41799601061
41799601259
41799601414
41799601039
41799601097
41799601126
41799601352
41799601160
41799601014
41799601054
41799601378
41799601252
41799601045
41799601105
41799601194
41799601151
41799601116
41799601250
41799601258
41799601065
41799601248
41799601164
41799601036
41799601218
41799601240
41799601200
41799601112
41799601209
41799601330
41799601121
41799601384
41799601451
41799601365
41799601211
41799601346
41799601185
41799601566
41799601266
41799601213
41799601223
41799601450
41799601217
41799601237
41799601483
41799601372
41799601427
41799601497
41799601361
41799601219
41799601668
41799601375
41799601228
41799601627
41799601423
41799601392
41799601488
41799601590
41799601303
41799601135
41799601446
41799601136
41799601437
41799601167
41799601438
41799601221
41799601094
41799601665
41799601429
41799601503
41799601424
41799601592
41799601236
41799601161
41799601176
41799601465
41799601345
41799601410
41799601289
41799601369
41799601320
41799601241
41799601522
41799601234
41799601347
41799601995
41799601096
41799601589
41799601948
41799601848
41799601321
41799601779
41799601222
41799601561
41799601700
41799601474
41799601533
41799601283
41799601629
41799601536
41799601158
41799601274
41799601638
41799601728
41799601956
41799601772
41799601477
41799601789
41799601516
41799601337
41799601640
41799601398
41799601490
41799601651
41799601769
41799601723
41799601418
41799601527
41799601100
41799601698
41799601610
41799601936
41799601818
41799601387
41799601199
41799601373
41799601845
41799601302
41799601322
41799601755
41799601718
41799601400
41799601496
41799601699
41799601260
41799601549
41799601958
41799601709
41799601913
41799601242
41799601655
41799601714
41799601637
41799601416
41799601653
41799601552
41799601508
41799601499
41799601874
41799601937
41799601685
41799601968
41799601666
41799601963
41799601751
41799601877
41799601099
41799601802
41799601946
41799601661
41799601582
41799601805
41799601662
41799601280
41799601344
41799601842
41799601975
41799601783
41799601959
41799601591
41799601761
41799601226
41799601523
41799601925
41799601453
41799601898
41799601548
41799601253
41799601852
41799601832
41799601737
41799601364
41799601617
41799601749
41799601840
41799601492
41799601667
41799601720
41799601478
41799601758
41799601906
41799601889
41799601380
41799601495
41799601229
41799601270
41799601777
41799601663
41799601922
41799601770
41799601969
41799601773
41799601680
41799601776
41799601863
41799601534
41799601974
41799601517
41799601669
41799601717
41799601746
41799601596
41799601994
41799601342
41799601735
41799601967
41799601701
41799601435
41799601521
41799601993
41799601063
41799601987
41799601626
41799601834
41799601748
41799601965
41799601979
41799601931
41799601896
41799601990
41799601911
41799601585
41799601966
41799601926
41799601642
41799601719
41799601664
41799601670
41799601953
41799601833
41799601988
41799601870
41799602000
41799602195
41799602228
41799602011
41799602281
41799602586
41799602596
41799602729
41799602305
41799602164
41799602731
41799602818
41799602024
41799602126
41799602031
41799602911
41799602013
41799602630
41799602090
41799602374
41799602135
41799602087
41799602479
41799602334
41799602916
41799602150
41799602142
41799602913
41799602669
41799602107
41799602106
41799602039
41799602068
41799602099
41799602088
41799602112
41799602222
41799602280
41799602119
41799602116
41799602956
41799602091
41799602219
41799602015
41799602036
41799602467
41799602534
41799602218
41799602393
41799602466
41799602059
41799602046
41799602250
41799602008
41799602224
41799602168
41799602841
41799602547
41799602097
41799602199
41799602231
41799602269
41799602154
41799602518
41799602497
41799602048
41799602753
41799602081
41799602045
41799602504
41799602254
41799602965
41799602095
41799602202
41799602152
41799602167
41799602398
41799602104
41799602499
41799602330
41799602569
41799602138
41799602821
41799602555
41799602226
41799602274
41799602238
41799602085
41799602246
41799602163
41799602258
41799602160
41799602641
41799602127
41799602050
41799602040
41799602009
41799602293
41799602197
41799602516
41799602760
41799602149
41799602132
41799602037
41799602264
41799602899
41799602292
41799602700
41799602816
41799602182
41799602655
41799602552
41799602276
41799602200
41799602077
41799602041
41799602194
41799602161
41799602076
41799602366
41799602325
41799602397
41799602759
41799602523
41799602146
41799602424
41799602170
41799602864
41799602498
41799602533
41799602402
41799602333
41799602294
41799602265
41799602086
41799602272
41799602462
41799602038
41799602240
41799602070
41799602751
41799602683
41799602256
41799602542
41799602144
41799602379
41799602762
41799602452
41799602939
41799602018
41799602714
41799602217
41799602043
41799602193
41799602322
41799602361
41799602356
41799602876
41799602496
41799602415
41799602871
41799602598
41799602353
41799602436
41799602080
41799602376
41799602054
41799602752
41799602345
41799602053
41799602227
41799602418
41799602434
41799602223
41799602946
41799602456
41799602421
41799602458
41799602992
41799602532
41799602407
41799602469
41799602260
41799602098
41799602411
41799602192
41799602290
41799602371
41799602236
41799602078
41799602798
41799602314
41799602310
41799602830
41799602575
41799602601
41799602616
41799602599
41799602906
41799602252
41799602635
41799602947
41799602617
41799602369
41799602766
41799602600
41799602604
41799602723
41799602207
41799602196
41799602221
41799602474
41799602409
41799602556
41799602962
41799602465
41799602974
41799602124
41799602500
41799602063
41799602611
41799602757
41799602712
41799602492
41799602882
41799602430
41799602787
41799602435
41799602704
41799602668
41799602248
41799602275
41799602822
41799602862
41799602541
41799602447
41799602295
41799602537
41799602716
41799602875
41799602206
41799602130
41799602515
41799602595
41799602509
41799602408
41799602367
41799602380
41799602562
41799602485
41799602982
41799602589
41799602404
41799602446
41799602299
41799602349
41799602524
41799602303
41799602459
41799602819
41799602675
41799602590
41799602079
41799602560
41799602263
41799602791
41799602650
41799602923
41799602131
41799602453
41799602468
41799602578
41799602449
41799602922
41799602460
41799602692
41799602814
41799602568
41799602304
41799602951
41799602110
41799602035
41799602392
41799602129
41799602501
41799602885
41799602477
41799602512
41799602824
41799602684
41799602790
41799602508
41799602761
41799602298
41799602832
41799602612
41799602623
41799602444
41799602619
41799602726
41799602735
41799602767
41799602564
41799602382
41799602570
41799602975
41799602942
41799602891
41799602779
41799602625
41799602722
41799602285
41799602563
41799602859
41799602588
41799602663
41799602289
41799602475
41799602765
41799602768
41799602970
41799602896
41799602412
41799602522
41799602907
41799602603
41799602428
41799602442
41799602549
41799602918
41799602184
41799602495
41799602869
41799602673
41799602940
41799602572
41799602707
41799602976
41799602898
41799602614
41799602873
41799602583
41799602433
41799602607
41799602784
41799602671
41799602593
41799602244
41799602658
41799602567
41799602685
41799602621
41799602738
41799602744
41799602102
41799602983
41799602839
41799602664
41799602972
41799602909
41799602052
41799602860
41799602686
41799602815
41799602490
41799602699
41799602932
41799602750
41799602996
41799602282
41799602531
41799602915
41799602851
41799602413
41799602921
41799602697
41799602520
41799602316
41799602259
41799602868
41799602652
41799602903
41799602528
41799602780
41799602186
41799602620
41799602758
41799602845
41799602914
41799602724
41799602772
41799602747
41799602530
41799602332
41799602853
41799602889
41799602968
41799602748
41799602565
41799602806
41799602920
41799602959
41799602321
41799602715
41799602297
41799602980
41799602769
41799602813
41799602973
41799602857
41799602960
41799602994
41799602774
41799602662
41799602277
41799602883
41799602926
41799602166
41799602457
41799602854
41799602736
41799602401
41799602865
41799602967
41799602901
41799602770
41799602802
41799602377
41799602629
41799602811
41799602645
41799602931
41799602954
41799602550
41799602786
41799602795
41799602961
41799602776
41799602847
41799602381
41799602904
41799602997
41799602977
41799602140
41799602717
41799602805
41799602544
41799602894
41799602526
41799602981
41799602863
41799602966
41799602878
41799602783
41799602949
41799602359
41799602938
41799608006
41799608007
41799608017
41799608025
41799608008
41799608019
41799608027
41799608009
41799608001
41799608024
41799608030
41799608032
41799608005
41799608020
41799608011
41799608016
41799608015
41799608021
41799608010
41799608023
41799608028
41799608075
41799608132
41799608109
41799608134
41799608050
41799608080
41799608097
41799608222
41799608038
41799608037
41799608039
41799608057
41799608140
41799608056
41799608060
41799608157
41799608034
41799608098
41799608062
41799608189
41799608052
41799608065
41799608068
41799608083
41799608254
41799608035
41799608094
41799608144
41799608059
41799608081
41799608091
41799608178
41799608240
41799608089
41799608159
41799608073
41799608188
41799608119
41799608045
41799608046
41799608194
41799608049
41799608177
41799608139
41799608064
41799608099
41799608153
41799608192
41799608118
41799608199
41799608100
41799608226
41799608145
41799608204
41799608200
41799608245
41799608168
41799608218
41799608061
41799608143
41799608350
41799608289
41799608130
41799608180
41799608135
41799608148
41799608137
41799608301
41799608067
41799608331
41799608182
41799608113
41799608179
41799608138
41799608176
41799608110
41799608066
41799608147
41799608169
41799608212
41799608040
41799608114
41799608233
41799608102
41799608165
41799608160
41799608279
41799608256
41799608255
41799608077
41799608227
41799608063
41799608273
41799608041
41799608171
41799608191
41799608104
41799608266
41799608069
41799608287
41799608285
41799608320
41799608123
41799608221
41799608217
41799608154
41799608213
41799608332
41799608105
41799608207
41799608146
41799608175
41799608272
41799608325
41799608262
41799608230
41799608349
41799608257
41799608268
41799608141
41799608228
41799608107
41799608313
41799608115
41799608210
41799608326
41799608190
41799608348
41799608250
41799608116
41799608243
41799608183
41799608294
41799608308
41799608321
41799608259
41799608284
41799608270
41799608244
41799608121
41799608241
41799608223
41799608339
41799608238
41799608232
41799608344
41799608247
41799608152
41799608305
41799608172
41799608327
41799608251
41799608280
41799608225
41799608253
41799608322
41799608319
41799608246
41799608346
41799608307
41799608347
41799608158
41799608342
41799608363
41799608376
41799608365
41799608356
41799608370
41799608364
41799608358
41799608369
41799608352
41799608378
41799608380
41799608359
41799608413
41799608386
41799608412
41799608495
41799608489
41799608622
41799608523
41799608409
41799608429
41799608435
41799608434
41799608482
41799608431
41799608504
41799608447
41799608392
41799608452
41799608393
41799608463
41799608454
41799608384
41799608417
41799608421
41799608638
41799608531
41799608555
41799608677
41799608469
41799608690
41799608584
41799608439
41799608398
41799608387
41799608598
41799608557
41799608418
41799608553
41799608470
41799608473
41799608403
41799608432
41799608601
41799608475
41799608508
41799608597
41799608505
41799608536
41799608634
41799608625
41799608662
41799608607
41799608396
41799608476
41799608395
41799608569
41799608651
41799608654
41799608466
41799608561
41799608595
41799608565
41799608566
41799608613
41799608542
41799608492
41799608576
41799608453
41799608510
41799608491
41799608551
41799608515
41799608563
41799608645
41799608535
41799608574
41799608478
41799608513
41799608620
41799608485
41799608498
41799608633
41799608606
41799608461
41799608641
41799608659
41799608663
41799608614
41799608647
41799608424
41799608500
41799608596
41799608586
41799608570
41799608404
41799608636
41799608494
41799608410
41799608670
41799608511
41799608611
41799608588
41799608544
41799608496
41799608646
41799608402
41799608691
41799608674
41799608538
41799608580
41799608579
41799608568
41799608699
41799608685
41799608653
41799608528
41799608681
41799608571
41799608456
41799608689
41799608688
41799608590
41799608599
41799608672
41799608616
41799608560
41799608577
41799608666
41799608617
41799608552
41799608562
41799608658
41799608652
41799608632
41799608556
41799608428
41799608661
41799608581
41799608680
41799608615
41799608643
41799608675
41799608582
41799608684
41799608676
41799608708
41799608717
41799608729
41799608709
41799608705
41799608701
41799608723
41799608730
41799608726
41799608712
41799608704
41799608720
41799608731
41799608721
41799608700
41799608706
41799608727
41799608714
41799608722
41799608760
41799608743
41799608738
41799608744
41799608747
41799608739
41799608750
41799608764
41799608761
41799608746
41799608732
41799608741
41799608736
41799608740
41799608753
41799608745
41799608771
41799608765
41799608803
41799608781
41799608791
41799608841
41799608802
41799608833
41799608847
41799608772
41799608813
41799608800
41799608767
41799608793
41799608776
41799608780
41799608843
41799608784
41799608768
41799608770
41799608769
41799608811
41799608786
41799608804
41799608845
41799608792
41799608825
41799608818
41799608832
41799608849
41799608850
41799608782
41799608864
41799608859
41799608863
41799608855
41799608867
41799608884
41799608892
41799608871
41799608901
41799608881
41799608894
41799608866
41799608856
41799608874
41799608883
41799608910
41799608908
41799608873
41799608869
41799608876
41799608886
41799608862
41799608852
41799608904
41799608854
41799608877
41799608890
41799608907
41799608897
41799608896
41799608868
41799608889
41799608888
41799608902
41799608911
41799608938
41799608988
41799608987
41799608920
41799608930
41799608985
41799608931
41799608948
41799608939
41799608973
41799608966
41799608915
41799608929
41799608923
41799608941
41799608947
41799608950
41799608934
41799608933
41799608916
41799608957
41799608913
41799608956
41799608928
41799608963
41799608968
41799608990
41799608976
41799608918
41799608986
41799608952
41799608979
41799608971
41799608996
41799608954
41799608919
41799608974
41799608912
41799608949
41799608960
41799608993
41799608983
41799608982
41799608962
41799608951
41799608995
41799607005
41799607022
41799607004
41799607026
41799607033
41799607015
41799607013
41799607030
41799607019
41799607027
41799607002
41799607010
41799607034
41799607041
41799607081
41799607149
41799607080
41799607073
41799607086
41799607117
41799607116
41799607337
41799607159
41799607074
41799607055
41799607061
41799607096
41799607067
41799607101
41799607154
41799607142
41799607172
41799607135
41799607161
41799607180
41799607130
41799607291
41799607162
41799607301
41799607182
41799607127
41799607098
41799607134
41799607312
41799607168
41799607050
41799607176
41799607079
41799607375
41799607136
41799607138
41799607066
41799607173
41799607179
41799607346
41799607039
41799607115
41799607536
41799607248
41799607071
41799607056
41799607063
41799607158
41799607253
41799607316
41799607122
41799607119
41799607105
41799607190
41799607433
41799607415
41799607217
41799607189
41799607323
41799607087
41799607307
41799607128
41799607246
41799607243
41799607218
41799607340
41799607097
41799607311
41799607174
41799607407
41799607200
41799607210
41799607335
41799607208
41799607137
41799607094
41799607183
41799607458
41799607359
41799607313
41799607237
41799607192
41799607188
41799607528
41799607350
41799607295
41799607197
41799607425
41799607523
41799607121
41799607419
41799607501
41799607204
41799607422
41799607496
41799607529
41799607441
41799607106
41799607610
41799607597
41799607563
41799607120
41799607140
41799607570
41799607144
41799607226
41799607449
41799607347
41799607464
41799607404
41799607426
41799607178
41799607092
41799607293
41799607695
41799607181
41799607602
41799607764
41799607259
41799607386
41799607559
41799607331
41799607163
41799607812
41799607635
41799607258
41799607409
41799607472
41799607414
41799607565
41799607318
41799607151
41799607508
41799607371
41799607543
41799607892
41799607547
41799607396
41799607339
41799607476
41799607133
41799607573
41799607672
41799607647
41799607211
41799607479
41799607225
41799607302
41799607254
41799607740
41799607722
41799607344
41799607457
41799607286
41799607808
41799607264
41799607682
41799607446
41799607488
41799607326
41799607560
41799607223
41799607268
41799607548
41799607475
41799607628
41799607506
41799607604
41799607430
41799607499
41799607306
41799607194
41799607328
41799607277
41799607482
41799607660
41799607553
41799607706
41799607588
41799607478
41799607486
41799607571
41799607321
41799607810
41799607238
41799607680
41799607809
41799607473
41799607370
41799607846
41799607196
41799607719
41799607711
41799607191
41799607160
41799607511
41799607287
41799607299
41799607378
41799607363
41799607257
41799607303
41799607334
41799607391
41799607728
41799607769
41799607556
41799607444
41799607585
41799607193
41799607693
41799607730
41799607440
41799607201
41799607995
41799607790
41799607862
41799607502
41799607552
41799607492
41799607716
41799607362
41799607717
41799607374
41799607615
41799607310
41799607751
41799607873
41799607966
41799607527
41799607786
41799607609
41799607338
41799607614
41799607857
41799607077
41799607398
41799607365
41799607462
41799607822
41799607377
41799607747
41799607466
41799607392
41799607718
41799607150
41799607824
41799607598
41799607467
41799607519
41799607593
41799607381
41799607545
41799607447
41799607342
41799607956
41799607645
41799607919
41799607436
41799607358
41799607437
41799607505
41799607330
41799607484
41799607411
41799607525
41799607516
41799607651
41799607584
41799607493
41799607443
41799607498
41799607661
41799607667
41799607566
41799607520
41799607387
41799607577
41799607731
41799607385
41799607744
41799607309
41799607709
41799607741
41799607990
41799607670
41799607595
41799607915
41799607817
41799607924
41799607468
41799607906
41799607400
41799607677
41799607987
41799607155
41799607542
41799607634
41799607526
41799607663
41799607908
41799607760
41799607893
41799607929
41799607532
41799607580
41799607494
41799607674
41799607848
41799607874
41799607782
41799607963
41799607469
41799607612
41799607931
41799607801
41799607729
41799607909
41799607521
41799607450
41799607872
41799607638
41799607710
41799607736
41799607606
41799607625
41799607819
41799607756
41799607904
41799607551
41799607831
41799607699
41799607671
41799607504
41799607544
41799607503
41799607480
41799607626
41799607939
41799607766
41799607510
41799607803
41799607816
41799607989
41799607471
41799607918
41799607653
41799607861
41799607696
41799607793
41799607656
41799607905
41799607960
41799607844
41799607779
41799607568
41799607324
41799607845
41799607285
41799607933
41799607788
41799607778
41799607882
41799607811
41799607735
41799607583
41799607970
41799607701
41799607515
41799607821
41799607713
41799607889
41799607539
41799607683
41799607980
41799607907
41799607772
41799607477
41799607687
41799607591
41799607497
41799607297
41799607833
41799607636
41799607659
41799607531
41799607879
41799607587
41799607914
41799607977
41799607864
41799607880
41799607983
41799607603
41799607975
41799607640
41799607688
41799607940
41799607777
41799607885
41799607984
41799607900
41799607574
41799607997
41799607549
41799607888
41799607876
41799607390
41799607534
41799607947
41799607700
41799607901
41799607869
41799607650
41799607991
41799607644
41799607724
41799607950
41799607920
41799607858
41799607795
41799607804
41799607961
41799607942
41799607974
