41762425004
41762425012
41762425021
41762425017
41762425010
41762425030
41762425018
41762425109
41762425112
41762425277
41762425044
41762425107
41762425040
41762425113
41762425196
41762425064
41762425053
41762425058
41762425099
41762425036
41762425271
41762425148
41762425153
41762425187
41762425178
41762425083
41762425082
41762425264
41762425292
41762425122
41762425050
41762425047
41762425034
41762425055
41762425105
41762425177
41762425205
41762425152
41762425132
41762425115
41762425342
41762425193
41762425227
41762425676
41762425077
41762425057
41762425570
41762425183
41762425184
41762425411
41762425252
41762425080
41762425284
41762425142
41762425120
41762425170
41762425198
41762425069
41762425076
41762425072
41762425163
41762425210
41762425309
41762425125
41762425256
41762425195
41762425283
41762425162
41762425270
41762425354
41762425100
41762425230
41762425434
41762425518
41762425417
41762425280
41762425087
41762425684
41762425065
41762425188
41762425296
41762425462
41762425244
41762425350
41762425257
41762425401
41762425330
41762425663
41762425299
41762425259
41762425352
41762425351
41762425221
41762425371
41762425327
41762425331
41762425321
41762425340
41762425385
41762425472
41762425245
41762425548
41762425369
41762425124
41762425266
41762425625
41762425141
41762425759
41762425294
41762425539
41762425475
41762425353
41762425480
41762425438
41762425395
41762425338
41762425426
41762425223
41762425232
41762425206
41762425675
41762425630
41762425300
41762425568
41762425549
41762425553
41762425285
41762425102
41762425366
41762425526
41762425384
41762425376
41762425460
41762425442
41762425626
41762425250
41762425860
41762425782
41762425859
41762425202
41762425439
41762425325
41762425705
41762425444
41762425730
41762425332
41762425603
41762425126
41762425473
41762425726
41762425240
41762425323
41762425486
41762425651
41762425319
41762425423
41762425666
41762425699
41762425529
41762425402
41762425337
41762425788
41762425633
41762425898
41762425464
41762425656
41762425619
41762425461
41762425562
41762425667
41762425561
41762425828
41762425540
41762425795
41762425757
41762425951
41762425542
41762425501
41762425583
41762425533
41762425649
41762425653
41762425544
41762425866
41762425443
41762425892
41762425592
41762425174
41762425812
41762425569
41762425456
41762425714
41762425405
41762425935
41762425446
41762425458
41762425470
41762425429
41762425537
41762425231
41762425965
41762425487
41762425694
41762425650
41762425557
41762425502
41762425531
41762425454
41762425503
41762425636
41762425955
41762425449
41762425761
41762425751
41762425624
41762425620
41762425671
41762425833
41762425483
41762425715
41762425722
41762425492
41762425644
41762425893
41762425631
41762425917
41762425919
41762425494
41762425698
41762425500
41762425844
41762425927
41762425535
41762425851
41762425743
41762425314
41762425840
41762425848
41762425744
41762425772
41762425594
41762425617
41762425558
41762425632
41762425953
41762425865
41762425987
41762425596
41762425278
41762425484
41762425611
41762425732
41762425320
41762425990
41762425657
41762425670
41762425823
41762425933
41762425868
41762425815
41762425850
41762425926
41762425996
41762425871
41762425642
41762425317
41762425983
41762425662
41762425945
41762425995
41762425720
41762425880
41762425567
41762425811
41762425888
41762425574
41762425713
41762425877
41762425921
41762425931
41762425947
41762425655
41762425816
41762425712
41762425783
41762425808
41762425969
41762425989
41762425838
41762425822
41762425875
41762425673
41762425882
41762425925
41762425741
41762425899
41762425966
41762425909
41762425981
41762424010
41762424006
41762424019
41762424015
41762424025
41762424023
41762424028
41762424009
41762424029
41762424020
41762424005
41762424159
41762424252
41762424055
41762424278
41762424070
41762424154
41762424076
41762424107
41762424082
41762424052
41762424101
41762424096
41762424094
41762424329
41762424121
41762424038
41762424165
41762424200
41762424389
41762424092
41762424049
41762424189
41762424186
41762424158
41762424059
41762424077
41762424048
41762424072
41762424065
41762424093
41762424289
41762424046
41762424104
41762424099
41762424292
41762424176
41762424051
41762424130
41762424160
41762424282
41762424349
41762424102
41762424116
41762424332
41762424209
41762424215
41762424283
41762424117
41762424391
41762424269
41762424338
41762424235
41762424232
41762424342
41762424163
41762424461
41762424535
41762424196
41762424315
41762424257
41762424368
41762424452
41762424250
41762424172
41762424492
41762424395
41762424481
41762424216
41762424208
41762424138
41762424330
41762424168
41762424335
41762424207
41762424441
41762424184
41762424149
41762424542
41762424566
41762424213
41762424460
41762424298
41762424320
41762424217
41762424411
41762424156
41762424458
41762424053
41762424440
41762424201
41762424318
41762424555
41762424237
41762424341
41762424463
41762424142
41762424219
41762424301
41762424119
41762424312
41762424754
41762424174
41762424223
41762424405
41762424262
41762424620
41762424377
41762424583
41762424264
41762424226
41762424866
41762424370
41762424449
41762424427
41762424622
41762424373
41762424143
41762424314
41762424274
41762424421
41762424150
41762424476
41762424347
41762424363
41762424853
41762424355
41762424178
41762424631
41762424231
41762424277
41762424537
41762424570
41762424339
41762424420
41762424273
41762424375
41762424497
41762424605
41762424409
41762424578
41762424185
41762424819
41762424350
41762424345
41762424662
41762424528
41762424430
41762424296
41762424293
41762424924
41762424690
41762424757
41762424739
41762424515
41762424477
41762424650
41762424633
41762424701
41762424284
41762424529
41762424796
41762424659
41762424300
41762424230
41762424488
41762424400
41762424954
41762424419
41762424680
41762424434
41762424575
41762424594
41762424925
41762424606
41762424486
41762424637
41762424261
41762424778
41762424323
41762424393
41762424547
41762424852
41762424734
41762424755
41762424500
41762424364
41762424353
41762424929
41762424773
41762424681
41762424204
41762424654
41762424698
41762424644
41762424905
41762424978
41762424197
41762424469
41762424543
41762424456
41762424833
41762424431
41762424572
41762424607
41762424718
41762424845
41762424256
41762424700
41762424767
41762424923
41762424489
41762424916
41762424438
41762424534
41762424899
41762424632
41762424889
41762424516
41762424771
41762424696
41762424850
41762424686
41762424791
41762424873
41762424883
41762424433
41762424334
41762424482
41762424616
41762424423
41762424800
41762424634
41762424474
41762424875
41762424759
41762424243
41762424736
41762424765
41762424491
41762424553
41762424514
41762424595
41762424807
41762424895
41762424468
41762424846
41762424964
41762424867
41762424590
41762424792
41762424814
41762424613
41762424711
41762424959
41762424670
41762424947
41762424661
41762424991
41762424733
41762424939
41762424756
41762424712
41762424969
41762424507
41762424394
41762424824
41762424790
41762424872
41762424714
41762424636
41762424802
41762424974
41762424782
41762424745
41762424764
41762424760
41762424955
41762424638
41762424840
41762424417
41762424687
41762424996
41762424888
41762424880
41762424836
41762424709
41762424983
41762424936
41762424663
41762424804
41762424921
41762424908
41762424512
41762424750
41762424945
41762424844
41762424652
41762424828
41762424926
41762424643
41762424726
41762424971
41762424167
41762424343
41762424369
41762424472
41762424677
41762424783
41762424885
41762424919
41762424940
41762426000
41762426027
41762426002
41762426006
41762426022
41762426009
41762426030
41762426019
41762426025
41762426153
41762426175
41762426064
41762426335
41762426122
41762426133
41762426050
41762426040
41762426113
41762426244
41762426066
41762426105
41762426095
41762426116
41762426080
41762426131
41762426090
41762426255
41762426169
41762426045
41762426049
41762426173
41762426068
41762426152
41762426119
41762426104
41762426150
41762426161
41762426052
41762426219
41762426100
41762426096
41762426198
41762426121
41762426180
41762426081
41762426165
41762426114
41762426344
41762426155
41762426099
41762426294
41762426317
41762426204
41762426209
41762426191
41762426291
41762426313
41762426322
41762426268
41762426260
41762426262
41762426132
41762426189
41762426117
41762426120
41762426163
41762426093
41762426251
41762426217
41762426167
41762426239
41762426243
41762426062
41762426272
41762426142
41762426241
41762426336
41762426287
41762426102
41762426218
41762426334
41762426269
41762426136
41762426289
41762426212
41762426276
41762426349
41762426308
41762426247
41762426125
41762426233
41762426249
41762426301
41762426282
41762426179
41762426298
41762426324
41762426181
41762426274
41762426340
41762426333
41762426248
41762426363
41762426361
41762426369
41762426370
41762426353
41762426356
41762426368
41762426376
41762426390
41762426397
41762426409
41762426454
41762426393
41762426423
41762426513
41762426524
41762426387
41762426499
41762426503
41762426468
41762426605
41762426545
41762426391
41762426415
41762426412
41762426424
41762426463
41762426470
41762426544
41762426511
41762426593
41762426460
41762426550
41762426582
41762426526
41762426521
41762426518
41762426446
41762426536
41762426551
41762426401
41762426399
41762426403
41762426465
41762426644
41762426477
41762426691
41762426482
41762426533
41762426672
41762426558
41762426455
41762426624
41762426405
41762426636
41762426493
41762426431
41762426562
41762426674
41762426637
41762426661
41762426602
41762426559
41762426648
41762426587
41762426662
41762426529
41762426681
41762426467
41762426507
41762426694
41762426682
41762426494
41762426654
41762426416
41762426571
41762426626
41762426632
41762426647
41762426653
41762426669
41762426616
41762426689
41762426597
41762426667
41762426676
41762426506
41762426611
41762426608
41762426549
41762426623
41762426706
41762426727
41762426722
41762426713
41762426711
41762426731
41762426761
41762426797
41762426754
41762426767
41762426783
41762426799
41762426740
41762426772
41762426753
41762426742
41762426810
41762426801
41762426747
41762426785
41762426805
41762426794
41762426789
41762426774
41762426737
41762426765
41762426798
41762426823
41762426830
41762426845
41762426842
41762426856
41762426853
41762426866
41762426824
41762426881
41762426840
41762426875
41762426836
41762426902
41762426904
41762426822
41762426828
41762426887
41762426827
41762426862
41762426898
41762426869
41762426906
41762426861
41762426900
41762426883
41762426859
41762426851
41762426878
41762426899
41762426990
41762426955
41762426928
41762426917
41762426922
41762426939
41762426954
41762426930
41762426992
41762426919
41762426993
41762426907
41762426950
41762426975
41762426996
41762426967
41762426942
41762426952
41762426977
41762420016
41762420019
41762420011
41762420030
41762420026
41762420025
41762420022
41762420010
41762420018
41762420042
41762420073
41762420129
41762420117
41762420088
41762420325
41762420053
41762420093
41762420065
41762420071
41762420102
41762420085
41762420086
41762420119
41762420087
41762420058
41762420112
41762420038
41762420240
41762420126
41762420049
41762420130
41762420056
41762420239
41762420062
41762420109
41762420258
41762420076
41762420140
41762420051
41762420224
41762420189
41762420182
41762420059
41762420068
41762420108
41762420045
41762420048
41762420201
41762420098
41762420133
41762420276
41762420142
41762420081
41762420104
41762420105
41762420220
41762420041
41762420307
41762420067
41762420111
41762420083
41762420228
41762420089
41762420171
41762420079
41762420125
41762420199
41762420152
41762420159
41762420082
41762420184
41762420070
41762420092
41762420304
41762420255
41762420162
41762420208
41762420178
41762420260
41762420150
41762420134
41762420271
41762420237
41762420314
41762420249
41762420206
41762420203
41762420223
41762420124
41762420315
41762420317
41762420190
41762420348
41762420156
41762420172
41762420238
41762420332
41762420296
41762420144
41762420298
41762420289
41762420231
41762420194
41762420160
41762420330
41762420136
41762420225
41762420347
41762420234
41762420306
41762420334
41762420300
41762420321
41762420316
41762420242
41762420313
41762420331
41762420301
41762420345
41762420336
41762420322
41762420350
41762420266
41762420202
41762420342
41762420259
41762420353
41762420356
41762420365
41762420362
41762420382
41762420364
41762420351
41762420378
41762420373
41762420357
41762420418
41762420523
41762420403
41762420446
41762420412
41762420432
41762420466
41762420450
41762420540
41762420385
41762420435
41762420413
41762420505
41762420429
41762420555
41762420549
41762420573
41762420492
41762420538
41762420584
41762420405
41762420458
41762420392
41762420598
41762420428
41762420582
41762420438
41762420434
41762420445
41762420531
41762420417
41762420571
41762420536
41762420678
41762420529
41762420558
41762420467
41762420535
41762420565
41762420421
41762420518
41762420602
41762420620
41762420401
41762420660
41762420616
41762420520
41762420500
41762420627
41762420607
41762420550
41762420509
41762420655
41762420516
41762420604
41762420463
41762420661
41762420679
41762420634
41762420522
41762420503
41762420633
41762420514
41762420638
41762420504
41762420469
41762420629
41762420541
41762420659
41762420506
41762420621
41762420515
41762420696
41762420593
41762420614
41762420499
41762420578
41762420617
41762420675
41762420626
41762420625
41762420720
41762420713
41762420711
41762420717
41762420701
41762420714
41762420721
41762420700
41762420763
41762420770
41762420738
41762420768
41762420745
41762420777
41762420732
41762420742
41762420780
41762420759
41762420757
41762420813
41762420860
41762420793
41762420862
41762420820
41762420855
41762420807
41762420811
41762420837
41762420794
41762420858
41762420816
41762420812
41762420800
41762420789
41762420804
41762420841
41762420799
41762420864
41762420825
41762420849
41762420791
41762420802
41762420859
41762420866
41762420845
41762420854
41762420833
41762420827
41762420881
41762420875
41762420919
41762420897
41762420902
41762420885
41762420927
41762420879
41762420925
41762420886
41762420915
41762420926
41762420937
41762420905
41762420928
41762420971
41762420942
41762420944
41762420966
41762420977
41762420996
41762420975
41762420982
41762420974
41762420979
41762429032
41762429029
41762429011
41762429005
41762429030
41762429002
41762429013
41762429023
41762429001
41762429003
41762429009
41762429010
41762429025
41762429045
41762429041
41762429232
41762429082
41762429118
41762429096
41762429099
41762429048
41762429111
41762429060
41762429217
41762429091
41762429143
41762429130
41762429044
41762429089
41762429193
41762429137
41762429349
41762429079
41762429121
41762429272
41762429203
41762429448
41762429294
41762429209
41762429081
41762429080
41762429093
41762429261
41762429360
41762429062
41762429443
41762429172
41762429117
41762429123
41762429059
41762429107
41762429101
41762429509
41762429075
41762429593
41762429352
41762429168
41762429233
41762429597
41762429186
41762429383
41762429280
41762429050
41762429112
41762429510
41762429489
41762429248
41762429281
41762429699
41762429226
41762429094
41762429215
41762429560
41762429204
41762429530
41762429225
41762429254
41762429292
41762429113
41762429478
41762429077
41762429592
41762429288
41762429674
41762429513
41762429716
41762429577
41762429694
41762429389
41762429752
41762429275
41762429390
41762429749
41762429145
41762429229
41762429207
41762429908
41762429110
41762429412
41762429342
41762429406
41762429421
41762429345
41762429633
41762429422
41762429590
41762429505
41762429500
41762429405
41762429407
41762429556
41762429608
41762429892
41762429299
41762429297
41762429211
41762429690
41762429526
41762429650
41762429331
41762429678
41762429339
41762429490
41762429800
41762429626
41762429786
41762429214
41762429318
41762429860
41762429385
41762429249
41762429574
41762429449
41762429726
41762429589
41762429420
41762429485
41762429262
41762429906
41762429282
41762429920
41762429333
41762429931
41762429323
41762429373
41762429495
41762429568
41762429380
41762429376
41762429317
41762429301
41762429641
41762429819
41762429989
41762429900
41762429776
41762429472
41762429703
41762429439
41762429991
41762429829
41762429368
41762429655
41762429779
41762429557
41762429595
41762429413
41762429369
41762429856
41762429951
41762429549
41762429440
41762429966
41762429850
41762429844
41762429967
41762429887
41762429792
41762429970
41762429964
41762429739
41762429818
41762429480
41762429897
41762429806
41762429987
41762429624
41762429600
41762429695
41762429984
41762429438
41762429437
41762429629
41762429424
41762429543
41762429994
41762429670
41762429381
41762429982
41762429969
41762429666
41762429555
41762429960
41762429798
41762429917
41762429919
41762429878
41762429724
41762429698
41762429876
41762429575
41762429663
41762429512
41762429775
41762429498
41762429926
41762429665
41762429704
41762429470
41762429720
41762429797
41762429942
41762429949
41762429891
41762429529
41762429879
41762429506
41762429815
41762429837
41762429864
41762429875
41762429640
41762429886
41762429838
41762429935
41762429976
41762429983
41762429794
41762429921
41762429866
41762429928
41762429981
41762429914
41762429939
41762429889
41762429973
41762423012
41762423020
41762423014
41762423009
41762423011
41762423015
41762423005
41762423013
41762423070
41762423118
41762423240
41762423249
41762423263
41762423043
41762423139
41762423131
41762423104
41762423035
41762423063
41762423225
41762423204
41762423241
41762423177
41762423099
41762423419
41762423073
41762423042
41762423264
41762423050
41762423310
41762423238
41762423230
41762423180
41762423110
41762423243
41762423192
41762423098
41762423045
41762423040
41762423431
41762423386
41762423061
41762423232
41762423082
41762423389
41762423086
41762423034
41762423152
41762423262
41762423448
41762423233
41762423221
41762423306
41762423162
41762423261
41762423080
41762423502
41762423335
41762423266
41762423106
41762423188
41762423516
41762423391
41762423133
41762423536
41762423443
41762423184
41762423727
41762423381
41762423439
41762423366
41762423693
41762423336
41762423265
41762423526
41762423578
41762423400
41762423226
41762423214
41762423208
41762423407
41762423173
41762423629
41762423212
41762423330
41762423501
41762423373
41762423745
41762423095
41762423694
41762423352
41762423503
41762423109
41762423256
41762423758
41762423569
41762423455
41762423513
41762423122
41762423392
41762423300
41762423205
41762423577
41762423114
41762423552
41762423539
41762423697
41762423623
41762423944
41762423292
41762423458
41762423474
41762423319
41762423374
41762423510
41762423506
41762423295
41762423732
41762423183
41762423491
41762423181
41762423550
41762423288
41762423375
41762423913
41762423743
41762423744
41762423185
41762423359
41762423234
41762423154
41762423308
41762423685
41762423342
41762423920
41762423528
41762423371
41762423659
41762423462
41762423611
41762423637
41762423605
41762423302
41762423560
41762423677
41762423436
41762423851
41762423711
41762423291
41762423396
41762423424
41762423575
41762423930
41762423722
41762423376
41762423529
41762423664
41762423311
41762423856
41762423726
41762423646
41762423304
41762423320
41762423766
41762423800
41762423486
41762423804
41762423369
41762423792
41762423464
41762423189
41762423622
41762423746
41762423668
41762423672
41762423481
41762423507
41762423734
41762423688
41762423545
41762423724
41762423829
41762423195
41762423660
41762423468
41762423908
41762423747
41762423997
41762423344
41762423383
41762423700
41762423656
41762423608
41762423755
41762423565
41762423619
41762423771
41762423586
41762423680
41762423524
41762423517
41762423760
41762423787
41762423643
41762423881
41762423485
41762423530
41762423968
41762423929
41762423852
41762423434
41762423924
41762423861
41762423411
41762423912
41762423406
41762423533
41762423767
41762423816
41762423783
41762423812
41762423701
41762423328
41762423484
41762423714
41762423934
41762423645
41762423483
41762423470
41762423748
41762423584
41762423961
41762423799
41762423960
41762423721
41762423447
41762423617
41762423781
41762423669
41762423835
41762423842
41762423768
41762423902
41762423777
41762423894
41762423825
41762423941
41762423775
41762423940
41762423880
41762423796
41762423795
41762423857
41762423933
41762423990
41762423838
41762423869
41762423843
41762423670
41762423954
41762423956
41762423720
41762423975
41762423872
41762423906
41762423973
41762423995
41762423737
41762423958
41762423969
41762423750
41762423802
41762423992
41762421000
41762421032
41762421012
41762421003
41762421007
41762421021
41762421017
41762421002
41762421099
41762421116
41762421132
41762421052
41762421141
41762421019
41762421118
41762421172
41762421182
41762421134
41762421237
41762421101
41762421246
41762421213
41762421071
41762421263
41762421055
41762421313
41762421137
41762421059
41762421208
41762421109
41762421130
41762421231
41762421317
41762421177
41762421252
41762421073
41762421298
41762421251
41762421046
41762421107
41762421385
41762421044
41762421670
41762421348
41762421145
41762421430
41762421262
41762421146
41762421324
41762421199
41762421217
41762421092
41762421186
41762421402
41762421681
41762421485
41762421223
41762421188
41762421799
41762421346
41762421079
41762421057
41762421212
41762421216
41762421065
41762421121
41762421158
41762421415
41762421297
41762421694
41762421205
41762421104
41762421215
41762421506
41762421080
41762421373
41762421070
41762421139
41762421323
41762421453
41762421102
41762421745
41762421359
41762421616
41762421577
41762421228
41762421505
41762421330
41762421286
41762421708
41762421140
41762421918
41762421352
41762421458
41762421456
41762421042
41762421805
41762421155
41762421301
41762421495
41762421333
41762421426
41762421535
41762421108
41762421703
41762421445
41762421343
41762421105
41762421388
41762421791
41762421230
41762421316
41762421304
41762421431
41762421238
41762421585
41762421147
41762421993
41762421090
41762421546
41762421364
41762421762
41762421197
41762421656
41762421508
41762421204
41762421266
41762421422
41762421471
41762421429
41762421315
41762421484
41762421119
41762421900
41762421300
41762421907
41762421548
41762421314
41762421772
41762421669
41762421202
41762421896
41762421336
41762421210
41762421196
41762421332
41762421579
41762421760
41762421356
41762421637
41762421963
41762421424
41762421399
41762421500
41762421434
41762421124
41762421452
41762421410
41762421514
41762421551
41762421526
41762421220
41762421437
41762421638
41762421540
41762421502
41762421476
41762421724
41762421225
41762421538
41762421738
41762421855
41762421374
41762421908
41762421349
41762421705
41762421433
41762421731
41762421232
41762421461
41762421355
41762421666
41762421981
41762421354
41762421305
41762421425
41762421651
41762421490
41762421628
41762421613
41762421207
41762421602
41762421740
41762421619
41762421310
41762421720
41762421758
41762421457
41762421859
41762421233
41762421767
41762421521
41762421852
41762421916
41762421976
41762421964
41762421834
41762421850
41762421662
41762421625
41762421414
41762421620
41762421836
41762421706
41762421498
41762421529
41762421539
41762421885
41762421877
41762421749
41762421952
41762421763
41762421516
41762421912
41762421940
41762421519
41762421398
41762421523
41762421467
41762421961
41762421996
41762421511
41762421617
41762421604
41762421785
41762421678
41762421449
41762421769
41762421808
41762421917
41762421595
41762421711
41762421640
41762421874
41762421897
41762421444
41762421851
41762421754
41762421838
41762421503
41762421858
41762421563
41762421695
41762421846
41762421528
41762421988
41762421757
41762421676
41762421811
41762421893
41762421650
41762421905
41762421634
41762421340
41762421930
41762421704
41762421889
41762421815
41762421764
41762421692
41762421618
41762421686
41762421775
41762421957
41762421995
41762421857
41762421734
41762421898
41762421992
41762421683
41762421829
41762421817
41762421928
41762421986
41762421865
41762421864
41762421909
41762421983
41762421782
41762421972
41762421788
41762422020
41762422024
41762422009
41762422021
41762422032
41762422019
41762422001
41762422013
41762422012
41762422099
41762422130
41762422287
41762422064
41762422017
41762422049
41762422204
41762422219
41762422118
41762422070
41762422129
41762422104
41762422061
41762422508
41762422177
41762422503
41762422214
41762422179
41762422067
41762422249
41762422063
41762422205
41762422101
41762422183
41762422040
41762422085
41762422140
41762422096
41762422279
41762422127
41762422062
41762422234
41762422333
41762422311
41762422097
41762422141
41762422248
41762422250
41762422500
41762422677
41762422052
41762422191
41762422188
41762422374
41762422319
41762422238
41762422509
41762422512
41762422139
41762422254
41762422332
41762422480
41762422161
41762422180
41762422176
41762422533
41762422402
41762422575
41762422696
41762422685
41762422459
41762422039
41762422299
41762422474
41762422429
41762422134
41762422430
41762422485
41762422305
41762422560
41762422528
41762422343
41762422284
41762422295
41762422412
41762422410
41762422126
41762422253
41762422426
41762422209
41762422684
41762422433
41762422366
41762422669
41762422326
41762422308
41762422087
41762422650
41762422513
41762422390
41762422181
41762422812
41762422525
41762422863
41762422411
41762422747
41762422325
41762422274
41762422233
41762422867
41762422670
41762422275
41762422730
41762422377
41762422207
41762422526
41762422201
41762422492
41762422320
41762422518
41762422498
41762422702
41762422612
41762422335
41762422369
41762422811
41762422290
41762422567
41762422393
41762422271
41762422488
41762422340
41762422420
41762422742
41762422373
41762422289
41762422404
41762422642
41762422375
41762422719
41762422400
41762422353
41762422571
41762422810
41762422776
41762422424
41762422423
41762422980
41762422363
41762422682
41762422937
41762422396
41762422298
41762422510
41762422415
41762422414
41762422881
41762422163
41762422406
41762422607
41762422255
41762422491
41762422435
41762422630
41762422752
41762422706
41762422387
41762422827
41762422486
41762422381
41762422732
41762422745
41762422468
41762422721
41762422976
41762422798
41762422460
41762422542
41762422638
41762422667
41762422955
41762422840
41762422763
41762422701
41762422703
41762422545
41762422688
41762422770
41762422370
41762422446
41762422838
41762422801
41762422285
41762422709
41762422478
41762422911
41762422785
41762422427
41762422761
41762422944
41762422653
41762422493
41762422441
41762422574
41762422315
41762422981
41762422959
41762422600
41762422967
41762422663
41762422634
41762422966
41762422884
41762422296
41762422662
41762422495
41762422561
41762422753
41762422717
41762422853
41762422652
41762422984
41762422970
41762422778
41762422952
41762422695
41762422392
41762422465
41762422704
41762422613
41762422678
41762422483
41762422710
41762422334
41762422995
41762422738
41762422805
41762422895
41762422601
41762422605
41762422930
41762422615
41762422648
41762422926
41762422756
41762422529
41762422750
41762422497
41762422920
41762422874
41762422616
41762422994
41762422548
41762422928
41762422818
41762422943
41762422705
41762422990
41762422484
41762422733
41762422940
41762422929
41762422942
41762422793
41762422991
41762422631
41762422543
41762422797
41762422499
41762422974
41762422831
41762422726
41762422759
41762422777
41762422960
41762422973
41762422434
41762422754
41762422907
41762422824
41762422887
41762422821
41762422845
41762422767
41762422647
41762422783
41762422766
41762422878
41762422910
41762422886
41762422836
41762422939
41762428001
41762428014
41762428008
41762428009
41762428027
41762428003
41762428004
41762428026
41762428006
41762428161
41762428048
41762428066
41762428033
41762428050
41762428124
41762428062
41762428085
41762428034
41762428088
41762428039
41762428204
41762428083
41762428156
41762428112
41762428179
41762428135
41762428234
41762428194
41762428243
41762428069
41762428345
41762428275
41762428181
41762428189
41762428188
41762428110
41762428099
41762428141
41762428049
41762428239
41762428096
41762428236
41762428315
41762428130
41762428266
41762428323
41762428334
41762428286
41762428212
41762428111
41762428216
41762428177
41762428205
41762428225
41762428305
41762428076
41762428045
41762428223
41762428227
41762428114
41762428138
41762428290
41762428055
41762428213
41762428103
41762428262
41762428220
41762428341
41762428235
41762428327
41762428348
41762428294
41762428202
41762428253
41762428333
41762428126
41762428292
41762428122
41762428273
41762428218
41762428309
41762428150
41762428214
41762428255
41762428328
41762428343
41762428203
41762428173
41762428278
41762428337
41762428284
41762428331
41762428363
41762428351
41762428362
41762428367
41762428366
41762428377
41762428361
41762428379
41762428461
41762428677
41762428434
41762428404
41762428524
41762428398
41762428460
41762428547
41762428484
41762428539
41762428433
41762428407
41762428557
41762428454
41762428393
41762428505
41762428482
41762428612
41762428451
41762428686
41762428569
41762428448
41762428415
41762428525
41762428548
41762428471
41762428390
41762428386
41762428437
41762428481
41762428638
41762428586
41762428492
41762428633
41762428602
41762428475
41762428446
41762428502
41762428385
41762428585
41762428418
41762428528
41762428477
41762428438
41762428561
41762428551
41762428564
41762428436
41762428496
41762428543
41762428618
41762428521
41762428429
41762428575
41762428542
41762428656
41762428549
41762428605
41762428469
41762428424
41762428641
41762428535
41762428570
41762428691
41762428592
41762428646
41762428590
41762428556
41762428587
41762428507
41762428651
41762428550
41762428699
41762428680
41762428674
41762428666
41762428626
41762428696
41762428616
41762428622
41762428522
41762428685
41762428702
41762428703
41762428714
41762428727
41762428704
41762428708
41762428733
41762428736
41762428749
41762428751
41762428754
41762428753
41762428787
41762428801
41762428775
41762428774
41762428773
41762428772
41762428785
41762428795
41762428800
41762428847
41762428846
41762428805
41762428842
41762428781
41762428802
41762428768
41762428799
41762428766
41762428786
41762428841
41762428837
41762428818
41762428839
41762428812
41762428893
41762428899
41762428857
41762428874
41762428880
41762428901
41762428861
41762428876
41762428851
41762428866
41762428910
41762428894
41762428886
41762428890
41762428909
41762428903
41762428906
41762428911
41762428872
41762428868
41762428898
41762428947
41762428932
41762428956
41762428912
41762428949
41762428968
41762428938
41762428944
41762428951
41762428936
41762428958
41762428922
41762428957
41762428966
41762428950
41762428994
41762428987
41762428991
41762428997
41762428981
41762428996
41762427006
41762427011
41762427032
41762427010
41762427013
41762427001
41762427031
41762427015
41762427029
41762427027
41762427018
41762427025
41762427038
41762427041
41762427068
41762427098
41762427089
41762427117
41762427060
41762427116
41762427128
41762427071
41762427044
41762427259
41762427091
41762427154
41762427074
41762427331
41762427200
41762427384
41762427361
41762427062
41762427213
41762427302
41762427156
41762427229
41762427163
41762427187
41762427066
41762427061
41762427378
41762427140
41762427050
41762427162
41762427067
41762427467
41762427191
41762427104
41762427366
41762427130
41762427252
41762427056
41762427421
41762427188
41762427533
41762427296
41762427304
41762427320
41762427705
41762427183
41762427201
41762427146
41762427477
41762427279
41762427125
41762427118
41762427287
41762427101
41762427234
41762427223
41762427625
41762427077
41762427897
41762427821
41762427184
41762427151
41762427593
41762427133
41762427159
41762427464
41762427197
41762427401
41762427248
41762427507
41762427342
41762427622
41762427402
41762427428
41762427441
41762427806
41762427334
41762427662
41762427247
41762427250
41762427276
41762427152
41762427500
41762427435
41762427231
41762427414
41762427280
41762427589
41762427700
41762427398
41762427341
41762427322
41762427560
41762427399
41762427210
41762427327
41762427363
41762427244
41762427314
41762427381
41762427572
41762427673
41762427373
41762427311
41762427178
41762427521
41762427282
41762427832
41762427480
41762427724
41762427284
41762427763
41762427579
41762427567
41762427224
41762427297
41762427472
41762427474
41762427733
41762427731
41762427380
41762427321
41762427454
41762427520
41762427424
41762427646
41762427944
41762427459
41762427729
41762427804
41762427811
41762427239
41762427878
41762427482
41762427946
41762427740
41762427180
41762427618
41762427736
41762427495
41762427964
41762427383
41762427565
41762427274
41762427456
41762427744
41762427393
41762427959
41762427765
41762427315
41762427550
41762427674
41762427776
41762427970
41762427632
41762427375
41762427605
41762427293
41762427755
41762427655
41762427225
41762427792
41762427920
41762427870
41762427253
41762427972
41762427542
41762427925
41762427691
41762427412
41762427676
41762427544
41762427760
41762427855
41762427904
41762427425
41762427537
41762427973
41762427497
41762427498
41762427778
41762427909
41762427648
41762427917
41762427212
41762427764
41762427762
41762427660
41762427617
41762427977
41762427891
41762427784
41762427963
41762427597
41762427265
41762427439
41762427522
41762427860
41762427910
41762427757
41762427661
41762427805
41762427549
41762427566
41762427382
41762427680
41762427588
41762427900
41762427843
41762427720
41762427604
41762427343
41762427948
41762427787
41762427732
41762427894
41762427523
41762427841
41762427845
41762427791
41762427915
41762427851
41762427623
41762427690
41762427875
41762427759
41762427400
41762427864
41762427828
41762427808
41762427754
41762427810
41762427649
41762427868
41762427893
41762427756
41762427984
41762427885
41762427991
41762427856
