41783185020
41783185009
41783185160
41783185050
41783185133
41783185090
41783185070
41783185188
41783185209
41783185060
41783185100
41783185578
41783185363
41783185479
41783185500
41783185440
41783185271
41783185566
41783185353
41783185880
41783185158
41783185790
41783185544
41783185331
41783185606
41783185522
41783185454
41783185550
41783185858
41783185833
41783185600
41783185505
41783185620
41783185633
41783185320
41783185686
41783185929
41783185818
41783185910
41783185666
41783185848
41783185940
41783184000
41783184010
41783184030
41783184015
41783184050
41783184170
41783184243
41783184144
41783184338
41783184100
41783184404
41783184440
41783184370
41783184106
41783184121
41783184080
41783184242
41783184363
41783184411
41783184110
41783184666
41783184210
41783184585
41783184868
41783184488
41783184232
41783184400
41783184303
41783184477
41783184720
41783184970
41783184865
41783184784
41783184747
41783184727
41783184849
41783184610
41783184959
41783184800
41783184804
41783184545
41783184820
41783184738
41783184721
41783186002
41783186024
41783186050
41783186072
41783186585
41783186443
41783186162
41783186305
41783186500
41783186474
41783186464
41783186535
41783186600
41783186220
41783186375
41783186599
41783186777
41783186630
41783186933
41783186666
41783186691
41783186868
41783186696
41783186866
41783186920
41783186622
41783186860
41783186888
41783180000
41783180001
41783180005
41783180007
41783180010
41783180020
41783180055
41783180048
41783180190
41783180118
41783180200
41783180202
41783180183
41783180088
41783180181
41783180155
41783180100
41783180081
41783180080
41783180077
41783180207
41783180308
41783180222
41783180256
41783180365
41783180360
41783180355
41783180383
41783180386
41783180504
41783180555
41783180443
41783180505
41783180404
41783180638
41783180686
41783180688
41783180560
41783180606
41783180726
41783180707
41783180700
41783180717
41783180810
41783180780
41783180818
41783180820
41783180808
41783180880
41783180838
41783180919
41783180900
41783180909
41783180937
41783180958
41783189010
41783189028
41783189191
41783189080
41783189104
41783189053
41783189121
41783189090
41783189077
41783189150
41783189181
41783189099
41783189232
41783189329
41783189317
41783189171
41783189155
41783189377
41783189490
41783189444
41783189400
41783189568
41783189512
41783189675
41783189503
41783189547
41783189601
41783189676
41783189522
41783189714
41783189844
41783189828
41783189839
41783189855
41783189911
41783189900
41783189949
41783189994
41783189988
41783183031
41783183001
41783183030
41783183018
41783183003
41783183131
41783183132
41783183088
41783183115
41783183404
41783183188
41783183099
41783183109
41783183161
41783183202
41783183232
41783183080
41783183191
41783183488
41783183145
41783183239
41783183535
41783183333
41783183211
41783183070
41783183353
41783183334
41783183303
41783183107
41783183348
41783183338
41783183765
41783183355
41783183282
41783183252
41783183618
41783183332
41783183090
41783183418
41783183300
41783183695
41783183336
41783183447
41783183304
41783183500
41783183626
41783183510
41783183437
41783183847
41783183331
41783183335
41783183405
41783183838
41783183606
41783183505
41783183596
41783183881
41783183636
41783183867
41783183808
41783183727
41783183628
41783183779
41783183811
41783183433
41783183700
41783183809
41783183905
41783183830
41783183993
41783183738
41783183939
41783183997
41783181000
41783181005
41783181030
41783181029
41783181001
41783181071
41783181162
41783181211
41783181150
41783181313
41783181111
41783181170
41783181289
41783181282
41783181218
41783181350
41783181228
41783181223
41783181333
41783181277
41783181340
41783181363
41783181366
41783181374
41783181403
41783181415
41783181432
41783181513
41783181431
41783181424
41783181383
41783181616
41783181518
41783181626
41783181681
41783181646
41783181726
41783181820
41783181818
41783181808
41783181810
41783181838
41783181771
41783181777
41783181770
41783181888
41783181881
41783181903
41783181883
41783181872
41783181880
41783181886
41783181866
41783181890
41783181950
41783181993
41783182020
41783182032
41783182007
41783182018
41783182130
41783182077
41783182081
41783182230
41783182343
41783182161
41783182200
41783182112
41783182299
41783182220
41783182070
41783182294
41783182050
41783182117
41783182282
41783182300
41783182171
41783182098
41783182323
41783182181
41783182306
41783182393
41783182424
41783182434
41783182443
41783182425
41783182492
41783182535
41783182455
41783182545
41783182619
41783182662
41783182515
41783182700
41783182798
41783182809
41783182818
41783182820
41783182880
41783182900
41783182887
41783182919
41783182977
41783182990
41783188000
41783188001
41783188171
41783188248
41783188088
41783188080
41783188485
41783188370
41783188115
41783188791
41783188881
41783188588
41783188495
41783188515
41783188317
41783188747
41783188483
41783188282
41783188788
41783188899
41783188818
41783188880
41783188653
41783188710
41783188208
41783188783
41783188814
41783188860
41783188757
41783188833
41783188917
41783188404
41783188840
41783188787
41783188440
41783188958
41783188802
41783188800
41783188813
41783188870
41783188885
41783187001
41783187274
41783187090
41783187071
41783187171
41783187266
41783187343
41783187333
41783187609
41783187509
41783187530
41783187589
41783187535
41783187606
41783187676
41783187666
41783187667
41783187717
41783187750
41783187777
41783187878
41783187887
