


41762540000
41762540011
41762540021
41762540015
41762540004
41762540008
41762540014
41762540007
41762540022
41762540029
41762540002
41762540017
41762540049
41762540033
41762540098
41762540055
41762540110
41762540169
41762540155
41762540112
41762540070
41762540117
41762540077
41762540160
41762540348
41762540178
41762540132
41762540184
41762540205
41762540206
41762540131
41762540106
41762540304
41762540122
41762540321
41762540333
41762540354
41762540102
41762540166
41762540415
41762540351
41762540228
41762540210
41762540218
41762540223
41762540177
41762540209
41762540214
41762540420
41762540257
41762540294
41762540624
41762540249
41762540310
41762540428
41762540187
41762540395
41762540522
41762540313
41762540453
41762540317
41762540372
41762540221
41762540157
41762540414
41762540652
41762540614
41762540267
41762540200
41762540153
41762540491
41762540377
41762540176
41762540242
41762540436
41762540311
41762540303
41762540707
41762540626
41762540211
41762540434
41762540519
41762540093
41762540406
41762540245
41762540795
41762540438
41762540408
41762540192
41762540877
41762540813
41762540622
41762540718
41762540642
41762540709
41762540350
41762540602
41762540754
41762540760
41762540720
41762540217
41762540827
41762540604
41762540355
41762540255
41762540412
41762540533
41762540550
41762540681
41762540401
41762540430
41762540618
41762540312
41762540908
41762540612
41762540673
41762540706
41762540520
41762540352
41762540721
41762540432
41762540900
41762540705
41762540777
41762540524
41762540366
41762540860
41762540967
41762540410
41762540661
41762540229
41762540666
41762540637
41762540456
41762540861
41762540702
41762540555
41762540327
41762540871
41762540701
41762540505
41762540536
41762540804
41762540812
41762540700
41762540986
41762540455
41762540744
41762540391
41762540680
41762540393
41762540356
41762540862
41762540851
41762540361
41762540968
41762540457
41762540326
41762540240
41762540641
41762540367
41762540703
41762540902
41762540906
41762540590
41762540609
41762540452
41762540441
41762540722
41762540663
41762540513
41762540715
41762540913
41762540728
41762540773
41762540809
41762540845
41762540980
41762540650
41762540903
41762540765
41762540585
41762540525
41762540665
41762540719
41762540379
41762540850
41762540531
41762540640
41762540919
41762540504
41762540521
41762540608
41762540848
41762540685
41762540591
41762540684
41762540926
41762540374
41762540483
41762540473
41762540735
41762540790
41762540972
41762540828
41762540580
41762540826
41762540600
41762540727
41762540450
41762540634
41762540857
41762540679
41762540817
41762540610
41762540805
41762540808
41762540849
41762540603
41762540556
41762540581
41762540927
41762540843
41762540729
41762540887
41762540895
41762540675
41762540575
41762540683
41762540733
41762540920
41762540830
41762540710
41762540924
41762540901
41762540820
41762540801
41762540852
41762540696
41762540807
41762540752
41762540711
41762540914
41762540905
41762540811
41762540771
41762540815
41762540799
41762540870
41762540904
41762540922
41762540816
41762540960
41762540978
41762540593
41762540988
41762540898


41762541001
41762541007
41762541008
41762541005
41762541003
41762541022
41762541004
41762541078
41762541110
41762541114
41762541051
41762541085
41762541146
41762541148
41762541083
41762541214
41762541093
41762541080
41762541117
41762541303
41762541124
41762541042
41762541211
41762541198
41762541055
41762541040
41762541077
41762541277
41762541272
41762541052
41762541220
41762541202
41762541111
41762541221
41762541128
41762541044
41762541212
41762541181
41762541213
41762541035
41762541245
41762541109
41762541100
41762541231
41762541249
41762541104
41762541279
41762541058
41762541204
41762541134
41762541119
41762541603
41762541129
41762541147
41762541106
41762541144
41762541242
41762541289
41762541188
41762541666
41762541229
41762541299
41762541228
41762541118
41762541180
41762541203
41762541411
41762541084
41762541609
41762541191
41762541151
41762541295
41762541120
41762541313
41762541507
41762541086
41762541402
41762541555
41762541135
41762541453
41762541434
41762541314
41762541420
41762541519
41762541177
41762541601
41762541802
41762541962
41762541960
41762541509
41762541612
41762541450
41762541355
41762541356
41762541324
41762541657
41762541771
41762541291
41762541216
41762541309
41762541240
41762541224
41762541149
41762541604
41762541318
41762541263
41762541408
41762541909
41762541600
41762541535
41762541717
41762541970
41762541835
41762541232
41762541405
41762541441
41762541560
41762541218
41762541649
41762541504
41762541511
41762541809
41762541304
41762541210
41762541707
41762541540
41762541709
41762541549
41762541662
41762541190
41762541951
41762541864
41762541357
41762541704
41762541595
41762541300
41762541371
41762541334
41762541910
41762541461
41762541757
41762541759
41762541597
41762541954
41762541283
41762541702
41762541956
41762541378
41762541700
41762541705
41762541682
41762541831
41762541969
41762541581
41762541586
41762541747
41762541982
41762541937
41762541790
41762541570
41762541323
41762541605
41762541671
41762541828
41762541905
41762541610
41762541608
41762541911
41762541708
41762541972
41762541817
41762541440
41762541200
41762541337
41762541872
41762541959
41762541903
41762541837
41762541781
41762541824
41762541919
41762541606
41762541715
41762541756
41762541500
41762541863
41762541800
41762541870
41762541585
41762541689
41762541207
41762541957
41762541930
41762541506
41762541918
41762541712
41762541830
41762541860
41762541846
41762541893
41762541994
41762541888
41762541806
41762541845
41762541874
41762541901
41762541990
41762541623
41762541854
41762541989
41762541856
41762541812
41762541907
41762541981
41762541996
41762541832
41762541681
41762541880
41762541983
41762541995
41762541973
41762541991
41762541875
41762541997
41762541985
41762541966
41762541978



