41766195016
41766195029
41766195093
41766195244
41766195158
41766195098
41766195168
41766195273
41766195403
41766195206
41766195500
41766195378
41766195380
41766195138
41766195684
41766195776
41766195533
41766195618
41766195652
41766195187
41766195532
41766195327
41766195238
41766195811
41766195209
41766195130
41766195412
41766195987
41766195935
41766195658
41766195807
41766195490
41766195359
41766195454
41766195557
41766195306
41766195871
41766195640
41766195626
41766195371
41766195743
41766195960
41766195894
41766195221
41766195540
41766195526
41766195635
41766195611
41766195434
41766195595
41766195817
41766195936
41766195442
41766195928
41766195749
41766195363
41766195853
41766195709
41766195737
41766195855
41766195833
41766195840
41766195608
41766195925
41766195555
41766195950
41766195819
41766195915
41766195800
41766195696
41766195903
41766195847
41766194000
41766194008
41766194012
41766194043
41766194162
41766194158
41766194142
41766194093
41766194040
41766194327
41766194143
41766194090
41766194404
41766194047
41766194111
41766194121
41766194178
41766194272
41766194516
41766194317
41766194049
41766194283
41766194469
41766194060
41766194197
41766194410
41766194097
41766194414
41766194503
41766194343
41766194837
41766194944
41766194992
41766194172
41766194835
41766194707
41766194518
41766194392
41766194431
41766194848
41766194253
41766194574
41766194821
41766194652
41766194989
41766194217
41766194981
41766194748
41766194436
41766194449
41766194383
41766194876
41766194803
41766194974
41766194824
41766194990
41766194757
41766194451
41766194877
41766194859
41766194810
41766194756
41766194607
41766194817
41766194242
41766194677
41766194639
41766194589
41766194452
41766194959
41766194870
41766194853
41766194719
41766194985
41766194798
41766194894
41766194970
41766194747
41766194890
41766194951
41766194966
41766194898
41766196008
41766196016
41766196030
41766196259
41766196049
41766196053
41766196193
41766196058
41766196060
41766196147
41766196065
41766196045
41766196070
41766196204
41766196047
41766196170
41766196157
41766196195
41766196313
41766196211
41766196301
41766196201
41766196069
41766196300
41766196228
41766196200
41766196349
41766196337
41766196363
41766196374
41766196501
41766196442
41766196518
41766196424
41766196498
41766196490
41766196515
41766196486
41766196575
41766196499
41766196414
41766196443
41766196607
41766196623
41766196588
41766196449
41766196609
41766196577
41766196586
41766196584
41766196497
41766196570
41766196670
41766196686
41766196590
41766196723
41766196702
41766196712
41766196752
41766196766
41766196768
41766196811
41766196773
41766196827
41766196870
41766196840
41766196873
41766196842
41766196852
41766196854
41766196933
41766196940
41766196934
41766196892
41766196924
41766196895
41766196913
41766196931
41766196904
41766196984
41766190102
41766190120
41766190066
41766190053
41766190099
41766190147
41766190209
41766190049
41766190257
41766190081
41766190113
41766190261
41766190057
41766190422
41766190042
41766190105
41766190238
41766190108
41766190213
41766190225
41766190281
41766190202
41766190602
41766190205
41766190351
41766190957
41766190562
41766190493
41766190608
41766190988
41766190318
41766190347
41766190854
41766190909
41766190301
41766190630
41766190774
41766190624
41766190804
41766190859
41766190889
41766190866
41766190316
41766190408
41766190508
41766190740
41766190489
41766190744
41766190941
41766190606
41766190615
41766190903
41766190584
41766190881
41766190752
41766190967
41766190900
41766190303
41766190986
41766190955
41766190975
41766190690
41766190924
41766190725
41766190973
41766190979
41766190840
41766190841
41766199006
41766199039
41766199151
41766199068
41766199123
41766199298
41766199080
41766199631
41766199152
41766199241
41766199053
41766199200
41766199128
41766199602
41766199285
41766199323
41766199097
41766199227
41766199070
41766199234
41766199075
41766199084
41766199401
41766199188
41766199559
41766199784
41766199365
41766199291
41766199517
41766199205
41766199858
41766199255
41766199292
41766199636
41766199330
41766199300
41766199154
41766199145
41766199743
41766199376
41766199324
41766199534
41766199881
41766199410
41766199420
41766199723
41766199703
41766199310
41766199306
41766199377
41766199875
41766199293
41766199235
41766199273
41766199578
41766199276
41766199347
41766199462
41766199499
41766199351
41766199321
41766199172
41766199718
41766199611
41766199799
41766199610
41766199495
41766199778
41766199493
41766199528
41766199548
41766199281
41766199295
41766199812
41766199833
41766199502
41766199542
41766199821
41766199582
41766199228
41766199626
41766199383
41766199535
41766199674
41766199809
41766199724
41766199950
41766199919
41766199564
41766199229
41766199658
41766199741
41766199527
41766199381
41766199762
41766199556
41766199385
41766199678
41766199620
41766199727
41766199581
41766199915
41766199451
41766199645
41766199588
41766199379
41766199394
41766199540
41766199550
41766199910
41766199879
41766199531
41766199803
41766199973
41766199637
41766199956
41766199934
41766199890
41766199782
41766199503
41766199842
41766199959
41766199731
41766199949
41766199820
41766199695
41766199468
41766199932
41766199771
41766199862
41766199944
41766193129
41766193124
41766193230
41766193144
41766193074
41766193303
41766193052
41766193259
41766193081
41766193394
41766193255
41766193113
41766193117
41766193341
41766193140
41766193659
41766193171
41766193511
41766193557
41766193251
41766193161
41766193422
41766193335
41766193241
41766193307
41766193821
41766193172
41766193823
41766193345
41766193153
41766193440
41766193382
41766193226
41766193309
41766193441
41766193482
41766193561
41766193626
41766193647
41766193518
41766193595
41766193447
41766193680
41766193485
41766193612
41766193650
41766193754
41766193371
41766193329
41766193611
41766193486
41766193681
41766193312
41766193430
41766193333
41766193539
41766193585
41766193897
41766193273
41766193576
41766193734
41766193822
41766193708
41766193630
41766193720
41766193843
41766193982
41766193383
41766193977
41766193724
41766193594
41766193654
41766193893
41766193596
41766193993
41766193685
41766193454
41766193533
41766193632
41766193840
41766193921
41766193665
41766193886
41766193756
41766193674
41766193789
41766193655
41766193939
41766193992
41766193700
41766193648
41766193806
41766193953
41766191008
41766191012
41766191052
41766191090
41766191277
41766191068
41766191037
41766191056
41766191293
41766191131
41766191104
41766191339
41766191069
41766191051
41766191111
41766191316
41766191177
41766191089
41766191195
41766191272
41766191253
41766191199
41766191310
41766191251
41766191166
41766191319
41766191256
41766191304
41766191248
41766191363
41766191356
41766191447
41766191445
41766191564
41766191448
41766191454
41766191418
41766191419
41766191566
41766191544
41766191562
41766191659
41766191457
41766191664
41766191657
41766191540
41766191684
41766191680
41766191556
41766191691
41766191468
41766191674
41766191705
41766191700
41766191759
41766191793
41766191745
41766191810
41766191755
41766191832
41766191879
41766191900
41766191875
41766191898
41766191899
41766191919
41766191922
41766191996
41766191979
41766192021
41766192014
41766192013
41766192016
41766192054
41766192033
41766192053
41766192084
41766192144
41766192188
41766192203
41766192151
41766192382
41766192260
41766192433
41766192404
41766192122
41766192503
41766192219
41766192332
41766192171
41766192128
41766192806
41766192966
41766192327
41766192796
41766192366
41766192564
41766192421
41766192733
41766192225
41766192695
41766192711
41766192295
41766192704
41766192992
41766192247
41766192381
41766192284
41766192453
41766192894
41766192191
41766192760
41766192614
41766192787
41766192891
41766192698
41766192936
41766192345
41766192659
41766192989
41766192489
41766192874
41766192681
41766192855
41766192781
41766192551
41766192700
41766192525
41766192713
41766192780
41766192680
41766192915
41766192881
41766192856
41766192774
41766192897
41766192887
41766198007
41766198021
41766198032
41766198035
41766198089
41766198130
41766198253
41766198067
41766198040
41766198099
41766198077
41766198100
41766198265
41766198211
41766198201
41766198073
41766198365
41766198491
41766198714
41766198811
41766198159
41766198119
41766198274
41766198832
41766198357
41766198152
41766198095
41766198202
41766198055
41766198327
41766198630
41766198484
41766198878
41766198282
41766198664
41766198506
41766198699
41766198115
41766198587
41766198319
41766198373
41766198401
41766198293
41766198451
41766198668
41766198685
41766198228
41766198748
41766198842
41766198708
41766198875
41766198848
41766198292
41766198974
41766198673
41766198423
41766198400
41766198918
41766198801
41766198942
41766198835
41766198585
41766198838
41766198810
41766198869
41766198411
41766198871
41766198514
41766198702
41766198799
41766198367
41766198709
41766198814
41766198856
41766198322
41766198755
41766198988
41766198935
41766198954
41766198769
41766198960
41766198632
41766198696
41766198977
41766198831
41766198899
41766198815
41766198993
41766198780
41766197000
41766197064
41766197077
41766197068
41766197128
41766197079
41766197043
41766197060
41766197089
41766197065
41766197148
41766197086
41766197163
41766197078
41766197140
41766197366
41766197179
41766197602
41766197417
41766197120
41766197537
41766197268
41766197599
41766197420
41766197711
41766197172
41766197171
41766197871
41766197925
41766197381
41766197300
41766197239
41766197456
41766197600
41766197544
41766197785
41766197232
41766197684
41766197660
41766197629
41766197627
41766197860
41766197930
41766197583
41766197729
41766197620
41766197758
41766197822
41766197991
41766197877
41766197961
41766197333
41766197452
41766197569
41766197975
41766197331
41766197687
41766197710
41766197536
41766197689
41766197628
41766197762
41766197332
41766197555
41766197458
41766197297
41766197931
41766197842
41766197926
41766197959
41766197592
41766197499
41766197915
41766197817
41766197767
41766197570
41766197638
41766197867
41766197823
41766197403
41766197911
41766197830
41766197788
41766197566
41766197769
41766197832
41766197615
41766197637
41766197770
41766197885
41766197763
41766197978
41766197640
41766197863
