41793555000
41793555030
41793555031
41793555029
41793555017
41793555003
41793555012
41793555020
41793555005
41793555013
41793555016
41793555028
41793555008
41793555002
41793555006
41793555007
41793555032
41793555035
41793555024
41793555059
41793555077
41793555082
41793555084
41793555222
41793555246
41793555118
41793555120
41793555076
41793555070
41793555231
41793555036
41793555257
41793555039
41793555225
41793555072
41793555080
41793555083
41793555086
41793555078
41793555127
41793555040
41793555171
41793555177
41793555117
41793555075
41793555311
41793555111
41793555215
41793555281
41793555188
41793555183
41793555104
41793555100
41793555069
41793555283
41793555169
41793555115
41793555446
41793555088
41793555057
41793555356
41793555062
41793555038
41793555061
41793555065
41793555319
41793555098
41793555144
41793555179
41793555122
41793555186
41793555094
41793555053
41793555185
41793555314
41793555322
41793555124
41793555301
41793555037
41793555149
41793555051
41793555237
41793555079
41793555136
41793555102
41793555274
41793555041
41793555049
41793555180
41793555604
41793555239
41793555275
41793555155
41793555060
41793555116
41793555056
41793555655
41793555229
41793555096
41793555045
41793555166
41793555137
41793555522
41793555095
41793555123
41793555218
41793555193
41793555525
41793555264
41793555055
41793555087
41793555052
41793555209
41793555085
41793555220
41793555157
41793555320
41793555282
41793555332
41793555688
41793555130
41793555090
41793555232
41793555486
41793555145
41793555455
41793555129
41793555376
41793555381
41793555451
41793555089
41793555200
41793555068
41793555354
41793555202
41793555743
41793555190
41793555173
41793555256
41793555334
41793555125
41793555384
41793555478
41793555413
41793555050
41793555154
41793555348
41793555750
41793555375
41793555415
41793555113
41793555394
41793555614
41793555357
41793555159
41793555471
41793555458
41793555461
41793555266
41793555112
41793555360
41793555535
41793555469
41793555595
41793555135
41793555929
41793555625
41793555066
41793555710
41793555230
41793555150
41793555563
41793555253
41793555133
41793555073
41793555335
41793555175
41793555701
41793555411
41793555194
41793555099
41793555260
41793555449
41793555705
41793555156
41793555527
41793555650
41793555161
41793555280
41793555385
41793555391
41793555492
41793555146
41793555323
41793555515
41793555181
41793555501
41793555464
41793555167
41793555509
41793555845
41793555435
41793555350
41793555273
41793555248
41793555162
41793555343
41793555575
41793555838
41793555293
41793555765
41793555568
41793555141
41793555419
41793555201
41793555506
41793555388
41793555184
41793555308
41793555379
41793555353
41793555396
41793555224
41793555325
41793555508
41793555656
41793555463
41793555541
41793555812
41793555542
41793555103
41793555259
41793555928
41793555371
41793555255
41793555386
41793555533
41793555178
41793555640
41793555374
41793555479
41793555823
41793555383
41793555613
41793555114
41793555351
41793555658
41793555285
41793555648
41793555693
41793555687
41793555277
41793555619
41793555473
41793555174
41793555927
41793555347
41793555559
41793555313
41793555824
41793555424
41793555584
41793555548
41793555803
41793555333
41793555254
41793555576
41793555431
41793555165
41793555822
41793555704
41793555378
41793555540
41793555531
41793555647
41793555317
41793555235
41793555891
41793555306
41793555324
41793555219
41793555363
41793555234
41793555805
41793555436
41793555557
41793555434
41793555723
41793555452
41793555359
41793555504
41793555453
41793555286
41793555777
41793555227
41793555401
41793555358
41793555690
41793555330
41793555653
41793555361
41793555214
41793555497
41793555567
41793555662
41793555355
41793555529
41793555465
41793555934
41793555507
41793555610
41793555649
41793555554
41793555407
41793555751
41793555679
41793555258
41793555460
41793555392
41793555536
41793555569
41793555441
41793555309
41793555494
41793555609
41793555733
41793555305
41793555544
41793555429
41793555732
41793555474
41793555990
41793555565
41793555592
41793555196
41793555140
41793555915
41793555598
41793555587
41793555973
41793555799
41793555128
41793555499
41793555633
41793555566
41793555364
41793555212
41793555513
41793555768
41793555409
41793555336
41793555917
41793555534
41793555692
41793555287
41793555821
41793555318
41793555623
41793555250
41793555263
41793555580
41793555487
41793555550
41793555753
41793555213
41793555886
41793555856
41793555101
41793555561
41793555502
41793555902
41793555543
41793555714
41793555582
41793555423
41793555588
41793555456
41793555851
41793555866
41793555537
41793555555
41793555524
41793555445
41793555393
41793555788
41793555312
41793555556
41793555828
41793555500
41793555861
41793555645
41793555342
41793555284
41793555489
41793555778
41793555819
41793555528
41793555298
41793555654
41793555888
41793555265
41793555949
41793555678
41793555859
41793555433
41793555484
41793555970
41793555195
41793555310
41793555669
41793555739
41793555755
41793555636
41793555974
41793555444
41793555558
41793555935
41793555600
41793555630
41793555749
41793555635
41793555817
41793555918
41793555672
41793555711
41793555549
41793555741
41793555349
41793555603
41793555418
41793555581
41793555370
41793555511
41793555837
41793555709
41793555962
41793555806
41793555770
41793555850
41793555505
41793555809
41793555268
41793555889
41793555462
41793555686
41793555890
41793555675
41793555439
41793555627
41793555729
41793555900
41793555485
41793555657
41793555562
41793555426
41793555796
41793555802
41793555637
41793555660
41793555870
41793555913
41793555147
41793555807
41793555746
41793555776
41793555545
41793555328
41793555530
41793555621
41793555642
41793555673
41793555327
41793555681
41793555925
41793555468
41793555467
41793555978
41793555586
41793555514
41793555887
41793555854
41793555624
41793555608
41793555646
41793555761
41793555869
41793555605
41793555708
41793555717
41793555858
41793555899
41793555240
41793555404
41793555519
41793555936
41793555752
41793555491
41793555773
41793555170
41793555865
41793555801
41793555667
41793555922
41793555238
41793555368
41793555472
41793555940
41793555720
41793555606
41793555526
41793555898
41793555724
41793555629
41793555726
41793555783
41793555683
41793555904
41793555597
41793555826
41793555756
41793555972
41793555493
41793555982
41793555919
41793555362
41793555466
41793555482
41793555706
41793555808
41793555553
41793555198
41793555775
41793555771
41793555734
41793555668
41793555570
41793555695
41793555523
41793555955
41793555965
41793555674
41793555787
41793555416
41793555881
41793555946
41793555980
41793555503
41793555883
41793555551
41793555846
41793555539
41793555719
41793555590
41793555956
41793555874
41793555939
41793555827
41793555813
41793555617
41793555963
41793555792
41793555810
41793555589
41793555833
41793555831
41793555639
41793555228
41793555834
41793555738
41793555769
41793555457
41793555903
41793555794
41793555820
41793555784
41793555829
41793555665
41793555943
41793555839
41793555995
41793555626
41793555878
41793555879
41793555916
41793555988
41793555661
41793555811
41793555718
41793555825
41793555780
41793555893
41793555818
41793555931
41793555954
41793555912
41793555762
41793555786
41793555862
41793555863
41793555663
41793555958
41793555779
41793555992
41793555691
41793555991
41793555971
41793555953
41793555877
41793555909
41793555836
41793555923
41793555944
41793555875
41793555996
41793555932
41793555910
41793555933
41793555979
41793555772
41793555860
41793555937
41793555986
41793554009
41793554023
41793554017
41793554020
41793554027
41793554032
41793554006
41793554030
41793554002
41793554003
41793554028
41793554021
41793554008
41793554016
41793554015
41793554012
41793554203
41793554046
41793554209
41793554063
41793554102
41793554093
41793554041
41793554054
41793554061
41793554166
41793554090
41793554069
41793554189
41793554113
41793554117
41793554230
41793554033
41793554261
41793554159
41793554067
41793554062
41793554199
41793554313
41793554115
41793554221
41793554080
41793554065
41793554036
41793554156
41793554142
41793554081
41793554223
41793554192
41793554076
41793554259
41793554070
41793554241
41793554218
41793554283
41793554082
41793554141
41793554056
41793554144
41793554091
41793554100
41793554124
41793554130
41793554042
41793554116
41793554148
41793554105
41793554104
41793554049
41793554077
41793554037
41793554058
41793554215
41793554135
41793554121
41793554277
41793554225
41793554198
41793554337
41793554040
41793554244
41793554226
41793554097
41793554059
41793554094
41793554112
41793554322
41793554071
41793554265
41793554238
41793554075
41793554165
41793554034
41793554202
41793554103
41793554275
41793554219
41793554179
41793554047
41793554254
41793554153
41793554335
41793554169
41793554174
41793554323
41793554343
41793554334
41793554272
41793554267
41793554263
41793554088
41793554217
41793554185
41793554239
41793554175
41793554158
41793554127
41793554043
41793554258
41793554079
41793554300
41793554074
41793554279
41793554250
41793554186
41793554149
41793554206
41793554278
41793554138
41793554255
41793554205
41793554233
41793554164
41793554294
41793554108
41793554111
41793554252
41793554232
41793554235
41793554060
41793554271
41793554285
41793554289
41793554151
41793554092
41793554119
41793554173
41793554247
41793554264
41793554160
41793554150
41793554167
41793554147
41793554248
41793554171
41793554207
41793554342
41793554288
41793554316
41793554220
41793554177
41793554224
41793554338
41793554309
41793554308
41793554318
41793554086
41793554307
41793554266
41793554170
41793554282
41793554168
41793554321
41793554180
41793554315
41793554270
41793554211
41793554303
41793554273
41793554229
41793554311
41793554242
41793554134
41793554194
41793554339
41793554305
41793554227
41793554222
41793554188
41793554200
41793554341
41793554276
41793554306
41793554349
41793554348
41793554246
41793554312
41793554214
41793554304
41793554324
41793554345
41793554347
41793554236
41793554378
41793554353
41793554367
41793554375
41793554376
41793554351
41793554369
41793554377
41793554382
41793554373
41793554365
41793554358
41793554356
41793554368
41793554354
41793554380
41793554363
41793554360
41793554357
41793554362
41793554359
41793554372
41793554361
41793554366
41793554543
41793554383
41793554395
41793554498
41793554570
41793554439
41793554400
41793554384
41793554404
41793554402
41793554403
41793554429
41793554425
41793554433
41793554413
41793554444
41793554512
41793554481
41793554537
41793554515
41793554507
41793554392
41793554582
41793554524
41793554634
41793554488
41793554406
41793554565
41793554447
41793554405
41793554568
41793554576
41793554420
41793554387
41793554476
41793554449
41793554644
41793554463
41793554505
41793554454
41793554407
41793554591
41793554552
41793554472
41793554423
41793554639
41793554550
41793554501
41793554529
41793554615
41793554426
41793554581
41793554609
41793554467
41793554548
41793554441
41793554386
41793554666
41793554504
41793554665
41793554462
41793554465
41793554427
41793554424
41793554624
41793554466
41793554477
41793554522
41793554470
41793554649
41793554579
41793554683
41793554516
41793554607
41793554459
41793554471
41793554586
41793554618
41793554538
41793554468
41793554416
41793554530
41793554517
41793554554
41793554566
41793554597
41793554440
41793554590
41793554520
41793554614
41793554630
41793554572
41793554628
41793554389
41793554511
41793554642
41793554658
41793554452
41793554432
41793554506
41793554408
41793554414
41793554510
41793554577
41793554603
41793554621
41793554654
41793554500
41793554562
41793554610
41793554599
41793554661
41793554469
41793554690
41793554455
41793554616
41793554594
41793554492
41793554542
41793554627
41793554682
41793554557
41793554641
41793554629
41793554391
41793554584
41793554619
41793554549
41793554485
41793554671
41793554573
41793554653
41793554526
41793554670
41793554608
41793554523
41793554503
41793554677
41793554514
41793554657
41793554688
41793554651
41793554622
41793554578
41793554606
41793554585
41793554499
41793554540
41793554643
41793554502
41793554602
41793554699
41793554428
41793554660
41793554655
41793554412
41793554555
41793554497
41793554668
41793554547
41793554650
41793554484
41793554676
41793554667
41793554674
41793554675
41793554600
41793554480
41793554631
41793554620
41793554673
41793554559
41793554589
41793554553
41793554617
41793554539
41793554531
41793554647
41793554693
41793554645
41793554638
41793554604
41793554646
41793554695
41793554626
41793554672
41793554659
41793554556
41793554686
41793554640
41793554678
41793554679
41793554637
41793554689
41793554551
41793554732
41793554733
41793554740
41793554755
41793554702
41793554721
41793554760
41793554747
41793554739
41793554727
41793554730
41793554758
41793554704
41793554711
41793554749
41793554746
41793554705
41793554714
41793554752
41793554708
41793554734
41793554703
41793554742
41793554725
41793554735
41793554754
41793554712
41793554737
41793554748
41793554750
41793554710
41793554738
41793554767
41793554763
41793554780
41793554805
41793554803
41793554787
41793554801
41793554821
41793554837
41793554769
41793554777
41793554789
41793554829
41793554827
41793554825
41793554845
41793554800
41793554839
41793554792
41793554832
41793554828
41793554802
41793554776
41793554764
41793554786
41793554773
41793554824
41793554843
41793554826
41793554793
41793554836
41793554770
41793554779
41793554835
41793554783
41793554791
41793554765
41793554822
41793554810
41793554772
41793554846
41793554823
41793554817
41793554838
41793554847
41793554811
41793554808
41793554815
41793554788
41793554816
41793554818
41793554840
41793554842
41793554852
41793554887
41793554849
41793554860
41793554848
41793554851
41793554854
41793554875
41793554890
41793554903
41793554850
41793554895
41793554859
41793554901
41793554882
41793554910
41793554858
41793554907
41793554863
41793554883
41793554867
41793554888
41793554865
41793554900
41793554897
41793554868
41793554861
41793554873
41793554872
41793554871
41793554862
41793554909
41793554902
41793554953
41793554969
41793554940
41793554968
41793554913
41793554912
41793554921
41793554917
41793554938
41793554939
41793554923
41793554955
41793554925
41793554930
41793554924
41793554935
41793554951
41793554946
41793554961
41793554967
41793554965
41793554963
41793554949
41793554926
41793554916
41793554922
41793554964
41793554952
41793554948
41793554959
41793554920
41793554915
41793554942
41793554966
41793554954
41793554941
41793554934
41793554933
41793554936
41793554945
41793554932
41793554980
41793554973
41793554978
41793554970
41793554983
41793554992
41793554979
41793554977
41793554994
41793554974
41793554972
41793554990
41793554988
41793554998
41793554987
41793554999
41793554982
41793554986
41793554981
41793554975
41793556007
41793556016
41793556008
41793556003
41793556011
41793556015
41793556002
41793556030
41793556019
41793556020
41793556012
41793556032
41793556006
41793556004
41793556021
41793556033
41793556052
41793556094
41793556058
41793556056
41793556061
41793556089
41793556074
41793556122
41793556132
41793556102
41793556119
41793556093
41793556141
41793556050
41793556229
41793556140
41793556215
41793556285
41793556163
41793556117
41793556152
41793556103
41793556160
41793556300
41793556038
41793556051
41793556180
41793556044
41793556194
41793556417
41793556036
41793556109
41793556116
41793556228
41793556289
41793556159
41793556124
41793556114
41793556239
41793556037
41793556203
41793556081
41793556063
41793556153
41793556164
41793556106
41793556087
41793556150
41793556039
41793556389
41793556266
41793556274
41793556110
41793556419
41793556173
41793556142
41793556305
41793556161
41793556151
41793556035
41793556503
41793556226
41793556168
41793556531
41793556043
41793556212
41793556504
41793556237
41793556041
41793556075
41793556076
41793556092
41793556100
41793556249
41793556238
41793556064
41793556067
41793556475
41793556227
41793556098
41793556107
41793556283
41793556131
41793556040
41793556136
41793556188
41793556257
41793556070
41793556267
41793556197
41793556046
41793556396
41793556218
41793556047
41793556340
41793556071
41793556059
41793556270
41793556065
41793556405
41793556049
41793556055
41793556190
41793556494
41793556073
41793556381
41793556281
41793556467
41793556331
41793556127
41793556169
41793556090
41793556034
41793556353
41793556189
41793556077
41793556091
41793556369
41793556181
41793556054
41793556362
41793556179
41793556310
41793556137
41793556354
41793556500
41793556088
41793556619
41793556213
41793556105
41793556217
41793556351
41793556413
41793556214
41793556259
41793556469
41793556262
41793556446
41793556626
41793556220
41793556280
41793556400
41793556263
41793556211
41793556115
41793556219
41793556191
41793556512
41793556135
41793556130
41793556290
41793556349
41793556807
41793556492
41793556172
41793556686
41793556325
41793556585
41793556139
41793556563
41793556157
41793556410
41793556174
41793556773
41793556243
41793556264
41793556364
41793556113
41793556296
41793556306
41793556183
41793556201
41793556912
41793556330
41793556388
41793556167
41793556057
41793556302
41793556209
41793556482
41793556245
41793556386
41793556358
41793556641
41793556734
41793556880
41793556508
41793556764
41793556416
41793556204
41793556301
41793556581
41793556550
41793556129
41793556299
41793556725
41793556265
41793556450
41793556565
41793556636
41793556162
41793556490
41793556722
41793556273
41793556429
41793556667
41793556637
41793556526
41793556376
41793556276
41793556383
41793556753
41793556846
41793556412
41793556586
41793556639
41793556520
41793556176
41793556254
41793556242
41793556202
41793556086
41793556607
41793556463
41793556345
41793556108
41793556148
41793556138
41793556221
41793556408
41793556838
41793556662
41793556294
41793556825
41793556402
41793556366
41793556884
41793556609
41793556544
41793556457
41793556317
41793556241
41793556216
41793556745
41793556441
41793556532
41793556422
41793556329
41793556746
41793556120
41793556572
41793556755
41793556328
41793556548
41793556575
41793556342
41793556230
41793556454
41793556740
41793556669
41793556083
41793556445
41793556635
41793556247
41793556393
41793556187
41793556605
41793556491
41793556360
41793556582
41793556260
41793556477
41793556545
41793556303
41793556178
41793556501
41793556693
41793556606
41793556480
41793556869
41793556953
41793556205
41793556367
41793556537
41793556961
41793556346
41793556363
41793556886
41793556320
41793556935
41793556736
41793556593
41793556660
41793556569
41793556435
41793556411
41793556556
41793556816
41793556505
41793556525
41793556614
41793556629
41793556551
41793556594
41793556409
41793556741
41793556401
41793556774
41793556365
41793556576
41793556427
41793556751
41793556530
41793556642
41793556756
41793556272
41793556589
41793556224
41793556997
41793556700
41793556735
41793556680
41793556587
41793556352
41793556763
41793556553
41793556748
41793556250
41793556708
41793556883
41793556506
41793556549
41793556339
41793556343
41793556251
41793556368
41793556357
41793556278
41793556428
41793556473
41793556356
41793556851
41793556762
41793556800
41793556359
41793556685
41793556486
41793556831
41793556714
41793556279
41793556529
41793556835
41793556509
41793556397
41793556929
41793556683
41793556633
41793556665
41793556461
41793556348
41793556487
41793556432
41793556528
41793556661
41793556474
41793556932
41793556853
41793556687
41793556574
41793556625
41793556675
41793556866
41793556956
41793556612
41793556761
41793556907
41793556338
41793556326
41793556456
41793556443
41793556759
41793556974
41793556646
41793556671
41793556448
41793556643
41793556712
41793556307
41793556415
41793556666
41793556863
41793556600
41793556770
41793556648
41793556733
41793556334
41793556424
41793556462
41793556690
41793556468
41793556705
41793556252
41793556248
41793556659
41793556806
41793556611
41793556931
41793556478
41793556539
41793556418
41793556670
41793556769
41793556868
41793556541
41793556940
41793556517
41793556341
41793556493
41793556407
41793556723
41793556824
41793556645
41793556952
41793556560
41793556786
41793556616
41793556656
41793556955
41793556926
41793556840
41793556395
41793556375
41793556394
41793556837
41793556571
41793556787
41793556775
41793556898
41793556809
41793556673
41793556597
41793556447
41793556813
41793556969
41793556438
41793556814
41793556843
41793556583
41793556632
41793556867
41793556760
41793556754
41793556890
41793556726
41793556979
41793556655
41793556704
41793556957
41793556833
41793556839
41793556332
41793556434
41793556540
41793556842
41793556440
41793556485
41793556967
41793556730
41793556601
41793556925
41793556436
41793556778
41793556716
41793556790
41793556861
41793556455
41793556720
41793556991
41793556592
41793556784
41793556859
41793556966
41793556993
41793556893
41793556681
41793556546
41793556420
41793556772
41793556808
41793556847
41793556488
41793556562
41793556785
41793556677
41793556964
41793556713
41793556678
41793556990
41793556653
41793556710
41793556971
41793556498
41793556729
41793556649
41793556962
41793556543
41793556874
41793556911
41793556934
41793556689
41793556873
41793556914
41793556355
41793556881
41793556335
41793556698
41793556958
41793556728
41793556519
41793556783
41793556936
41793556811
41793556554
41793556916
41793556826
41793556747
41793556992
41793556815
41793556584
41793556464
41793556631
41793556782
41793556732
41793556794
41793556788
41793556854
41793556731
41793556425
41793556836
41793556904
41793556943
41793556387
41793556975
41793556603
41793556933
41793556617
41793556968
41793556527
41793556872
41793556894
41793556557
41793556694
41793556608
41793556757
41793556812
41793556810
41793556768
41793556870
41793556852
41793556845
41793556984
41793556277
41793556860
41793556654
41793556715
41793556981
41793556930
41793556939
41793556905
41793556987
41793556982
41793556901
41793556558
41793556777
41793556986
41793556954
41793556928
41793556910
41793556946
41793556941
41793556882
41793556848
41793556949
41793556922
41793556511
41793556915
41793556650
41793556972
41793556766
41793556818
41793556909
41793556829
41793556937
41793556588
41793556942
41793556918
41793556980
41793556948
41793556724
41793556857
41793556288
41793556391
41793556889
41793556460
41793556803
41793556580
41793556717
41793556944
41793550003
41793550001
41793550013
41793550021
41793550024
41793550011
41793550028
41793550026
41793550014
41793550025
41793550010
41793550005
41793550022
41793550009
41793550020
41793550030
41793550002
41793550012
41793550032
41793550007
41793550008
41793550004
41793550035
41793550051
41793550057
41793550155
41793550207
41793550212
41793550037
41793550049
41793550071
41793550092
41793550078
41793550103
41793550296
41793550198
41793550064
41793550108
41793550104
41793550061
41793550053
41793550079
41793550050
41793550115
41793550066
41793550219
41793550243
41793550152
41793550150
41793550148
41793550166
41793550168
41793550193
41793550088
41793550083
41793550154
41793550068
41793550045
41793550060
41793550129
41793550200
41793550042
41793550034
41793550082
41793550298
41793550058
41793550095
41793550075
41793550072
41793550099
41793550133
41793550038
41793550048
41793550109
41793550070
41793550076
41793550238
41793550089
41793550055
41793550176
41793550114
41793550130
41793550044
41793550158
41793550112
41793550179
41793550180
41793550234
41793550039
41793550056
41793550205
41793550117
41793550255
41793550287
41793550123
41793550328
41793550116
41793550178
41793550093
41793550356
41793550118
41793550325
41793550196
41793550132
41793550388
41793550476
41793550510
41793550215
41793550175
41793550374
41793550206
41793550029
41793550211
41793550223
41793550242
41793550159
41793550140
41793550128
41793550091
41793550407
41793550263
41793550357
41793550162
41793550182
41793550094
41793550264
41793550520
41793550222
41793550256
41793550281
41793550195
41793550232
41793550311
41793550543
41793550629
41793550059
41793550069
41793550306
41793550454
41793550326
41793550165
41793550278
41793550213
41793550564
41793550265
41793550382
41793550424
41793550151
41793550623
41793550371
41793550244
41793550312
41793550189
41793550362
41793550220
41793550399
41793550100
41793550214
41793550389
41793550208
41793550231
41793550342
41793550449
41793550275
41793550696
41793550488
41793550267
41793550225
41793550107
41793550390
41793550297
41793550334
41793550226
41793550396
41793550149
41793550397
41793550593
41793550304
41793550432
41793550036
41793550204
41793550136
41793550805
41793550228
41793550240
41793550135
41793550482
41793550330
41793550318
41793550291
41793550501
41793550194
41793550436
41793550085
41793550380
41793550359
41793550729
41793550209
41793550343
41793550553
41793550656
41793550513
41793550470
41793550383
41793550688
41793550418
41793550288
41793550074
41793550409
41793550782
41793550502
41793550524
41793550365
41793550477
41793550584
41793550101
41793550355
41793550191
41793550379
41793550340
41793550363
41793550622
41793550433
41793550385
41793550400
41793550141
41793550448
41793550421
41793550347
41793550299
41793550445
41793550187
41793550444
41793550157
41793550266
41793550490
41793550499
41793550217
41793550426
41793550300
41793550261
41793550289
41793550235
41793550411
41793550840
41793550147
41793550625
41793550321
41793550367
41793550339
41793550338
41793550272
41793550124
41793550253
41793550410
41793550307
41793550807
41793550276
41793550615
41793550349
41793550322
41793550233
41793550369
41793550358
41793550401
41793550348
41793550517
41793550258
41793550274
41793550361
41793550529
41793550532
41793550835
41793550271
41793550555
41793550435
41793550707
41793550878
41793550269
41793550766
41793550567
41793550406
41793550911
41793550460
41793550582
41793550106
41793550250
41793550718
41793550568
41793550303
41793550619
41793550636
41793550575
41793550262
41793550172
41793550577
41793550561
41793550605
41793550169
41793550301
41793550111
41793550977
41793550668
41793550440
41793550352
41793550618
41793550420
41793550479
41793550414
41793550450
41793550336
41793550360
41793550860
41793550387
41793550455
41793550630
41793550366
41793550951
41793550569
41793550309
41793550559
41793550818
41793550870
41793550236
41793550663
41793550909
41793550331
41793550775
41793550503
41793550324
41793550186
41793550487
41793550563
41793550639
41793550933
41793550295
41793550221
41793550737
41793550761
41793550595
41793550453
41793550474
41793550393
41793550662
41793550259
41793550706
41793550247
41793550429
41793550723
41793550596
41793550549
41793550676
41793550345
41793550431
41793550504
41793550404
41793550514
41793550738
41793550350
41793550320
41793550685
41793550657
41793550588
41793550459
41793550642
41793550612
41793550551
41793550713
41793550719
41793550351
41793550778
41793550292
41793550199
41793550473
41793550395
41793550872
41793550314
41793550284
41793550711
41793550727
41793550748
41793550804
41793550537
41793550495
41793550486
41793550650
41793550587
41793550944
41793550576
41793550508
41793550507
41793550441
41793550491
41793550177
41793550511
41793550746
41793550830
41793550815
41793550716
41793550483
41793550814
41793550846
41793550344
41793550756
41793550677
41793550633
41793550585
41793550754
41793550898
41793550466
41793550539
41793550512
41793550522
41793550678
41793550679
41793550447
41793550457
41793550935
41793550961
41793550985
41793550967
41793550739
41793550655
41793550664
41793550545
41793550984
41793550849
41793550675
41793550589
41793550654
41793550442
41793550726
41793550979
41793550446
41793550461
41793550519
41793550991
41793550745
41793550542
41793550695
41793550277
41793550690
41793550574
41793550485
41793550546
41793550689
41793550822
41793550769
41793550973
41793550515
41793550758
41793550531
41793550591
41793550701
41793550471
41793550770
41793550910
41793550617
41793550969
41793550439
41793550626
41793550647
41793550798
41793550606
41793550995
41793550493
41793550794
41793550525
41793550714
41793550556
41793550528
41793550724
41793550708
41793550408
41793550801
41793550376
41793550521
41793550702
41793550736
41793550816
41793550241
41793550580
41793550509
41793550547
41793550788
41793550725
41793550932
41793550888
41793550802
41793550161
41793550620
41793550645
41793550833
41793550717
41793550732
41793550857
41793550683
41793550505
41793550282
41793550787
41793550686
41793550850
41793550558
41793550790
41793550861
41793550791
41793550628
41793550752
41793550786
41793550820
41793550730
41793550942
41793550914
41793550653
41793550797
41793550912
41793550562
41793550966
41793550847
41793550777
41793550315
41793550919
41793550891
41793550921
41793550661
41793550583
41793550665
41793550684
41793550550
41793550776
41793550658
41793550959
41793550624
41793550923
41793550579
41793550981
41793550651
41793550637
41793550887
41793550671
41793550925
41793550721
41793550682
41793550784
41793550946
41793550983
41793550956
41793550774
41793550917
41793550405
41793550803
41793550333
41793550931
41793550903
41793550749
41793550621
41793550941
41793550616
41793550673
41793550915
41793550901
41793550900
41793550975
41793550853
41793550669
41793550892
41793550929
41793550920
41793550785
41793550597
41793550867
41793550940
41793550859
41793550845
41793550692
41793550996
41793550943
41793550939
41793550990
41793550527
41793550715
41793550908
41793550733
41793550827
41793550881
41793550781
41793550755
41793550978
41793550924
41793550809
41793550699
41793550381
41793550762
41793550954
41793550430
41793550839
41793550976
41793550863
41793550767
41793550890
41793550832
41793550980
41793550811
41793550747
41793550947
41793550744
41793550964
41793550965
41793550895
41793550465
41793550907
41793550953
41793550423
41793550992
41793550871
41793550987
41793550962
41793550950
41793550893
41793550469
41793550934
41793550930
41793550970
41793550560
41793550763
41793550926
41793550994
41793550957
41793550904
41793550971
41793550982
41793559000
41793559018
41793559030
41793559003
41793559015
41793559016
41793559032
41793559023
41793559022
41793559025
41793559006
41793559020
41793559002
41793559024
41793559001
41793559008
41793559029
41793559012
41793559010
41793559021
41793559027
41793559005
41793559014
41793559028
41793559013
41793559094
41793559044
41793559100
41793559092
41793559113
41793559062
41793559173
41793559132
41793559034
41793559185
41793559147
41793559043
41793559211
41793559047
41793559040
41793559124
41793559165
41793559064
41793559042
41793559236
41793559115
41793559336
41793559216
41793559057
41793559066
41793559041
41793559090
41793559097
41793559096
41793559348
41793559081
41793559228
41793559201
41793559058
41793559167
41793559140
41793559486
41793559368
41793559249
41793559162
41793559126
41793559103
41793559202
41793559266
41793559192
41793559117
41793559039
41793559035
41793559074
41793559116
41793559152
41793559440
41793559148
41793559065
41793559136
41793559260
41793559055
41793559063
41793559484
41793559243
41793559350
41793559083
41793559053
41793559048
41793559131
41793559363
41793559085
41793559099
41793559310
41793559050
41793559007
41793559240
41793559237
41793559137
41793559127
41793559079
41793559069
41793559169
41793559075
41793559108
41793559164
41793559389
41793559149
41793559193
41793559349
41793559347
41793559230
41793559290
41793559604
41793559128
41793559254
41793559384
41793559179
41793559247
41793559045
41793559059
41793559455
41793559282
41793559277
41793559161
41793559354
41793559386
41793559203
41793559241
41793559315
41793559130
41793559328
41793559170
41793559068
41793559120
41793559087
41793559635
41793559106
41793559110
41793559278
41793559060
41793559144
41793559490
41793559076
41793559168
41793559077
41793559423
41793559111
41793559155
41793559322
41793559451
41793559373
41793559112
41793559435
41793559472
41793559242
41793559215
41793559181
41793559284
41793559098
41793559559
41793559337
41793559714
41793559444
41793559054
41793559304
41793559294
41793559295
41793559779
41793559513
41793559213
41793559200
41793559501
41793559264
41793559542
41793559421
41793559356
41793559642
41793559311
41793559702
41793559182
41793559379
41793559413
41793559276
41793559178
41793559095
41793559187
41793559409
41793559743
41793559445
41793559643
41793559188
41793559212
41793559191
41793559135
41793559566
41793559530
41793559365
41793559617
41793559250
41793559109
41793559232
41793559539
41793559296
41793559183
41793559190
41793559293
41793559649
41793559422
41793559877
41793559246
41793559582
41793559139
41793559343
41793559189
41793559841
41793559418
41793559286
41793559321
41793559815
41793559397
41793559145
41793559919
41793559414
41793559219
41793559425
41793559175
41793559256
41793559671
41793559656
41793559303
41793559704
41793559297
41793559209
41793559235
41793559891
41793559510
41793559316
41793559150
41793559195
41793559269
41793559204
41793559467
41793559220
41793559753
41793559258
41793559390
41793559359
41793559300
41793559522
41793559245
41793559056
41793559172
41793559306
41793559341
41793559279
41793559804
41793559415
41793559514
41793559285
41793559427
41793559485
41793559502
41793559198
41793559624
41793559677
41793559274
41793559578
41793559119
41793559466
41793559532
41793559829
41793559448
41793559947
41793559392
41793559261
41793559937
41793559631
41793559659
41793559487
41793559755
41793559527
41793559865
41793559334
41793559086
41793559608
41793559234
41793559214
41793559493
41793559370
41793559118
41793559265
41793559592
41793559452
41793559615
41793559598
41793559424
41793559576
41793559889
41793559351
41793559442
41793559253
41793559680
41793559707
41793559951
41793559787
41793559430
41793559790
41793559932
41793559101
41793559441
41793559997
41793559722
41793559174
41793559339
41793559400
41793559622
41793559674
41793559460
41793559355
41793559394
41793559761
41793559340
41793559366
41793559744
41793559732
41793559825
41793559874
41793559488
41793559508
41793559407
41793559495
41793559639
41793559602
41793559540
41793559590
41793559361
41793559573
41793559335
41793559383
41793559229
41793559754
41793559446
41793559628
41793559741
41793559345
41793559327
41793559776
41793559391
41793559665
41793559417
41793559393
41793559489
41793559683
41793559305
41793559301
41793559434
41793559661
41793559715
41793559984
41793559475
41793559989
41793559089
41793559619
41793559976
41793559331
41793559627
41793559477
41793559900
41793559177
41793559353
41793559654
41793559338
41793559709
41793559555
41793559610
41793559670
41793559750
41793559281
41793559675
41793559497
41793559552
41793559556
41793559594
41793559910
41793559752
41793559620
41793559553
41793559839
41793559948
41793559548
41793559711
41793559682
41793559387
41793559319
41793559302
41793559377
41793559867
41793559166
41793559378
41793559456
41793559886
41793559909
41793559981
41793559963
41793559225
41793559447
41793559739
41793559464
41793559612
41793559987
41793559591
41793559480
41793559824
41793559579
41793559843
41793559830
41793559288
41793559469
41793559476
41793559565
41793559521
41793559367
41793559921
41793559520
41793559511
41793559313
41793559788
41793559770
41793559362
41793559358
41793559251
41793559691
41793559105
41793559688
41793559644
41793559771
41793559946
41793559773
41793559572
41793559837
41793559902
41793559695
41793559751
41793559557
41793559528
41793559681
41793559549
41793559554
41793559519
41793559468
41793559571
41793559723
41793559289
41793559748
41793559996
41793559412
41793559411
41793559924
41793559561
41793559410
41793559958
41793559857
41793559401
41793559925
41793559292
41793559940
41793559693
41793559583
41793559918
41793559782
41793559503
41793559544
41793559945
41793559803
41793559816
41793559881
41793559630
41793559618
41793559526
41793559537
41793559871
41793559443
41793559759
41793559805
41793559636
41793559954
41793559314
41793559330
41793559453
41793559332
41793559809
41793559647
41793559596
41793559601
41793559978
41793559936
41793559662
41793559687
41793559964
41793559977
41793559524
41793559725
41793559588
41793559450
41793559985
41793559858
41793559944
41793559756
41793559835
41793559650
41793559525
41793559419
41793559846
41793559426
41793559575
41793559500
41793559470
41793559845
41793559689
41793559931
41793559633
41793559607
41793559735
41793559613
41793559904
41793559449
41793559701
41793559375
41793559609
41793559872
41793559708
41793559791
41793559991
41793559917
41793559262
41793559849
41793559560
41793559870
41793559971
41793559934
41793559883
41793559685
41793559531
41793559395
41793559916
41793559762
41793559637
41793559634
41793559731
41793559926
41793559967
41793559700
41793559928
41793559774
41793559570
41793559710
41793559913
41793559399
41793559953
41793559494
41793559905
41793559986
41793559564
41793559933
41793559906
41793559595
41793559833
41793559868
41793559507
41793559516
41793559941
41793559483
41793559956
41793559785
41793559822
41793559679
41793559923
41793559660
41793559499
41793559993
41793559772
41793559625
41793559533
41793559821
41793559673
41793559428
41793559901
41793559614
41793559706
41793559873
41793559651
41793559955
41793559721
41793559747
41793559935
41793559736
41793559541
41793559405
41793559903
41793559823
41793559737
41793559611
41793559727
41793559766
41793559834
41793559980
41793559758
41793559176
41793559729
41793559988
41793559992
41793559899
41793559546
41793559568
41793559817
41793559915
41793559820
41793559828
41793559698
41793559648
41793559848
41793559767
41793559949
41793559814
41793559882
41793559730
41793559875
41793559699
41793559930
41793559769
41793559876
41793559852
41793559968
41793559550
41793559800
41793559324
41793559864
41793559950
41793559491
41793559974
41793559786
41793559768
41793559960
41793559943
41793559862
41793559720
41793559812
41793559850
41793559895
41793559888
41793559975
41793559333
41793559927
41793559890
41793559742
41793559562
41793559995
41793559569
41793559920
41793559952
41793559982
41793559806
41793559641
41793559897
41793559893
41793559959
41793559515
41793559826
41793559879
41793559605
41793559966
41793559794
41793559939
41793559664
41793559802
41793559962
41793553000
41793553003
41793553016
41793553021
41793553027
41793553008
41793553023
41793553010
41793553001
41793553009
41793553014
41793553019
41793553020
41793553005
41793553022
41793553026
41793553029
41793553032
41793553013
41793553030
41793553048
41793553057
41793553199
41793553077
41793553119
41793553128
41793553058
41793553068
41793553065
41793553074
41793553084
41793553104
41793553114
41793553208
41793553043
41793553139
41793553146
41793553034
41793553094
41793553051
41793553038
41793553050
41793553178
41793553064
41793553154
41793553174
41793553187
41793553083
41793553069
41793553236
41793553111
41793553257
41793553292
41793553287
41793553294
41793553195
41793553153
41793553076
41793553070
41793553044
41793553035
41793553201
41793553042
41793553091
41793553303
41793553137
41793553183
41793553131
41793553133
41793553101
41793553259
41793553120
41793553107
41793553135
41793553108
41793553205
41793553151
41793553110
41793553331
41793553127
41793553118
41793553232
41793553085
41793553130
41793553049
41793553116
41793553158
41793553203
41793553211
41793553170
41793553191
41793553041
41793553197
41793553260
41793553141
41793553234
41793553099
41793553262
41793553055
41793553172
41793553241
41793553062
41793553122
41793553333
41793553103
41793553086
41793553218
41793553167
41793553286
41793553186
41793553194
41793553353
41793553270
41793553161
41793553067
41793553073
41793553124
41793553235
41793553164
41793553144
41793553346
41793553233
41793553166
41793553310
41793553267
41793553189
41793553129
41793553229
41793553314
41793553252
41793553227
41793553112
41793553080
41793553150
41793553160
41793553204
41793553298
41793553075
41793553358
41793553185
41793553302
41793553132
41793553223
41793553061
41793553306
41793553147
41793553327
41793553243
41793553324
41793553179
41793553163
41793553269
41793553278
41793553254
41793553209
41793553226
41793553297
41793553265
41793553113
41793553282
41793553176
41793553281
41793553355
41793553136
41793553352
41793553059
41793553171
41793553284
41793553295
41793553293
41793553321
41793553121
41793553053
41793553308
41793553212
41793553337
41793553279
41793553222
41793553246
41793553247
41793553304
41793553188
41793553350
41793553231
41793553215
41793553155
41793553339
41793553275
41793553329
41793553115
41793553357
41793553175
41793553338
41793553162
41793553313
41793553356
41793553354
41793553180
41793553140
41793553190
41793553126
41793553341
41793553323
41793553319
41793553237
41793553224
41793553317
41793553336
41793553258
41793553268
41793553216
41793553301
41793553202
41793553344
41793553181
41793553255
41793553230
41793553351
41793553200
41793553330
41793553332
41793553228
41793553300
41793553322
41793553311
41793553318
41793553363
41793553366
41793553360
41793553384
41793553362
41793553376
41793553375
41793553381
41793553388
41793553372
41793553377
41793553378
41793553370
41793553367
41793553386
41793553365
41793553374
41793553383
41793553389
41793553382
41793553415
41793553425
41793553437
41793553461
41793553400
41793553414
41793553408
41793553430
41793553446
41793553447
41793553456
41793553691
41793553454
41793553403
41793553494
41793553470
41793553477
41793553580
41793553514
41793553426
41793553507
41793553547
41793553560
41793553423
41793553413
41793553463
41793553598
41793553485
41793553492
41793553480
41793553427
41793553487
41793553623
41793553469
41793553663
41793553435
41793553401
41793553393
41793553701
41793553591
41793553578
41793553617
41793553530
41793553419
41793553407
41793553505
41793553440
41793553439
41793553396
41793553411
41793553404
41793553629
41793553537
41793553479
41793553636
41793553497
41793553714
41793553417
41793553472
41793553409
41793553611
41793553511
41793553649
41793553466
41793553599
41793553436
41793553397
41793553444
41793553484
41793553526
41793553504
41793553593
41793553544
41793553551
41793553576
41793553491
41793553661
41793553520
41793553493
41793553545
41793553672
41793553464
41793553399
41793553402
41793553445
41793553625
41793553424
41793553543
41793553392
41793553586
41793553428
41793553567
41793553615
41793553529
41793553564
41793553475
41793553524
41793553501
41793553513
41793553429
41793553394
41793553468
41793553656
41793553422
41793553462
41793553498
41793553570
41793553486
41793553597
41793553431
41793553669
41793553698
41793553516
41793553448
41793553690
41793553556
41793553508
41793553569
41793553561
41793553585
41793553678
41793553548
41793553460
41793553689
41793553703
41793553618
41793553433
41793553458
41793553455
41793553675
41793553525
41793553628
41793553553
41793553589
41793553465
41793553640
41793553657
41793553471
41793553665
41793553607
41793553710
41793553581
41793553587
41793553708
41793553562
41793553680
41793553512
41793553610
41793553535
41793553594
41793553606
41793553627
41793553688
41793553682
41793553559
41793553684
41793553506
41793553613
41793553612
41793553538
41793553664
41793553595
41793553679
41793553510
41793553638
41793553575
41793553634
41793553536
41793553509
41793553650
41793553572
41793553659
41793553502
41793553652
41793553521
41793553711
41793553533
41793553539
41793553647
41793553590
41793553683
41793553563
41793553602
41793553704
41793553546
41793553476
41793553596
41793553515
41793553696
41793553639
41793553616
41793553707
41793553488
41793553489
41793553574
41793553646
41793553668
41793553605
41793553550
41793553604
41793553600
41793553579
41793553674
41793553622
41793553671
41793553554
41793553706
41793553609
41793553620
41793553549
41793553633
41793553552
41793553667
41793553645
41793553713
41793553573
41793553568
41793553712
41793553583
41793553566
41793553630
41793553697
41793553632
41793553642
41793553658
41793553532
41793553740
41793553739
41793553733
41793553720
41793553722
41793553731
41793553737
41793553742
41793553716
41793553723
41793553735
41793553749
41793553744
41793553743
41793553736
41793553734
41793553727
41793553750
41793553728
41793553748
41793553719
41793553747
41793553724
41793553746
41793553785
41793553804
41793553762
41793553764
41793553815
41793553752
41793553777
41793553819
41793553835
41793553769
41793553783
41793553765
41793553818
41793553775
41793553789
41793553817
41793553823
41793553787
41793553822
41793553772
41793553760
41793553805
41793553807
41793553800
41793553816
41793553832
41793553770
41793553811
41793553801
41793553756
41793553837
41793553778
41793553776
41793553826
41793553794
41793553768
41793553813
41793553788
41793553751
41793553830
41793553759
41793553824
41793553806
41793553790
41793553766
41793553808
41793553799
41793553782
41793553793
41793553780
41793553828
41793553831
41793553912
41793553853
41793553850
41793553887
41793553854
41793553874
41793553864
41793553865
41793553885
41793553878
41793553888
41793553894
41793553889
41793553866
41793553882
41793553863
41793553918
41793553844
41793553859
41793553914
41793553895
41793553923
41793553919
41793553873
41793553841
41793553917
41793553906
41793553848
41793553908
41793553915
41793553904
41793553845
41793553857
41793553871
41793553897
41793553920
41793553860
41793553881
41793553872
41793553907
41793553896
41793553902
41793553913
41793553921
41793553903
41793553924
41793553861
41793553877
41793553909
41793553851
41793553891
41793553911
41793553925
41793553927
41793553892
41793553905
41793553880
41793553883
41793553916
41793553910
41793553932
41793553934
41793553938
41793553931
41793553930
41793553928
41793553939
41793553933
41793553955
41793553949
41793553945
41793553942
41793553929
41793553935
41793553951
41793553953
41793553954
41793553948
41793553952
41793553957
41793553959
41793553936
41793553946
41793553971
41793553983
41793553964
41793553963
41793553986
41793553980
41793553975
41793553977
41793553989
41793553972
41793553993
41793553991
41793553982
41793553985
41793553968
41793553970
41793553984
41793553990
41793553992
41793553996
41793553969
41793553999
41793551004
41793551003
41793551015
41793551018
41793551028
41793551031
41793551007
41793551013
41793551025
41793551030
41793551026
41793551010
41793551033
41793551027
41793551005
41793551008
41793551002
41793551014
41793551023
41793551021
41793551029
41793551050
41793551107
41793551034
41793551068
41793551061
41793551086
41793551042
41793551071
41793551110
41793551113
41793551084
41793551097
41793551096
41793551133
41793551147
41793551106
41793551112
41793551120
41793551109
41793551171
41793551158
41793551104
41793551302
41793551035
41793551156
41793551090
41793551064
41793551091
41793551040
41793551087
41793551108
41793551393
41793551045
41793551054
41793551148
41793551055
41793551224
41793551167
41793551247
41793551058
41793551125
41793551144
41793551157
41793551146
41793551363
41793551383
41793551063
41793551037
41793551135
41793551194
41793551181
41793551060
41793551274
41793551043
41793551278
41793551291
41793551187
41793551088
41793551154
41793551076
41793551116
41793551077
41793551094
41793551046
41793551080
41793551065
41793551367
41793551128
41793551051
41793551357
41793551241
41793551126
41793551140
41793551275
41793551132
41793551308
41793551179
41793551073
41793551589
41793551351
41793551066
41793551124
41793551117
41793551041
41793551099
41793551136
41793551182
41793551213
41793551074
41793551208
41793551129
41793551092
41793551201
41793551555
41793551145
41793551115
41793551219
41793551122
41793551317
41793551209
41793551178
41793551366
41793551250
41793551036
41793551678
41793551079
41793551222
41793551304
41793551168
41793551346
41793551413
41793551251
41793551556
41793551085
41793551052
41793551188
41793551210
41793551255
41793551512
41793551511
41793551244
41793551515
41793551816
41793551130
41793551294
41793551639
41793551586
41793551495
41793551568
41793551114
41793551164
41793551625
41793551070
41793551401
41793551225
41793551142
41793551412
41793551309
41793551184
41793551246
41793551415
41793551081
41793551676
41793551435
41793551479
41793551646
41793551048
41793551378
41793551455
41793551293
41793551406
41793551483
41793551418
41793551072
41793551307
41793551228
41793551119
41793551161
41793551259
41793551533
41793551466
41793551288
41793551207
41793551371
41793551138
41793551532
41793551257
41793551464
41793551239
41793551253
41793551382
41793551471
41793551193
41793551264
41793551165
41793551334
41793551252
41793551243
41793551192
41793551075
41793551240
41793551137
41793551526
41793551053
41793551381
41793551186
41793551315
41793551295
41793551149
41793551619
41793551673
41793551353
41793551463
41793551441
41793551364
41793551261
41793551432
41793551370
41793551486
41793551249
41793551728
41793551417
41793551476
41793551322
41793551447
41793551199
41793551689
41793551708
41793551347
41793551311
41793551614
41793551421
41793551232
41793551621
41793551312
41793551185
41793551290
41793551648
41793551127
41793551953
41793551770
41793551151
41793551514
41793551442
41793551867
41793551548
41793551478
41793551260
41793551445
41793551152
41793551892
41793551335
41793551217
41793551324
41793551587
41793551368
41793551205
41793551131
41793551267
41793551460
41793551937
41793551159
41793551292
41793551487
41793551318
41793551570
41793551100
41793551339
41793551348
41793551170
41793551662
41793551719
41793551403
41793551422
41793551319
41793551516
41793551875
41793551269
41793551141
41793551883
41793551863
41793551859
41793551567
41793551652
41793551305
41793551446
41793551748
41793551534
41793551767
41793551927
41793551303
41793551270
41793551858
41793551542
41793551626
41793551649
41793551546
41793551692
41793551245
41793551559
41793551513
41793551234
41793551984
41793551690
41793551575
41793551603
41793551390
41793551227
41793551484
41793551392
41793551361
41793551427
41793551271
41793551444
41793551191
41793551449
41793551529
41793551627
41793551857
41793551823
41793551285
41793551388
41793551612
41793551396
41793551462
41793551504
41793551503
41793551296
41793551362
41793551436
41793551699
41793551745
41793551565
41793551694
41793551277
41793551686
41793551202
41793551172
41793551550
41793551301
41793551397
41793551173
41793551211
41793551218
41793551865
41793551189
41793551405
41793551709
41793551428
41793551404
41793551333
41793551615
41793551714
41793551780
41793551451
41793551342
41793551644
41793551912
41793551645
41793551310
41793551429
41793551338
41793551873
41793551585
41793551879
41793551387
41793551727
41793551721
41793551665
41793551525
41793551438
41793551943
41793551369
41793551206
41793551437
41793551945
41793551679
41793551375
41793551601
41793551779
41793551684
41793551473
41793551537
41793551592
41793551761
41793551398
41793551938
41793551452
41793551688
41793551653
41793551637
41793551825
41793551656
41793551666
41793551456
41793551313
41793551663
41793551331
41793551480
41793551229
41793551343
41793551214
41793551931
41793551818
41793551394
41793551540
41793551299
41793551654
41793551554
41793551881
41793551604
41793551610
41793551467
41793551785
41793551517
41793551352
41793551630
41793551838
41793551552
41793551693
41793551712
41793551790
41793551871
41793551617
41793551922
41793551847
41793551499
41793551682
41793551691
41793551973
41793551376
41793551283
41793551754
41793551906
41793551419
41793551755
41793551535
41793551623
41793551049
41793551810
41793551738
41793551336
41793551783
41793551491
41793551595
41793551729
41793551426
41793551687
41793551735
41793551216
41793551918
41793551698
41793551862
41793551450
41793551365
41793551717
41793551459
41793551519
41793551936
41793551771
41793551521
41793551609
41793551502
41793551671
41793551424
41793551667
41793551830
41793551300
41793551547
41793551812
41793551868
41793551602
41793551454
41793551497
41793551655
41793551160
41793551659
41793551557
41793551703
41793551374
41793551256
41793551700
41793551574
41793551279
41793551642
41793551489
41793551935
41793551600
41793551613
41793551407
41793551893
41793551933
41793551400
41793551329
41793551634
41793551811
41793551751
41793551900
41793551316
41793551599
41793551832
41793551793
41793551410
41793551872
41793551434
41793551815
41793551749
41793551500
41793551536
41793551541
41793551826
41793551840
41793551616
41793551522
41793551177
41793551880
41793551851
41793551389
41793551507
41793551921
41793551433
41793551573
41793551551
41793551576
41793551797
41793551821
41793551465
41793551354
41793551969
41793551904
41793551800
41793551941
41793551598
41793551355
41793551650
41793551591
41793551760
41793551544
41793551680
41793551791
41793551706
41793551850
41793551509
41793551901
41793551482
41793551743
41793551956
41793551932
41793551834
41793551360
41793551328
41793551657
41793551756
41793551605
41793551718
41793551886
41793551831
41793551477
41793551611
41793551769
41793551940
41793551321
41793551635
41793551952
41793551919
41793551809
41793551798
41793551668
41793551864
41793551928
41793551951
41793551530
41793551925
41793551764
41793551730
41793551549
41793551828
41793551841
41793551878
41793551528
41793551954
41793551920
41793551787
41793551963
41793551902
41793551965
41793551942
41793551949
41793551970
41793551734
41793551636
41793551439
41793551766
41793551905
41793551890
41793551705
41793551715
41793551631
41793551775
41793551961
41793551976
41793551683
41793551993
41793551772
41793551856
41793551571
41793551739
41793551677
41793551647
41793551765
41793551958
41793551866
41793551833
41793551488
41793551747
41793551846
41793551720
41793551579
41793551913
41793551572
41793551955
41793551736
41793551835
41793551808
41793551861
41793551822
41793551702
41793551979
41793551891
41793551707
41793551909
41793551744
41793551889
41793551722
41793551805
41793551741
41793551786
41793551608
41793551987
41793551924
41793551723
41793551789
41793551968
41793551986
41793551876
41793551713
41793551882
41793551839
41793551860
41793551658
41793551758
41793551777
41793551897
41793551814
41793551704
41793551853
41793551959
41793551974
41793551982
41793551485
41793551581
41793552000
41793552003
41793552007
41793552028
41793552020
41793552010
41793552006
41793552017
41793552019
41793552002
41793552018
41793552032
41793552026
41793552009
41793552021
41793552008
41793552016
41793552025
41793552005
41793552022
41793552011
41793552054
41793552119
41793552121
41793552160
41793552246
41793552288
41793552065
41793552045
41793552043
41793552085
41793552100
41793552115
41793552117
41793552090
41793552066
41793552141
41793552049
41793552138
41793552254
41793552062
41793552051
41793552081
41793552111
41793552044
41793552075
41793552313
41793552291
41793552120
41793552248
41793552146
41793552299
41793552169
41793552171
41793552181
41793552034
41793552200
41793552176
41793552035
41793552061
41793552064
41793552060
41793552057
41793552046
41793552098
41793552108
41793552068
41793552058
41793552096
41793552143
41793552063
41793552151
41793552152
41793552112
41793552126
41793552233
41793552055
41793552218
41793552201
41793552080
41793552285
41793552180
41793552056
41793552070
41793552170
41793552069
41793552309
41793552127
41793552259
41793552042
41793552237
41793552135
41793552267
41793552078
41793552033
41793552175
41793552086
41793552374
41793552325
41793552140
41793552136
41793552216
41793552192
41793552215
41793552436
41793552074
41793552231
41793552310
41793552318
41793552277
41793552094
41793552087
41793552213
41793552050
41793552239
41793552238
41793552252
41793552499
41793552274
41793552185
41793552289
41793552333
41793552166
41793552547
41793552129
41793552311
41793552163
41793552320
41793552445
41793552335
41793552193
41793552240
41793552352
41793552235
41793552279
41793552337
41793552204
41793552545
41793552427
41793552266
41793552219
41793552409
41793552303
41793552391
41793552495
41793552194
41793552460
41793552036
41793552360
41793552369
41793552142
41793552280
41793552260
41793552358
41793552396
41793552272
41793552403
41793552372
41793552276
41793552131
41793552205
41793552442
41793552336
41793552188
41793552211
41793552130
41793552402
41793552241
41793552424
41793552371
41793552073
41793552223
41793552308
41793552153
41793552384
41793552765
41793552489
41793552700
41793552161
41793552428
41793552227
41793552496
41793552339
41793552268
41793552225
41793552110
41793552373
41793552355
41793552077
41793552653
41793552370
41793552344
41793552453
41793552510
41793552312
41793552327
41793552347
41793552515
41793552178
41793552361
41793552250
41793552449
41793552557
41793552294
41793552284
41793552647
41793552113
41793552251
41793552329
41793552123
41793552349
41793552316
41793552701
41793552083
41793552359
41793552234
41793552464
41793552174
41793552521
41793552435
41793552483
41793552590
41793552479
41793552394
41793552332
41793552579
41793552338
41793552659
41793552208
41793552817
41793552538
41793552725
41793552228
41793552340
41793552286
41793552665
41793552705
41793552154
41793552562
41793552519
41793552856
41793552410
41793552079
41793552190
41793552799
41793552908
41793552221
41793552164
41793552421
41793552314
41793552812
41793552232
41793552244
41793552118
41793552497
41793552270
41793552093
41793552539
41793552363
41793552365
41793552524
41793552381
41793552433
41793552125
41793552273
41793552275
41793552711
41793552507
41793552425
41793552478
41793552247
41793552258
41793552378
41793552261
41793552366
41793552393
41793552618
41793552186
41793552383
41793552952
41793552473
41793552671
41793552532
41793552315
41793552472
41793552672
41793552683
41793552262
41793552304
41793552848
41793552155
41793552400
41793552599
41793552082
41793552345
41793552446
41793552530
41793552690
41793552158
41793552986
41793552650
41793552255
41793552416
41793552868
41793552910
41793552513
41793552707
41793552582
41793552528
41793552493
41793552183
41793552429
41793552903
41793552502
41793552482
41793552397
41793552833
41793552558
41793552362
41793552490
41793552646
41793552566
41793552283
41793552444
41793552324
41793552423
41793552641
41793552639
41793552458
41793552296
41793552864
41793552470
41793552913
41793552343
41793552670
41793552278
41793552774
41793552918
41793552408
41793552367
41793552658
41793552257
41793552635
41793552417
41793552514
41793552537
41793552516
41793552540
41793552440
41793552997
41793552682
41793552448
41793552195
41793552630
41793552738
41793552552
41793552662
41793552411
41793552439
41793552501
41793552551
41793552543
41793552319
41793552955
41793552824
41793552685
41793552305
41793552392
41793552415
41793552287
41793552559
41793552134
41793552587
41793552652
41793552420
41793552956
41793552697
41793552346
41793552230
41793552488
41793552321
41793552886
41793552560
41793552541
41793552675
41793552454
41793552649
41793552850
41793552726
41793552605
41793552645
41793552293
41793552905
41793552476
41793552676
41793552827
41793552721
41793552350
41793552796
41793552689
41793552714
41793552756
41793552633
41793552412
41793552744
41793552382
41793552603
41793552715
41793552983
41793552463
41793552923
41793552611
41793552604
41793552847
41793552966
41793552681
41793552742
41793552580
41793552631
41793552770
41793552669
41793552688
41793552678
41793552703
41793552919
41793552326
41793552575
41793552591
41793552623
41793552834
41793552527
41793552447
41793552627
41793552992
41793552481
41793552574
41793552719
41793552826
41793552491
41793552953
41793552622
41793552595
41793552730
41793552443
41793552806
41793552829
41793552993
41793552553
41793552724
41793552456
41793552504
41793552772
41793552881
41793552486
41793552455
41793552768
41793552849
41793552777
41793552663
41793552802
41793552736
41793552525
41793552450
41793552717
41793552477
41793552963
41793552505
41793552922
41793552619
41793552940
41793552814
41793552968
41793552748
41793552755
41793552984
41793552975
41793552865
41793552747
41793552177
41793552438
41793552509
41793552583
41793552951
41793552934
41793552696
41793552702
41793552564
41793552788
41793552617
41793552904
41793552803
41793552422
41793552894
41793552601
41793552972
41793552842
41793552693
41793552797
41793552629
41793552348
41793552989
41793552687
41793552971
41793552576
41793552634
41793552503
41793552210
41793552780
41793552811
41793552935
41793552713
41793552636
41793552828
41793552804
41793552965
41793552844
41793552880
41793552893
41793552873
41793552860
41793552760
41793552739
41793552771
41793552608
41793552529
41793552779
41793552942
41793552615
41793552888
41793552877
41793552666
41793552855
41793552475
41793552758
41793552610
41793552883
41793552845
41793552764
41793552911
41793552980
41793552500
41793552353
41793552661
41793552648
41793552869
41793552900
41793552654
41793552859
41793552947
41793552878
41793552786
41793552750
41793552498
41793552766
41793552674
41793552933
41793552628
41793552533
41793552891
41793552589
41793552379
41793552930
41793552749
41793552577
41793552441
41793552927
41793552832
41793552962
41793552895
41793552987
41793552775
41793552585
41793552920
41793552414
41793552890
41793552761
41793552981
41793552039
41793552584
41793552852
41793552651
41793552767
41793552820
41793552563
41793552695
41793552967
41793552977
41793552792
41793552857
41793552047
41793552457
41793552837
41793552892
41793552795
41793552586
41793552809
41793552484
41793552941
41793552924
41793552839
41793552973
41793552613
41793552800
41793552858
41793552741
41793552757
41793552778
41793552459
41793552960
41793552835
41793552751
41793552354
41793552976
41793552782
41793552932
41793552531
41793552867
41793552526
41793552988
41793552754
41793552838
41793552846
41793552784
41793552871
41793552957
41793552720
41793552740
41793552978
41793552991
41793552773
41793552884
41793552925
41793558006
41793558025
41793558029
41793558007
41793558022
41793558018
41793558023
41793558015
41793558010
41793558003
41793558016
41793558009
41793558020
41793558028
41793558032
41793558001
41793558012
41793558026
41793558013
41793558024
41793558021
41793558069
41793558123
41793558044
41793558035
41793558036
41793558056
41793558073
41793558092
41793558104
41793558118
41793558085
41793558144
41793558188
41793558185
41793558205
41793558237
41793558241
41793558046
41793558130
41793558223
41793558047
41793558149
41793558145
41793558039
41793558109
41793558229
41793558075
41793558055
41793558040
41793558307
41793558065
41793558094
41793558052
41793558166
41793558136
41793558163
41793558033
41793558105
41793558081
41793558096
41793558158
41793558162
41793558168
41793558058
41793558187
41793558084
41793558236
41793558071
41793558156
41793558078
41793558204
41793558089
41793558048
41793558176
41793558305
41793558133
41793558080
41793558335
41793558049
41793558181
41793558103
41793558086
41793558068
41793558132
41793558037
41793558067
41793558245
41793558191
41793558480
41793558210
41793558200
41793558131
41793558173
41793558140
41793558070
41793558142
41793558266
41793558207
41793558516
41793558244
41793558325
41793558115
41793558042
41793558319
41793558174
41793558281
41793558340
41793558264
41793558352
41793558146
41793558396
41793558426
41793558186
41793558366
41793558682
41793558215
41793558309
41793558141
41793558509
41793558182
41793558284
41793558102
41793558345
41793558255
41793558283
41793558198
41793558066
41793558227
41793558317
41793558062
41793558328
41793558683
41793558294
41793558126
41793558330
41793558524
41793558457
41793558234
41793558108
41793558586
41793558148
41793558572
41793558220
41793558392
41793558209
41793558746
41793558125
41793558489
41793558442
41793558082
41793558193
41793558233
41793558313
41793558137
41793558201
41793558297
41793558367
41793558416
41793558190
41793558635
41793558355
41793558329
41793558083
41793558357
41793558121
41793558437
41793558393
41793558446
41793558267
41793558563
41793558260
41793558203
41793558213
41793558397
41793558360
41793558192
41793558217
41793558135
41793558138
41793558318
41793558508
41793558302
41793558289
41793558607
41793558373
41793558323
41793558668
41793558587
41793558749
41793558338
41793558269
41793558254
41793558594
41793558528
41793558845
41793558256
41793558169
41793558288
41793558615
41793558636
41793558415
41793558438
41793558076
41793558754
41793558830
41793558719
41793558734
41793558522
41793558350
41793558326
41793558363
41793558548
41793558433
41793558651
41793558167
41793558678
41793558344
41793558263
41793558595
41793558588
41793558295
41793558460
41793558450
41793558580
41793558155
41793558909
41793558327
41793558247
41793558737
41793558222
41793558216
41793558649
41793558299
41793558429
41793558088
41793558248
41793558356
41793558314
41793558235
41793558645
41793558211
41793558474
41793558150
41793558272
41793558611
41793558954
41793558124
41793558752
41793558436
41793558981
41793558669
41793558487
41793558505
41793558464
41793558206
41793558312
41793558320
41793558458
41793558858
41793558466
41793558674
41793558322
41793558722
41793558308
41793558564
41793558515
41793558273
41793558180
41793558503
41793558448
41793558972
41793558463
41793558221
41793558735
41793558445
41793558835
41793558428
41793558593
41793558177
41793558526
41793558383
41793558440
41793558481
41793558677
41793558390
41793558782
41793558653
41793558646
41793558411
41793558303
41793558630
41793558520
41793558371
41793558529
41793558547
41793558704
41793558638
41793558432
41793558376
41793558333
41793558477
41793558642
41793558686
41793558523
41793558833
41793558887
41793558324
41793558884
41793558538
41793558982
41793558218
41793558343
41793558550
41793558400
41793558387
41793558405
41793558531
41793558610
41793558494
41793558339
41793558700
41793558708
41793558753
41793558785
41793558626
41793558361
41793558718
41793558470
41793558253
41793558791
41793558226
41793558449
41793558476
41793558783
41793558571
41793558419
41793558533
41793558452
41793558536
41793558252
41793558589
41793558660
41793558507
41793558271
41793558500
41793558684
41793558874
41793558784
41793558689
41793558430
41793558527
41793558624
41793558461
41793558629
41793558916
41793558542
41793558813
41793558988
41793558469
41793558490
41793558732
41793558862
41793558492
41793558282
41793558823
41793558539
41793558510
41793558478
41793558822
41793558556
41793558485
41793558391
41793558583
41793558779
41793558384
41793558969
41793558300
41793558643
41793558592
41793558861
41793558741
41793558775
41793558667
41793558525
41793558425
41793558965
41793558949
41793558904
41793558951
41793558386
41793558406
41793558821
41793558933
41793558612
41793558443
41793558621
41793558846
41793558856
41793558740
41793558537
41793558453
41793558551
41793558351
41793558455
41793558278
41793558986
41793558699
41793558650
41793558602
41793558918
41793558806
41793558311
41793558482
41793558454
41793558880
41793558947
41793558567
41793558663
41793558706
41793558605
41793558468
41793558472
41793558797
41793558849
41793558274
41793558628
41793558506
41793558795
41793558905
41793558843
41793558680
41793558413
41793558404
41793558967
41793558590
41793558566
41793558762
41793558970
41793558789
41793558780
41793558773
41793558341
41793558703
41793558725
41793558658
41793558770
41793558975
41793558479
41793558473
41793558977
41793558676
41793558915
41793558721
41793558958
41793558876
41793558613
41793558800
41793558934
41793558513
41793558792
41793558711
41793558654
41793558715
41793558878
41793558570
41793558640
41793558877
41793558577
41793558993
41793558332
41793558852
41793558765
41793558655
41793558796
41793558518
41793558717
41793558504
41793558911
41793558903
41793558870
41793558985
41793558431
41793558459
41793558871
41793558989
41793558942
41793558581
41793558744
41793558996
41793558385
41793558600
41793558962
41793558565
41793558617
41793558885
41793558853
41793558714
41793558837
41793558757
41793558900
41793558675
41793558484
41793558902
41793558575
41793558576
41793558850
41793558807
41793558672
41793558781
41793558606
41793558995
41793558739
41793558622
41793558521
41793558712
41793558475
41793558730
41793558769
41793558912
41793558817
41793558786
41793558910
41793558679
41793558828
41793558827
41793558483
41793558854
41793558559
41793558991
41793558788
41793558688
41793558637
41793558810
41793558961
41793558840
41793558569
41793558623
41793558766
41793558855
41793558860
41793558976
41793558582
41793558601
41793558992
41793558963
41793558656
41793558841
41793558895
41793558921
41793558709
41793558893
41793558907
41793558898
41793558978
41793558966
41793558869
41793558930
41793558771
41793558968
41793558819
41793558648
41793558868
41793558957
41793558919
41793558901
41793558627
41793558848
41793558956
41793558774
41793558940
41793558922
41793558603
41793558802
41793558931
41793558866
41793558929
41793558943
41793558778
41793558842
41793558847
41793558950
41793558990
41793558987
41793558768
41793558750
41793558906
41793557010
41793557006
41793557002
41793557012
41793557021
41793557013
41793557025
41793557017
41793557019
41793557007
41793557014
41793557022
41793557009
41793557024
41793557030
41793557004
41793557018
41793557016
41793557005
41793557023
41793557031
41793557048
41793557166
41793557218
41793557087
41793557125
41793557056
41793557089
41793557126
41793557115
41793557034
41793557033
41793557044
41793557091
41793557080
41793557116
41793557119
41793557102
41793557186
41793557065
41793557145
41793557042
41793557038
41793557130
41793557135
41793557062
41793557175
41793557207
41793557060
41793557097
41793557120
41793557068
41793557043
41793557147
41793557085
41793557077
41793557275
41793557061
41793557045
41793557161
41793557286
41793557287
41793557193
41793557299
41793557084
41793557111
41793557039
41793557144
41793557239
41793557182
41793557177
41793557076
41793557047
41793557137
41793557154
41793557106
41793557113
41793557092
41793557225
41793557336
41793557090
41793557180
41793557150
41793557049
41793557104
41793557340
41793557055
41793557249
41793557281
41793557050
41793557339
41793557251
41793557052
41793557123
41793557278
41793557105
41793557215
41793557227
41793557127
41793557204
41793557176
41793557167
41793557118
41793557066
41793557036
41793557304
41793557185
41793557254
41793557101
41793557114
41793557100
41793557149
41793557070
41793557121
41793557179
41793557224
41793557190
41793557071
41793557285
41793557093
41793557139
41793557216
41793557288
41793557292
41793557209
41793557094
41793557192
41793557211
41793557333
41793557332
41793557274
41793557163
41793557248
41793557273
41793557271
41793557164
41793557178
41793557098
41793557169
41793557157
41793557259
41793557155
41793557345
41793557348
41793557095
41793557264
41793557078
41793557200
41793557232
41793557300
41793557228
41793557184
41793557342
41793557265
41793557283
41793557203
41793557196
41793557247
41793557158
41793557223
41793557241
41793557148
41793557191
41793557141
41793557252
41793557086
41793557303
41793557315
41793557305
41793557349
41793557117
41793557134
41793557181
41793557208
41793557329
41793557240
41793557237
41793557320
41793557328
41793557160
41793557197
41793557266
41793557311
41793557214
41793557324
41793557280
41793557260
41793557172
41793557171
41793557323
41793557246
41793557143
41793557133
41793557257
41793557327
41793557313
41793557142
41793557212
41793557234
41793557272
41793557277
41793557290
41793557202
41793557165
41793557242
41793557198
41793557293
41793557289
41793557255
41793557322
41793557314
41793557310
41793557297
41793557291
41793557317
41793557168
41793557347
41793557302
41793557321
41793557334
41793557335
41793557373
41793557363
41793557353
41793557362
41793557364
41793557351
41793557371
41793557356
41793557374
41793557382
41793557368
41793557375
41793557378
41793557360
41793557381
41793557367
41793557379
41793557358
41793557380
41793557359
41793557388
41793557394
41793557505
41793557447
41793557476
41793557463
41793557393
41793557384
41793557435
41793557407
41793557415
41793557498
41793557440
41793557444
41793557437
41793557555
41793557464
41793557589
41793557471
41793557488
41793557400
41793557489
41793557524
41793557526
41793557418
41793557536
41793557491
41793557408
41793557426
41793557486
41793557448
41793557521
41793557465
41793557403
41793557432
41793557554
41793557430
41793557493
41793557518
41793557401
41793557615
41793557529
41793557512
41793557416
41793557441
41793557434
41793557655
41793557396
41793557412
41793557497
41793557466
41793557573
41793557422
41793557457
41793557419
41793557473
41793557494
41793557528
41793557664
41793557643
41793557507
41793557676
41793557622
41793557455
41793557501
41793557559
41793557609
41793557392
41793557549
41793557629
41793557516
41793557513
41793557556
41793557645
41793557443
41793557567
41793557449
41793557590
41793557596
41793557511
41793557583
41793557453
41793557383
41793557696
41793557482
41793557450
41793557658
41793557625
41793557595
41793557410
41793557385
41793557502
41793557537
41793557538
41793557424
41793557467
41793557454
41793557475
41793557600
41793557579
41793557413
41793557542
41793557621
41793557603
41793557682
41793557644
41793557483
41793557604
41793557648
41793557456
41793557387
41793557451
41793557619
41793557472
41793557677
41793557551
41793557662
41793557630
41793557534
41793557438
41793557460
41793557560
41793557640
41793557607
41793557628
41793557470
41793557637
41793557631
41793557666
41793557678
41793557646
41793557624
41793557548
41793557665
41793557499
41793557510
41793557599
41793557688
41793557591
41793557544
41793557593
41793557574
41793557649
41793557462
41793557421
41793557681
41793557458
41793557517
41793557477
41793557530
41793557691
41793557490
41793557527
41793557660
41793557576
41793557584
41793557568
41793557535
41793557545
41793557601
41793557605
41793557651
41793557468
41793557679
41793557565
41793557484
41793557694
41793557582
41793557671
41793557675
41793557685
41793557469
41793557663
41793557632
41793557506
41793557546
41793557650
41793557509
41793557586
41793557639
41793557656
41793557690
41793557647
41793557657
41793557610
41793557695
41793557654
41793557653
41793557673
41793557602
41793557693
41793557608
41793557652
41793557680
41793557670
41793557683
41793557391
41793557719
41793557708
41793557707
41793557715
41793557700
41793557713
41793557705
41793557733
41793557727
41793557728
41793557722
41793557710
41793557717
41793557703
41793557730
41793557709
41793557732
41793557723
41793557716
41793557704
41793557714
41793557795
41793557801
41793557734
41793557739
41793557754
41793557759
41793557775
41793557743
41793557776
41793557747
41793557782
41793557766
41793557753
41793557751
41793557746
41793557737
41793557750
41793557796
41793557817
41793557762
41793557786
41793557740
41793557738
41793557755
41793557744
41793557767
41793557761
41793557792
41793557760
41793557777
41793557812
41793557788
41793557814
41793557809
41793557802
41793557741
41793557780
41793557787
41793557804
41793557774
41793557757
41793557770
41793557808
41793557772
41793557783
41793557779
41793557803
41793557806
41793557811
41793557778
41793557758
41793557807
41793557818
41793557791
41793557813
41793557824
41793557872
41793557844
41793557823
41793557837
41793557832
41793557833
41793557822
41793557849
41793557870
41793557897
41793557841
41793557851
41793557838
41793557865
41793557906
41793557854
41793557876
41793557882
41793557856
41793557878
41793557840
41793557879
41793557899
41793557891
41793557842
41793557857
41793557873
41793557850
41793557898
41793557888
41793557848
41793557890
41793557866
41793557825
41793557877
41793557864
41793557845
41793557853
41793557871
41793557852
41793557896
41793557869
41793557829
41793557903
41793557884
41793557892
41793557902
41793557889
41793557928
41793557942
41793557966
41793557916
41793557923
41793557967
41793557910
41793557908
41793557917
41793557950
41793557963
41793557912
41793557931
41793557909
41793557964
41793557921
41793557943
41793557968
41793557920
41793557915
41793557929
41793557960
41793557947
41793557927
41793557934
41793557962
41793557922
41793557936
41793557919
41793557961
41793557925
41793557944
41793557952
41793557959
41793557941
41793557946
41793557956
41793557980
41793557970
41793557993
41793557979
41793557972
41793557985
41793557990
41793557981
41793557977
41793557987
41793557989
41793557971
41793557991
41793557982
41793557992
