41799085030
41799085012
41799085017
41799085029
41799085013
41799085200
41799085044
41799085050
41799085078
41799085127
41799085110
41799085128
41799085120
41799085152
41799085051
41799085283
41799085157
41799085163
41799085042
41799085066
41799085175
41799085106
41799085040
41799085045
41799085099
41799085251
41799085121
41799085054
41799085300
41799085333
41799085252
41799085111
41799085059
41799085189
41799085233
41799085057
41799085177
41799085245
41799085129
41799085172
41799085154
41799085181
41799085274
41799085096
41799085184
41799085062
41799085205
41799085068
41799085125
41799085153
41799085047
41799085246
41799085262
41799085080
41799085161
41799085341
41799085348
41799085056
41799085258
41799085112
41799085217
41799085167
41799085139
41799085141
41799085109
41799085126
41799085209
41799085186
41799085160
41799085108
41799085173
41799085303
41799085190
41799085215
41799085231
41799085123
41799085052
41799085102
41799085225
41799085168
41799085223
41799085337
41799085334
41799085148
41799085174
41799085238
41799085254
41799085268
41799085155
41799085290
41799085244
41799085144
41799085309
41799085249
41799085060
41799085179
41799085094
41799085269
41799085256
41799085143
41799085222
41799085226
41799085165
41799085192
41799085234
41799085327
41799085242
41799085170
41799085095
41799085282
41799085218
41799085255
41799085295
41799085214
41799085271
41799085207
41799085270
41799085195
41799085313
41799085322
41799085272
41799085180
41799085211
41799085103
41799085277
41799085204
41799085264
41799085379
41799085358
41799085354
41799085372
41799085376
41799085456
41799085470
41799085555
41799085398
41799085423
41799085444
41799085397
41799085495
41799085543
41799085589
41799085660
41799085419
41799085431
41799085566
41799085399
41799085488
41799085402
41799085476
41799085505
41799085561
41799085406
41799085586
41799085425
41799085485
41799085674
41799085420
41799085572
41799085428
41799085559
41799085597
41799085434
41799085481
41799085500
41799085430
41799085550
41799085499
41799085472
41799085631
41799085664
41799085647
41799085520
41799085607
41799085515
41799085546
41799085697
41799085680
41799085509
41799085590
41799085521
41799085478
41799085596
41799085635
41799085524
41799085512
41799085672
41799085686
41799085620
41799085633
41799085611
41799085651
41799085544
41799085511
41799085675
41799085568
41799085574
41799085600
41799085655
41799085547
41799085613
41799085711
41799085720
41799085722
41799085709
41799085726
41799085727
41799085811
41799085753
41799085735
41799085780
41799085749
41799085759
41799085755
41799085763
41799085738
41799085752
41799085809
41799085812
41799085743
41799085762
41799085803
41799085805
41799085784
41799085773
41799085795
41799085833
41799085836
41799085857
41799085829
41799085826
41799085898
41799085890
41799085878
41799085815
41799085883
41799085884
41799085869
41799085866
41799085819
41799085886
41799085888
41799085822
41799085840
41799085875
41799085892
41799085834
41799085859
41799085843
41799085894
41799085936
41799085908
41799085928
41799085921
41799085905
41799085980
41799085949
41799085962
41799085924
41799085972
41799085938
41799085929
41799085961
41799085930
41799085983
41799085982
41799085979
41799085958
41799085989
41799085990
41799085995
41799084010
41799084015
41799084001
41799084011
41799084032
41799084029
41799084019
41799084023
41799084005
41799084030
41799084097
41799084156
41799084048
41799084044
41799084133
41799084078
41799084087
41799084139
41799084098
41799084086
41799084106
41799084135
41799084178
41799084120
41799084115
41799084101
41799084053
41799084209
41799084191
41799084066
41799084246
41799084167
41799084165
41799084099
41799084134
41799084076
41799084230
41799084186
41799084072
41799084169
41799084201
41799084298
41799084070
41799084143
41799084172
41799084340
41799084252
41799084233
41799084054
41799084108
41799084269
41799084105
41799084195
41799084060
41799084219
41799084300
41799084199
41799084154
41799084171
41799084276
41799084157
41799084264
41799084137
41799084159
41799084181
41799084197
41799084346
41799084290
41799084205
41799084236
41799084341
41799084212
41799084113
41799084250
41799084228
41799084330
41799084102
41799084189
41799084308
41799084283
41799084257
41799084243
41799084293
41799084271
41799084185
41799084217
41799084221
41799084215
41799084119
41799084275
41799084207
41799084170
41799084284
41799084365
41799084380
41799084358
41799084373
41799084359
41799084564
41799084404
41799084402
41799084389
41799084422
41799084475
41799084529
41799084520
41799084557
41799084403
41799084444
41799084492
41799084699
41799084399
41799084476
41799084418
41799084555
41799084628
41799084682
41799084462
41799084441
41799084506
41799084479
41799084410
41799084638
41799084499
41799084504
41799084517
41799084424
41799084433
41799084649
41799084420
41799084513
41799084522
41799084546
41799084659
41799084579
41799084598
41799084554
41799084633
41799084447
41799084603
41799084473
41799084452
41799084639
41799084502
41799084490
41799084581
41799084635
41799084534
41799084551
41799084536
41799084584
41799084445
41799084544
41799084443
41799084616
41799084576
41799084593
41799084580
41799084695
41799084622
41799084679
41799084696
41799084626
41799084710
41799084722
41799084721
41799084708
41799084704
41799084727
41799084726
41799084718
41799084753
41799084748
41799084838
41799084828
41799084783
41799084849
41799084847
41799084767
41799084777
41799084779
41799084817
41799084766
41799084839
41799084806
41799084794
41799084784
41799084845
41799084843
41799084840
41799084842
41799084816
41799084809
41799084818
41799084896
41799084911
41799084862
41799084855
41799084870
41799084903
41799084864
41799084905
41799084939
41799084928
41799084924
41799084968
41799084956
41799084923
41799084938
41799084934
41799084947
41799084977
41799084955
41799084948
41799084975
41799084990
41799084927
41799086005
41799086026
41799086015
41799086030
41799086021
41799086032
41799086024
41799086022
41799086027
41799086001
41799086044
41799086036
41799086070
41799086057
41799086133
41799086140
41799086034
41799086040
41799086051
41799086068
41799086095
41799086155
41799086061
41799086060
41799086062
41799086080
41799086055
41799086094
41799086100
41799086113
41799086151
41799086066
41799086083
41799086209
41799086290
41799086041
41799086268
41799086219
41799086137
41799086123
41799086270
41799086046
41799086125
41799086256
41799086418
41799086185
41799086415
41799086284
41799086332
41799086215
41799086109
41799086475
41799086296
41799086275
41799086441
41799086145
41799086430
41799086330
41799086131
41799086153
41799086483
41799086050
41799086258
41799086091
41799086444
41799086244
41799086174
41799086230
41799086210
41799086176
41799086130
41799086669
41799086641
41799086536
41799086120
41799086703
41799086234
41799086088
41799086194
41799086437
41799086712
41799086116
41799086697
41799086239
41799086188
41799086806
41799086283
41799086659
41799086294
41799086505
41799086302
41799086071
41799086556
41799086451
41799086586
41799086266
41799086426
41799086312
41799086439
41799086344
41799086860
41799086465
41799086400
41799086404
41799086672
41799086385
41799086576
41799086175
41799086500
41799086254
41799086272
41799086594
41799086751
41799086724
41799086314
41799086526
41799086411
41799086541
41799086506
41799086402
41799086985
41799086793
41799086723
41799086477
41799086746
41799086401
41799086657
41799086423
41799086904
41799086981
41799086470
41799086756
41799086534
41799086743
41799086583
41799086554
41799086591
41799086753
41799086623
41799086414
41799086727
41799086348
41799086303
41799086938
41799086580
41799086614
41799086892
41799086568
41799086698
41799086706
41799086306
41799086611
41799086366
41799086413
41799086615
41799086522
41799086253
41799086285
41799086613
41799086511
41799086342
41799086696
41799086218
41799086869
41799086559
41799086391
41799086381
41799086768
41799086841
41799086707
41799086508
41799086632
41799086427
41799086301
41799086970
41799086688
41799086898
41799086569
41799086658
41799086765
41799086660
41799086651
41799086972
41799086665
41799086699
41799086944
41799086144
41799086661
41799086429
41799086752
41799086225
41799086757
41799086947
41799086702
41799086304
41799086416
41799086616
41799086755
41799086631
41799086434
41799086815
41799086810
41799086867
41799086606
41799086564
41799086663
41799086811
41799086442
41799086948
41799086801
41799086633
41799086891
41799086370
41799086742
41799086754
41799086652
41799086773
41799086607
41799086386
41799086888
41799086466
41799086693
41799086886
41799086822
41799086774
41799086735
41799086527
41799086691
41799086775
41799086618
41799086766
41799086943
41799086924
41799086802
41799086700
41799086953
41799086910
41799086533
41799086989
41799086710
41799086907
41799086992
41799086717
41799086939
41799086720
41799086738
41799086912
41799086610
41799086876
41799086968
41799086778
41799086772
41799086818
41799086825
41799086971
41799086820
41799086857
41799086921
41799086809
41799086828
41799086624
41799086945
41799086701
41799086677
41799086919
41799086653
41799086861
41799086979
41799086870
41799086956
41799080001
41799080004
41799080005
41799080010
41799080021
41799080009
41799080022
41799080025
41799080007
41799080012
41799080008
41799080011
41799080015
41799080031
41799080054
41799080121
41799080125
41799080072
41799080068
41799080107
41799080110
41799080091
41799080083
41799080163
41799080100
41799080259
41799080124
41799080273
41799080188
41799080041
41799080047
41799080307
41799080225
41799080388
41799080115
41799080155
41799080037
41799080119
41799080077
41799080167
41799080144
41799080114
41799080118
41799080170
41799080414
41799080095
41799080387
41799080254
41799080392
41799080333
41799080098
41799080109
41799080306
41799080123
41799080361
41799080113
41799080510
41799080280
41799080104
41799080258
41799080545
41799080533
41799080407
41799080201
41799080312
41799080267
41799080405
41799080122
41799080422
41799080219
41799080193
41799080586
41799080265
41799080310
41799080263
41799080330
41799080171
41799080103
41799080308
41799080406
41799080476
41799080479
41799080228
41799080218
41799080076
41799080396
41799080454
41799080145
41799080249
41799080089
41799080413
41799080474
41799080151
41799080300
41799080271
41799080343
41799080127
41799080226
41799080250
41799080135
41799080597
41799080612
41799080209
41799080523
41799080236
41799080173
41799080531
41799080520
41799080501
41799080195
41799080214
41799080659
41799080247
41799080605
41799080421
41799080603
41799080489
41799080528
41799080191
41799080235
41799080699
41799080402
41799080298
41799080790
41799080478
41799080472
41799080337
41799080492
41799080456
41799080211
41799080465
41799080363
41799080734
41799080566
41799080631
41799080504
41799080425
41799080319
41799080563
41799080185
41799080737
41799080623
41799080723
41799080729
41799080714
41799080727
41799080514
41799080674
41799080277
41799080562
41799080884
41799080438
41799080505
41799080600
41799080594
41799080625
41799080593
41799080227
41799080806
41799080910
41799080710
41799080448
41799080777
41799080455
41799080835
41799080374
41799080748
41799080821
41799080928
41799080557
41799080995
41799080592
41799080583
41799080976
41799080477
41799080951
41799080386
41799080641
41799080614
41799080527
41799080208
41799080180
41799080644
41799080383
41799080963
41799080490
41799080820
41799080923
41799080733
41799080457
41799080532
41799080611
41799080796
41799080599
41799080441
41799080596
41799080366
41799080636
41799080789
41799080773
41799080875
41799080620
41799080801
41799080914
41799080516
41799080958
41799080524
41799080513
41799080621
41799080509
41799080770
41799080870
41799080916
41799080676
41799080707
41799080667
41799080639
41799080804
41799080616
41799080901
41799080819
41799080925
41799080873
41799080907
41799080299
41799080630
41799080918
41799080797
41799080761
41799080658
41799080859
41799080818
41799080512
41799080954
41799080855
41799080939
41799080364
41799080868
41799080626
41799080810
41799080912
41799080657
41799080788
41799080981
41799080906
41799080768
41799080752
41799080949
41799080900
41799080903
41799080992
41799080943
41799080808
41799080940
41799080984
41799080772
41799080909
41799080898
41799080840
41799080971
41799080842
41799080915
41799080885
41799089000
41799089026
41799089032
41799089013
41799089021
41799089031
41799089028
41799089008
41799089007
41799089015
41799089016
41799089017
41799089018
41799089003
41799089020
41799089027
41799089001
41799089006
41799089010
41799089066
41799089088
41799089126
41799089137
41799089162
41799089081
41799089091
41799089043
41799089072
41799089073
41799089105
41799089161
41799089165
41799089178
41799089062
41799089102
41799089123
41799089033
41799089174
41799089090
41799089035
41799089248
41799089250
41799089107
41799089042
41799089180
41799089243
41799089057
41799089362
41799089068
41799089076
41799089299
41799089098
41799089111
41799089094
41799089052
41799089557
41799089096
41799089120
41799089092
41799089215
41799089036
41799089063
41799089054
41799089333
41799089291
41799089228
41799089224
41799089099
41799089145
41799089078
41799089585
41799089118
41799089707
41799089520
41799089236
41799089389
41799089427
41799089037
41799089485
41799089454
41799089341
41799089109
41799089416
41799089415
41799089201
41799089457
41799089359
41799089854
41799089280
41799089396
41799089048
41799089439
41799089132
41799089086
41799089181
41799089084
41799089249
41799089144
41799089246
41799089568
41799089388
41799089365
41799089047
41799089539
41799089211
41799089198
41799089420
41799089345
41799089070
41799089079
41799089392
41799089219
41799089421
41799089279
41799089441
41799089397
41799089376
41799089488
41799089171
41799089360
41799089167
41799089566
41799089344
41799089723
41799089522
41799089395
41799089391
41799089343
41799089364
41799089491
41799089080
41799089270
41799089355
41799089110
41799089129
41799089108
41799089237
41799089294
41799089448
41799089519
41799089667
41799089456
41799089308
41799089315
41799089352
41799089276
41799089218
41799089303
41799089329
41799089607
41799089662
41799089526
41799089425
41799089301
41799089592
41799089750
41799089330
41799089351
41799089475
41799089680
41799089318
41799089576
41799089319
41799089166
41799089550
41799089324
41799089239
41799089213
41799089254
41799089730
41799089295
41799089200
41799089620
41799089335
41799089452
41799089564
41799089479
41799089541
41799089984
41799089337
41799089481
41799089785
41799089296
41799089918
41799089914
41799089594
41799089447
41799089383
41799089577
41799089433
41799089769
41799089422
41799089463
41799089548
41799089842
41799089816
41799089731
41799089442
41799089900
41799089795
41799089901
41799089229
41799089241
41799089430
41799089503
41799089244
41799089394
41799089613
41799089616
41799089268
41799089589
41799089715
41799089534
41799089507
41799089575
41799089354
41799089419
41799089093
41799089521
41799089409
41799089544
41799089423
41799089636
41799089208
41799089122
41799089710
41799089432
41799089413
41799089311
41799089659
41799089751
41799089695
41799089386
41799089560
41799089474
41799089646
41799089131
41799089625
41799089582
41799089140
41799089402
41799089784
41799089660
41799089967
41799089833
41799089331
41799089578
41799089624
41799089987
41799089652
41799089949
41799089515
41799089612
41799089476
41799089450
41799089513
41799089357
41799089824
41799089739
41799089115
41799089749
41799089368
41799089692
41799089591
41799089980
41799089742
41799089459
41799089412
41799089531
41799089815
41799089473
41799089407
41799089868
41799089373
41799089549
41799089915
41799089569
41799089855
41799089306
41799089841
41799089676
41799089523
41799089985
41799089574
41799089532
41799089286
41799089843
41799089674
41799089804
41799089283
41799089529
41799089786
41799089305
41799089650
41799089630
41799089602
41799089434
41799089300
41799089832
41799089581
41799089527
41799089806
41799089635
41799089956
41799089524
41799089371
41799089687
41799089374
41799089883
41799089334
41799089609
41799089865
41799089839
41799089346
41799089142
41799089349
41799089661
41799089642
41799089554
41799089689
41799089890
41799089528
41799089482
41799089436
41799089675
41799089729
41799089874
41799089727
41799089483
41799089898
41799089760
41799089737
41799089948
41799089313
41799089604
41799089768
41799089827
41799089934
41799089819
41799089861
41799089812
41799089744
41799089492
41799089320
41799089961
41799089703
41799089455
41799089429
41799089933
41799089514
41799089935
41799089605
41799089752
41799089836
41799089775
41799089778
41799089876
41799089603
41799089682
41799089811
41799089719
41799089867
41799089828
41799089606
41799089649
41799089493
41799089678
41799089656
41799089844
41799089981
41799089963
41799089356
41799089835
41799089979
41799089445
41799089913
41799089952
41799089990
41799089885
41799089516
41799089862
41799089588
41799089688
41799089817
41799089465
41799089871
41799089546
41799089725
41799089975
41799089887
41799089829
41799089986
41799089798
41799089917
41799089912
41799089889
41799089932
41799089535
41799089647
41799089919
41799089796
41799089748
41799089991
41799089851
41799089733
41799089805
41799089810
41799089593
41799089446
41799089800
41799089747
41799089891
41799089973
41799089772
41799089826
41799089556
41799089809
41799089808
41799089888
41799089820
41799089923
41799089993
41799089628
41799089884
41799089771
41799089385
41799089946
41799089764
41799089654
41799089894
41799089869
41799089583
41799089983
41799089103
41799089657
41799089873
41799089908
41799089618
41799089906
41799089921
41799089690
41799089925
41799089651
41799089480
41799089930
41799089271
41799089969
41799089712
41799089852
41799089931
41799089994
41799089972
41799089726
41799089831
41799089411
41799089942
41799089957
41799089658
41799089813
41799089938
41799089960
41799089770
41799089989
41799089777
41799089910
41799089721
41799089470
41799089966
41799089673
41799089926
41799089945
41799089709
41799089701
41799089734
41799083022
41799083014
41799083030
41799083020
41799083018
41799083023
41799083001
41799083015
41799083032
41799083024
41799083012
41799083011
41799083038
41799083047
41799083061
41799083096
41799083085
41799083212
41799083151
41799083051
41799083049
41799083118
41799083161
41799083053
41799083056
41799083164
41799083219
41799083189
41799083004
41799083100
41799083075
41799083175
41799083241
41799083033
41799083245
41799083211
41799083137
41799083113
41799083116
41799083044
41799083130
41799083210
41799083167
41799083037
41799083148
41799083404
41799083103
41799083171
41799083057
41799083340
41799083133
41799083513
41799083311
41799083092
41799083305
41799083302
41799083183
41799083071
41799083179
41799083124
41799083464
41799083450
41799083717
41799083190
41799083378
41799083426
41799083444
41799083627
41799083145
41799083597
41799083628
41799083235
41799083456
41799083556
41799083594
41799083640
41799083505
41799083099
41799083197
41799083288
41799083217
41799083107
41799083324
41799083209
41799083108
41799083110
41799083078
41799083479
41799083255
41799083088
41799083359
41799083287
41799083194
41799083256
41799083842
41799083381
41799083271
41799083543
41799083138
41799083599
41799083497
41799083566
41799083465
41799083262
41799083261
41799083759
41799083136
41799083421
41799083578
41799083540
41799083178
41799083679
41799083448
41799083688
41799083080
41799083388
41799083514
41799083332
41799083565
41799083928
41799083525
41799083257
41799083310
41799083223
41799083254
41799083240
41799083395
41799083295
41799083700
41799083541
41799083508
41799083141
41799083757
41799083353
41799083557
41799083342
41799083649
41799083814
41799083870
41799083695
41799083391
41799083742
41799083496
41799083776
41799083249
41799083704
41799083839
41799083499
41799083458
41799083398
41799083555
41799083487
41799083544
41799083454
41799083213
41799083835
41799083431
41799083330
41799083445
41799083570
41799083206
41799083584
41799083481
41799083722
41799083622
41799083208
41799083852
41799083764
41799083866
41799083560
41799083266
41799083233
41799083596
41799083609
41799083564
41799083524
41799083653
41799083618
41799083468
41799083581
41799083446
41799083673
41799083868
41799083744
41799083674
41799083716
41799083623
41799083477
41799083606
41799083876
41799083920
41799083949
41799083825
41799083438
41799083747
41799083963
41799083430
41799083615
41799083664
41799083284
41799083878
41799083634
41799083400
41799083848
41799083940
41799083795
41799083539
41799083667
41799083216
41799083886
41799083984
41799083805
41799083528
41799083635
41799083917
41799083463
41799083751
41799083587
41799083531
41799083696
41799083909
41799083743
41799083972
41799083666
41799083914
41799083921
41799083697
41799083808
41799083798
41799083495
41799083944
41799083833
41799083629
41799083530
41799083958
41799083882
41799083867
41799083602
41799083660
41799083577
41799083547
41799083956
41799083983
41799083727
41799083749
41799083699
41799083662
41799083427
41799083821
41799083973
41799083642
41799083626
41799083068
41799083806
41799083838
41799083906
41799083518
41799083818
41799083891
41799083069
41799083800
41799083437
41799083661
41799083884
41799083765
41799083969
41799083900
41799083885
41799083687
41799083767
41799083945
41799083834
41799083846
41799083926
41799083811
41799083608
41799083905
41799083708
41799083908
41799083966
41799081000
41799081030
41799081019
41799081029
41799081002
41799081008
41799081026
41799081010
41799081009
41799081007
41799081001
41799081051
41799081053
41799081054
41799081056
41799081127
41799081145
41799081267
41799081291
41799081216
41799081224
41799081320
41799081044
41799081258
41799081121
41799081305
41799081096
41799081175
41799081107
41799081069
41799081102
41799081170
41799081203
41799081084
41799081263
41799081149
41799081125
41799081454
41799081110
41799081259
41799081059
41799081210
41799081109
41799081104
41799081111
41799081171
41799081098
41799081148
41799081617
41799081072
41799081211
41799081456
41799081388
41799081289
41799081217
41799081166
41799081188
41799081238
41799081273
41799081483
41799081635
41799081430
41799081374
41799081049
41799081080
41799081367
41799081128
41799081220
41799081553
41799081155
41799081106
41799081180
41799081447
41799081356
41799081174
41799081335
41799081071
41799081312
41799081366
41799081257
41799081737
41799081264
41799081555
41799081358
41799081078
41799081274
41799081158
41799081115
41799081761
41799081480
41799081223
41799081743
41799081441
41799081461
41799081187
41799081981
41799081197
41799081244
41799081423
41799081198
41799081765
41799081280
41799081514
41799081281
41799081206
41799081440
41799081226
41799081465
41799081646
41799081517
41799081613
41799081474
41799081463
41799081505
41799081088
41799081221
41799081252
41799081162
41799081308
41799081585
41799081433
41799081577
41799081405
41799081292
41799081899
41799081435
41799081246
41799081510
41799081328
41799081565
41799081422
41799081402
41799081300
41799081508
41799081270
41799081736
41799081682
41799081897
41799081489
41799081486
41799081204
41799081626
41799081494
41799081939
41799081372
41799081337
41799081268
41799081407
41799081798
41799081598
41799081495
41799081502
41799081623
41799081317
41799081200
41799081364
41799081548
41799081511
41799081634
41799081108
41799081304
41799081630
41799081314
41799081669
41799081371
41799081594
41799081580
41799081678
41799081424
41799081318
41799081639
41799081947
41799081397
41799081932
41799081644
41799081566
41799081888
41799081738
41799081609
41799081234
41799081334
41799081837
41799081389
41799081438
41799081748
41799081806
41799081231
41799081582
41799081271
41799081112
41799081500
41799081395
41799081858
41799081501
41799081762
41799081316
41799081745
41799081400
41799081416
41799081927
41799081673
41799081476
41799081969
41799081431
41799081949
41799081730
41799081410
41799081554
41799081695
41799081801
41799081413
41799081972
41799081247
41799081706
41799081942
41799081412
41799081303
41799081993
41799081940
41799081605
41799081931
41799081615
41799081579
41799081746
41799081870
41799081628
41799081789
41799081971
41799081901
41799081884
41799081937
41799081747
41799081900
41799081520
41799081909
41799081664
41799081658
41799081854
41799081805
41799081701
41799081368
41799081552
41799081369
41799081425
41799081707
41799081911
41799081830
41799081871
41799081666
41799081606
41799081974
41799081989
41799081917
41799081865
41799081962
41799081797
41799081988
41799081583
41799081818
41799081925
41799081851
41799081777
41799081964
41799081530
41799081803
41799081840
41799081907
41799081767
41799081700
41799081679
41799081873
41799081841
41799081966
41799081915
41799081648
41799081938
41799081924
41799081908
41799081922
41799081784
41799081792
41799081844
41799081914
41799081802
41799081780
41799081894
41799081887
41799081968
41799081921
41799081985
41799081960
41799081948
41799081959
41799082000
41799082007
41799082004
41799082003
41799082013
41799082002
41799082011
41799082016
41799082014
41799082009
41799082037
41799082125
41799082204
41799082288
41799082187
41799082211
41799082078
41799082072
41799082044
41799082118
41799082106
41799082034
41799082132
41799082109
41799082120
41799082144
41799082158
41799082073
41799082081
41799082265
41799082111
41799082040
41799082200
41799082250
41799082046
41799082323
41799082379
41799082225
41799082057
41799082426
41799082303
41799082339
41799082223
41799082086
41799082077
41799082341
41799082441
41799082103
41799082101
41799082272
41799082602
41799082260
41799082124
41799082479
41799082244
41799082263
41799082449
41799082331
41799082489
41799082222
41799082049
41799082266
41799082560
41799082277
41799082259
41799082305
41799082198
41799082415
41799082501
41799082689
41799082099
41799082209
41799082444
41799082399
41799082210
41799082251
41799082196
41799082410
41799082308
41799082507
41799082519
41799082667
41799082493
41799082307
41799082391
41799082279
41799082207
41799082342
41799082435
41799082499
41799082254
41799082252
41799082459
41799082216
41799082477
41799082212
41799082609
41799082343
41799082256
41799082098
41799082733
41799082467
41799082321
41799082215
41799082919
41799082326
41799082287
41799082629
41799082781
41799082350
41799082488
41799082239
41799082567
41799082559
41799082276
41799082641
41799082378
41799082401
41799082545
41799082334
41799082658
41799082455
41799082600
41799082313
41799082295
41799082105
41799082608
41799082894
41799082850
41799082173
41799082285
41799082235
41799082289
41799082344
41799082659
41799082901
41799082649
41799082242
41799082226
41799082516
41799082713
41799082168
41799082550
41799082431
41799082302
41799082563
41799082075
41799082705
41799082462
41799082217
41799082582
41799082524
41799082470
41799082423
41799082698
41799082306
41799082480
41799082701
41799082692
41799082417
41799082273
41799082513
41799082382
41799082315
41799082915
41799082387
41799082438
41799082526
41799082724
41799082294
41799082648
41799082872
41799082985
41799082742
41799082205
41799082711
41799082386
41799082732
41799082906
41799082561
41799082374
41799082420
41799082674
41799082885
41799082851
41799082536
41799082425
41799082500
41799082448
41799082899
41799082806
41799082791
41799082494
41799082351
41799082531
41799082812
41799082329
41799082807
41799082510
41799082832
41799082627
41799082821
41799082823
41799082549
41799082403
41799082864
41799082798
41799082803
41799082457
41799082181
41799082917
41799082679
41799082797
41799082652
41799082820
41799082892
41799082569
41799082718
41799082789
41799082333
41799082741
41799082936
41799082257
41799082482
41799082904
41799082337
41799082230
41799082709
41799082517
41799082739
41799082471
41799082511
41799082747
41799082944
41799082703
41799082472
41799082579
41799082827
41799082782
41799082590
41799082460
41799082458
41799082249
41799082836
41799082962
41799082706
41799082943
41799082883
41799082633
41799082989
41799082691
41799082712
41799082686
41799082805
41799082934
41799082764
41799082787
41799082961
41799082882
41799082902
41799082728
41799082704
41799082848
41799082987
41799082890
41799082304
41799082856
41799082657
41799082905
41799082980
41799082817
41799082665
41799082662
41799082916
41799082969
41799082840
41799082577
41799082672
41799082986
41799082684
41799082593
41799082760
41799082873
41799082835
41799082802
41799082714
41799082891
41799082487
41799082877
41799082982
41799082881
41799082687
41799082945
41799082763
41799082971
41799082866
41799082988
41799082886
41799082869
41799082991
41799082983
41799082746
41799088000
41799088025
41799088020
41799088003
41799088026
41799088004
41799088005
41799088014
41799088015
41799088021
41799088030
41799088002
41799088016
41799088011
41799088009
41799088013
41799088007
41799088010
41799088108
41799088156
41799088019
41799088055
41799088046
41799088059
41799088062
41799088112
41799088070
41799088078
41799088036
41799088105
41799088109
41799088081
41799088087
41799088093
41799088129
41799088060
41799088242
41799088155
41799088054
41799088038
41799088132
41799088256
41799088069
41799088045
41799088207
41799088364
41799088077
41799088044
41799088088
41799088058
41799088326
41799088102
41799088042
41799088047
41799088110
41799088080
41799088253
41799088259
41799088125
41799088114
41799088111
41799088041
41799088074
41799088370
41799088098
41799088075
41799088268
41799088084
41799088089
41799088250
41799088265
41799088095
41799088097
41799088083
41799088073
41799088050
41799088120
41799088147
41799088530
41799088451
41799088127
41799088333
41799088245
41799088072
41799088308
41799088246
41799088668
41799088149
41799088585
41799088351
41799088219
41799088124
41799088560
41799088179
41799088187
41799088210
41799088476
41799088848
41799088238
41799088116
41799088236
41799088544
41799088390
41799088434
41799088192
41799088345
41799088511
41799088205
41799088139
41799088382
41799088188
41799088395
41799088275
41799088144
41799088601
41799088270
41799088314
41799088101
41799088483
41799088237
41799088229
41799088282
41799088591
41799088337
41799088145
41799088200
41799088300
41799088232
41799088248
41799088580
41799088340
41799088165
41799088527
41799088168
41799088272
41799088327
41799088730
41799088869
41799088157
41799088474
41799088107
41799088185
41799088371
41799088344
41799088309
41799088301
41799088553
41799088218
41799088506
41799088700
41799088214
41799088430
41799088269
41799088332
41799088061
41799088478
41799088441
41799088573
41799088429
41799088571
41799088174
41799088294
41799088504
41799088741
41799088492
41799088373
41799088353
41799088347
41799088777
41799088636
41799088417
41799088569
41799088299
41799088196
41799088486
41799088406
41799088533
41799088354
41799088442
41799088306
41799088222
41799088375
41799088847
41799088500
41799088493
41799088298
41799088412
41799088439
41799088400
41799088331
41799088800
41799088183
41799088744
41799088485
41799088444
41799088909
41799088184
41799088438
41799088960
41799088481
41799088316
41799088793
41799088803
41799088766
41799088846
41799088807
41799088854
41799088733
41799088841
41799088496
41799088699
41799088613
41799088586
41799088388
41799088507
41799088534
41799088548
41799088676
41799088606
41799088664
41799088931
41799088864
41799088449
41799088666
41799088501
41799088798
41799088698
41799088261
41799088549
41799088463
41799088558
41799088497
41799088884
41799088851
41799088394
41799088886
41799088837
41799088396
41799088812
41799088460
41799088973
41799088927
41799088945
41799088598
41799088600
41799088823
41799088805
41799088458
41799088866
41799088900
41799088778
41799088879
41799088431
41799088491
41799088526
41799088626
41799088356
41799088547
41799088418
41799088495
41799088845
41799088531
41799088466
41799088487
41799088498
41799088880
41799088794
41799088828
41799088936
41799088980
41799088632
41799088889
41799088615
41799088720
41799088638
41799088754
41799088539
41799088857
41799088993
41799088572
41799088625
41799088899
41799088421
41799088925
41799088728
41799088903
41799088833
41799088618
41799088629
41799088727
41799088287
41799088617
41799088930
41799088951
41799088735
41799088409
41799088623
41799088875
41799088027
41799088742
41799088583
41799088656
41799088603
41799088575
41799088881
41799088641
41799088443
41799088905
41799088983
41799088565
41799088974
41799088657
41799088890
41799088521
41799088870
41799088711
41799088759
41799088871
41799088768
41799088505
41799088967
41799088788
41799088914
41799088642
41799088820
41799088877
41799088616
41799088963
41799088961
41799088685
41799088811
41799088773
41799088860
41799088908
41799088688
41799088592
41799088769
41799088982
41799088714
41799088838
41799088708
41799088921
41799088972
41799088844
41799088946
41799088814
41799088822
41799088608
41799088819
41799088918
41799088810
41799088813
41799088952
41799088835
41799088883
41799088978
41799088770
41799088815
41799088853
41799088896
41799088722
41799088954
41799088957
41799088943
41799088940
41799088929
41799088887
41799088806
41799088907
41799088311
41799088555
41799087004
41799087030
41799087025
41799087021
41799087006
41799087007
41799087155
41799087131
41799087062
41799087036
41799087161
41799087033
41799087039
41799087059
41799087181
41799087049
41799087249
41799087223
41799087179
41799087374
41799087183
41799087313
41799087071
41799087184
41799087175
41799087091
41799087104
41799087262
41799087090
41799087110
41799087057
41799087226
41799087209
41799087065
41799087037
41799087318
41799087441
41799087229
41799087315
41799087133
41799087121
41799087128
41799087198
41799087068
41799087165
41799087287
41799087077
41799087214
41799087342
41799087060
41799087111
41799087295
41799087225
41799087341
41799087074
41799087417
41799087268
41799087176
41799087550
41799087177
41799087492
41799087320
41799087169
41799087076
41799087139
41799087322
41799087216
41799087778
41799087428
41799087349
41799087344
41799087219
41799087400
41799087386
41799087352
41799087770
41799087143
41799087479
41799087664
41799087338
41799087151
41799087444
41799087211
41799087154
41799087859
41799087624
41799087456
41799087484
41799087487
41799087556
41799087490
41799087678
41799087353
41799087196
41799087414
41799087240
41799087541
41799087221
41799087592
41799087561
41799087178
41799087292
41799087220
41799087217
41799087267
41799087345
41799087477
41799087420
41799087222
41799087748
41799087247
41799087347
41799087776
41799087542
41799087604
41799087224
41799087454
41799087569
41799087408
41799087886
41799087870
41799087273
41799087529
41799087372
41799087932
41799087691
41799087354
41799087692
41799087411
41799087874
41799087549
41799087709
41799087558
41799087635
41799087073
41799087585
41799087117
41799087524
41799087393
41799087482
41799087356
41799087355
41799087972
41799087309
41799087887
41799087258
41799087600
41799087930
41799087286
41799087794
41799087517
41799087579
41799087663
41799087996
41799087560
41799087455
41799087559
41799087798
41799087193
41799087605
41799087752
41799087431
41799087755
41799087521
41799087434
41799087476
41799087246
41799087234
41799087733
41799087368
41799087978
41799087332
41799087491
41799087900
41799087684
41799087480
41799087705
41799087702
41799087829
41799087742
41799087642
41799087446
41799087534
41799087868
41799087673
41799087405
41799087591
41799087625
41799087803
41799087494
41799087876
41799087465
41799087774
41799087499
41799087908
41799087895
41799087265
41799087613
41799087617
41799087677
41799087462
41799087728
41799087867
41799087378
41799087274
41799087680
41799087745
41799087797
41799087777
41799087845
41799087507
41799087826
41799087780
41799087450
41799087473
41799087855
41799087854
41799087619
41799087796
41799087792
41799087584
41799087751
41799087991
41799087486
41799087786
41799087640
41799087882
41799087227
41799087904
41799087511
41799087675
41799087671
41799087940
41799087630
41799087884
41799087672
41799087954
41799087804
41799087952
41799087869
41799087781
41799087959
41799087885
41799087896
41799087857
41799087669
41799087538
41799087981
41799087950
41799087543
41799087924
41799087767
41799087547
41799087509
41799087872
41799087965
41799087725
41799087955
41799087966
41799087615
41799087865
41799087948
41799087963
41799087992
41799087765
41799087873
41799087941
41799087741
41799087980
41799087906
41799087926
41799087916
41799087463
41799087683
41799087890
41799087892
41799087944
41799087848
41799087853
41799087682
41799087637
41799087593
41799087975
41799087942
41799087977
41799087905
41799087580
41799087809
41799087488
41799087958
41799087802
41799087983
41799087969
41799087994
41799087686
41799087522
41799087927
41799087987
41799087883
41799087791
41799087860
41799087567
41799087956
41799087960
41799087737
41799087894
41799087881
41799087915
41799087766
41799087989
41799087945
41799087785
41799087793
