41766105025
41766105015
41766105029
41766105007
41766105011
41766105022
41766105006
41766105005
41766105023
41766105021
41766105048
41766105056
41766105079
41766105125
41766105107
41766105039
41766105064
41766105140
41766105235
41766105249
41766105150
41766105129
41766105353
41766105045
41766105062
41766105230
41766105082
41766105094
41766105234
41766105102
41766105317
41766105174
41766105156
41766105161
41766105276
41766105224
41766105229
41766105172
41766105112
41766105131
41766105054
41766105147
41766105382
41766105100
41766105495
41766105154
41766105271
41766105434
41766105220
41766105072
41766105286
41766105506
41766105492
41766105065
41766105057
41766105037
41766105637
41766105367
41766105519
41766105134
41766105195
41766105151
41766105138
41766105200
41766105098
41766105701
41766105551
41766105225
41766105440
41766105207
41766105166
41766105394
41766105176
41766105400
41766105404
41766105323
41766105383
41766105304
41766105192
41766105061
41766105084
41766105073
41766105168
41766105237
41766105598
41766105469
41766105710
41766105308
41766105570
41766105388
41766105690
41766105723
41766105374
41766105465
41766105333
41766105460
41766105186
41766105474
41766105305
41766105886
41766105743
41766105530
41766105585
41766105501
41766105272
41766105397
41766105117
41766105605
41766105526
41766105223
41766105402
41766105420
41766105221
41766105568
41766105736
41766105321
41766105165
41766105504
41766105814
41766105882
41766105222
41766105765
41766105588
41766105371
41766105858
41766105642
41766105572
41766105548
41766105738
41766105718
41766105821
41766105335
41766105438
41766105696
41766105337
41766105355
41766105918
41766105340
41766105656
41766105415
41766105436
41766105409
41766105302
41766105834
41766105560
41766105698
41766105829
41766105435
41766105343
41766105464
41766105209
41766105888
41766105944
41766105600
41766105737
41766105203
41766105750
41766105345
41766105528
41766105581
41766105252
41766105635
41766105596
41766105712
41766105734
41766105265
41766105486
41766105310
41766105851
41766105529
41766105732
41766105766
41766105573
41766105629
41766105663
41766105859
41766105601
41766105910
41766105745
41766105502
41766105171
41766105532
41766105759
41766105554
41766105781
41766105290
41766105215
41766105930
41766105997
41766105422
41766105349
41766105525
41766105451
41766105496
41766105757
41766105632
41766105670
41766105579
41766105874
41766105959
41766105820
41766105393
41766105381
41766105720
41766105957
41766105901
41766105671
41766105683
41766105678
41766105885
41766105607
41766105812
41766105982
41766105584
41766105655
41766105719
41766105937
41766105776
41766105508
41766105839
41766105691
41766105947
41766105863
41766105932
41766105780
41766105298
41766105879
41766105582
41766105238
41766105479
41766105826
41766105784
41766105938
41766105951
41766105989
41766105319
41766105995
41766105603
41766105677
41766105893
41766105623
41766105770
41766105907
41766105779
41766105958
41766104002
41766104008
41766104003
41766104015
41766104021
41766104017
41766104138
41766104042
41766104035
41766104141
41766104109
41766104324
41766104107
41766104025
41766104031
41766104029
41766104288
41766104038
41766104246
41766104049
41766104200
41766104043
41766104272
41766104114
41766104231
41766104807
41766104146
41766104482
41766104069
41766104346
41766104061
41766104169
41766104190
41766104147
41766104058
41766104220
41766104243
41766104325
41766104798
41766104347
41766104068
41766104263
41766104760
41766104106
41766104165
41766104515
41766104108
41766104129
41766104320
41766104408
41766104412
41766104474
41766104703
41766104371
41766104360
41766104076
41766104254
41766104555
41766104643
41766104381
41766104368
41766104282
41766104244
41766104186
41766104066
41766104302
41766104037
41766104969
41766104831
41766104161
41766104052
41766104694
41766104131
41766104124
41766104458
41766104602
41766104202
41766104663
41766104145
41766104072
41766104676
41766104409
41766104747
41766104889
41766104210
41766104509
41766104323
41766104739
41766104292
41766104808
41766104140
41766104388
41766104491
41766104415
41766104067
41766104260
41766104148
41766104119
41766104111
41766104041
41766104172
41766104621
41766104462
41766104294
41766104750
41766104150
41766104356
41766104617
41766104817
41766104298
41766104456
41766104672
41766104241
41766104295
41766104314
41766104201
41766104262
41766104392
41766104420
41766104209
41766104645
41766104441
41766104268
41766104731
41766104397
41766104191
41766104465
41766104723
41766104089
41766104866
41766104499
41766104115
41766104740
41766104218
41766104335
41766104904
41766104394
41766104379
41766104948
41766104373
41766104560
41766104236
41766104855
41766104504
41766104355
41766104880
41766104920
41766104318
41766104495
41766104589
41766104580
41766104591
41766104759
41766104305
41766104171
41766104629
41766104480
41766104531
41766104573
41766104510
41766104328
41766104980
41766104478
41766104767
41766104648
41766104366
41766104500
41766104484
41766104670
41766104973
41766104905
41766104416
41766104692
41766104751
41766104871
41766104311
41766104549
41766104470
41766104941
41766104724
41766104943
41766104626
41766104411
41766104507
41766104853
41766104167
41766104430
41766104761
41766104136
41766104567
41766104522
41766104915
41766104737
41766104445
41766104989
41766104970
41766104334
41766104423
41766104370
41766104463
41766104592
41766104910
41766104783
41766104443
41766104675
41766104654
41766104579
41766104929
41766104708
41766104698
41766104753
41766104963
41766104548
41766104625
41766104826
41766104825
41766104520
41766104715
41766104735
41766104815
41766104736
41766104583
41766104720
41766104633
41766104805
41766104417
41766104714
41766104909
41766104494
41766104657
41766104682
41766104838
41766104768
41766104907
41766104992
41766104635
41766104864
41766104488
41766104789
41766104307
41766104695
41766104847
41766104913
41766104777
41766104503
41766104949
41766104870
41766104942
41766104743
41766104476
41766104818
41766104917
41766104758
41766104976
41766104845
41766104576
41766104833
41766104993
41766104881
41766104822
41766104944
41766104962
41766104888
41766104952
41766104918
41766104851
41766106012
41766106005
41766106001
41766106028
41766106002
41766106014
41766106031
41766106006
41766106049
41766106051
41766106062
41766106056
41766106064
41766106132
41766106185
41766106045
41766106201
41766106053
41766106114
41766106193
41766106099
41766106257
41766106139
41766106105
41766106061
41766106161
41766106034
41766106162
41766106169
41766106297
41766106145
41766106231
41766106055
41766106154
41766106136
41766106341
41766106227
41766106344
41766106340
41766106298
41766106165
41766106120
41766106302
41766106094
41766106157
41766106079
41766106113
41766106091
41766106218
41766106168
41766106244
41766106047
41766106117
41766106196
41766106083
41766106314
41766106058
41766106310
41766106308
41766106214
41766106131
41766106085
41766106133
41766106108
41766106225
41766106280
41766106213
41766106147
41766106153
41766106293
41766106342
41766106100
41766106146
41766106321
41766106238
41766106081
41766106178
41766106295
41766106087
41766106279
41766106160
41766106216
41766106290
41766106258
41766106210
41766106336
41766106242
41766106233
41766106245
41766106223
41766106104
41766106270
41766106299
41766106267
41766106273
41766106262
41766106322
41766106346
41766106316
41766106301
41766106363
41766106360
41766106375
41766106378
41766106362
41766106368
41766106365
41766106358
41766106370
41766106390
41766106411
41766106436
41766106389
41766106406
41766106392
41766106475
41766106497
41766106564
41766106507
41766106629
41766106491
41766106399
41766106465
41766106421
41766106430
41766106467
41766106678
41766106494
41766106401
41766106440
41766106597
41766106539
41766106486
41766106462
41766106644
41766106530
41766106556
41766106545
41766106518
41766106415
41766106543
41766106476
41766106684
41766106391
41766106526
41766106584
41766106620
41766106480
41766106394
41766106555
41766106552
41766106525
41766106416
41766106516
41766106423
41766106424
41766106621
41766106464
41766106598
41766106541
41766106461
41766106506
41766106587
41766106605
41766106586
41766106690
41766106532
41766106500
41766106655
41766106484
41766106630
41766106645
41766106614
41766106575
41766106594
41766106694
41766106613
41766106685
41766106603
41766106571
41766106637
41766106647
41766106677
41766106444
41766106610
41766106568
41766106639
41766106451
41766106699
41766106627
41766106653
41766106710
41766106719
41766106704
41766106716
41766106725
41766106726
41766106702
41766106721
41766106759
41766106753
41766106732
41766106734
41766106737
41766106777
41766106790
41766106743
41766106787
41766106733
41766106768
41766106791
41766106761
41766106788
41766106831
41766106844
41766106826
41766106799
41766106819
41766106850
41766106836
41766106827
41766106843
41766106842
41766106830
41766106810
41766106822
41766106854
41766106869
41766106865
41766106867
41766106872
41766106890
41766106859
41766106881
41766106908
41766106887
41766106897
41766106907
41766106856
41766106863
41766106957
41766106923
41766106916
41766106930
41766106937
41766106969
41766106959
41766106926
41766106965
41766106919
41766106913
41766106960
41766106933
41766106990
41766106978
41766106999
41766106986
41766106998
41766106994
41766106982
41766100019
41766100013
41766100018
41766100027
41766100003
41766100017
41766100006
41766100031
41766100001
41766100032
41766100021
41766100036
41766100046
41766100150
41766100062
41766100071
41766100220
41766100279
41766100129
41766100203
41766100035
41766100073
41766100238
41766100145
41766100296
41766100616
41766100109
41766100058
41766100244
41766100101
41766100074
41766100111
41766100061
41766100049
41766100175
41766100262
41766100227
41766100369
41766100137
41766100460
41766100124
41766100342
41766100126
41766100445
41766100149
41766100087
41766100451
41766100089
41766100318
41766100054
41766100363
41766100407
41766100128
41766100100
41766100329
41766100091
41766100739
41766100174
41766100142
41766100270
41766100067
41766100236
41766100055
41766100370
41766100250
41766100110
41766100642
41766100131
41766100716
41766100167
41766100177
41766100291
41766100204
41766100564
41766100406
41766100319
41766100393
41766100273
41766100208
41766100165
41766100373
41766100275
41766100202
41766100095
41766100416
41766100480
41766100844
41766100777
41766100102
41766100268
41766100176
41766100151
41766100455
41766100183
41766100419
41766100306
41766100367
41766100093
41766100112
41766100180
41766100398
41766100235
41766100401
41766100160
41766100472
41766100557
41766100402
41766100533
41766100443
41766100330
41766100383
41766100153
41766100104
41766100558
41766100512
41766100906
41766100266
41766100479
41766100413
41766100698
41766100221
41766100598
41766100633
41766100529
41766100684
41766100499
41766100292
41766100099
41766100185
41766100310
41766100607
41766100305
41766100552
41766100498
41766100464
41766100414
41766100263
41766100359
41766100473
41766100309
41766100524
41766100321
41766100206
41766100386
41766100324
41766100172
41766100692
41766100428
41766100540
41766100820
41766100447
41766100288
41766100657
41766100252
41766100587
41766100647
41766100901
41766100681
41766100344
41766100651
41766100354
41766100384
41766100478
41766100582
41766100284
41766100655
41766100261
41766100446
41766100417
41766100561
41766100709
41766100608
41766100358
41766100494
41766100776
41766100508
41766100523
41766100530
41766100554
41766100660
41766100412
41766100389
41766100787
41766100486
41766100591
41766100583
41766100360
41766100307
41766100623
41766100740
41766100733
41766100757
41766100350
41766100873
41766100846
41766100147
41766100641
41766100638
41766100898
41766100577
41766100675
41766100951
41766100340
41766100762
41766100843
41766100650
41766100936
41766100732
41766100604
41766100465
41766100323
41766100679
41766100505
41766100715
41766100808
41766100627
41766100967
41766100794
41766100885
41766100335
41766100430
41766100854
41766100872
41766100746
41766100810
41766100821
41766100611
41766100980
41766100278
41766100955
41766100805
41766100842
41766100509
41766100899
41766100965
41766100461
41766100803
41766100672
41766100242
41766100887
41766100669
41766100216
41766100621
41766100847
41766100311
41766100856
41766100664
41766100555
41766100707
41766100603
41766100584
41766100770
41766100949
41766100836
41766100783
41766100904
41766100613
41766100877
41766100714
41766100588
41766100935
41766100738
41766100728
41766100585
41766100775
41766100704
41766100522
41766100860
41766100761
41766100818
41766100851
41766100320
41766100550
41766100362
41766100441
41766100791
41766100889
41766100612
41766100652
41766100599
41766100884
41766100912
41766100622
41766100788
41766100957
41766100869
41766100880
41766100795
41766100772
41766100838
41766100637
41766100726
41766100975
41766100948
41766100685
41766100785
41766100661
41766100830
41766100988
41766100875
41766100809
41766100946
41766100870
41766100857
41766100730
41766100964
41766100968
41766100766
41766100911
41766100725
41766100992
41766100804
41766100796
41766100990
41766100823
41766100375
41766100879
41766100921
41766100858
41766100648
41766100966
41766100969
41766100697
41766100986
41766109014
41766109007
41766109025
41766109029
41766109009
41766109004
41766109001
41766109031
41766109028
41766109023
41766109174
41766109045
41766109035
41766109053
41766109151
41766109130
41766109038
41766109231
41766109234
41766109106
41766109097
41766109075
41766109091
41766109240
41766109153
41766109084
41766109071
41766109105
41766109339
41766109055
41766109098
41766109271
41766109172
41766109074
41766109129
41766109043
41766109131
41766109175
41766109072
41766109290
41766109311
41766109149
41766109064
41766109302
41766109145
41766109116
41766109125
41766109307
41766109215
41766109250
41766109158
41766109056
41766109200
41766109337
41766109217
41766109246
41766109155
41766109211
41766109210
41766109195
41766109203
41766109267
41766109165
41766109134
41766109123
41766109128
41766109102
41766109334
41766109263
41766109248
41766109086
41766109209
41766109286
41766109144
41766109205
41766109212
41766109325
41766109292
41766109197
41766109322
41766109309
41766109349
41766109142
41766109270
41766109216
41766109295
41766109184
41766109323
41766109297
41766109316
41766109362
41766109366
41766109354
41766109378
41766109363
41766109382
41766109433
41766109386
41766109396
41766109415
41766109450
41766109516
41766109519
41766109480
41766109469
41766109503
41766109408
41766109660
41766109463
41766109544
41766109603
41766109474
41766109462
41766109437
41766109559
41766109400
41766109592
41766109419
41766109442
41766109518
41766109494
41766109511
41766109662
41766109692
41766109696
41766109554
41766109640
41766109534
41766109443
41766109492
41766109693
41766109594
41766109428
41766109691
41766109676
41766109678
41766109477
41766109395
41766109465
41766109401
41766109540
41766109526
41766109599
41766109576
41766109612
41766109634
41766109622
41766109670
41766109667
41766109644
41766109449
41766109407
41766109441
41766109656
41766109615
41766109464
41766109609
41766109711
41766109728
41766109701
41766109700
41766109723
41766109741
41766109737
41766109740
41766109739
41766109759
41766109736
41766109762
41766109757
41766109763
41766109806
41766109783
41766109799
41766109800
41766109817
41766109850
41766109789
41766109840
41766109833
41766109829
41766109795
41766109779
41766109791
41766109832
41766109819
41766109889
41766109861
41766109854
41766109870
41766109911
41766109877
41766109881
41766109875
41766109890
41766109908
41766109884
41766109858
41766109893
41766109879
41766109883
41766109888
41766109886
41766109869
41766109872
41766109902
41766109891
41766109904
41766109915
41766109969
41766109957
41766109923
41766109950
41766109922
41766109939
41766109968
41766109964
41766109934
41766109936
41766109949
41766109974
41766109988
41766109938
41766109940
41766109983
41766109976
41766109977
41766109990
41766109991
41766109986
41766109996
41766109992
41766109971
41766109982
41766109987
41766109995
41766109951
41766109965
41766109972
41766103003
41766103028
41766103020
41766103025
41766103023
41766103027
41766103006
41766103001
41766103007
41766103002
41766103017
41766103013
41766103026
41766103066
41766103072
41766103253
41766103100
41766103082
41766103081
41766103154
41766103069
41766103073
41766103118
41766103220
41766103114
41766103055
41766103117
41766103211
41766103213
41766103140
41766103204
41766103101
41766103142
41766103180
41766103104
41766103119
41766103280
41766103190
41766103063
41766103065
41766103299
41766103390
41766103298
41766103157
41766103703
41766103035
41766103086
41766103161
41766103325
41766103047
41766103042
41766103091
41766103348
41766103528
41766103527
41766103442
41766103235
41766103148
41766103212
41766103187
41766103168
41766103393
41766103177
41766103079
41766103120
41766103210
41766103221
41766103369
41766103419
41766103339
41766103139
41766103199
41766103300
41766103507
41766103270
41766103316
41766103044
41766103037
41766103153
41766103263
41766103217
41766103242
41766103402
41766103085
41766103182
41766103533
41766103128
41766103192
41766103179
41766103126
41766103285
41766103264
41766103581
41766103689
41766103456
41766103451
41766103209
41766103093
41766103596
41766103385
41766103516
41766103265
41766103756
41766103437
41766103169
41766103360
41766103607
41766103525
41766103368
41766103353
41766103392
41766103231
41766103885
41766103740
41766103347
41766103488
41766103811
41766103311
41766103131
41766103427
41766103675
41766103271
41766103691
41766103312
41766103694
41766103614
41766103320
41766103871
41766103510
41766103381
41766103737
41766103122
41766103934
41766103152
41766103870
41766103444
41766103352
41766103624
41766103468
41766103309
41766103780
41766103389
41766103577
41766103590
41766103511
41766103399
41766103537
41766103757
41766103398
41766103735
41766103304
41766103322
41766103574
41766103544
41766103785
41766103521
41766103327
41766103289
41766103846
41766103560
41766103459
41766103514
41766103513
41766103555
41766103687
41766103638
41766103543
41766103726
41766103623
41766103342
41766103355
41766103879
41766103969
41766103898
41766103875
41766103330
41766103706
41766103772
41766103400
41766103818
41766103712
41766103734
41766103783
41766103314
41766103770
41766103502
41766103584
41766103820
41766103702
41766103672
41766103983
41766103902
41766103601
41766103425
41766103493
41766103519
41766103845
41766103991
41766103775
41766103872
41766103597
41766103685
41766103429
41766103659
41766103578
41766103955
41766103586
41766103680
41766103972
41766103866
41766103960
41766103935
41766103988
41766103708
41766103683
41766103990
41766103496
41766103996
41766103883
41766103869
41766103731
41766103982
41766103613
41766103773
41766103788
41766103739
41766103921
41766103993
41766103489
41766103930
41766103458
41766103727
41766103810
41766103867
41766103977
41766103559
41766103729
41766103839
41766103802
41766103887
41766103963
41766103980
41766103814
41766103858
41766103950
41766103975
41766103838
41766103940
41766103657
41766103843
41766103951
41766103873
41766101026
41766101028
41766101063
41766101098
41766101147
41766101224
41766101126
41766101129
41766101133
41766101043
41766101034
41766101065
41766101106
41766101145
41766101292
41766101077
41766101124
41766101240
41766101116
41766101180
41766101154
41766101049
41766101134
41766101349
41766101092
41766101021
41766101082
41766101164
41766101500
41766101354
41766101118
41766101037
41766101115
41766101171
41766101347
41766101061
41766101117
41766101304
41766101073
41766101434
41766101174
41766101237
41766101429
41766101432
41766101161
41766101183
41766101257
41766101120
41766101165
41766101462
41766101302
41766101220
41766101446
41766101391
41766101209
41766101168
41766101751
41766101100
41766101282
41766101233
41766101185
41766101132
41766101223
41766101291
41766101038
41766101465
41766101198
41766101716
41766101864
41766101108
41766101141
41766101244
41766101572
41766101195
41766101453
41766101113
41766101376
41766101271
41766101468
41766101517
41766101158
41766101146
41766101283
41766101152
41766101181
41766101162
41766101410
41766101387
41766101512
41766101505
41766101965
41766101208
41766101053
41766101059
41766101203
41766101273
41766101206
41766101169
41766101175
41766101690
41766101217
41766101384
41766101986
41766101255
41766101144
41766101281
41766101325
41766101265
41766101604
41766101508
41766101383
41766101213
41766101733
41766101807
41766101613
41766101319
41766101238
41766101440
41766101353
41766101314
41766101551
41766101611
41766101444
41766101738
41766101214
41766101343
41766101173
41766101709
41766101218
41766101188
41766101415
41766101451
41766101504
41766101373
41766101565
41766101458
41766101490
41766101190
41766101818
41766101787
41766101184
41766101463
41766101626
41766101619
41766101452
41766101552
41766101322
41766101447
41766101312
41766101972
41766101367
41766101316
41766101285
41766101631
41766101346
41766101466
41766101288
41766101800
41766101907
41766101655
41766101494
41766101501
41766101827
41766101219
41766101222
41766101576
41766101196
41766101550
41766101607
41766101232
41766101530
41766101722
41766101638
41766101370
41766101267
41766101499
41766101711
41766101955
41766101559
41766101830
41766101525
41766101433
41766101333
41766101694
41766101498
41766101149
41766101623
41766101476
41766101767
41766101570
41766101668
41766101274
41766101228
41766101715
41766101625
41766101749
41766101988
41766101636
41766101737
41766101362
41766101612
41766101541
41766101317
41766101803
41766101521
41766101836
41766101590
41766101758
41766101330
41766101855
41766101470
41766101385
41766101932
41766101309
41766101811
41766101700
41766101484
41766101865
41766101995
41766101535
41766101721
41766101968
41766101393
41766101546
41766101472
41766101841
41766101402
41766101823
41766101698
41766101992
41766101920
41766101724
41766101875
41766101915
41766101553
41766101930
41766101946
41766101510
41766101849
41766101978
41766101482
41766101859
41766101685
41766101989
41766101633
41766101673
41766101755
41766101461
41766101777
41766101646
41766101492
41766101545
41766101706
41766101691
41766101289
41766101340
41766101610
41766101817
41766101819
41766101895
41766101957
41766101971
41766101617
41766101686
41766101923
41766101443
41766101878
41766101782
41766101860
41766101953
41766101840
41766101901
41766101944
41766101924
41766101961
41766101589
41766101983
41766101890
41766101809
41766101557
41766101858
41766101307
41766101622
41766101778
41766101940
41766101812
41766101982
41766101602
41766101801
41766101652
41766101609
41766101695
41766101981
41766101987
41766101984
41766101945
41766101974
41766101896
41766101766
41766101742
41766101748
41766101873
41766101821
41766101934
41766101834
41766101642
41766101773
41766101364
41766101656
41766101815
41766101862
41766101650
41766101990
41766101996
41766101993
41766102011
41766102015
41766102028
41766102024
41766102006
41766102031
41766102007
41766102002
41766102023
41766102001
41766102027
41766102081
41766102088
41766102004
41766102112
41766102143
41766102147
41766102075
41766102230
41766102066
41766102083
41766102277
41766102052
41766102084
41766102061
41766102160
41766102243
41766102185
41766102123
41766102104
41766102202
41766102208
41766102140
41766102373
41766102107
41766102257
41766102087
41766102063
41766102068
41766102111
41766102048
41766102073
41766102103
41766102043
41766102136
41766102079
41766102214
41766102390
41766102153
41766102042
41766102280
41766102652
41766102181
41766102514
41766102596
41766102207
41766102248
41766102353
41766102351
41766102447
41766102144
41766102203
41766102250
41766102212
41766102299
41766102229
41766102513
41766102195
41766102443
41766102633
41766102210
41766102117
41766102173
41766102270
41766102435
41766102380
41766102077
41766102536
41766102047
41766102473
41766102218
41766102449
41766102507
41766102740
41766102291
41766102311
41766102858
41766102262
41766102350
41766102505
41766102273
41766102315
41766102217
41766102264
41766102310
41766102426
41766102784
41766102517
41766102519
41766102259
41766102227
41766102992
41766102399
41766102626
41766102474
41766102170
41766102335
41766102764
41766102533
41766102078
41766102225
41766102424
41766102309
41766102684
41766102665
41766102678
41766102285
41766102228
41766102550
41766102109
41766102767
41766102694
41766102712
41766102134
41766102642
41766102477
41766102635
41766102115
41766102500
41766102806
41766102357
41766102292
41766102518
41766102522
41766102377
41766102362
41766102530
41766102656
41766102523
41766102548
41766102608
41766102716
41766102673
41766102341
41766102400
41766102364
41766102278
41766102488
41766102592
41766102760
41766102703
41766102322
41766102739
41766102672
41766102605
41766102333
41766102506
41766102493
41766102325
41766102871
41766102726
41766102722
41766102811
41766102676
41766102528
41766102552
41766102495
41766102838
41766102975
41766102490
41766102993
41766102379
41766102915
41766102584
41766102458
41766102481
41766102708
41766102973
41766102935
41766102990
41766102363
41766102861
41766102755
41766102812
41766102566
41766102659
41766102730
41766102487
41766102489
41766102571
41766102537
41766102836
41766102508
41766102860
41766102660
41766102753
41766102643
41766102903
41766102890
41766102734
41766102997
41766102531
41766102754
41766102619
41766102369
41766102854
41766102743
41766102314
41766102558
41766102687
41766102030
41766102929
41766102951
41766102889
41766102952
41766102749
41766102352
41766102677
41766102765
41766102150
41766102801
41766102403
41766102944
41766102820
41766102875
41766102757
41766102688
41766102045
41766102599
41766102618
41766102808
41766102108
41766102947
41766102856
41766102751
41766102899
41766102884
41766102742
41766102894
41766102776
41766102649
41766102937
41766102339
41766102985
41766102815
41766102989
41766102817
41766102370
41766102233
41766102803
41766102636
41766102920
41766102436
41766102863
41766102987
41766102814
41766102885
41766102705
41766102850
41766102956
41766102874
41766108028
41766108011
41766108022
41766108021
41766108002
41766108017
41766108004
41766108018
41766108026
41766108019
41766108025
41766108157
41766108035
41766108056
41766108081
41766108036
41766108038
41766108046
41766108103
41766108024
41766108170
41766108039
41766108181
41766108115
41766108051
41766108283
41766108432
41766108100
41766108272
41766108541
41766108268
41766108269
41766108202
41766108577
41766108205
41766108048
41766108137
41766108135
41766108158
41766108260
41766108196
41766108282
41766108608
41766108441
41766108088
41766108127
41766108580
41766108625
41766108191
41766108195
41766108515
41766108442
41766108120
41766108500
41766108266
41766108089
41766108166
41766108324
41766108443
41766108228
41766108821
41766108071
41766108800
41766108421
41766108825
41766108575
41766108288
41766108225
41766108151
41766108216
41766108704
41766108201
41766108341
41766108297
41766108570
41766108204
41766108073
41766108460
41766108908
41766108338
41766108533
41766108140
41766108400
41766108068
41766108184
41766108235
41766108463
41766108866
41766108618
41766108832
41766108680
41766108483
41766108234
41766108119
41766108582
41766108385
41766108428
41766108086
41766108221
41766108286
41766108922
41766108290
41766108278
41766108853
41766108534
41766108386
41766108474
41766108301
41766108404
41766108615
41766108211
41766108436
41766108585
41766108787
41766108545
41766108207
41766108512
41766108906
41766108146
41766108258
41766108530
41766108860
41766108422
41766108794
41766108419
41766108858
41766108635
41766108847
41766108284
41766108492
41766108461
41766108556
41766108527
41766108953
41766108746
41766108579
41766108375
41766108353
41766108522
41766108468
41766108581
41766108641
41766108480
41766108677
41766108477
41766108655
41766108383
41766108327
41766108687
41766108444
41766108560
41766108801
41766108796
41766108482
41766108572
41766108501
41766108944
41766108289
41766108315
41766108610
41766108971
41766108397
41766108995
41766108726
41766108997
41766108850
41766108892
41766108775
41766108855
41766108717
41766108979
41766108700
41766108628
41766108844
41766108564
41766108524
41766108856
41766108890
41766108685
41766108958
41766108642
41766108439
41766108817
41766108768
41766108624
41766108764
41766108603
41766108757
41766108612
41766108758
41766108895
41766108646
41766108818
41766108654
41766108970
41766108592
41766108828
41766108578
41766108827
41766108686
41766108951
41766108938
41766108731
41766108798
41766108845
41766108388
41766108665
41766108824
41766108929
41766108598
41766108701
41766108815
41766108523
41766108754
41766108688
41766108613
41766108881
41766108661
41766108969
41766108955
41766108927
41766108730
41766108841
41766108896
41766108849
41766108262
41766108750
41766108949
41766108900
41766108525
41766108965
41766108899
41766108874
41766108464
41766108031
41766108562
41766108831
41766108718
41766108912
41766108805
41766108976
41766108919
41766108928
41766108777
41766108990
41766108870
41766107009
41766107006
41766107011
41766107021
41766107032
41766107012
41766107005
41766107004
41766107014
41766107075
41766107131
41766107055
41766107148
41766107049
41766107061
41766107301
41766107104
41766107144
41766107078
41766107198
41766107495
41766107259
41766107150
41766107043
41766107101
41766107051
41766107099
41766107277
41766107072
41766107235
41766107091
41766107089
41766107117
41766107540
41766107071
41766107141
41766107376
41766107039
41766107372
41766107124
41766107370
41766107500
41766107322
41766107432
41766107317
41766107428
41766107069
41766107287
41766107323
41766107453
41766107058
41766107245
41766107226
41766107093
41766107315
41766107470
41766107138
41766107239
41766107169
41766107154
41766107308
41766107441
41766107305
41766107611
41766107272
41766107805
41766107340
41766107785
41766107189
41766107357
41766107215
41766107324
41766107588
41766107919
41766107878
41766107209
41766107477
41766107330
41766107433
41766107417
41766107335
41766107745
41766107223
41766107275
41766107283
41766107073
41766107377
41766107490
41766107709
41766107806
41766107205
41766107696
41766107573
41766107111
41766107425
41766107554
41766107475
41766107966
41766107423
41766107273
41766107444
41766107798
41766107251
41766107591
41766107472
41766107922
41766107336
41766107395
41766107630
41766107374
41766107615
41766107888
41766107396
41766107647
41766107480
41766107701
41766107461
41766107466
41766107289
41766107729
41766107855
41766107387
41766107612
41766107593
41766107668
41766107989
41766107380
41766107720
41766107811
41766107519
41766107333
41766107116
41766107932
41766107473
41766107440
41766107946
41766107348
41766107429
41766107320
41766107479
41766107908
41766107728
41766107516
41766107959
41766107393
41766107551
41766107735
41766107710
41766107392
41766107296
41766107898
41766107763
41766107705
41766107338
41766107727
41766107834
41766107646
41766107809
41766107520
41766107906
41766107734
41766107569
41766107373
41766107529
41766107726
41766107674
41766107655
41766107364
41766107400
41766107582
41766107934
41766107750
41766107404
41766107538
41766107976
41766107755
41766107496
41766107885
41766107914
41766107778
41766107956
41766107686
41766107772
41766107733
41766107411
41766107614
41766107180
41766107541
41766107977
41766107894
41766107812
41766107631
41766107528
41766107929
41766107368
41766107985
41766107580
41766107930
41766107823
41766107941
41766107774
41766107983
41766107455
41766107604
41766107724
41766107952
41766107621
41766107718
41766107796
41766107869
41766107561
41766107739
41766107771
41766107897
41766107804
41766107531
41766107673
41766107843
41766107766
41766107924
41766107913
41766107943
41766107837
41766107848
41766107801
41766107853
41766107973
41766107626
41766107899
41766107680
41766107903
41766107723
41766107887
41766107892
41766107645
41766107921
41766107799
41766107787
41766107784
41766107872
41766107905
41766107918
41766107419
41766107581
41766107714
41766107953
