41792725003
41792725004
41792725010
41792725008
41792725002
41792725027
41792725001
41792725007
41792725024
41792725011
41792725029
41792725006
41792725017
41792725016
41792725028
41792725015
41792725018
41792725026
41792725019
41792725030
41792725012
41792725076
41792725075
41792725079
41792725137
41792725144
41792725037
41792725210
41792725154
41792725035
41792725295
41792725053
41792725180
41792725222
41792725284
41792725052
41792725112
41792725207
41792725057
41792725062
41792725005
41792725235
41792725055
41792725265
41792725318
41792725060
41792725080
41792725088
41792725164
41792725071
41792725101
41792725089
41792725139
41792725033
41792725217
41792725178
41792725045
41792725242
41792725234
41792725091
41792725245
41792725106
41792725095
41792725107
41792725331
41792725048
41792725047
41792725225
41792725268
41792725163
41792725273
41792725159
41792725167
41792725050
41792725084
41792725547
41792725387
41792725232
41792725301
41792725150
41792725113
41792725502
41792725340
41792725135
41792725147
41792725327
41792725307
41792725040
41792725386
41792725442
41792725081
41792725314
41792725339
41792725417
41792725438
41792725274
41792725130
41792725305
41792725250
41792725563
41792725162
41792725172
41792725119
41792725072
41792725458
41792725243
41792725257
41792725282
41792725177
41792725302
41792725110
41792725093
41792725323
41792725291
41792725212
41792725223
41792725049
41792725577
41792725390
41792725541
41792725230
41792725569
41792725251
41792725415
41792725096
41792725369
41792725377
41792725138
41792725152
41792725763
41792725187
41792725512
41792725188
41792725094
41792725404
41792725490
41792725191
41792725507
41792725362
41792725195
41792725184
41792725367
41792725249
41792725108
41792725065
41792725070
41792725114
41792725562
41792725311
41792725183
41792725182
41792725678
41792725644
41792725259
41792725590
41792725589
41792725262
41792725129
41792725587
41792725170
41792725830
41792725124
41792725185
41792725226
41792725136
41792725156
41792725520
41792725910
41792725731
41792725434
41792725068
41792725416
41792725370
41792725545
41792725842
41792725477
41792725286
41792725376
41792725553
41792725602
41792725149
41792725266
41792725506
41792725491
41792725240
41792725807
41792725405
41792725373
41792725306
41792725161
41792725378
41792725280
41792725263
41792725209
41792725252
41792725385
41792725220
41792725269
41792725419
41792725790
41792725368
41792725710
41792725312
41792725131
41792725724
41792725508
41792725735
41792725279
41792725791
41792725455
41792725104
41792725579
41792725285
41792725581
41792725885
41792725208
41792725348
41792725320
41792725292
41792725349
41792725450
41792725414
41792725173
41792725549
41792725683
41792725181
41792725531
41792725451
41792725701
41792725653
41792725278
41792725652
41792725313
41792725719
41792725703
41792725271
41792725179
41792725588
41792725244
41792725074
41792725239
41792725529
41792725645
41792725412
41792725142
41792725357
41792725614
41792725476
41792725700
41792725509
41792725882
41792725574
41792725515
41792725319
41792725704
41792725527
41792725158
41792725241
41792725351
41792725725
41792725287
41792725578
41792725473
41792725350
41792725573
41792725402
41792725429
41792725342
41792725272
41792725426
41792725718
41792725716
41792725425
41792725728
41792725213
41792725959
41792725276
41792725485
41792725219
41792725764
41792725801
41792725256
41792725560
41792725641
41792725374
41792725361
41792725805
41792725742
41792725363
41792725338
41792725427
41792725294
41792725474
41792725708
41792725696
41792725623
41792725193
41792725233
41792725408
41792725453
41792725793
41792725409
41792725707
41792725736
41792725398
41792725487
41792725833
41792725403
41792725865
41792725754
41792725839
41792725651
41792725878
41792725264
41792725355
41792725597
41792725216
41792725991
41792725918
41792725836
41792725322
41792725609
41792725603
41792725912
41792725669
41792725341
41792725665
41792725996
41792725984
41792725388
41792725600
41792725594
41792725915
41792725293
41792725482
41792725662
41792725613
41792725631
41792725961
41792725554
41792725849
41792725510
41792725267
41792725457
41792725699
41792725335
41792725827
41792725604
41792725880
41792725534
41792725543
41792725561
41792725467
41792725596
41792725394
41792725950
41792725944
41792725489
41792725938
41792725556
41792725471
41792725330
41792725945
41792725389
41792725881
41792725229
41792725954
41792725440
41792725360
41792725744
41792725766
41792725439
41792725420
41792725277
41792725401
41792725776
41792725488
41792725606
41792725800
41792725853
41792725537
41792725682
41792725695
41792725347
41792725660
41792725855
41792725739
41792725289
41792725599
41792725924
41792725788
41792725511
41792725618
41792725942
41792725896
41792725812
41792725359
41792725526
41792725852
41792725418
41792725685
41792725500
41792725261
41792725568
41792725484
41792725956
41792725632
41792725755
41792725845
41792725869
41792725640
41792725454
41792725711
41792725737
41792725397
41792725886
41792725346
41792725616
41792725966
41792725565
41792725947
41792725548
41792725709
41792725862
41792725854
41792725747
41792725437
41792725846
41792725582
41792725799
41792725803
41792725375
41792725768
41792725752
41792725514
41792725464
41792725907
41792725399
41792725498
41792725779
41792725816
41792725751
41792725721
41792725785
41792725797
41792725452
41792725916
41792725870
41792725584
41792725871
41792725475
41792725605
41792725528
41792725679
41792725519
41792725858
41792725729
41792725841
41792725601
41792725463
41792725625
41792725934
41792725914
41792725770
41792725663
41792725333
41792725460
41792725654
41792725552
41792725850
41792725970
41792725987
41792725883
41792725667
41792725619
41792725630
41792725756
41792725448
41792725657
41792725740
41792725775
41792725694
41792725758
41792725814
41792725988
41792725815
41792725848
41792725965
41792725620
41792725480
41792725780
41792725550
41792725479
41792725958
41792725715
41792725784
41792725930
41792725608
41792725786
41792725967
41792725951
41792725546
41792725486
41792725824
41792725902
41792725774
41792725953
41792725671
41792725649
41792725639
41792725748
41792725668
41792725789
41792725722
41792725714
41792725688
41792725804
41792725633
41792725817
41792725851
41792725929
41792725997
41792725856
41792725583
41792725983
41792725525
41792725976
41792725829
41792725920
41792725746
41792725982
41792725702
41792725873
41792725884
41792725655
41792725446
41792725985
41792725765
41792725957
41792725732
41792725906
41792725874
41792725857
41792725808
41792725962
41792725891
41792725778
41792725810
41792725723
41792725555
41792725888
41792725781
41792725890
41792725872
41792725960
41792725831
41792725866
41792725980
41792725974
41792725932
41792725933
41792725935
41792725963
41792724000
41792724011
41792724014
41792724022
41792724026
41792724005
41792724020
41792724013
41792724004
41792724010
41792724007
41792724006
41792724030
41792724021
41792724008
41792724002
41792724018
41792724009
41792724024
41792724003
41792724017
41792724040
41792724035
41792724081
41792724116
41792724195
41792724236
41792724173
41792724235
41792724036
41792724038
41792724061
41792724206
41792724296
41792724103
41792724075
41792724269
41792724149
41792724065
41792724064
41792724033
41792724057
41792724045
41792724127
41792724096
41792724048
41792724071
41792724050
41792724098
41792724178
41792724136
41792724248
41792724165
41792724238
41792724262
41792724073
41792724201
41792724170
41792724145
41792724250
41792724072
41792724200
41792724122
41792724067
41792724259
41792724059
41792724080
41792724110
41792724308
41792724041
41792724132
41792724082
41792724052
41792724298
41792724151
41792724160
41792724179
41792724047
41792724042
41792724339
41792724228
41792724094
41792724093
41792724172
41792724310
41792724243
41792724078
41792724092
41792724193
41792724044
41792724331
41792724039
41792724123
41792724503
41792724198
41792724477
41792724152
41792724413
41792724415
41792724290
41792724211
41792724271
41792724085
41792724203
41792724188
41792724222
41792724144
41792724058
41792724076
41792724187
41792724107
41792724381
41792724258
41792724232
41792724348
41792724260
41792724249
41792724204
41792724437
41792724190
41792724270
41792724135
41792724150
41792724184
41792724212
41792724137
41792724207
41792724263
41792724177
41792724630
41792724315
41792724319
41792724379
41792724363
41792724663
41792724568
41792724306
41792724139
41792724420
41792724279
41792724234
41792724445
41792724156
41792724277
41792724457
41792724062
41792724556
41792724405
41792724070
41792724355
41792724266
41792724213
41792724133
41792724280
41792724100
41792724208
41792724664
41792724396
41792724570
41792724905
41792724439
41792724470
41792724342
41792724231
41792724273
41792724275
41792724285
41792724522
41792724386
41792724440
41792724407
41792724561
41792724086
41792724443
41792724158
41792724118
41792724292
41792724652
41792724346
41792724560
41792724612
41792724345
41792724378
41792724583
41792724237
41792724408
41792724255
41792724350
41792724303
41792724060
41792724347
41792724411
41792724239
41792724242
41792724623
41792724633
41792724425
41792724727
41792724163
41792724398
41792724293
41792724472
41792724291
41792724338
41792724645
41792724288
41792724376
41792724129
41792724333
41792724373
41792724155
41792724395
41792724323
41792724278
41792724605
41792724662
41792724281
41792724409
41792724214
41792724829
41792724603
41792724791
41792724371
41792724601
41792724340
41792724726
41792724872
41792724175
41792724650
41792724714
41792724112
41792724551
41792724341
41792724224
41792724720
41792724297
41792724505
41792724618
41792724783
41792724608
41792724370
41792724368
41792724352
41792724653
41792724460
41792724253
41792724485
41792724166
41792724580
41792724246
41792724859
41792724435
41792724461
41792724725
41792724468
41792724741
41792724466
41792724565
41792724365
41792724657
41792724111
41792724241
41792724462
41792724455
41792724642
41792724450
41792724533
41792724706
41792724321
41792724512
41792724745
41792724427
41792724359
41792724721
41792724771
41792724573
41792724344
41792724349
41792724697
41792724436
41792724300
41792724873
41792724814
41792724665
41792724421
41792724233
41792724284
41792724307
41792724402
41792724090
41792724849
41792724547
41792724860
41792724853
41792724318
41792724541
41792724406
41792724768
41792724168
41792724777
41792724210
41792724449
41792724634
41792724797
41792724311
41792724672
41792724707
41792724772
41792724822
41792724261
41792724610
41792724967
41792724471
41792724282
41792724377
41792724384
41792724681
41792724202
41792724709
41792724510
41792724800
41792724636
41792724552
41792724459
41792724142
41792724915
41792724578
41792724689
41792724372
41792724478
41792724185
41792724467
41792724754
41792724789
41792724387
41792724566
41792724879
41792724322
41792724526
41792724362
41792724494
41792724544
41792724668
41792724416
41792724389
41792724528
41792724491
41792724913
41792724394
41792724882
41792724154
41792724683
41792724431
41792724828
41792724963
41792724453
41792724550
41792724857
41792724369
41792724374
41792724511
41792724767
41792724615
41792724584
41792724197
41792724484
41792724513
41792724833
41792724305
41792724702
41792724997
41792724518
41792724585
41792724971
41792724694
41792724690
41792724976
41792724825
41792724868
41792724874
41792724939
41792724452
41792724817
41792724700
41792724747
41792724641
41792724216
41792724930
41792724705
41792724815
41792724488
41792724746
41792724594
41792724441
41792724502
41792724894
41792724500
41792724529
41792724289
41792724739
41792724843
41792724928
41792724951
41792724329
41792724941
41792724515
41792724782
41792724801
41792724588
41792724130
41792724444
41792724545
41792724790
41792724520
41792724979
41792724410
41792724557
41792724924
41792724424
41792724559
41792724760
41792724591
41792724848
41792724890
41792724678
41792724749
41792724753
41792724419
41792724803
41792724862
41792724501
41792724844
41792724730
41792724958
41792724877
41792724558
41792724656
41792724581
41792724326
41792724554
41792724852
41792724960
41792724787
41792724648
41792724631
41792724788
41792724750
41792724637
41792724716
41792724646
41792724473
41792724598
41792724784
41792724806
41792724562
41792724926
41792724635
41792724775
41792724534
41792724901
41792724414
41792724563
41792724871
41792724802
41792724840
41792724895
41792724366
41792724586
41792724671
41792724640
41792724975
41792724994
41792724458
41792724723
41792724252
41792724899
41792724818
41792724659
41792724736
41792724737
41792724251
41792724863
41792724508
41792724889
41792724995
41792724661
41792724940
41792724968
41792724948
41792724626
41792724766
41792724936
41792724654
41792724599
41792724842
41792724823
41792724755
41792724919
41792724938
41792724769
41792724643
41792724763
41792724851
41792724480
41792724687
41792724658
41792724667
41792724835
41792724965
41792724850
41792724896
41792724660
41792724600
41792724666
41792724945
41792724904
41792724713
41792724572
41792724564
41792724693
41792724628
41792724756
41792724761
41792724985
41792724933
41792724682
41792724698
41792724807
41792724770
41792724991
41792724719
41792724688
41792724780
41792724765
41792724846
41792724858
41792724492
41792724632
41792724942
41792724990
41792724870
41792724855
41792724934
41792724703
41792724923
41792724686
41792724856
41792724717
41792724711
41792724935
41792724893
41792724876
41792724943
41792724776
41792724974
41792724811
41792724867
41792724953
41792724993
41792724826
41792724920
41792724987
41792724950
41792724916
41792724336
41792724506
41792724523
41792724921
41792724430
41792724447
41792724597
41792724675
41792724759
41792724774
41792724778
41792724812
41792724964
41792726002
41792726009
41792726015
41792726023
41792726001
41792726027
41792726014
41792726010
41792726017
41792726025
41792726005
41792726006
41792726011
41792726016
41792726030
41792726019
41792726020
41792726032
41792726037
41792726042
41792726067
41792726072
41792726062
41792726090
41792726177
41792726209
41792726012
41792726066
41792726095
41792726286
41792726098
41792726107
41792726061
41792726118
41792726041
41792726043
41792726053
41792726071
41792726111
41792726039
41792726129
41792726063
41792726081
41792726089
41792726103
41792726047
41792726105
41792726148
41792726126
41792726171
41792726223
41792726069
41792726131
41792726049
41792726331
41792726112
41792726076
41792726078
41792726147
41792726186
41792726033
41792726362
41792726093
41792726229
41792726152
41792726083
41792726334
41792726279
41792726082
41792726489
41792726050
41792726249
41792726161
41792726153
41792726176
41792726179
41792726168
41792726236
41792726045
41792726048
41792726144
41792726054
41792726040
41792726204
41792726193
41792726234
41792726051
41792726109
41792726241
41792726470
41792726227
41792726353
41792726203
41792726167
41792726046
41792726121
41792726100
41792726160
41792726355
41792726361
41792726174
41792726216
41792726035
41792726253
41792726187
41792726141
41792726212
41792726158
41792726546
41792726463
41792726257
41792726170
41792726119
41792726165
41792726057
41792726526
41792726116
41792726261
41792726162
41792726149
41792726570
41792726544
41792726313
41792726239
41792726467
41792726277
41792726156
41792726215
41792726091
41792726669
41792726407
41792726172
41792726292
41792726202
41792726301
41792726296
41792726265
41792726108
41792726604
41792726115
41792726122
41792726379
41792726254
41792726128
41792726163
41792726143
41792726444
41792726378
41792726244
41792726200
41792726101
41792726230
41792726322
41792726426
41792726412
41792726073
41792726184
41792726283
41792726210
41792726133
41792726363
41792726060
41792726394
41792726765
41792726371
41792726415
41792726314
41792726064
41792726300
41792726221
41792726849
41792726191
41792726351
41792726180
41792726490
41792726306
41792726278
41792726207
41792726497
41792726528
41792726574
41792726218
41792726518
41792726406
41792726745
41792726612
41792726479
41792726140
41792726748
41792726246
41792726495
41792726425
41792726373
41792726339
41792726058
41792726540
41792726465
41792726352
41792726654
41792726305
41792726480
41792726222
41792726240
41792726535
41792726583
41792726401
41792726175
41792726346
41792726591
41792726588
41792726354
41792726457
41792726252
41792726556
41792726462
41792726548
41792726150
41792726360
41792726501
41792726448
41792726366
41792726579
41792726264
41792726205
41792726183
41792726460
41792726684
41792726493
41792726233
41792726214
41792726593
41792726475
41792726472
41792726761
41792726925
41792726569
41792726271
41792726319
41792726789
41792726562
41792726335
41792726424
41792726688
41792726647
41792726157
41792726484
41792726281
41792726770
41792726711
41792726718
41792726664
41792726485
41792726755
41792726539
41792726476
41792726420
41792726427
41792726746
41792726357
41792726762
41792726395
41792726274
41792726618
41792726983
41792726454
41792726642
41792726835
41792726323
41792726421
41792726752
41792726620
41792726456
41792726527
41792726946
41792726256
41792726464
41792726137
41792726675
41792726763
41792726110
41792726315
41792726541
41792726693
41792726867
41792726169
41792726263
41792726255
41792726732
41792726402
41792726397
41792726347
41792726199
41792726779
41792726809
41792726580
41792726232
41792726739
41792726509
41792726677
41792726555
41792726341
41792726695
41792726491
41792726542
41792726661
41792726638
41792726552
41792726225
41792726521
41792726365
41792726598
41792726437
41792726228
41792726566
41792726575
41792726439
41792726553
41792726327
41792726410
41792726859
41792726487
41792726643
41792726155
41792726344
41792726304
41792726258
41792726671
41792726866
41792726320
41792726774
41792726433
41792726651
41792726275
41792726870
41792726482
41792726585
41792726751
41792726330
41792726819
41792726646
41792726151
41792726404
41792726608
41792726801
41792726565
41792726396
41792726416
41792726768
41792726767
41792726508
41792726704
41792726665
41792726803
41792726742
41792726720
41792726610
41792726550
41792726586
41792726557
41792726931
41792726938
41792726605
41792726630
41792726567
41792726417
41792726737
41792726744
41792726342
41792726840
41792726511
41792726686
41792726481
41792726237
41792726201
41792726679
41792726502
41792726392
41792726645
41792726740
41792726600
41792726960
41792726978
41792726368
41792726655
41792726749
41792726882
41792726860
41792726350
41792726438
41792726656
41792726841
41792726613
41792726796
41792726644
41792726312
41792726908
41792726549
41792726941
41792726728
41792726413
41792726791
41792726590
41792726907
41792726820
41792726902
41792726715
41792726913
41792726461
41792726469
41792726276
41792726614
41792726554
41792726689
41792726758
41792726668
41792726760
41792726563
41792726510
41792726446
41792726375
41792726639
41792726802
41792726733
41792726641
41792726597
41792726423
41792726834
41792726364
41792726781
41792726976
41792726793
41792726934
41792726757
41792726558
41792726795
41792726285
41792726959
41792726725
41792726969
41792726345
41792726864
41792726775
41792726962
41792726670
41792726707
41792726973
41792726991
41792726811
41792726814
41792726852
41792726848
41792726880
41792726786
41792726790
41792726856
41792726525
41792726909
41792726777
41792726666
41792726994
41792726945
41792726865
41792726813
41792726606
41792726333
41792726637
41792726822
41792726672
41792726512
41792726875
41792726524
41792726710
41792726631
41792726800
41792726932
41792726846
41792726818
41792726451
41792726943
41792726815
41792726708
41792726919
41792726785
41792726619
41792726898
41792726876
41792726854
41792726782
41792726494
41792726576
41792726648
41792726747
41792726824
41792726949
41792726850
41792726874
41792726530
41792726678
41792726411
41792726650
41792726414
41792726584
41792726578
41792726947
41792726817
41792726551
41792726719
41792726685
41792726901
41792726831
41792726955
41792726816
41792726912
41792726944
41792726772
41792726914
41792726968
41792726981
41792726879
41792726759
41792726881
41792726851
41792726595
41792726862
41792726714
41792726629
41792726985
41792726623
41792726833
41792726936
41792726951
41792726626
41792726721
41792726899
41792726890
41792726887
41792726589
41792726878
41792726988
41792726807
41792726857
41792726979
41792726964
41792726587
41792726828
41792726956
41792726893
41792726926
41792726687
41792726884
41792726581
41792726680
41792726886
41792726086
41792726995
41792726996
41792726754
41792726917
41792726145
41792726702
41792726783
41792726910
41792726948
41792726900
41792726797
41792726173
41792726989
41792726290
41792726905
41792726939
41792726903
41792726933
41792726706
41792726730
41792726940
41792720000
41792720001
41792720002
41792720006
41792720012
41792720003
41792720021
41792720010
41792720032
41792720004
41792720008
41792720024
41792720016
41792720017
41792720028
41792720007
41792720025
41792720011
41792720014
41792720030
41792720023
41792720026
41792720013
41792720020
41792720005
41792720031
41792720073
41792720179
41792720199
41792720228
41792720040
41792720038
41792720036
41792720037
41792720064
41792720068
41792720092
41792720136
41792720111
41792720213
41792720052
41792720082
41792720081
41792720067
41792720077
41792720076
41792720106
41792720100
41792720104
41792720143
41792720155
41792720128
41792720148
41792720034
41792720119
41792720229
41792720066
41792720047
41792720045
41792720070
41792720212
41792720132
41792720041
41792720309
41792720054
41792720314
41792720146
41792720139
41792720182
41792720260
41792720211
41792720087
41792720093
41792720102
41792720278
41792720137
41792720283
41792720269
41792720050
41792720320
41792720209
41792720109
41792720048
41792720080
41792720061
41792720246
41792720057
41792720178
41792720356
41792720085
41792720113
41792720079
41792720131
41792720367
41792720039
41792720107
41792720134
41792720058
41792720042
41792720288
41792720456
41792720091
41792720055
41792720097
41792720033
41792720189
41792720115
41792720250
41792720270
41792720285
41792720338
41792720242
41792720261
41792720376
41792720252
41792720051
41792720205
41792720101
41792720201
41792720173
41792720406
41792720181
41792720722
41792720187
41792720096
41792720126
41792720192
41792720133
41792720369
41792720310
41792720234
41792720240
41792720417
41792720248
41792720083
41792720380
41792720171
41792720165
41792720388
41792720176
41792720221
41792720301
41792720459
41792720159
41792720060
41792720458
41792720407
41792720044
41792720220
41792720523
41792720262
41792720090
41792720470
41792720253
41792720088
41792720121
41792720537
41792720053
41792720463
41792720400
41792720169
41792720424
41792720293
41792720718
41792720289
41792720200
41792720166
41792720549
41792720267
41792720311
41792720225
41792720474
41792720428
41792720451
41792720306
41792720529
41792720331
41792720328
41792720268
41792720125
41792720247
41792720063
41792720622
41792720404
41792720411
41792720340
41792720282
41792720514
41792720835
41792720422
41792720243
41792720196
41792720726
41792720553
41792720144
41792720239
41792720789
41792720326
41792720416
41792720472
41792720412
41792720304
41792720272
41792720469
41792720188
41792720167
41792720896
41792720697
41792720197
41792720222
41792720298
41792720065
41792720273
41792720231
41792720276
41792720371
41792720342
41792720325
41792720703
41792720232
41792720632
41792720754
41792720690
41792720517
41792720161
41792720494
41792720385
41792720585
41792720810
41792720230
41792720845
41792720254
41792720684
41792720719
41792720180
41792720655
41792720557
41792720343
41792720479
41792720421
41792720493
41792720177
41792720193
41792720544
41792720368
41792720507
41792720576
41792720384
41792720586
41792720569
41792720218
41792720466
41792720312
41792720401
41792720759
41792720681
41792720345
41792720214
41792720724
41792720275
41792720399
41792720615
41792720389
41792720716
41792720224
41792720277
41792720785
41792720659
41792720852
41792720202
41792720300
41792720625
41792720624
41792720207
41792720884
41792720477
41792720457
41792720484
41792720562
41792720235
41792720206
41792720450
41792720227
41792720824
41792720497
41792720350
41792720710
41792720302
41792720756
41792720575
41792720485
41792720480
41792720186
41792720393
41792720825
41792720233
41792720362
41792720403
41792720652
41792720521
41792720757
41792720788
41792720303
41792720833
41792720462
41792720346
41792720650
41792720588
41792720591
41792720219
41792720503
41792720769
41792720596
41792720731
41792720476
41792720464
41792720488
41792720198
41792720712
41792720347
41792720665
41792720439
41792720281
41792720800
41792720915
41792720657
41792720877
41792720516
41792720410
41792720772
41792720335
41792720780
41792720827
41792720968
41792720318
41792720881
41792720434
41792720815
41792720237
41792720290
41792720640
41792720478
41792720651
41792720709
41792720431
41792720332
41792720714
41792720482
41792720445
41792720238
41792720706
41792720736
41792720336
41792720334
41792720958
41792720627
41792720841
41792720723
41792720941
41792720348
41792720680
41792720203
41792720414
41792720323
41792720593
41792720546
41792720786
41792720279
41792720163
41792720500
41792720750
41792720856
41792720782
41792720339
41792720747
41792720577
41792720842
41792720867
41792720984
41792720770
41792720871
41792720612
41792720673
41792720524
41792720589
41792720440
41792720928
41792720670
41792720394
41792720974
41792720498
41792720983
41792720487
41792720808
41792720771
41792720286
41792720567
41792720574
41792720980
41792720444
41792720568
41792720832
41792720308
41792720735
41792720960
41792720580
41792720465
41792720672
41792720506
41792720419
41792720534
41792720550
41792720707
41792720644
41792720418
41792720573
41792720962
41792720504
41792720391
41792720372
41792720910
41792720766
41792720579
41792720558
41792720453
41792720937
41792720989
41792720982
41792720793
41792720691
41792720992
41792720979
41792720721
41792720742
41792720855
41792720590
41792720943
41792720274
41792720554
41792720779
41792720929
41792720425
41792720559
41792720875
41792720408
41792720604
41792720560
41792720635
41792720939
41792720701
41792720603
41792720502
41792720926
41792720840
41792720642
41792720594
41792720829
41792720409
41792720501
41792720518
41792720613
41792720358
41792720767
41792720918
41792720461
41792720826
41792720836
41792720738
41792720953
41792720375
41792720888
41792720846
41792720679
41792720850
41792720696
41792720442
41792720658
41792720614
41792720893
41792720423
41792720433
41792720902
41792720649
41792720973
41792720994
41792720639
41792720909
41792720894
41792720490
41792720879
41792720774
41792720729
41792720647
41792720739
41792720454
41792720638
41792720452
41792720607
41792720548
41792720489
41792720936
41792720530
41792720753
41792720805
41792720944
41792720698
41792720717
41792720447
41792720971
41792720963
41792720631
41792720904
41792720728
41792720699
41792720795
41792720762
41792720509
41792720948
41792720914
41792720931
41792720804
41792720872
41792720916
41792720363
41792720778
41792720818
41792720512
41792720713
41792720532
41792720949
41792720991
41792720885
41792720601
41792720965
41792720561
41792720900
41792720891
41792720806
41792720645
41792720985
41792720920
41792720919
41792720402
41792720745
41792720547
41792720700
41792720933
41792720951
41792720952
41792720660
41792720821
41792720620
41792720959
41792720646
41792720969
41792720907
41792720803
41792720727
41792720932
41792720626
41792720967
41792720996
41792720702
41792720636
41792720637
41792720802
41792720467
41792720945
41792720988
41792720630
41792720669
41792720993
41792720539
41792720758
41792720911
41792720868
41792720643
41792720906
41792720997
41792720889
41792720975
41792720925
41792720964
41792720195
41792720305
41792720446
41792720455
41792720648
41792720676
41792720763
41792729000
41792729004
41792729021
41792729019
41792729005
41792729030
41792729015
41792729023
41792729032
41792729014
41792729008
41792729003
41792729022
41792729010
41792729018
41792729011
41792729020
41792729025
41792729031
41792729007
41792729016
41792729024
41792729017
41792729012
41792729026
41792729006
41792729029
41792729051
41792729062
41792729027
41792729220
41792729049
41792729042
41792729079
41792729054
41792729076
41792729090
41792729084
41792729034
41792729107
41792729121
41792729156
41792729123
41792729120
41792729129
41792729144
41792729158
41792729202
41792729208
41792729192
41792729133
41792729104
41792729312
41792729125
41792729216
41792729039
41792729142
41792729140
41792729036
41792729194
41792729088
41792729053
41792729193
41792729209
41792729092
41792729198
41792729077
41792729122
41792729091
41792729244
41792729061
41792729114
41792729065
41792729063
41792729110
41792729155
41792729128
41792729111
41792729046
41792729102
41792729058
41792729127
41792729033
41792729196
41792729147
41792729197
41792729170
41792729071
41792729148
41792729354
41792729035
41792729362
41792729376
41792729211
41792729311
41792729217
41792729048
41792729221
41792729304
41792729222
41792729254
41792729157
41792729183
41792729184
41792729064
41792729040
41792729358
41792729332
41792729160
41792729153
41792729150
41792729082
41792729109
41792729130
41792729135
41792729105
41792729093
41792729500
41792729397
41792729073
41792729347
41792729182
41792729115
41792729282
41792729146
41792729188
41792729231
41792729245
41792729163
41792729603
41792729257
41792729370
41792729503
41792729424
41792729459
41792729297
41792729529
41792729100
41792729118
41792729151
41792729329
41792729356
41792729390
41792729274
41792729143
41792729232
41792729126
41792729200
41792729445
41792729098
41792729239
41792729113
41792729141
41792729375
41792729180
41792729189
41792729227
41792729103
41792729260
41792729159
41792729526
41792729265
41792729287
41792729422
41792729345
41792729116
41792729507
41792729233
41792729316
41792729302
41792729479
41792729752
41792729573
41792729162
41792729259
41792729060
41792729322
41792729272
41792729136
41792729344
41792729070
41792729234
41792729138
41792729495
41792729139
41792729294
41792729087
41792729374
41792729446
41792729089
41792729230
41792729228
41792729491
41792729280
41792729364
41792729268
41792729286
41792729086
41792729240
41792729293
41792729389
41792729247
41792729296
41792729556
41792729781
41792729411
41792729165
41792729537
41792729210
41792729759
41792729386
41792729388
41792729481
41792729383
41792729799
41792729363
41792729511
41792729298
41792729181
41792729484
41792729663
41792729560
41792729288
41792729095
41792729310
41792729574
41792729295
41792729387
41792729173
41792729215
41792729242
41792729279
41792729524
41792729317
41792729372
41792729531
41792729336
41792729933
41792729428
41792729419
41792729515
41792729305
41792729448
41792729857
41792729355
41792729261
41792729353
41792729437
41792729412
41792729313
41792729578
41792729473
41792729686
41792729267
41792729263
41792729335
41792729683
41792729161
41792729471
41792729664
41792729700
41792729442
41792729177
41792729801
41792729680
41792729606
41792729285
41792729579
41792729401
41792729780
41792729632
41792729343
41792729935
41792729429
41792729277
41792729418
41792729149
41792729179
41792729174
41792729378
41792729321
41792729300
41792729186
41792729415
41792729331
41792729512
41792729252
41792729359
41792729400
41792729413
41792729483
41792729152
41792729393
41792729506
41792729176
41792729284
41792729643
41792729605
41792729435
41792729875
41792729665
41792729595
41792729677
41792729583
41792729462
41792729692
41792729645
41792729557
41792729712
41792729668
41792729635
41792729627
41792729790
41792729589
41792729470
41792729535
41792729570
41792729555
41792729604
41792729670
41792729396
41792729656
41792729648
41792729175
41792729621
41792729371
41792729203
41792729402
41792729357
41792729610
41792729908
41792729796
41792729466
41792729219
41792729901
41792729308
41792729775
41792729899
41792729791
41792729831
41792729246
41792729747
41792729520
41792729726
41792729533
41792729553
41792729444
41792729403
41792729616
41792729776
41792729554
41792729602
41792729804
41792729369
41792729761
41792729501
41792729545
41792729377
41792729241
41792729454
41792729727
41792729600
41792729580
41792729793
41792729607
41792729882
41792729674
41792729691
41792729593
41792729166
41792729902
41792729568
41792729614
41792729946
41792729440
41792729832
41792729820
41792729258
41792729644
41792729559
41792729736
41792729650
41792729530
41792729915
41792729598
41792729828
41792729945
41792729830
41792729950
41792729815
41792729693
41792729642
41792729490
41792729762
41792729951
41792729380
41792729213
41792729594
41792729932
41792729381
41792729601
41792729653
41792729456
41792729927
41792729952
41792729320
41792729818
41792729480
41792729986
41792729757
41792729969
41792729824
41792729612
41792729842
41792729849
41792729675
41792729722
41792729592
41792729911
41792729464
41792729711
41792729924
41792729694
41792729906
41792729561
41792729640
41792729836
41792729795
41792729333
41792729889
41792729748
41792729649
41792729838
41792729467
41792729638
41792729765
41792729819
41792729338
41792729947
41792729728
41792729734
41792729954
41792729923
41792729886
41792729509
41792729737
41792729997
41792729867
41792729995
41792729682
41792729641
41792729565
41792729340
41792729497
41792729666
41792729806
41792729928
41792729703
41792729567
41792729811
41792729732
41792729716
41792729394
41792729382
41792729973
41792729846
41792729392
41792729719
41792729373
41792729281
41792729936
41792729772
41792729733
41792729647
41792729918
41792729807
41792729834
41792729538
41792729821
41792729450
41792729920
41792729618
41792729868
41792729516
41792729982
41792729802
41792729975
41792729720
41792729872
41792729750
41792729540
41792729844
41792729408
41792729547
41792729922
41792729992
41792729978
41792729840
41792729829
41792729853
41792729409
41792729827
41792729741
41792729958
41792729426
41792729968
41792729771
41792729949
41792729863
41792729905
41792729609
41792729848
41792729885
41792729756
41792729845
41792729779
41792729966
41792729654
41792729562
41792729551
41792729546
41792729449
41792729865
41792729916
41792729760
41792729893
41792729534
41792729953
41792729660
41792729939
41792729698
41792729575
41792729823
41792729940
41792729745
41792729943
41792729488
41792729699
41792729979
41792729883
41792729962
41792729673
41792729566
41792729504
41792729956
41792729646
41792729983
41792729884
41792729874
41792729707
41792729525
41792729706
41792729833
41792729959
41792729599
41792729862
41792729754
41792729994
41792729888
41792729987
41792729702
41792729913
41792729808
41792729809
41792729778
41792729879
41792729810
41792729850
41792729895
41792729825
41792729900
41792729931
41792729887
41792723013
41792723024
41792723009
41792723028
41792723020
41792723017
41792723006
41792723003
41792723005
41792723025
41792723029
41792723011
41792723016
41792723004
41792723022
41792723030
41792723056
41792723158
41792723045
41792723087
41792723042
41792723047
41792723053
41792723075
41792723072
41792723082
41792723091
41792723064
41792723116
41792723142
41792723132
41792723148
41792723101
41792723168
41792723262
41792723117
41792723150
41792723149
41792723252
41792723080
41792723282
41792723145
41792723037
41792723112
41792723106
41792723160
41792723034
41792723206
41792723195
41792723379
41792723098
41792723120
41792723109
41792723140
41792723115
41792723131
41792723033
41792723048
41792723105
41792723231
41792723060
41792723121
41792723059
41792723315
41792723065
41792723343
41792723043
41792723050
41792723478
41792723108
41792723249
41792723299
41792723316
41792723284
41792723205
41792723188
41792723071
41792723370
41792723227
41792723084
41792723322
41792723077
41792723044
41792723111
41792723129
41792723436
41792723164
41792723356
41792723556
41792723285
41792723038
41792723136
41792723317
41792723162
41792723342
41792723279
41792723288
41792723510
41792723425
41792723372
41792723308
41792723327
41792723147
41792723211
41792723175
41792723462
41792723588
41792723471
41792723576
41792723293
41792723161
41792723404
41792723314
41792723719
41792723113
41792723173
41792723260
41792723382
41792723081
41792723258
41792723130
41792723335
41792723243
41792723287
41792723378
41792723532
41792723244
41792723515
41792723063
41792723726
41792723539
41792723144
41792723271
41792723593
41792723687
41792723441
41792723594
41792723599
41792723403
41792723278
41792723646
41792723675
41792723466
41792723366
41792723062
41792723254
41792723597
41792723128
41792723181
41792723067
41792723400
41792723389
41792723546
41792723167
41792723444
41792723772
41792723548
41792723710
41792723107
41792723700
41792723163
41792723217
41792723199
41792723435
41792723724
41792723052
41792723396
41792723837
41792723384
41792723275
41792723415
41792723567
41792723442
41792723214
41792723100
41792723039
41792723351
41792723197
41792723971
41792723137
41792723544
41792723470
41792723878
41792723637
41792723301
41792723068
41792723626
41792723250
41792723399
41792723123
41792723713
41792723455
41792723202
41792723638
41792723207
41792723229
41792723190
41792723761
41792723146
41792723835
41792723734
41792723266
41792723683
41792723841
41792723667
41792723577
41792723363
41792723840
41792723992
41792723447
41792723453
41792723566
41792723989
41792723264
41792723307
41792723555
41792723523
41792723578
41792723276
41792723737
41792723076
41792723505
41792723374
41792723169
41792723606
41792723796
41792723549
41792723089
41792723557
41792723237
41792723530
41792723770
41792723348
41792723653
41792723864
41792723431
41792723714
41792723166
41792723304
41792723265
41792723580
41792723220
41792723292
41792723219
41792723268
41792723194
41792723771
41792723973
41792723320
41792723230
41792723558
41792723448
41792723872
41792723533
41792723119
41792723928
41792723565
41792723272
41792723223
41792723969
41792723513
41792723368
41792723781
41792723619
41792723184
41792723454
41792723402
41792723958
41792723464
41792723618
41792723702
41792723257
41792723212
41792723344
41792723429
41792723267
41792723323
41792723583
41792723297
41792723980
41792723465
41792723986
41792723390
41792723240
41792723994
41792723818
41792723661
41792723204
41792723325
41792723135
41792723311
41792723242
41792723775
41792723196
41792723122
41792723628
41792723294
41792723329
41792723484
41792723996
41792723234
41792723651
41792723259
41792723720
41792723542
41792723934
41792723686
41792723509
41792723733
41792723333
41792723406
41792723318
41792723874
41792723538
41792723600
41792723608
41792723893
41792723859
41792723759
41792723662
41792723625
41792723876
41792723747
41792723691
41792723280
41792723960
41792723417
41792723863
41792723694
41792723481
41792723393
41792723359
41792723804
41792723377
41792723540
41792723886
41792723728
41792723978
41792723707
41792723773
41792723485
41792723913
41792723449
41792723446
41792723376
41792723492
41792723338
41792723834
41792723562
41792723820
41792723807
41792723516
41792723300
41792723398
41792723813
41792723677
41792723512
41792723573
41792723353
41792723845
41792723569
41792723877
41792723469
41792723746
41792723727
41792723502
41792723929
41792723762
41792723487
41792723731
41792723757
41792723721
41792723324
41792723895
41792723564
41792723939
41792723871
41792723656
41792723881
41792723794
41792723988
41792723452
41792723935
41792723526
41792723635
41792723705
41792723830
41792723732
41792723525
41792723690
41792723547
41792723422
41792723474
41792723723
41792723904
41792723552
41792723528
41792723803
41792723802
41792723951
41792723889
41792723491
41792723738
41792723682
41792723742
41792723774
41792723974
41792723430
41792723664
41792723957
41792723535
41792723605
41792723833
41792723668
41792723853
41792723946
41792723595
41792723458
41792723745
41792723963
41792723483
41792723948
41792723587
41792723961
41792723349
41792723598
41792723800
41792723975
41792723537
41792723769
41792723486
41792723956
41792723823
41792723563
41792723439
41792723365
41792723475
41792723824
41792723340
41792723982
41792723854
41792723698
41792723498
41792723885
41792723752
41792723536
41792723826
41792723911
41792723822
41792723933
41792723901
41792723615
41792723494
41792723663
41792723809
41792723438
41792723655
41792723633
41792723993
41792723938
41792723766
41792723907
41792723865
41792723541
41792723879
41792723917
41792723873
41792723783
41792723657
41792723954
41792723836
41792723543
41792723793
41792723868
41792723712
41792723715
41792723921
41792723883
41792723806
41792723918
41792723981
41792723416
41792723630
41792723909
41792723572
41792723847
41792723545
41792723861
41792723825
41792723758
41792723744
41792723914
41792723718
41792723767
41792723717
41792723643
41792723972
41792723704
41792723922
41792723884
41792723787
41792723636
41792723949
41792723716
41792723755
41792723875
41792723681
41792723786
41792723445
41792723968
41792723750
41792723632
41792723650
41792723908
41792723648
41792723654
41792723944
41792723932
41792723843
41792723985
41792723953
41792723748
41792723729
41792723789
41792723799
41792723955
41792723838
41792723962
41792723984
41792723846
41792723950
41792721000
41792721006
41792721012
41792721023
41792721026
41792721011
41792721014
41792721001
41792721008
41792721007
41792721019
41792721030
41792721015
41792721024
41792721002
41792721016
41792721028
41792721021
41792721031
41792721022
41792721020
41792721010
41792721029
41792721009
41792721073
41792721116
41792721017
41792721149
41792721018
41792721053
41792721034
41792721091
41792721084
41792721064
41792721114
41792721056
41792721110
41792721122
41792721039
41792721147
41792721175
41792721126
41792721119
41792721108
41792721188
41792721046
41792721213
41792721112
41792721208
41792721247
41792721138
41792721176
41792721051
41792721085
41792721038
41792721121
41792721077
41792721355
41792721164
41792721044
41792721036
41792721275
41792721059
41792721100
41792721131
41792721282
41792721297
41792721117
41792721336
41792721396
41792721033
41792721351
41792721177
41792721152
41792721048
41792721179
41792721145
41792721153
41792721123
41792721232
41792721397
41792721155
41792721041
41792721052
41792721045
41792721081
41792721075
41792721040
41792721094
41792721065
41792721066
41792721151
41792721220
41792721082
41792721067
41792721135
41792721171
41792721332
41792721209
41792721327
41792721531
41792721516
41792721527
41792721265
41792721476
41792721211
41792721441
41792721025
41792721306
41792721133
41792721238
41792721263
41792721484
41792721221
41792721309
41792721566
41792721202
41792721254
41792721337
41792721061
41792721236
41792721426
41792721341
41792721186
41792721050
41792721078
41792721242
41792721103
41792721442
41792721206
41792721042
41792721285
41792721289
41792721714
41792721201
41792721189
41792721319
41792721142
41792721132
41792721443
41792721273
41792721557
41792721159
41792721299
41792721111
41792721416
41792721203
41792721310
41792721388
41792721340
41792721514
41792721140
41792721363
41792721839
41792721366
41792721185
41792721109
41792721469
41792721325
41792721401
41792721249
41792721391
41792721627
41792721190
41792721757
41792721503
41792721246
41792721224
41792721573
41792721178
41792721339
41792721264
41792721509
41792721474
41792721358
41792721251
41792721252
41792721444
41792721187
41792721129
41792721772
41792721294
41792721259
41792721191
41792721293
41792721207
41792721843
41792721432
41792721431
41792721184
41792721234
41792721399
41792721488
41792721107
41792721435
41792721330
41792721402
41792721360
41792721589
41792721181
41792721113
41792721315
41792721353
41792721156
41792721499
41792721280
41792721756
41792721717
41792721317
41792721525
41792721536
41792721515
41792721990
41792721600
41792721664
41792721302
41792721452
41792721241
41792721545
41792721260
41792721125
41792721354
41792721240
41792721468
41792721593
41792721582
41792721321
41792721063
41792721552
41792721500
41792721445
41792721991
41792721482
41792721800
41792721333
41792721143
41792721801
41792721390
41792721323
41792721170
41792721880
41792721324
41792721730
41792721272
41792721348
41792721316
41792721215
41792721380
41792721865
41792721850
41792721708
41792721300
41792721761
41792721607
41792721274
41792721436
41792721765
41792721369
41792721342
41792721320
41792721621
41792721287
41792721448
41792721746
41792721471
41792721511
41792721601
41792721328
41792721357
41792721567
41792721141
41792721079
41792721430
41792721305
41792721605
41792721485
41792721542
41792721860
41792721438
41792721216
41792721226
41792721631
41792721362
41792721214
41792721930
41792721367
41792721568
41792721953
41792721507
41792721454
41792721703
41792721747
41792721534
41792721598
41792721382
41792721270
41792721420
41792721427
41792721609
41792721815
41792721693
41792721877
41792721508
41792721832
41792721269
41792721414
41792721434
41792721637
41792721623
41792721303
41792721349
41792721462
41792721590
41792721268
41792721262
41792721519
41792721335
41792721451
41792721501
41792721653
41792721136
41792721400
41792721291
41792721375
41792721677
41792721561
41792721487
41792721481
41792721571
41792721419
41792721425
41792721588
41792721200
41792721535
41792721952
41792721630
41792721610
41792721286
41792721424
41792721586
41792721544
41792721477
41792721387
41792721632
41792721777
41792721634
41792721657
41792721855
41792721748
41792721744
41792721276
41792721550
41792721576
41792721770
41792721885
41792721523
41792721692
41792721870
41792721986
41792721579
41792721584
41792721394
41792721378
41792721771
41792721894
41792721814
41792721577
41792721851
41792721602
41792721479
41792721710
41792721470
41792721558
41792721243
41792721298
41792721626
41792721879
41792721530
41792721483
41792721811
41792721398
41792721494
41792721806
41792721732
41792721204
41792721513
41792721463
41792721981
41792721331
41792721660
41792721539
41792721636
41792721404
41792721888
41792721713
41792721778
41792721537
41792721890
41792721645
41792721915
41792721808
41792721919
41792721788
41792721197
41792721816
41792721687
41792721639
41792721902
41792721604
41792721957
41792721835
41792721969
41792721950
41792721881
41792721694
41792721650
41792721418
41792721830
41792721603
41792721502
41792721675
41792721410
41792721706
41792721672
41792721569
41792721712
41792721690
41792721914
41792721547
41792721931
41792721933
41792721480
41792721882
41792721661
41792721904
41792721524
41792721812
41792721949
41792721592
41792721729
41792721596
41792721900
41792721845
41792721450
41792721433
41792721798
41792721290
41792721668
41792721774
41792721705
41792721852
41792721597
41792721555
41792721497
41792721472
41792721565
41792721924
41792721512
41792721575
41792721892
41792721989
41792721447
41792721440
41792721638
41792721824
41792721866
41792721944
41792721739
41792721594
41792721595
41792721541
41792721897
41792721997
41792721618
41792721678
41792721962
41792721520
41792721838
41792721666
41792721633
41792721887
41792721928
41792721752
41792721356
41792721938
41792721775
41792721810
41792721842
41792721963
41792721994
41792721958
41792721767
41792721873
41792721644
41792721643
41792721804
41792721978
41792721841
41792721805
41792721769
41792721649
41792721659
41792721755
41792721611
41792721686
41792721934
41792721667
41792721776
41792721859
41792721719
41792721983
41792721921
41792721886
41792721641
41792721665
41792721574
41792721822
41792721941
41792721768
41792721786
41792721923
41792721625
41792721898
41792721867
41792721787
41792721992
41792721783
41792721559
41792721773
41792721901
41792721728
41792721899
41792721874
41792721942
41792721987
41792721651
41792721906
41792721655
41792721715
41792721943
41792721891
41792721977
41792721793
41792721947
41792721829
41792721663
41792721731
41792721872
41792721736
41792721820
41792721966
41792721858
41792721893
41792721974
41792721727
41792721970
41792721907
41792721779
41792721749
41792721689
41792721827
41792721449
41792721954
41792721863
41792721975
41792721905
41792721895
41792721889
41792721124
41792721160
41792721257
41792721551
41792721640
41792721646
41792721996
41792722000
41792722016
41792722030
41792722008
41792722020
41792722027
41792722065
41792722072
41792722062
41792722128
41792722026
41792722017
41792722202
41792722022
41792722223
41792722015
41792722046
41792722036
41792722037
41792722042
41792722009
41792722076
41792722095
41792722074
41792722041
41792722109
41792722122
41792722086
41792722092
41792722120
41792722083
41792722032
41792722104
41792722013
41792722148
41792722089
41792722192
41792722191
41792722197
41792722028
41792722209
41792722229
41792722226
41792722233
41792722198
41792722052
41792722167
41792722299
41792722296
41792722298
41792722001
41792722100
41792722031
41792722257
41792722011
41792722098
41792722053
41792722069
41792722259
41792722115
41792722272
41792722035
41792722108
41792722071
41792722090
41792722066
41792722061
41792722021
41792722206
41792722004
41792722112
41792722135
41792722033
41792722207
41792722094
41792722182
41792722006
41792722085
41792722114
41792722125
41792722235
41792722012
41792722173
41792722002
41792722187
41792722073
41792722010
41792722140
41792722303
41792722146
41792722051
41792722172
41792722067
41792722063
41792722087
41792722096
41792722130
41792722225
41792722253
41792722218
41792722188
41792722105
41792722134
41792722284
41792722060
41792722157
41792722291
41792722283
41792722193
41792722265
41792722175
41792722239
41792722336
41792722409
41792722242
41792722240
41792722230
41792722266
41792722185
41792722161
41792722327
41792722099
41792722056
41792722117
41792722111
41792722221
41792722435
41792722448
41792722269
41792722247
41792722306
41792722150
41792722445
41792722166
41792722343
41792722144
41792722177
41792722452
41792722234
41792722064
41792722325
41792722320
41792722268
41792722251
41792722315
41792722162
41792722102
41792722645
41792722550
41792722203
41792722521
41792722123
41792722168
41792722353
41792722505
41792722237
41792722519
41792722133
41792722407
41792722466
41792722277
41792722164
41792722422
41792722270
41792722369
41792722170
41792722003
41792722116
41792722384
41792722530
41792722222
41792722212
41792722758
41792722362
41792722211
41792722502
41792722156
41792722601
41792722312
41792722149
41792722304
41792722458
41792722180
41792722231
41792722181
41792722430
41792722103
41792722245
41792722136
41792722189
41792722536
41792722106
41792722436
41792722349
41792722326
41792722390
41792722201
41792722579
41792722900
41792722644
41792722937
41792722483
41792722367
41792722278
41792722574
41792722227
41792722444
41792722363
41792722929
41792722316
41792722658
41792722208
41792722119
41792722337
41792722551
41792722196
41792722308
41792722238
41792722345
41792722823
41792722811
41792722433
41792722420
41792722088
41792722911
41792722607
41792722147
41792722357
41792722599
41792722625
41792722393
41792722285
41792722467
41792722413
41792722447
41792722322
41792722488
41792722514
41792722885
41792722023
41792722680
41792722426
41792722515
41792722976
41792722424
41792722372
41792722160
41792722628
41792722695
41792722612
41792722366
41792722636
41792722274
41792722591
41792722295
41792722522
41792722524
41792722559
41792722774
41792722723
41792722661
41792722385
41792722275
41792722465
41792722344
41792722476
41792722381
41792722565
41792722313
41792722903
41792722662
41792722517
41792722562
41792722688
41792722577
41792722829
41792722582
41792722597
41792722991
41792722978
41792722865
41792722307
41792722350
41792722256
41792722881
41792722556
41792722677
41792722453
41792722592
41792722351
41792722641
41792722708
41792722684
41792722721
41792722397
41792722683
41792722567
41792722650
41792722659
41792722477
41792722475
41792722418
41792722587
41792722145
41792722273
41792722155
41792722379
41792722280
41792722508
41792722297
41792722124
41792722690
41792722832
41792722610
41792722972
41792722248
41792722583
41792722121
41792722692
41792722294
41792722398
41792722421
41792722726
41792722423
41792722648
41792722498
41792722742
41792722722
41792722699
41792722516
41792722704
41792722527
41792722518
41792722399
41792722580
41792722570
41792722691
41792722389
41792722747
41792722373
41792722735
41792722484
41792722402
41792722762
41792722596
41792722546
41792722348
41792722432
41792722909
41792722997
41792722613
41792722454
41792722891
41792722992
41792722554
41792722414
41792722834
41792722711
41792722614
41792722528
41792722507
41792722826
41792722627
41792722261
41792722874
41792722930
41792722595
41792722777
41792722626
41792722809
41792722525
41792722750
41792722539
41792722748
41792722219
41792722772
41792722471
41792722761
41792722561
41792722916
41792722785
41792722535
41792722908
41792722419
41792722497
41792722425
41792722664
41792722867
41792722732
41792722301
41792722665
41792722589
41792722633
41792722852
41792722339
41792722923
41792722990
41792722405
41792722480
41792722617
41792722783
41792722598
41792722789
41792722830
41792722416
41792722804
41792722964
41792722831
41792722533
41792722380
41792722279
41792722836
41792722714
41792722960
41792722928
41792722788
41792722271
41792722566
41792722450
41792722940
41792722456
41792722473
41792722300
41792722864
41792722757
41792722886
41792722545
41792722606
41792722216
41792722701
41792722754
41792722558
41792722993
41792722698
41792722503
41792722955
41792722965
41792722918
41792722715
41792722846
41792722563
41792722370
41792722848
41792722594
41792722672
41792722744
41792722884
41792722560
41792722906
41792722866
41792722717
41792722963
41792722568
41792722763
41792722602
41792722764
41792722678
41792722970
41792722640
41792722689
41792722987
41792722825
41792722671
41792722944
41792722760
41792722569
41792722827
41792722472
41792722288
41792722905
41792722784
41792722442
41792722966
41792722685
41792722805
41792722939
41792722293
41792722496
41792722869
41792722776
41792722537
41792722838
41792722913
41792722470
41792722440
41792722538
41792722890
41792722621
41792722855
41792722921
41792722635
41792722624
41792722947
41792722971
41792722656
41792722803
41792722820
41792722798
41792722779
41792722872
41792722982
41792722631
41792722877
41792722289
41792722889
41792722746
41792722660
41792722799
41792722769
41792722756
41792722572
41792722511
41792722729
41792722843
41792722388
41792722894
41792722653
41792722676
41792722630
41792722973
41792722983
41792722549
41792722924
41792722994
41792722781
41792722816
41792722819
41792722915
41792722920
41792722738
41792722403
41792722657
41792722839
41792722795
41792722988
41792722731
41792722936
41792722981
41792722791
41792722642
41792722902
41792722814
41792722702
41792722974
41792722686
41792722860
41792722945
41792722917
41792722801
41792722749
41792722438
41792722506
41792722925
41792722893
41792722652
41792722700
41792722794
41792722912
41792722800
41792722986
41792722495
41792722854
41792722669
41792722703
41792722766
41792722806
41792722654
41792722862
41792722578
41792722875
41792722828
41792722980
41792722837
41792722174
41792722770
41792722740
41792722933
41792722790
41792722932
41792722967
41792722989
41792722797
41792722943
41792722878
41792722984
41792722861
41792722879
41792722812
41792722914
41792722985
41792722604
41792722706
41792722953
41792728000
41792728015
41792728018
41792728006
41792728001
41792728007
41792728012
41792728022
41792728024
41792728011
41792728031
41792728004
41792728008
41792728021
41792728017
41792728026
41792728002
41792728027
41792728071
41792728084
41792728256
41792728035
41792728059
41792728063
41792728120
41792728053
41792728048
41792728123
41792728128
41792728227
41792728146
41792728043
41792728047
41792728045
41792728174
41792728062
41792728068
41792728180
41792728039
41792728081
41792728101
41792728056
41792728083
41792728220
41792728234
41792728094
41792728253
41792728140
41792728328
41792728228
41792728122
41792728159
41792728215
41792728066
41792728281
41792728292
41792728300
41792728073
41792728046
41792728049
41792728301
41792728058
41792728114
41792728183
41792728072
41792728106
41792728113
41792728170
41792728145
41792728151
41792728332
41792728349
41792728182
41792728108
41792728176
41792728200
41792728255
41792728238
41792728225
41792728173
41792728150
41792728177
41792728111
41792728286
41792728321
41792728310
41792728280
41792728104
41792728326
41792728040
41792728196
41792728080
41792728085
41792728167
41792728158
41792728107
41792728309
41792728217
41792728214
41792728131
41792728126
41792728136
41792728311
41792728115
41792728130
41792728132
41792728244
41792728226
41792728163
41792728314
41792728089
41792728135
41792728152
41792728263
41792728229
41792728213
41792728054
41792728269
41792728277
41792728295
41792728339
41792728224
41792728198
41792728202
41792728329
41792728308
41792728327
41792728210
41792728160
41792728154
41792728317
41792728242
41792728307
41792728271
41792728270
41792728100
41792728233
41792728077
41792728121
41792728184
41792728345
41792728133
41792728201
41792728266
41792728207
41792728232
41792728247
41792728340
41792728209
41792728316
41792728191
41792728240
41792728208
41792728282
41792728289
41792728348
41792728336
41792728325
41792728341
41792728293
41792728261
41792728165
41792728262
41792728246
41792728343
41792728260
41792728322
41792728257
41792728223
41792728346
41792728216
41792728141
41792728287
41792728315
41792728272
41792728254
41792728264
41792728324
41792728185
41792728179
41792728258
41792728318
41792728331
41792728356
41792728361
41792728364
41792728371
41792728368
41792728358
41792728377
41792728374
41792728360
41792728366
41792728370
41792728362
41792728378
41792728376
41792728373
41792728372
41792728352
41792728375
41792728355
41792728353
41792728354
41792728393
41792728475
41792728403
41792728407
41792728442
41792728430
41792728399
41792728408
41792728495
41792728419
41792728425
41792728432
41792728451
41792728431
41792728457
41792728409
41792728436
41792728488
41792728405
41792728553
41792728562
41792728455
41792728647
41792728443
41792728411
41792728438
41792728464
41792728690
41792728427
41792728576
41792728504
41792728421
41792728472
41792728454
41792728413
41792728589
41792728667
41792728489
41792728446
41792728519
41792728637
41792728656
41792728565
41792728515
41792728499
41792728584
41792728435
41792728558
41792728500
41792728384
41792728686
41792728434
41792728415
41792728605
41792728441
41792728397
41792728465
41792728417
41792728388
41792728529
41792728412
41792728613
41792728450
41792728547
41792728520
41792728503
41792728533
41792728665
41792728536
41792728498
41792728557
41792728523
41792728444
41792728385
41792728556
41792728696
41792728550
41792728386
41792728516
41792728590
41792728586
41792728461
41792728467
41792728682
41792728447
41792728612
41792728600
41792728511
41792728389
41792728429
41792728545
41792728485
41792728501
41792728662
41792728543
41792728631
41792728633
41792728567
41792728548
41792728428
41792728559
41792728490
41792728699
41792728674
41792728506
41792728693
41792728418
41792728513
41792728387
41792728530
41792728469
41792728622
41792728414
41792728555
41792728402
41792728594
41792728487
41792728651
41792728668
41792728580
41792728512
41792728445
41792728474
41792728572
41792728694
41792728497
41792728551
41792728625
41792728527
41792728616
41792728531
41792728618
41792728644
41792728620
41792728684
41792728423
41792728542
41792728566
41792728592
41792728484
41792728635
41792728643
41792728660
41792728400
41792728621
41792728666
41792728468
41792728540
41792728537
41792728630
41792728655
41792728478
41792728692
41792728615
41792728575
41792728648
41792728608
41792728502
41792728597
41792728583
41792728670
41792728582
41792728628
41792728416
41792728673
41792728650
41792728687
41792728581
41792728679
41792728661
41792728646
41792728688
41792728518
41792728587
41792728544
41792728678
41792728568
41792728677
41792728610
41792728712
41792728726
41792728729
41792728702
41792728706
41792728714
41792728720
41792728725
41792728705
41792728703
41792728713
41792728728
41792728709
41792728727
41792728730
41792728715
41792728787
41792728737
41792728756
41792728791
41792728747
41792728742
41792728748
41792728760
41792728753
41792728769
41792728790
41792728759
41792728785
41792728731
41792728767
41792728773
41792728764
41792728782
41792728766
41792728734
41792728778
41792728780
41792728758
41792728738
41792728735
41792728774
41792728750
41792728754
41792728772
41792728736
41792728784
41792728749
41792728786
41792728741
41792728806
41792728823
41792728802
41792728840
41792728820
41792728848
41792728795
41792728851
41792728809
41792728828
41792728852
41792728800
41792728877
41792728863
41792728878
41792728822
41792728813
41792728801
41792728829
41792728843
41792728797
41792728831
41792728870
41792728794
41792728796
41792728844
41792728858
41792728793
41792728812
41792728803
41792728798
41792728856
41792728846
41792728799
41792728857
41792728865
41792728871
41792728832
41792728855
41792728869
41792728819
41792728821
41792728864
41792728839
41792728861
41792728825
41792728875
41792728873
41792728845
41792728874
41792728889
41792728881
41792728936
41792728907
41792728879
41792728914
41792728926
41792728916
41792728884
41792728931
41792728880
41792728892
41792728930
41792728894
41792728890
41792728911
41792728898
41792728882
41792728940
41792728918
41792728896
41792728937
41792728915
41792728891
41792728919
41792728910
41792728901
41792728905
41792728888
41792728933
41792728934
41792728947
41792728943
41792728956
41792728966
41792728954
41792728963
41792728969
41792728965
41792728957
41792728951
41792728945
41792728948
41792728958
41792728953
41792728941
41792728949
41792728967
41792728955
41792728946
41792728971
41792728942
41792728968
41792728972
41792728980
41792728974
41792728983
41792728977
41792728981
41792728976
41792728986
41792728978
41792728994
41792728996
41792728993
41792728998
41792728991
41792728990
41792728992
41792728973
41792727000
41792727005
41792727016
41792727019
41792727020
41792727007
41792727022
41792727012
41792727014
41792727015
41792727001
41792727024
41792727002
41792727003
41792727009
41792727018
41792727026
41792727031
41792727017
41792727013
41792727021
41792727054
41792727176
41792727200
41792727195
41792727205
41792727073
41792727282
41792727130
41792727094
41792727171
41792727172
41792727076
41792727177
41792727033
41792727045
41792727040
41792727074
41792727048
41792727084
41792727083
41792727064
41792727203
41792727069
41792727127
41792727061
41792727124
41792727154
41792727236
41792727168
41792727175
41792727122
41792727273
41792727139
41792727206
41792727152
41792727251
41792727290
41792727049
41792727092
41792727036
41792727044
41792727264
41792727118
41792727144
41792727096
41792727174
41792727075
41792727155
41792727209
41792727257
41792727034
41792727147
41792727306
41792727212
41792727072
41792727065
41792727082
41792727190
41792727093
41792727088
41792727103
41792727255
41792727297
41792727071
41792727140
41792727058
41792727068
41792727373
41792727197
41792727194
41792727035
41792727050
41792727471
41792727477
41792727402
41792727277
41792727156
41792727089
41792727269
41792727110
41792727109
41792727372
41792727157
41792727294
41792727503
41792727224
41792727265
41792727532
41792727186
41792727066
41792727210
41792727221
41792727167
41792727378
41792727350
41792727361
41792727858
41792727107
41792727230
41792727100
41792727233
41792727436
41792727571
41792727222
41792727193
41792727339
41792727079
41792727101
41792727105
41792727135
41792727449
41792727422
41792727287
41792727615
41792727374
41792727067
41792727535
41792727614
41792727117
41792727387
41792727389
41792727260
41792727134
41792727244
41792727237
41792727081
41792727289
41792727164
41792727460
41792727534
41792727086
41792727495
41792727278
41792727357
41792727353
41792727216
41792727249
41792727351
41792727280
41792727512
41792727263
41792727604
41792727434
41792727325
41792727345
41792727560
41792727321
41792727137
41792727126
41792727248
41792727399
41792727398
41792727254
41792727158
41792727649
41792727379
41792727333
41792727275
41792727587
41792727562
41792727452
41792727091
41792727337
41792727634
41792727732
41792727413
41792727112
41792727538
41792727316
41792727439
41792727920
41792727530
41792727366
41792727929
41792727201
41792727383
41792727692
41792727151
41792727143
41792727435
41792727279
41792727346
41792727371
41792727433
41792727975
41792727286
41792727298
41792727474
41792727192
41792727475
41792727123
41792727218
41792727423
41792727329
41792727307
41792727685
41792727588
41792727488
41792727918
41792727579
41792727479
41792727828
41792727129
41792727717
41792727410
41792727556
41792727292
41792727420
41792727748
41792727360
41792727557
41792727391
41792727493
41792727840
41792727467
41792727220
41792727642
41792727516
41792727457
41792727332
41792727238
41792727437
41792727566
41792727550
41792727510
41792727336
41792727643
41792727417
41792727262
41792727463
41792727764
41792727369
41792727448
41792727311
41792727973
41792727380
41792727211
41792727441
41792727392
41792727730
41792727341
41792727514
41792727453
41792727489
41792727331
41792727424
41792727601
41792727386
41792727313
41792727592
41792727455
41792727150
41792727570
41792727754
41792727085
41792727969
41792727427
41792727245
41792727490
41792727414
41792727252
41792727476
41792727131
41792727653
41792727520
41792727959
41792727563
41792727528
41792727627
41792727927
41792727755
41792727529
41792727247
41792727782
41792727246
41792727677
41792727412
41792727444
41792727328
41792727473
41792727291
41792727777
41792727785
41792727526
41792727656
41792727605
41792727390
41792727936
41792727547
41792727686
41792727883
41792727712
41792727572
41792727573
41792727922
41792727511
41792727704
41792727466
41792727432
41792727272
41792727595
41792727146
41792727309
41792727706
41792727837
41792727689
41792727258
41792727716
41792727533
41792727128
41792727786
41792727377
41792727917
41792727456
41792727440
41792727799
41792727676
41792727679
41792727461
41792727775
41792727405
41792727641
41792727545
41792727543
41792727709
41792727551
41792727842
41792727982
41792727942
41792727691
41792727314
41792727300
41792727944
41792727418
41792727633
41792727637
41792727681
41792727745
41792727758
41792727546
41792727900
41792727992
41792727589
41792727447
41792727293
41792727925
41792727819
41792727994
41792727612
41792727616
41792727323
41792727765
41792727756
41792727494
41792727877
41792727859
41792727609
41792727500
41792727376
41792727966
41792727666
41792727234
41792727830
41792727491
41792727450
41792727945
41792727967
41792727908
41792727864
41792727954
41792727851
41792727406
41792727746
41792727505
41792727368
41792727468
41792727990
41792727932
41792727671
41792727600
41792727762
41792727259
41792727430
41792727996
41792727720
41792727485
41792727574
41792727388
41792727700
41792727787
41792727636
41792727498
41792727767
41792727421
41792727365
41792727486
41792727970
41792727964
41792727715
41792727400
41792727722
41792727659
41792727660
41792727978
41792727772
41792727617
41792727675
41792727515
41792727979
41792727312
41792727651
41792727816
41792727575
41792727811
41792727989
41792727926
41792727347
41792727769
41792727541
41792727536
41792727693
41792727924
41792727343
41792727903
41792727690
41792727911
41792727544
41792727893
41792727788
41792727415
41792727484
41792727613
41792727603
41792727921
41792727856
41792727524
41792727995
41792727270
41792727892
41792727620
41792727411
41792727662
41792727860
41792727939
41792727771
41792727581
41792727608
41792727208
41792727661
41792727710
41792727904
41792727727
41792727800
41792727808
41792727672
41792727774
41792727701
41792727665
41792727429
41792727519
41792727832
41792727559
41792727645
41792727537
41792727884
41792727980
41792727522
41792727753
41792727342
41792727868
41792727974
41792727482
41792727794
41792727728
41792727492
41792727829
41792727913
41792727802
41792727724
41792727827
41792727426
41792727773
41792727576
41792727705
41792727902
41792727879
41792727812
41792727531
41792727848
41792727757
41792727596
41792727955
41792727580
41792727810
41792727870
41792727738
41792727791
41792727646
41792727867
41792727363
41792727348
41792727568
41792727817
41792727768
41792727428
41792727711
41792727539
41792727885
41792727933
41792727506
41792727639
41792727818
41792727971
41792727554
41792727826
41792727795
41792727953
41792727997
41792727882
41792727873
41792727663
41792727719
41792727847
41792727713
41792727821
41792727555
41792727733
41792727718
41792727928
41792727854
41792727846
41792727741
41792727781
41792727912
41792727804
41792727835
41792727862
41792727822
41792727986
41792727611
41792727833
41792727977
41792727930
41792727991
41792727874
41792727881
41792727807
41792727951
41792727577
41792727919
41792727855
41792727621
41792727876
41792727962
41792727650
41792727673
41792727853
41792727619
41792727891
41792727984
41792727976
41792727866
41792727708
41792727652
41792727823
41792727824
41792727742
41792727849
41792727948
41792727923
